#!ascii label  , from subject fsaverage vox2ras=TkReg 
21
52235  44.287  -68.394  29.655 1.0000000000
52236  44.608  -67.970  29.503 0.0000000000
52234  44.310  -68.623  30.203 1.0000000000
112453  44.253  -68.849  30.841 1.0000000000
21515  44.669  -68.184  30.109 1.0000000000
112459  44.899  -67.367  28.846 1.0000000000
112457  44.863  -67.701  30.048 0.0000000000
112454  44.675  -68.408  30.731 1.0000000000
87591  45.307  -66.364  29.145 1.0000000000
87588  45.072  -67.143  29.319 0.0000000000
112458  44.863  -67.523  29.409 0.0000000000
39134  45.040  -66.446  29.650 1.0000000000
87589  45.023  -66.835  29.810 1.0000000000
158356  44.808  -66.998  30.343 0.0000000000
112456  44.824  -67.444  30.555 1.0000000000
87590  45.211  -66.764  29.239 1.0000000000
21516  44.964  -67.245  29.903 0.0000000000
158357  44.792  -66.545  30.153 1.0000000000
87587  44.560  -67.124  30.941 1.0000000000
87592  45.342  -66.658  28.712 1.0000000000
112455  44.799  -67.891  30.677 1.0000000000
