#!ascii label  , from subject MNI_FS2 vox2ras=TkReg
1408
124312  -48.534  53.329  -0.648 0.0000000000
130990  -40.450  64.036  -16.296 0.0000000000
126141  -37.777  56.349  -12.727 0.0000000000
122540  -50.343  48.981  -15.454 0.0000000000
130452  -45.178  63.412  -19.195 0.0000000000
127415  -47.443  58.740  -12.344 0.0000000000
124997  -51.240  54.276  -17.668 0.0000000000
116668  -51.962  42.729  -20.558 0.0000000000
117992  -41.295  43.904  -0.161 0.0000000000
122444  -42.613  49.586  -0.962 0.0000000000
132163  -33.327  66.626  -16.017 0.0000000000
128664  -35.854  59.869  -21.442 0.0000000000
128721  -43.593  60.018  -25.020 0.0000000000
141516  -43.614  49.930  -6.904 0.0000000000
129224  -43.976  60.657  -7.434 0.0000000000
124395  -44.680  52.895  -12.676 0.0000000000
123156  -50.055  51.288  -8.242 0.0000000000
118061  -54.132  44.416  -12.527 0.0000000000
115097  -49.317  41.240  -14.859 0.0000000000
122478  -50.459  50.144  -2.411 0.0000000000
129297  -47.370  61.754  -20.202 0.0000000000
128050  -48.050  59.356  -16.540 0.0000000000
126822  -48.773  57.112  -17.398 0.0000000000
123867  -51.030  52.175  -20.931 0.0000000000
120234  -41.984  47.357  -0.806 0.0000000000
120243  -37.194  48.542  -2.845 0.0000000000
134982  -33.677  70.746  -15.067 0.0000000000
128686  -40.253  59.143  -22.696 0.0000000000
122495  -39.008  49.456  -8.214 0.0000000000
123800  -39.307  51.854  -11.530 0.0000000000
132133  -40.305  66.791  -14.623 0.0000000000
131530  -44.910  65.013  -11.700 0.0000000000
124977  -49.725  54.561  -12.474 0.0000000000
125538  -46.742  56.349  -11.451 0.0000000000
123819  -47.154  51.439  -13.696 0.0000000000
123181  -46.810  49.415  -10.446 0.0000000000
121786  -49.473  47.806  -12.322 0.0000000000
121021  -52.544  48.729  -9.795 0.0000000000
120324  -52.529  46.289  -14.319 0.0000000000
114328  -50.829  40.145  -17.735 0.0000000000
130422  -41.732  62.973  -17.475 0.0000000000
130962  -45.925  63.763  -13.698 0.0000000000
129820  -47.446  62.152  -15.487 0.0000000000
126799  -49.692  57.010  -14.061 0.0000000000
123833  -52.085  52.264  -16.027 0.0000000000
119587  -52.247  46.337  -17.820 0.0000000000
121878  -52.242  49.098  -19.692 0.0000000000
118898  -50.684  45.418  -22.515 0.0000000000
117995  -44.542  44.606  -0.063 0.0000000000
120994  -47.106  49.024  -2.577 0.0000000000
123076  -45.444  52.290  -0.111 0.0000000000
134438  -37.805  70.699  -12.583 0.0000000000
132128  -35.108  66.796  -13.949 0.0000000000
130396  -34.740  63.303  -14.680 0.0000000000
128621  -36.211  59.939  -17.537 0.0000000000
128645  -40.540  59.890  -20.055 0.0000000000
129337  -44.254  61.601  -22.281 0.0000000000
129917  -47.195  62.001  -23.532 0.0000000000
129372  -47.014  61.256  -26.052 0.0000000000
141484  -37.869  49.436  -5.415 0.0000000000
141486  -42.583  50.472  -4.307 0.0000000000
126091  -45.475  54.630  -3.873 0.0000000000
127378  -40.639  58.999  -10.518 0.0000000000
128594  -45.936  60.897  -10.856 0.0000000000
126772  -43.967  58.916  -12.475 0.0000000000
125550  -41.610  55.458  -13.391 0.0000000000
123177  -43.576  50.025  -10.631 0.0000000000
124364  -47.060  52.345  -6.836 0.0000000000
124326  -49.680  53.024  -4.672 0.0000000000
122485  -51.767  49.788  -5.949 0.0000000000
119511  -53.726  46.594  -7.754 0.0000000000
116595  -53.930  42.931  -9.527 0.0000000000
116642  -53.405  42.716  -16.969 0.0000000000
115914  -53.403  41.475  -13.828 0.0000000000
115853  -51.934  42.063  -10.738 0.0000000000
123078  -48.120  51.631  0.966 0.0000000000
122456  -49.586  50.893  -0.137 0.0000000000
123090  -49.661  51.561  -1.501 0.0000000000
128657  -47.940  60.410  -20.055 0.0000000000
128057  -47.750  59.584  -18.191 0.0000000000
127445  -47.677  58.977  -18.262 0.0000000000
125594  -48.790  55.480  -18.264 0.0000000000
124964  -38.294  54.222  -12.700 0.0000000000
131564  -40.397  65.466  -15.402 0.0000000000
123825  -50.121  52.321  -13.851 0.0000000000
123817  -48.706  53.233  -12.864 0.0000000000
122534  -48.934  49.952  -14.667 0.0000000000
121775  -48.086  48.257  -12.769 0.0000000000
121057  -49.901  47.443  -13.933 0.0000000000
120311  -51.468  47.054  -13.136 0.0000000000
121070  -50.617  47.151  -15.216 0.0000000000
130436  -43.571  63.165  -18.504 0.0000000000
130995  -45.381  64.359  -16.784 0.0000000000
130425  -45.797  63.705  -17.711 0.0000000000
126813  -49.733  56.696  -16.314 0.0000000000
127427  -48.468  58.537  -15.233 0.0000000000
126185  -50.304  56.086  -15.306 0.0000000000
124985  -51.310  54.479  -14.814 0.0000000000
124415  -51.764  53.707  -16.275 0.0000000000
122556  -52.332  50.557  -18.061 0.0000000000
123842  -52.126  52.128  -18.646 0.0000000000
121160  -51.006  48.559  -21.887 0.0000000000
141467  -42.232  48.322  -1.004 0.0000000000
120245  -43.984  47.483  -2.994 0.0000000000
121706  -44.789  49.470  -0.786 0.0000000000
121707  -46.068  49.799  -0.423 0.0000000000
123082  -44.002  51.177  -0.732 0.0000000000
133392  -33.758  68.486  -16.124 0.0000000000
133359  -34.425  68.566  -13.940 0.0000000000
132145  -33.810  66.336  -14.960 0.0000000000
131560  -35.732  65.380  -14.134 0.0000000000
130987  -32.804  64.173  -15.745 0.0000000000
129301  -33.971  60.988  -20.317 0.0000000000
128627  -33.877  60.020  -17.915 0.0000000000
128640  -35.696  59.347  -19.236 0.0000000000
128632  -38.512  59.704  -18.737 0.0000000000
128653  -37.887  58.887  -20.519 0.0000000000
128710  -42.005  59.547  -23.930 0.0000000000
128670  -41.845  59.968  -22.084 0.0000000000
129346  -43.641  60.656  -23.485 0.0000000000
129914  -44.949  61.930  -22.792 0.0000000000
129355  -45.589  61.624  -24.290 0.0000000000
129364  -46.769  61.540  -25.389 0.0000000000
128723  -45.058  60.908  -25.583 0.0000000000
123761  -32.310  52.435  -7.655 0.0000000000
141474  -32.135  51.448  -5.487 0.0000000000
123128  -34.360  50.344  -6.197 0.0000000000
141470  -35.600  49.645  -5.764 0.0000000000
123131  -36.290  50.142  -7.087 0.0000000000
122497  -41.764  49.396  -7.795 0.0000000000
122496  -40.315  49.322  -7.551 0.0000000000
141530  -44.455  51.901  -5.078 0.0000000000
126090  -44.500  53.090  -3.811 0.0000000000
141603  -42.530  61.681  -7.242 0.0000000000
141586  -39.861  60.790  -9.244 0.0000000000
128582  -41.815  59.457  -9.088 0.0000000000
129805  -46.709  61.923  -12.863 0.0000000000
129801  -46.137  62.295  -11.876 0.0000000000
128595  -46.361  60.539  -11.604 0.0000000000
124972  -46.068  54.376  -12.345 0.0000000000
126791  -45.239  57.991  -12.599 0.0000000000
126148  -44.303  56.865  -13.314 0.0000000000
126788  -42.389  57.857  -13.171 0.0000000000
124969  -43.227  54.294  -12.994 0.0000000000
123810  -42.278  51.903  -11.974 0.0000000000
123812  -44.238  51.297  -12.179 0.0000000000
123170  -47.964  50.428  -9.298 0.0000000000
123781  -47.196  50.976  -8.494 0.0000000000
123769  -48.732  52.248  -7.770 0.0000000000
124925  -48.038  53.989  -5.978 0.0000000000
124354  -49.686  52.528  -6.252 0.0000000000
123736  -50.316  51.424  -5.201 0.0000000000
123139  -50.965  51.129  -7.485 0.0000000000
119526  -53.595  46.836  -10.879 0.0000000000
120281  -53.410  47.604  -9.180 0.0000000000
119527  -53.986  45.994  -10.359 0.0000000000
118783  -54.321  45.138  -8.849 0.0000000000
117324  -54.206  43.534  -11.133 0.0000000000
118104  -52.305  44.484  -18.826 0.0000000000
118091  -53.142  44.426  -16.962 0.0000000000
115974  -52.491  42.289  -18.833 0.0000000000
115134  -49.655  40.485  -16.438 0.0000000000
115119  -52.409  40.572  -15.601 0.0000000000
115099  -51.344  40.772  -14.614 0.0000000000
115893  -52.394  41.425  -12.680 0.0000000000
115891  -50.426  41.712  -12.674 0.0000000000
115851  -49.901  42.261  -10.648 0.0000000000
120207  -47.866  47.450  1.142 0.0000000000
121003  -51.918  48.244  -3.561 0.0000000000
129865  -46.780  62.326  -19.622 0.0000000000
129855  -46.837  62.566  -18.458 0.0000000000
129286  -47.620  61.076  -18.532 0.0000000000
127437  -48.808  57.886  -16.939 0.0000000000
126202  -49.836  55.894  -17.343 0.0000000000
124430  -51.425  53.352  -19.037 0.0000000000
125595  -49.891  54.978  -18.369 0.0000000000
118747  -41.997  45.502  -0.943 0.0000000000
120231  -39.461  47.129  -0.429 0.0000000000
141460  -41.180  48.957  -0.952 0.0000000000
133398  -34.902  68.877  -17.770 0.0000000000
128684  -37.936  59.215  -22.682 0.0000000000
128094  -41.846  59.239  -24.654 0.0000000000
128103  -43.502  59.729  -25.626 0.0000000000
123143  -36.524  50.676  -8.232 0.0000000000
123790  -38.839  50.785  -10.442 0.0000000000
123163  -42.015  49.642  -9.053 0.0000000000
130360  -45.115  63.351  -8.187 0.0000000000
126152  -48.923  56.557  -11.757 0.0000000000
126776  -47.347  57.717  -11.363 0.0000000000
125557  -48.737  55.290  -11.631 0.0000000000
124398  -47.541  53.576  -12.551 0.0000000000
123814  -45.935  51.831  -13.013 0.0000000000
123187  -45.574  50.325  -12.506 0.0000000000
122523  -46.492  49.522  -12.986 0.0000000000
122516  -47.950  48.851  -10.813 0.0000000000
122518  -49.984  49.324  -10.193 0.0000000000
122511  -51.861  49.737  -9.109 0.0000000000
121779  -51.565  48.595  -10.836 0.0000000000
120300  -52.747  46.964  -12.593 0.0000000000
118811  -53.637  45.734  -13.223 0.0000000000
115170  -51.466  40.396  -19.710 0.0000000000
126764  -37.695  58.700  -11.610 0.0000000000
130411  -40.998  63.418  -16.839 0.0000000000
131576  -42.640  65.220  -16.101 0.0000000000
131578  -44.503  65.039  -16.310 0.0000000000
130391  -47.006  62.785  -14.343 0.0000000000
128604  -47.432  60.596  -13.483 0.0000000000
129248  -47.657  61.514  -16.042 0.0000000000
128609  -47.759  60.141  -14.668 0.0000000000
127417  -48.635  57.774  -12.903 0.0000000000
126161  -50.034  55.980  -13.043 0.0000000000
124406  -50.928  53.314  -13.599 0.0000000000
122542  -51.606  50.786  -15.824 0.0000000000
121095  -51.568  48.529  -16.646 0.0000000000
121834  -52.007  49.196  -17.324 0.0000000000
120382  -52.171  47.138  -19.100 0.0000000000
118867  -52.006  45.507  -20.377 0.0000000000
121895  -51.709  49.954  -20.835 0.0000000000
120410  -51.813  47.151  -21.199 0.0000000000
118749  -43.802  45.369  -1.964 0.0000000000
118756  -45.512  45.770  -2.504 0.0000000000
120238  -47.544  47.315  -1.686 0.0000000000
120975  -47.614  48.812  -0.513 0.0000000000
122438  -46.309  51.065  0.582 0.0000000000
124308  -47.234  53.139  0.228 0.0000000000
133903  -38.625  69.937  -13.215 0.0000000000
133922  -36.973  69.040  -13.157 0.0000000000
133363  -38.941  68.316  -13.960 0.0000000000
132131  -38.049  66.574  -14.054 0.0000000000
130974  -36.585  64.335  -14.752 0.0000000000
130408  -37.251  62.872  -15.957 0.0000000000
131002  -32.627  64.435  -17.967 0.0000000000
129253  -32.771  61.387  -16.589 0.0000000000
129255  -35.370  60.989  -16.023 0.0000000000
129837  -37.603  61.549  -16.648 0.0000000000
129270  -39.477  61.147  -17.635 0.0000000000
129282  -40.981  60.933  -18.609 0.0000000000
129874  -42.997  61.795  -19.600 0.0000000000
128668  -40.097  59.188  -21.705 0.0000000000
129303  -41.857  60.277  -20.989 0.0000000000
129892  -43.942  62.003  -20.657 0.0000000000
129895  -46.268  62.469  -21.470 0.0000000000
129896  -47.069  62.251  -21.868 0.0000000000
128705  -48.540  60.658  -23.283 0.0000000000
129366  -47.901  60.942  -25.349 0.0000000000
128740  -45.022  60.167  -26.751 0.0000000000
141475  -39.180  49.113  -2.938 0.0000000000
141485  -41.594  50.106  -2.412 0.0000000000
123133  -38.361  49.664  -7.686 0.0000000000
141531  -42.842  51.269  -1.753 0.0000000000
141490  -43.648  52.492  -2.472 0.0000000000
126084  -45.402  54.557  -2.391 0.0000000000
125487  -47.116  55.147  -1.141 0.0000000000
126767  -39.252  57.645  -12.440 0.0000000000
130952  -45.444  64.094  -12.004 0.0000000000
129795  -45.933  62.560  -10.053 0.0000000000
128588  -45.208  60.781  -8.231 0.0000000000
127403  -45.984  59.439  -11.846 0.0000000000
127390  -44.677  59.961  -11.062 0.0000000000
128020  -43.229  59.681  -9.442 0.0000000000
126757  -41.901  59.053  -11.701 0.0000000000
126769  -40.747  58.078  -12.496 0.0000000000
125548  -39.626  55.280  -13.355 0.0000000000
124391  -40.714  53.256  -12.605 0.0000000000
123802  -41.845  50.660  -11.078 0.0000000000
123149  -43.661  49.704  -8.599 0.0000000000
123179  -44.991  49.729  -10.839 0.0000000000
123151  -45.191  49.976  -8.634 0.0000000000
124348  -45.311  51.202  -6.436 0.0000000000
125507  -46.225  54.370  -5.448 0.0000000000
124907  -48.369  55.138  -4.528 0.0000000000
124318  -49.353  53.447  -2.621 0.0000000000
123111  -50.109  51.480  -3.403 0.0000000000
122482  -51.019  50.379  -4.632 0.0000000000
121008  -52.454  48.427  -5.300 0.0000000000
121754  -52.481  49.373  -7.990 0.0000000000
121012  -53.075  48.161  -6.700 0.0000000000
120267  -53.328  47.209  -6.199 0.0000000000
118774  -53.935  45.180  -6.819 0.0000000000
117301  -54.083  43.591  -7.809 0.0000000000
119570  -51.917  46.508  -16.068 0.0000000000
118079  -53.782  44.588  -15.175 0.0000000000
117341  -54.200  43.477  -14.395 0.0000000000
115151  -52.520  40.774  -17.461 0.0000000000
115944  -53.552  41.675  -15.793 0.0000000000
116614  -54.101  42.786  -13.040 0.0000000000
116608  -53.498  42.216  -11.857 0.0000000000
115854  -52.846  42.049  -10.912 0.0000000000
123706  -48.204  52.711  0.236 0.0000000000
123079  -48.825  51.546  0.682 0.0000000000
123710  -49.133  52.314  -0.552 0.0000000000
123086  -49.513  51.427  -0.808 0.0000000000
124313  -48.995  53.176  -0.990 0.0000000000
128065  -48.115  59.704  -20.345 0.0000000000
128061  -47.734  59.728  -19.252 0.0000000000
127448  -47.597  59.168  -19.396 0.0000000000
124963  -37.253  54.210  -12.352 0.0000000000
125546  -37.870  55.263  -12.847 0.0000000000
130977  -39.858  64.736  -15.746 0.0000000000
131565  -41.400  65.506  -15.570 0.0000000000
130978  -40.900  64.811  -15.893 0.0000000000
122535  -49.943  49.905  -15.062 0.0000000000
123198  -49.564  51.148  -14.532 0.0000000000
121793  -48.986  48.412  -14.515 0.0000000000
121794  -49.853  48.307  -15.014 0.0000000000
121069  -50.166  47.445  -14.824 0.0000000000
121804  -50.327  48.044  -15.328 0.0000000000
130450  -43.875  62.768  -19.146 0.0000000000
130437  -44.580  63.600  -18.635 0.0000000000
130439  -46.253  63.179  -18.258 0.0000000000
126197  -50.013  56.004  -16.809 0.0000000000
126191  -50.147  56.105  -16.042 0.0000000000
125579  -51.017  55.129  -16.240 0.0000000000
124989  -51.428  54.434  -15.809 0.0000000000
124993  -51.374  54.443  -16.741 0.0000000000
124420  -52.103  52.874  -17.519 0.0000000000
124424  -51.675  53.395  -18.157 0.0000000000
117993  -42.330  44.012  -0.186 0.0000000000
141476  -42.589  48.863  -0.851 0.0000000000
121705  -43.666  48.667  -1.105 0.0000000000
141523  -42.983  50.905  -1.385 0.0000000000
132787  -33.937  67.844  -16.985 0.0000000000
132772  -33.590  67.493  -15.174 0.0000000000
131558  -33.455  65.639  -15.233 0.0000000000
131574  -32.749  65.367  -16.342 0.0000000000
129317  -35.602  60.884  -22.285 0.0000000000
129890  -34.683  62.000  -21.541 0.0000000000
128663  -35.148  60.164  -21.015 0.0000000000
128650  -34.791  60.023  -20.159 0.0000000000
128651  -35.817  59.510  -20.320 0.0000000000
128652  -36.779  59.067  -20.468 0.0000000000
128665  -36.826  59.209  -21.560 0.0000000000
128711  -42.633  59.734  -24.110 0.0000000000
128704  -43.054  60.254  -23.435 0.0000000000
128712  -43.430  60.237  -24.159 0.0000000000
129354  -44.619  61.114  -24.263 0.0000000000
128713  -44.007  60.554  -24.512 0.0000000000
129362  -45.066  61.196  -24.954 0.0000000000
128722  -44.403  60.601  -25.162 0.0000000000
123773  -32.424  52.767  -8.270 0.0000000000
123763  -34.189  51.386  -7.699 0.0000000000
123762  -33.393  51.478  -7.261 0.0000000000
123129  -34.360  50.931  -7.191 0.0000000000
123130  -35.256  50.388  -7.009 0.0000000000
141528  -43.170  49.826  -6.623 0.0000000000
141529  -44.823  51.293  -5.963 0.0000000000
129787  -44.303  62.436  -6.959 0.0000000000
141602  -43.231  61.278  -7.150 0.0000000000
128577  -41.947  60.529  -8.178 0.0000000000
128578  -43.200  60.420  -7.673 0.0000000000
128600  -47.145  60.317  -12.725 0.0000000000
129237  -46.658  61.231  -12.274 0.0000000000
128036  -47.083  59.504  -12.294 0.0000000000
124971  -45.173  54.295  -12.703 0.0000000000
125553  -44.801  55.597  -12.970 0.0000000000
124970  -44.234  54.279  -12.891 0.0000000000
125552  -43.750  55.571  -13.281 0.0000000000
124394  -43.735  52.932  -12.573 0.0000000000
123171  -49.182  50.635  -9.257 0.0000000000
123155  -48.869  51.177  -8.760 0.0000000000
123783  -49.224  51.805  -8.178 0.0000000000
124367  -49.085  52.679  -7.161 0.0000000000
123771  -49.937  51.946  -7.378 0.0000000000
123125  -50.385  51.566  -6.729 0.0000000000
119535  -53.858  45.958  -11.384 0.0000000000
118792  -54.231  45.172  -10.923 0.0000000000
118049  -54.342  44.336  -10.471 0.0000000000
118056  -54.215  44.348  -11.524 0.0000000000
117373  -52.157  43.830  -19.505 0.0000000000
117374  -52.437  43.296  -18.920 0.0000000000
116660  -52.273  42.682  -19.557 0.0000000000
115116  -49.506  40.884  -15.515 0.0000000000
115117  -50.536  40.664  -15.542 0.0000000000
115098  -50.392  41.107  -14.461 0.0000000000
115913  -51.080  41.251  -13.395 0.0000000000
115912  -50.574  41.345  -13.652 0.0000000000
115890  -49.450  42.020  -12.607 0.0000000000
115911  -49.644  41.707  -13.557 0.0000000000
120958  -48.002  48.837  0.624 0.0000000000
120999  -51.300  48.589  -2.282 0.0000000000
121740  -51.049  49.335  -2.791 0.0000000000
129285  -47.239  61.764  -19.089 0.0000000000
126821  -48.136  58.029  -17.551 0.0000000000
127441  -48.168  58.611  -17.443 0.0000000000
127442  -48.638  57.745  -17.262 0.0000000000
126816  -49.182  57.080  -17.077 0.0000000000
126201  -49.356  56.394  -17.403 0.0000000000
126209  -49.659  55.739  -17.729 0.0000000000
125602  -49.333  54.596  -18.884 0.0000000000
119472  -38.686  46.460  -0.306 0.0000000000
120244  -40.325  48.314  -1.124 0.0000000000
133394  -35.086  69.455  -17.591 0.0000000000
128093  -40.639  59.004  -25.157 0.0000000000
128101  -41.470  58.888  -25.851 0.0000000000
123791  -40.031  50.540  -10.477 0.0000000000
123162  -40.740  49.781  -9.455 0.0000000000
123792  -41.148  50.225  -10.328 0.0000000000
132760  -40.679  67.606  -14.346 0.0000000000
130367  -45.415  63.477  -9.228 0.0000000000
125558  -49.320  55.533  -11.993 0.0000000000
125541  -48.777  55.919  -11.569 0.0000000000
124975  -48.985  54.572  -12.036 0.0000000000
123820  -47.763  51.896  -13.598 0.0000000000
123816  -48.078  52.900  -13.078 0.0000000000
123815  -46.961  52.082  -13.268 0.0000000000
124397  -46.531  53.237  -12.641 0.0000000000
123188  -46.164  50.705  -13.203 0.0000000000
122528  -46.924  50.133  -13.641 0.0000000000
122524  -47.369  48.573  -12.197 0.0000000000
121767  -48.459  48.451  -11.459 0.0000000000
122517  -48.999  49.104  -10.441 0.0000000000
121768  -49.507  48.595  -11.009 0.0000000000
121769  -50.470  48.825  -10.723 0.0000000000
121036  -50.743  47.912  -11.908 0.0000000000
120312  -51.974  46.824  -13.353 0.0000000000
120299  -52.015  47.395  -12.308 0.0000000000
120313  -52.581  46.523  -13.572 0.0000000000
119546  -53.289  46.383  -12.904 0.0000000000
119555  -53.163  46.147  -13.754 0.0000000000
130992  -42.928  64.678  -16.833 0.0000000000
131005  -42.364  63.914  -17.272 0.0000000000
130413  -46.576  63.496  -16.192 0.0000000000
130981  -46.038  63.911  -15.624 0.0000000000
130401  -47.209  62.712  -15.063 0.0000000000
129813  -47.316  62.071  -14.576 0.0000000000
129272  -47.749  61.013  -17.524 0.0000000000
129258  -47.598  61.692  -17.010 0.0000000000
129259  -47.813  60.893  -16.596 0.0000000000
127424  -49.060  57.865  -14.676 0.0000000000
128045  -47.968  59.249  -14.948 0.0000000000
127423  -48.366  58.461  -14.385 0.0000000000
128043  -47.799  59.184  -14.151 0.0000000000
127420  -48.920  57.801  -13.741 0.0000000000
126796  -49.340  57.174  -13.076 0.0000000000
126170  -50.192  56.081  -13.728 0.0000000000
124411  -51.776  53.520  -15.383 0.0000000000
124408  -51.466  53.428  -14.417 0.0000000000
123828  -51.780  52.371  -15.127 0.0000000000
123826  -51.073  52.346  -14.344 0.0000000000
123205  -51.902  51.323  -15.949 0.0000000000
122548  -51.748  50.261  -16.302 0.0000000000
123207  -52.168  51.270  -16.638 0.0000000000
121879  -52.377  49.490  -19.047 0.0000000000
121863  -52.297  49.175  -18.393 0.0000000000
120381  -52.110  47.739  -19.692 0.0000000000
119610  -52.075  46.478  -19.761 0.0000000000
124441  -51.036  53.363  -19.734 0.0000000000
123214  -51.778  51.843  -19.710 0.0000000000
122582  -51.672  50.532  -20.675 0.0000000000
121168  -50.979  47.614  -22.248 0.0000000000
120409  -51.401  47.526  -21.761 0.0000000000
119475  -41.470  46.356  -0.668 0.0000000000
118748  -42.914  45.485  -1.516 0.0000000000
119476  -42.489  46.341  -1.255 0.0000000000
120992  -45.250  48.082  -3.372 0.0000000000
120252  -45.119  46.867  -3.542 0.0000000000
120248  -46.941  47.359  -2.748 0.0000000000
119487  -46.628  46.449  -2.431 0.0000000000
120974  -47.698  48.013  -1.099 0.0000000000
120988  -47.570  48.929  -1.537 0.0000000000
122437  -45.635  51.381  0.181 0.0000000000
122446  -46.382  50.230  0.206 0.0000000000
123077  -47.085  51.973  0.782 0.0000000000
134966  -38.304  71.409  -12.329 0.0000000000
134954  -38.719  71.958  -12.048 0.0000000000
134439  -39.060  70.781  -12.923 0.0000000000
133902  -37.376  69.848  -12.840 0.0000000000
134976  -33.827  71.528  -14.417 0.0000000000
134449  -33.733  69.989  -14.012 0.0000000000
132755  -34.930  67.416  -13.915 0.0000000000
133360  -35.367  68.362  -13.553 0.0000000000
133361  -36.567  68.243  -13.465 0.0000000000
132757  -37.353  67.389  -13.756 0.0000000000
132758  -38.533  67.404  -13.986 0.0000000000
132130  -36.917  66.568  -13.814 0.0000000000
130973  -35.219  64.256  -14.437 0.0000000000
130398  -37.388  63.743  -15.535 0.0000000000
130397  -36.167  63.172  -15.183 0.0000000000
130419  -32.314  63.379  -17.196 0.0000000000
129848  -32.515  62.062  -18.520 0.0000000000
128620  -35.253  59.911  -17.453 0.0000000000
129266  -34.755  60.320  -16.754 0.0000000000
129267  -35.942  60.453  -16.854 0.0000000000
129256  -36.511  61.193  -16.383 0.0000000000
129268  -37.365  60.617  -17.203 0.0000000000
129838  -38.346  61.624  -16.963 0.0000000000
129269  -38.794  60.962  -17.517 0.0000000000
129293  -39.734  59.889  -19.189 0.0000000000
129281  -39.611  60.478  -18.334 0.0000000000
129294  -40.405  60.195  -19.255 0.0000000000
129283  -41.914  61.360  -18.795 0.0000000000
129295  -41.531  60.577  -19.740 0.0000000000
128685  -39.041  58.921  -22.748 0.0000000000
128667  -38.998  58.912  -21.678 0.0000000000
129319  -42.587  60.500  -21.759 0.0000000000
129318  -41.892  60.103  -21.631 0.0000000000
129320  -43.680  61.498  -21.386 0.0000000000
129305  -43.505  61.693  -20.624 0.0000000000
129894  -45.382  62.565  -21.237 0.0000000000
129906  -44.840  62.157  -21.901 0.0000000000
129916  -46.666  62.137  -23.351 0.0000000000
129908  -46.471  62.303  -22.510 0.0000000000
129909  -47.172  62.167  -22.807 0.0000000000
129322  -47.648  61.773  -22.278 0.0000000000
129338  -47.623  61.751  -23.175 0.0000000000
129349  -47.466  61.731  -23.807 0.0000000000
129358  -47.948  61.094  -24.878 0.0000000000
129365  -47.537  61.130  -25.569 0.0000000000
128725  -48.067  60.432  -25.512 0.0000000000
128735  -47.425  60.757  -26.370 0.0000000000
128112  -44.535  59.837  -26.696 0.0000000000
120242  -34.002  49.255  -4.004 0.0000000000
141482  -36.459  49.635  -5.869 0.0000000000
123144  -37.507  50.315  -8.586 0.0000000000
141487  -42.531  51.607  -2.758 0.0000000000
141489  -42.990  52.063  -2.425 0.0000000000
126081  -46.608  55.300  -1.610 0.0000000000
126085  -46.695  55.581  -2.486 0.0000000000
141581  -40.548  59.750  -9.277 0.0000000000
127397  -39.310  58.287  -11.625 0.0000000000
131553  -44.994  65.022  -14.826 0.0000000000
131542  -44.897  65.030  -13.817 0.0000000000
130956  -45.416  64.333  -13.211 0.0000000000
129798  -45.923  62.366  -10.922 0.0000000000
129230  -45.961  61.720  -10.208 0.0000000000
129228  -45.787  61.636  -9.204 0.0000000000
128023  -45.566  60.726  -9.593 0.0000000000
126129  -47.005  56.948  -11.301 0.0000000000
127404  -46.830  58.781  -11.805 0.0000000000
126775  -46.601  57.987  -11.721 0.0000000000
126790  -44.640  57.999  -12.929 0.0000000000
126773  -44.920  58.747  -12.406 0.0000000000
127401  -44.375  59.480  -11.729 0.0000000000
128027  -44.409  60.112  -10.428 0.0000000000
127400  -43.490  59.492  -11.623 0.0000000000
127380  -42.715  59.632  -10.103 0.0000000000
126771  -42.749  58.969  -12.309 0.0000000000
126146  -42.016  56.661  -13.471 0.0000000000
126787  -41.343  57.571  -13.123 0.0000000000
126145  -40.988  56.500  -13.407 0.0000000000
126144  -40.034  56.350  -13.330 0.0000000000
125549  -40.597  55.368  -13.410 0.0000000000
124966  -40.183  54.272  -13.114 0.0000000000
124967  -41.172  54.305  -13.087 0.0000000000
123803  -42.895  50.769  -11.355 0.0000000000
123176  -42.826  50.090  -10.373 0.0000000000
123175  -42.268  50.048  -10.004 0.0000000000
123165  -43.597  49.788  -9.567 0.0000000000
123180  -45.712  49.449  -10.974 0.0000000000
123186  -44.947  50.317  -11.903 0.0000000000
123767  -46.891  51.639  -7.420 0.0000000000
123780  -46.324  50.671  -8.216 0.0000000000
123754  -46.372  51.698  -6.864 0.0000000000
123753  -45.772  51.236  -6.810 0.0000000000
124349  -46.105  52.035  -6.272 0.0000000000
124912  -46.167  52.850  -5.953 0.0000000000
124923  -46.737  53.101  -6.168 0.0000000000
124337  -49.240  53.622  -5.240 0.0000000000
124915  -47.982  54.837  -5.305 0.0000000000
124916  -48.857  54.474  -4.869 0.0000000000
125494  -48.444  55.152  -3.055 0.0000000000
124321  -49.326  53.793  -3.522 0.0000000000
124319  -49.668  53.048  -3.305 0.0000000000
123725  -49.872  52.386  -3.868 0.0000000000
122484  -51.355  50.285  -5.836 0.0000000000
121745  -51.591  49.627  -5.120 0.0000000000
121746  -51.974  48.878  -4.796 0.0000000000
121749  -52.106  49.271  -5.788 0.0000000000
121763  -52.300  49.044  -9.606 0.0000000000
122501  -51.967  49.899  -8.307 0.0000000000
121764  -52.619  49.003  -9.167 0.0000000000
119518  -53.768  46.741  -8.754 0.0000000000
121014  -53.209  48.123  -7.599 0.0000000000
120270  -53.464  47.332  -7.181 0.0000000000
119504  -53.678  46.293  -6.730 0.0000000000
119512  -53.892  45.799  -7.396 0.0000000000
118040  -54.405  44.326  -9.404 0.0000000000
118036  -54.286  44.322  -8.358 0.0000000000
117309  -54.250  43.549  -8.886 0.0000000000
116585  -53.745  42.858  -8.257 0.0000000000
120342  -51.811  47.450  -17.043 0.0000000000
119579  -51.807  46.883  -16.617 0.0000000000
119580  -52.247  46.177  -16.696 0.0000000000
117360  -53.174  43.557  -17.396 0.0000000000
118086  -53.443  44.457  -16.093 0.0000000000
117347  -53.863  43.732  -15.625 0.0000000000
118080  -54.095  43.912  -14.929 0.0000000000
116634  -53.776  42.680  -15.880 0.0000000000
114342  -50.917  39.934  -18.763 0.0000000000
114329  -51.519  40.265  -18.009 0.0000000000
115101  -53.079  40.835  -14.688 0.0000000000
115120  -53.141  40.932  -15.676 0.0000000000
115931  -53.635  41.587  -14.756 0.0000000000
115932  -53.990  42.266  -14.465 0.0000000000
115895  -53.666  42.081  -12.978 0.0000000000
115874  -53.472  42.045  -12.327 0.0000000000
115872  -52.177  41.753  -11.809 0.0000000000
115836  -52.659  42.265  -9.654 0.0000000000
121692  -48.273  49.853  1.041 0.0000000000
122440  -48.633  50.737  1.052 0.0000000000
121709  -49.632  50.027  0.435 0.0000000000
129307  -47.950  61.151  -20.689 0.0000000000
129298  -47.663  61.102  -19.616 0.0000000000
126208  -48.976  56.234  -17.780 0.0000000000
126826  -48.239  57.282  -17.554 0.0000000000
124388  -37.928  53.339  -12.180 0.0000000000
123807  -39.551  52.683  -12.143 0.0000000000
131563  -39.273  65.514  -15.092 0.0000000000
132150  -41.851  66.254  -14.981 0.0000000000
131541  -44.077  65.692  -13.385 0.0000000000
123822  -49.902  52.900  -13.333 0.0000000000
124401  -49.178  53.712  -12.653 0.0000000000
123824  -49.353  51.817  -14.052 0.0000000000
123197  -48.677  51.110  -14.313 0.0000000000
123196  -47.867  50.558  -14.207 0.0000000000
122529  -47.381  49.431  -13.719 0.0000000000
122533  -48.180  49.824  -14.370 0.0000000000
121784  -48.210  48.703  -13.953 0.0000000000
121043  -49.374  47.594  -13.086 0.0000000000
121044  -49.900  47.604  -12.653 0.0000000000
120322  -51.245  46.741  -14.052 0.0000000000
120323  -51.615  46.476  -14.644 0.0000000000
130435  -42.558  62.746  -18.151 0.0000000000
131006  -43.411  64.098  -17.615 0.0000000000
131020  -44.053  63.858  -18.088 0.0000000000
131009  -45.741  63.961  -17.162 0.0000000000
130427  -47.044  63.067  -16.807 0.0000000000
127433  -48.946  57.948  -16.345 0.0000000000
127432  -48.432  58.563  -16.053 0.0000000000
126808  -49.449  57.327  -15.946 0.0000000000
126804  -49.599  57.289  -15.117 0.0000000000
126805  -50.037  56.589  -14.811 0.0000000000
126800  -50.103  56.403  -14.269 0.0000000000
126186  -50.723  55.607  -15.076 0.0000000000
124412  -52.026  53.098  -15.948 0.0000000000
123836  -52.239  52.162  -17.017 0.0000000000
123211  -52.302  51.392  -18.384 0.0000000000
122567  -52.207  50.203  -19.612 0.0000000000
122594  -51.309  50.618  -21.124 0.0000000000
117994  -43.430  44.377  -0.330 0.0000000000
120983  -43.085  47.809  -1.369 0.0000000000
120235  -42.901  47.046  -1.615 0.0000000000
121722  -44.321  48.752  -1.962 0.0000000000
121723  -45.166  49.181  -1.883 0.0000000000
121724  -46.011  49.437  -1.200 0.0000000000
122445  -45.175  50.672  -0.231 0.0000000000
134437  -36.384  70.705  -12.318 0.0000000000
133936  -33.797  69.764  -15.602 0.0000000000
133935  -33.721  69.480  -14.663 0.0000000000
133378  -33.640  68.753  -15.198 0.0000000000
132773  -34.253  67.336  -14.370 0.0000000000
132146  -34.718  66.501  -14.211 0.0000000000
132147  -35.495  66.064  -13.963 0.0000000000
131559  -34.375  65.401  -14.518 0.0000000000
130972  -33.639  64.343  -14.859 0.0000000000
130395  -33.887  63.276  -14.899 0.0000000000
129873  -34.134  62.014  -20.863 0.0000000000
129277  -32.766  61.306  -18.800 0.0000000000
128649  -34.100  60.290  -19.609 0.0000000000
128639  -34.730  59.699  -19.066 0.0000000000
128630  -36.734  59.567  -18.222 0.0000000000
129279  -37.561  59.920  -17.960 0.0000000000
128631  -37.658  59.548  -18.592 0.0000000000
128642  -37.804  59.154  -19.480 0.0000000000
128644  -39.793  59.599  -19.860 0.0000000000
128701  -40.558  59.139  -23.554 0.0000000000
128687  -41.295  59.527  -22.681 0.0000000000
128688  -42.187  60.000  -22.667 0.0000000000
128689  -42.765  60.264  -22.908 0.0000000000
129336  -43.404  60.782  -22.614 0.0000000000
129347  -44.263  61.248  -23.296 0.0000000000
129348  -45.025  61.670  -23.612 0.0000000000
129922  -46.311  61.898  -23.896 0.0000000000
129923  -46.881  61.954  -24.001 0.0000000000
129356  -46.458  61.760  -24.602 0.0000000000
129363  -45.825  61.358  -25.313 0.0000000000
128733  -45.565  60.774  -26.211 0.0000000000
124370  -31.960  53.351  -8.180 0.0000000000
124363  -31.529  53.150  -7.124 0.0000000000
124362  -31.322  53.492  -6.647 0.0000000000
123751  -32.054  51.971  -6.423 0.0000000000
141483  -35.266  49.999  -6.377 0.0000000000
141473  -36.050  49.898  -6.357 0.0000000000
125499  -45.283  53.885  -4.830 0.0000000000
141592  -41.574  61.655  -7.868 0.0000000000
141582  -41.261  59.156  -9.777 0.0000000000
130385  -46.321  63.064  -13.199 0.0000000000
130381  -46.068  63.016  -12.351 0.0000000000
129802  -46.421  61.921  -12.330 0.0000000000
129232  -46.134  61.437  -11.449 0.0000000000
125555  -46.490  55.639  -11.800 0.0000000000
126128  -46.209  56.957  -11.839 0.0000000000
125554  -45.648  55.533  -12.415 0.0000000000
126789  -43.550  58.036  -13.186 0.0000000000
126147  -43.131  56.798  -13.544 0.0000000000
125551  -42.667  55.528  -13.387 0.0000000000
124968  -42.196  54.308  -13.054 0.0000000000
124393  -42.739  53.055  -12.586 0.0000000000
123811  -43.266  51.746  -12.075 0.0000000000
123804  -43.721  50.648  -11.513 0.0000000000
123169  -46.761  50.056  -9.483 0.0000000000
123795  -47.706  50.906  -8.834 0.0000000000
123768  -47.852  51.968  -7.719 0.0000000000
124365  -47.584  52.527  -7.014 0.0000000000
124352  -47.957  53.231  -6.516 0.0000000000
124366  -48.397  52.753  -7.131 0.0000000000
124353  -49.007  53.239  -6.306 0.0000000000
124338  -49.694  52.825  -5.575 0.0000000000
123735  -50.007  52.009  -4.972 0.0000000000
123745  -49.930  52.062  -5.878 0.0000000000
123126  -50.684  51.272  -6.448 0.0000000000
122487  -51.490  50.564  -6.911 0.0000000000
120286  -53.219  47.614  -10.268 0.0000000000
121022  -52.848  48.486  -9.576 0.0000000000
119523  -53.714  46.820  -9.795 0.0000000000
119524  -54.061  45.967  -9.324 0.0000000000
119519  -54.006  45.892  -8.320 0.0000000000
118785  -54.333  45.166  -9.886 0.0000000000
117318  -54.262  43.562  -10.007 0.0000000000
118847  -52.405  45.459  -18.248 0.0000000000
118842  -52.626  45.325  -17.347 0.0000000000
118096  -52.742  44.448  -17.828 0.0000000000
117366  -52.735  43.511  -18.206 0.0000000000
115959  -53.120  42.069  -17.455 0.0000000000
115150  -50.310  40.175  -17.439 0.0000000000
114314  -51.679  40.293  -17.220 0.0000000000
115118  -51.526  40.544  -15.586 0.0000000000
115084  -52.799  40.959  -13.841 0.0000000000
115072  -52.486  41.141  -13.304 0.0000000000
115071  -51.876  41.182  -13.278 0.0000000000
115892  -51.409  41.409  -12.899 0.0000000000
115871  -51.205  41.857  -11.738 0.0000000000
115852  -50.921  42.160  -10.679 0.0000000000
115870  -50.202  42.039  -11.654 0.0000000000
119453  -47.288  46.345  1.175 0.0000000000
130467  -45.530  63.146  -19.564 0.0000000000
129854  -46.498  62.868  -18.560 0.0000000000
129864  -46.354  62.790  -18.996 0.0000000000
129271  -47.417  61.793  -18.013 0.0000000000
128646  -47.694  60.372  -18.961 0.0000000000
128633  -47.753  60.293  -17.925 0.0000000000
127436  -48.384  58.612  -16.787 0.0000000000
126817  -49.584  56.704  -16.791 0.0000000000
125582  -50.192  55.600  -17.271 0.0000000000
125587  -50.678  54.752  -18.070 0.0000000000
125007  -50.931  53.887  -19.115 0.0000000000
125016  -50.431  53.782  -19.534 0.0000000000
125603  -49.998  54.218  -19.043 0.0000000000
118002  -41.622  44.669  -0.602 0.0000000000
118746  -40.984  45.455  -0.577 0.0000000000
119474  -40.455  46.294  -0.381 0.0000000000
120233  -40.877  47.148  -0.439 0.0000000000
120230  -38.847  47.210  -0.539 0.0000000000
120232  -40.102  47.095  -0.393 0.0000000000
141477  -41.526  49.355  -1.082 0.0000000000
133937  -34.213  70.267  -16.205 0.0000000000
133944  -34.187  69.712  -16.423 0.0000000000
133393  -34.341  69.057  -16.995 0.0000000000
128085  -41.034  59.110  -24.211 0.0000000000
128095  -42.566  59.507  -24.700 0.0000000000
128102  -42.774  59.377  -25.429 0.0000000000
128110  -42.450  58.772  -26.667 0.0000000000
123160  -38.558  50.203  -9.478 0.0000000000
122504  -40.469  49.502  -8.749 0.0000000000
122505  -41.173  49.521  -8.493 0.0000000000
122498  -42.353  49.499  -7.919 0.0000000000
130919  -44.618  63.872  -7.983 0.0000000000
129789  -45.121  62.462  -7.642 0.0000000000
127411  -47.868  58.073  -11.970 0.0000000000
127410  -47.220  58.756  -11.996 0.0000000000
126151  -48.374  56.926  -11.461 0.0000000000
126130  -47.863  56.753  -11.263 0.0000000000
125539  -47.351  55.902  -11.366 0.0000000000
124399  -48.453  53.811  -12.481 0.0000000000
124974  -48.069  54.738  -11.789 0.0000000000
124973  -47.047  54.547  -11.964 0.0000000000
124396  -45.584  53.036  -12.719 0.0000000000
123813  -45.115  51.575  -12.647 0.0000000000
122514  -46.116  49.371  -11.881 0.0000000000
122515  -46.918  48.875  -11.354 0.0000000000
123182  -47.625  49.378  -10.283 0.0000000000
122507  -48.545  49.743  -9.959 0.0000000000
122508  -49.543  49.945  -9.759 0.0000000000
123172  -50.022  50.590  -9.173 0.0000000000
122499  -50.756  50.652  -8.934 0.0000000000
122519  -50.857  49.491  -10.043 0.0000000000
121762  -51.590  49.373  -9.819 0.0000000000
121771  -51.874  48.783  -10.367 0.0000000000
121046  -51.739  47.600  -12.067 0.0000000000
120289  -52.313  47.708  -11.703 0.0000000000
120290  -52.823  47.586  -11.469 0.0000000000
119534  -53.417  46.661  -11.936 0.0000000000
118802  -53.712  45.848  -12.346 0.0000000000
118812  -53.996  45.169  -12.818 0.0000000000
115981  -51.953  41.564  -20.263 0.0000000000
115194  -50.666  40.309  -20.809 0.0000000000
113605  -50.471  40.082  -19.772 0.0000000000
113588  -50.303  39.861  -19.176 0.0000000000
114327  -49.901  40.077  -18.004 0.0000000000
115149  -49.737  40.224  -17.311 0.0000000000
115115  -48.476  41.096  -15.380 0.0000000000
130410  -39.790  63.026  -16.762 0.0000000000
130991  -41.703  64.350  -16.524 0.0000000000
131577  -43.633  65.223  -16.188 0.0000000000
131569  -45.047  64.922  -15.722 0.0000000000
130994  -44.794  64.700  -16.977 0.0000000000
130980  -45.487  64.400  -16.045 0.0000000000
130967  -46.039  63.876  -14.664 0.0000000000
130386  -46.716  62.767  -13.693 0.0000000000
129239  -47.117  61.279  -13.129 0.0000000000
128601  -47.441  59.881  -13.225 0.0000000000
130440  -46.786  63.012  -17.644 0.0000000000
129831  -47.404  62.334  -16.439 0.0000000000
128047  -48.005  59.273  -15.745 0.0000000000
129245  -47.793  60.544  -15.197 0.0000000000
129244  -47.692  61.181  -14.967 0.0000000000
128608  -47.612  60.666  -14.171 0.0000000000
128040  -47.606  59.141  -13.390 0.0000000000
127416  -47.882  58.375  -12.733 0.0000000000
126793  -48.979  57.223  -12.296 0.0000000000
126160  -49.508  56.357  -12.544 0.0000000000
125561  -49.976  55.408  -12.670 0.0000000000
125565  -50.754  55.337  -13.864 0.0000000000
124981  -50.869  54.971  -13.358 0.0000000000
124403  -50.586  53.733  -13.179 0.0000000000
123199  -50.431  51.359  -14.680 0.0000000000
122541  -51.039  50.085  -15.629 0.0000000000
121817  -51.105  48.935  -16.067 0.0000000000
122547  -51.371  49.663  -16.106 0.0000000000
121096  -51.792  48.431  -16.999 0.0000000000
121109  -51.985  48.333  -17.490 0.0000000000
122557  -52.214  49.782  -17.927 0.0000000000
121123  -52.153  48.291  -18.116 0.0000000000
120364  -52.176  47.326  -18.385 0.0000000000
118855  -52.188  45.751  -19.022 0.0000000000
118854  -52.048  45.209  -19.569 0.0000000000
117382  -52.014  43.622  -20.263 0.0000000000
123841  -51.890  52.743  -18.834 0.0000000000
123215  -52.065  51.498  -19.371 0.0000000000
121896  -51.893  49.572  -20.519 0.0000000000
121908  -51.413  49.711  -21.177 0.0000000000
121161  -51.686  48.480  -21.043 0.0000000000
120397  -52.025  47.481  -20.459 0.0000000000
118003  -42.589  44.745  -0.903 0.0000000000
118004  -43.371  44.878  -1.283 0.0000000000
118733  -44.199  44.987  -1.175 0.0000000000
119477  -43.487  46.306  -2.283 0.0000000000
118750  -44.872  45.483  -2.228 0.0000000000
118734  -45.178  45.111  -1.083 0.0000000000
118736  -46.549  45.706  -0.419 0.0000000000
119461  -47.090  46.305  0.039 0.0000000000
119462  -47.503  46.983  0.343 0.0000000000
120222  -47.639  47.860  -0.004 0.0000000000
121725  -46.917  49.416  -0.980 0.0000000000
121708  -47.120  49.596  -0.055 0.0000000000
121691  -47.216  50.001  0.755 0.0000000000
122439  -47.586  50.871  1.089 0.0000000000
124889  -47.579  53.953  -0.507 0.0000000000
133920  -34.480  69.467  -13.330 0.0000000000
133921  -35.717  69.098  -13.060 0.0000000000
133923  -38.201  69.092  -13.459 0.0000000000
133925  -40.471  69.204  -13.894 0.0000000000
133364  -40.052  68.409  -14.188 0.0000000000
132759  -39.641  67.507  -14.281 0.0000000000
132132  -39.220  66.509  -14.452 0.0000000000
131548  -36.509  65.847  -13.923 0.0000000000
131561  -37.102  65.106  -14.357 0.0000000000
131562  -38.150  65.263  -14.840 0.0000000000
130975  -37.702  64.533  -15.153 0.0000000000
130399  -38.192  64.067  -15.715 0.0000000000
130409  -38.418  63.340  -16.222 0.0000000000
131586  -32.546  64.980  -17.120 0.0000000000
130986  -32.480  64.395  -16.707 0.0000000000
130405  -32.606  63.328  -16.054 0.0000000000
129825  -33.331  62.249  -15.534 0.0000000000
129265  -33.565  60.346  -17.217 0.0000000000
129254  -34.022  60.994  -16.051 0.0000000000
129826  -34.705  61.773  -15.347 0.0000000000
129827  -35.980  61.997  -15.670 0.0000000000
129828  -37.023  61.971  -16.225 0.0000000000
129830  -38.793  62.455  -16.777 0.0000000000
130420  -40.073  62.377  -17.162 0.0000000000
129841  -40.992  62.147  -17.547 0.0000000000
129280  -38.282  60.197  -18.038 0.0000000000
129850  -40.584  61.444  -17.890 0.0000000000
129851  -41.538  61.871  -18.062 0.0000000000
129852  -42.314  62.048  -18.483 0.0000000000
129861  -42.758  61.943  -19.010 0.0000000000
129863  -43.942  62.559  -19.587 0.0000000000
128666  -37.879  58.887  -21.659 0.0000000000
128654  -38.961  59.027  -20.617 0.0000000000
128669  -41.196  59.676  -21.769 0.0000000000
128656  -40.894  59.796  -20.804 0.0000000000
129304  -42.788  61.217  -20.425 0.0000000000
129875  -43.573  62.027  -20.034 0.0000000000
130465  -44.757  62.927  -19.977 0.0000000000
129877  -44.999  62.863  -20.467 0.0000000000
129879  -46.894  62.302  -20.779 0.0000000000
129907  -45.644  62.289  -22.205 0.0000000000
129306  -47.554  61.774  -21.272 0.0000000000
128671  -48.389  60.390  -21.211 0.0000000000
129357  -47.323  61.641  -24.534 0.0000000000
128714  -48.386  60.571  -24.317 0.0000000000
128731  -43.947  60.040  -25.665 0.0000000000
128732  -44.603  60.266  -26.072 0.0000000000
123132  -37.272  49.976  -7.447 0.0000000000
141522  -43.763  52.153  -1.133 0.0000000000
141533  -44.613  52.712  -0.675 0.0000000000
141503  -44.673  53.389  -1.022 0.0000000000
141538  -46.350  54.365  -0.647 0.0000000000
125481  -47.901  54.238  -0.969 0.0000000000
126765  -38.003  57.711  -12.091 0.0000000000
126766  -38.395  57.328  -12.519 0.0000000000
131567  -43.364  65.662  -15.180 0.0000000000
131535  -44.934  65.028  -12.744 0.0000000000
130953  -45.800  63.472  -12.159 0.0000000000
130377  -45.524  63.673  -11.043 0.0000000000
130373  -45.465  63.727  -10.215 0.0000000000
129794  -45.738  62.773  -9.456 0.0000000000
129227  -45.469  61.582  -8.253 0.0000000000
128585  -44.601  60.492  -7.878 0.0000000000
128032  -46.172  60.030  -11.546 0.0000000000
126774  -45.779  58.135  -12.229 0.0000000000
127391  -45.261  60.034  -11.165 0.0000000000
128029  -45.536  60.491  -10.562 0.0000000000
128022  -45.102  60.425  -9.232 0.0000000000
128013  -44.441  60.119  -8.580 0.0000000000
128584  -43.839  60.135  -7.995 0.0000000000
128011  -42.831  59.571  -8.929 0.0000000000
127379  -41.809  59.263  -10.082 0.0000000000
127386  -41.351  59.061  -11.038 0.0000000000
126770  -41.681  58.425  -12.453 0.0000000000
126756  -41.066  58.596  -11.785 0.0000000000
127385  -40.506  58.650  -11.335 0.0000000000
127398  -39.665  58.014  -12.082 0.0000000000
126784  -38.784  56.963  -12.948 0.0000000000
126142  -38.394  56.152  -13.009 0.0000000000
124965  -39.225  54.212  -13.003 0.0000000000
124390  -39.796  53.336  -12.562 0.0000000000
123808  -40.192  52.386  -12.080 0.0000000000
124392  -41.721  53.149  -12.593 0.0000000000
123809  -41.213  52.049  -12.040 0.0000000000
123801  -40.598  51.215  -11.346 0.0000000000
123793  -41.804  50.131  -10.130 0.0000000000
123148  -43.092  49.627  -8.408 0.0000000000
123134  -43.324  49.674  -7.867 0.0000000000
123185  -44.512  50.292  -11.523 0.0000000000
123178  -44.290  49.930  -10.867 0.0000000000
123153  -46.370  50.314  -8.933 0.0000000000
123167  -45.050  49.784  -9.769 0.0000000000
123166  -44.333  49.776  -9.697 0.0000000000
123150  -44.360  49.800  -8.680 0.0000000000
123136  -44.347  49.928  -7.819 0.0000000000
123764  -44.149  50.176  -6.992 0.0000000000
125506  -45.613  52.955  -5.547 0.0000000000
125500  -46.130  55.176  -4.702 0.0000000000
124914  -47.160  54.456  -5.858 0.0000000000
125508  -46.949  55.175  -5.348 0.0000000000
125501  -47.398  55.611  -4.454 0.0000000000
125493  -47.542  55.702  -3.213 0.0000000000
125489  -48.606  54.835  -2.496 0.0000000000
124897  -48.720  53.862  -1.436 0.0000000000
123717  -49.446  52.852  -2.127 0.0000000000
123718  -49.734  52.196  -2.597 0.0000000000
123101  -50.106  51.066  -2.629 0.0000000000
123119  -50.151  51.590  -4.182 0.0000000000
123112  -50.474  50.915  -3.936 0.0000000000
122480  -50.783  50.116  -3.489 0.0000000000
121742  -51.427  49.215  -3.963 0.0000000000
121743  -51.876  48.585  -4.197 0.0000000000
122500  -51.439  50.348  -8.654 0.0000000000
122492  -52.007  49.901  -7.412 0.0000000000
121017  -53.153  48.269  -8.501 0.0000000000
121755  -52.930  48.782  -7.819 0.0000000000
121751  -52.627  49.146  -6.921 0.0000000000
121011  -52.673  48.612  -6.080 0.0000000000
121009  -52.908  47.900  -5.745 0.0000000000
120265  -53.129  47.127  -5.235 0.0000000000
119501  -53.492  46.308  -5.659 0.0000000000
118767  -53.726  45.601  -6.135 0.0000000000
118780  -54.125  45.105  -7.851 0.0000000000
118034  -54.041  44.339  -7.360 0.0000000000
121082  -50.905  47.926  -15.889 0.0000000000
120332  -51.435  46.788  -15.849 0.0000000000
119562  -52.157  46.218  -15.137 0.0000000000
118837  -52.925  45.122  -16.558 0.0000000000
118831  -53.103  45.240  -15.767 0.0000000000
119563  -53.018  45.990  -14.577 0.0000000000
118825  -53.843  45.172  -14.163 0.0000000000
118073  -54.062  44.548  -14.280 0.0000000000
117336  -54.214  43.733  -13.389 0.0000000000
115973  -52.369  41.603  -19.020 0.0000000000
115137  -52.453  40.527  -16.641 0.0000000000
115138  -53.097  41.090  -16.651 0.0000000000
116626  -53.926  42.225  -15.129 0.0000000000
116620  -54.157  42.824  -13.961 0.0000000000
117330  -54.167  43.563  -12.249 0.0000000000
116609  -53.845  42.674  -11.932 0.0000000000
116602  -53.939  42.882  -10.664 0.0000000000
115873  -53.058  41.839  -11.946 0.0000000000
116601  -53.466  42.355  -11.247 0.0000000000
116594  -53.432  42.471  -10.191 0.0000000000
113587  -49.590  39.778  -19.303 0.0000000000
113589  -50.668  39.875  -19.142 0.0000000000
113596  -50.521  39.968  -19.482 0.0000000000
113597  -50.700  40.058  -19.680 0.0000000000
113604  -50.107  40.034  -19.971 0.0000000000
114313  -51.266  40.226  -17.019 0.0000000000
114315  -52.077  40.426  -17.481 0.0000000000
114330  -52.006  40.504  -18.115 0.0000000000
114341  -50.159  39.909  -18.636 0.0000000000
114343  -51.558  40.204  -18.693 0.0000000000
114355  -50.867  39.904  -19.206 0.0000000000
114356  -51.187  40.102  -19.449 0.0000000000
114369  -50.593  40.147  -20.102 0.0000000000
115070  -51.526  41.213  -13.277 0.0000000000
115081  -50.746  41.186  -13.930 0.0000000000
115082  -51.235  41.124  -13.694 0.0000000000
115083  -52.029  40.915  -13.877 0.0000000000
115100  -52.240  40.674  -14.673 0.0000000000
115135  -50.715  40.312  -16.684 0.0000000000
115136  -51.712  40.401  -16.457 0.0000000000
115171  -51.846  40.682  -19.463 0.0000000000
115179  -51.342  40.505  -20.226 0.0000000000
115180  -51.751  40.873  -20.156 0.0000000000
115894  -53.119  41.479  -12.952 0.0000000000
115915  -53.871  42.132  -13.827 0.0000000000
115929  -49.850  41.405  -14.216 0.0000000000
115930  -50.290  41.307  -14.116 0.0000000000
115980  -51.666  40.952  -20.563 0.0000000000
116627  -54.138  42.745  -14.709 0.0000000000
116635  -54.047  42.679  -15.209 0.0000000000
116647  -53.027  42.710  -17.800 0.0000000000
116653  -52.659  42.705  -18.484 0.0000000000
116661  -52.464  42.714  -18.946 0.0000000000
117348  -54.117  43.187  -15.134 0.0000000000
117354  -53.528  43.585  -16.491 0.0000000000
118067  -54.124  44.608  -13.322 0.0000000000
118072  -53.889  44.838  -14.746 0.0000000000
118103  -52.065  44.498  -19.465 0.0000000000
118113  -52.008  44.529  -20.028 0.0000000000
118755  -45.268  45.887  -2.790 0.0000000000
118773  -53.794  45.702  -6.646 0.0000000000
118803  -54.033  45.145  -11.908 0.0000000000
118818  -53.564  45.600  -14.000 0.0000000000
118819  -53.929  45.158  -13.625 0.0000000000
118824  -53.557  45.270  -14.769 0.0000000000
119452  -46.988  46.176  0.660 0.0000000000
119478  -44.183  45.769  -2.544 0.0000000000
119479  -46.405  46.104  -2.231 0.0000000000
119480  -46.933  46.276  -1.523 0.0000000000
119484  -43.948  46.982  -3.019 0.0000000000
119485  -44.741  46.310  -3.134 0.0000000000
119486  -45.866  46.306  -2.918 0.0000000000
119491  -45.147  46.589  -3.392 0.0000000000
119492  -45.310  46.463  -3.262 0.0000000000
119505  -53.834  45.744  -6.897 0.0000000000
119571  -52.695  45.920  -15.483 0.0000000000
119594  -52.231  46.417  -18.620 0.0000000000
119611  -52.149  46.453  -19.125 0.0000000000
119648  -51.562  46.391  -21.738 0.0000000000
119663  -50.919  46.281  -22.489 0.0000000000
120221  -47.538  47.064  -0.671 0.0000000000
120229  -38.169  47.278  -0.833 0.0000000000
120236  -43.502  47.431  -2.395 0.0000000000
120237  -44.074  47.916  -2.817 0.0000000000
120246  -44.597  47.508  -3.428 0.0000000000
120247  -45.679  47.346  -3.467 0.0000000000
120253  -45.440  46.705  -3.383 0.0000000000
120275  -53.484  47.466  -8.160 0.0000000000
120298  -51.581  47.280  -12.669 0.0000000000
120341  -51.556  47.501  -16.567 0.0000000000
120351  -52.029  47.332  -17.612 0.0000000000
120418  -51.190  46.884  -22.242 0.0000000000
120984  -43.842  48.258  -2.086 0.0000000000
120985  -44.739  48.608  -2.828 0.0000000000
120986  -45.462  49.065  -2.706 0.0000000000
120987  -47.622  48.145  -2.040 0.0000000000
120993  -45.965  48.534  -3.150 0.0000000000
120995  -47.016  49.410  -1.732 0.0000000000
121002  -51.455  48.666  -3.051 0.0000000000
121005  -52.320  48.098  -4.398 0.0000000000
121028  -52.400  48.556  -10.219 0.0000000000
121029  -52.687  48.099  -10.686 0.0000000000
121035  -50.245  47.850  -12.052 0.0000000000
121037  -51.948  48.030  -11.363 0.0000000000
121038  -52.542  47.963  -11.175 0.0000000000
121045  -51.124  47.393  -12.622 0.0000000000
121056  -49.342  47.586  -13.497 0.0000000000
121058  -50.704  47.036  -13.984 0.0000000000
121071  -51.027  47.114  -15.733 0.0000000000
121083  -51.245  47.999  -16.253 0.0000000000
121135  -52.180  48.429  -19.646 0.0000000000
121136  -52.302  48.344  -19.011 0.0000000000
121148  -52.045  48.479  -20.188 0.0000000000
121710  -50.051  49.374  0.131 0.0000000000
121734  -46.044  49.229  -2.544 0.0000000000
121735  -46.365  49.492  -1.941 0.0000000000
121736  -46.620  49.497  -1.462 0.0000000000
121748  -51.706  49.746  -5.677 0.0000000000
121752  -53.012  48.589  -7.252 0.0000000000
121758  -52.375  49.373  -8.811 0.0000000000
121759  -52.782  48.928  -8.651 0.0000000000
121770  -51.266  48.973  -10.494 0.0000000000
121776  -49.051  48.033  -11.991 0.0000000000
121777  -50.061  48.109  -11.689 0.0000000000
121778  -51.041  48.471  -11.184 0.0000000000
121785  -48.942  47.797  -13.110 0.0000000000
121792  -48.500  49.194  -14.501 0.0000000000
121805  -50.675  48.520  -15.722 0.0000000000
121818  -51.479  49.172  -16.399 0.0000000000
121833  -51.827  49.337  -16.819 0.0000000000
121848  -52.137  49.088  -17.797 0.0000000000
121909  -51.698  49.268  -20.945 0.0000000000
122448  -49.738  50.294  0.091 0.0000000000
122488  -51.896  49.833  -6.475 0.0000000000
122490  -35.849  50.146  -6.833 0.0000000000
122491  -51.504  50.482  -7.840 0.0000000000
122506  -41.812  49.509  -8.320 0.0000000000
122509  -50.425  50.054  -9.578 0.0000000000
122510  -51.213  50.037  -9.397 0.0000000000
122522  -46.039  49.930  -12.701 0.0000000000
122536  -50.683  50.703  -15.067 0.0000000000
122552  -52.171  50.180  -17.242 0.0000000000
122553  -52.123  49.589  -17.568 0.0000000000
122560  -52.338  50.633  -18.833 0.0000000000
122561  -52.315  49.967  -18.541 0.0000000000
122568  -52.339  50.084  -19.009 0.0000000000
122583  -51.989  50.302  -20.246 0.0000000000
123083  -49.204  51.546  0.005 0.0000000000
123102  -50.366  50.731  -3.183 0.0000000000
123120  -50.438  51.219  -4.725 0.0000000000
123122  -50.688  51.025  -5.426 0.0000000000
123124  -43.536  49.779  -7.501 0.0000000000
123135  -43.691  49.755  -7.838 0.0000000000
123137  -45.008  50.086  -7.911 0.0000000000
123138  -50.414  51.572  -7.145 0.0000000000
123141  -34.711  51.132  -7.706 0.0000000000
123145  -38.380  49.886  -8.698 0.0000000000
123146  -39.159  49.602  -8.725 0.0000000000
123147  -42.998  49.629  -7.777 0.0000000000
123152  -45.757  50.120  -8.893 0.0000000000
123154  -48.376  51.042  -8.857 0.0000000000
123157  -51.008  50.865  -8.247 0.0000000000
123161  -39.696  49.802  -9.358 0.0000000000
123164  -42.896  49.741  -9.350 0.0000000000
123168  -45.774  49.793  -9.768 0.0000000000
123191  -46.732  50.789  -13.615 0.0000000000
123192  -47.338  50.841  -13.939 0.0000000000
123193  -48.109  51.425  -13.955 0.0000000000
123201  -51.162  51.378  -14.999 0.0000000000
123202  -51.604  51.329  -15.492 0.0000000000
123209  -52.311  51.300  -17.518 0.0000000000
123225  -51.626  51.597  -20.142 0.0000000000
123226  -51.934  50.837  -20.027 0.0000000000
123236  -51.168  51.530  -21.015 0.0000000000
123703  -47.986  52.424  0.560 0.0000000000
123704  -48.419  52.002  0.639 0.0000000000
123707  -48.641  52.354  0.185 0.0000000000
123713  -49.423  52.348  -1.527 0.0000000000
123714  -49.666  51.831  -1.902 0.0000000000
123746  -50.260  51.538  -5.688 0.0000000000
123755  -46.778  52.047  -6.888 0.0000000000
123756  -49.579  52.463  -6.878 0.0000000000
123757  -50.117  51.901  -6.609 0.0000000000
123758  -50.207  51.659  -6.170 0.0000000000
123765  -45.125  50.474  -7.162 0.0000000000
123766  -45.842  50.730  -7.594 0.0000000000
123770  -49.434  52.248  -7.556 0.0000000000
123774  -33.009  52.358  -8.324 0.0000000000
123779  -45.801  50.333  -8.277 0.0000000000
123782  -48.251  51.370  -8.493 0.0000000000
123784  -49.696  51.854  -7.823 0.0000000000
123794  -47.413  50.623  -9.018 0.0000000000
123805  -44.176  50.496  -11.568 0.0000000000
123821  -49.004  52.510  -13.448 0.0000000000
123829  -51.900  51.847  -15.607 0.0000000000
123832  -52.025  52.839  -15.565 0.0000000000
123838  -52.201  52.105  -17.877 0.0000000000
123845  -51.625  52.403  -19.580 0.0000000000
123846  -51.988  52.223  -19.138 0.0000000000
123857  -51.108  52.473  -20.490 0.0000000000
124306  -47.927  52.881  0.259 0.0000000000
124309  -48.177  53.178  -0.116 0.0000000000
124310  -48.784  52.933  -0.349 0.0000000000
124316  -49.178  53.360  -1.782 0.0000000000
124322  -49.602  53.234  -3.952 0.0000000000
124325  -49.287  53.826  -4.371 0.0000000000
124336  -45.637  52.108  -5.942 0.0000000000
124346  -31.293  53.700  -6.479 0.0000000000
124350  -46.700  52.433  -6.486 0.0000000000
124351  -47.249  52.921  -6.497 0.0000000000
124385  -38.358  52.556  -11.790 0.0000000000
124389  -38.912  53.154  -12.323 0.0000000000
124402  -49.951  53.593  -12.989 0.0000000000
124405  -50.352  53.177  -13.321 0.0000000000
124416  -52.132  53.008  -16.640 0.0000000000
124419  -51.762  53.651  -17.176 0.0000000000
124425  -52.053  52.678  -18.218 0.0000000000
124892  -48.156  53.730  -0.767 0.0000000000
124893  -48.543  53.648  -1.011 0.0000000000
124896  -48.260  54.076  -1.216 0.0000000000
124900  -48.342  54.419  -1.608 0.0000000000
124901  -48.823  54.293  -2.085 0.0000000000
124904  -49.038  54.448  -2.939 0.0000000000
124908  -48.906  54.690  -3.896 0.0000000000
124913  -46.508  53.678  -5.906 0.0000000000
124922  -46.445  52.660  -6.156 0.0000000000
124924  -47.277  53.663  -6.218 0.0000000000
124926  -48.652  54.073  -5.542 0.0000000000
124957  -47.497  55.162  -11.561 0.0000000000
124958  -47.808  55.393  -11.471 0.0000000000
124978  -50.565  54.523  -12.979 0.0000000000
124979  -50.862  54.003  -13.305 0.0000000000
124982  -51.074  54.409  -13.766 0.0000000000
125000  -51.116  54.038  -18.497 0.0000000000
125006  -50.449  54.124  -19.006 0.0000000000
125017  -50.722  53.776  -19.365 0.0000000000
125483  -47.507  54.694  -1.004 0.0000000000
125484  -47.996  54.572  -1.334 0.0000000000
125488  -47.842  55.142  -1.952 0.0000000000
125492  -46.324  55.555  -3.542 0.0000000000
125502  -48.186  55.351  -3.849 0.0000000000
125540  -48.191  55.777  -11.433 0.0000000000
125547  -38.706  55.224  -13.175 0.0000000000
125556  -47.094  55.287  -11.568 0.0000000000
125562  -50.460  55.406  -13.226 0.0000000000
125566  -51.076  55.019  -14.288 0.0000000000
125570  -50.808  55.408  -14.410 0.0000000000
125571  -51.008  55.236  -14.770 0.0000000000
125575  -51.081  55.133  -15.414 0.0000000000
125583  -50.697  55.190  -17.159 0.0000000000
125586  -50.184  55.357  -17.692 0.0000000000
125596  -50.625  54.356  -18.642 0.0000000000
126127  -45.833  57.357  -12.200 0.0000000000
126131  -48.464  56.399  -11.432 0.0000000000
126143  -39.153  56.223  -13.217 0.0000000000
126149  -45.448  56.980  -12.594 0.0000000000
126150  -45.976  56.282  -12.168 0.0000000000
126169  -49.778  56.533  -13.261 0.0000000000
126178  -50.452  55.881  -14.513 0.0000000000
126179  -50.743  55.537  -14.687 0.0000000000
126192  -50.633  55.623  -15.760 0.0000000000
126196  -49.614  56.419  -17.097 0.0000000000
126198  -50.502  55.611  -16.421 0.0000000000
126755  -40.199  58.249  -11.926 0.0000000000
126758  -42.420  59.306  -11.616 0.0000000000
126768  -39.947  57.805  -12.501 0.0000000000
126777  -47.967  57.520  -11.462 0.0000000000
126783  -38.291  56.740  -12.842 0.0000000000
126785  -39.551  57.159  -13.030 0.0000000000
126786  -40.400  57.340  -13.081 0.0000000000
126792  -48.434  57.332  -11.812 0.0000000000
126809  -49.894  56.703  -15.601 0.0000000000
126812  -49.311  57.286  -16.593 0.0000000000
127381  -43.426  59.882  -10.115 0.0000000000
127387  -42.280  59.444  -10.961 0.0000000000
127388  -43.095  59.763  -10.839 0.0000000000
127389  -43.946  59.908  -10.778 0.0000000000
127399  -42.800  59.466  -11.475 0.0000000000
127402  -45.191  59.384  -11.809 0.0000000000
127405  -47.500  58.159  -11.641 0.0000000000
127412  -48.373  57.728  -12.296 0.0000000000
127419  -48.164  58.393  -13.541 0.0000000000
127428  -49.036  57.942  -15.573 0.0000000000
128012  -43.618  59.761  -8.731 0.0000000000
128014  -44.914  60.395  -8.414 0.0000000000
128019  -42.496  59.470  -9.468 0.0000000000
128021  -44.150  60.018  -9.651 0.0000000000
128028  -44.870  60.232  -10.314 0.0000000000
128033  -46.694  59.642  -11.922 0.0000000000
128039  -47.358  59.296  -12.796 0.0000000000
128053  -47.985  59.445  -17.320 0.0000000000
128086  -41.607  59.349  -24.057 0.0000000000
128583  -42.886  59.793  -8.250 0.0000000000
128589  -45.660  60.942  -8.970 0.0000000000
128591  -45.837  61.029  -9.831 0.0000000000
128598  -46.749  60.353  -12.081 0.0000000000
128605  -47.588  59.955  -13.839 0.0000000000
128611  -47.834  60.024  -15.419 0.0000000000
128614  -47.858  60.092  -16.194 0.0000000000
128618  -33.923  60.093  -17.528 0.0000000000
128619  -34.329  60.011  -17.479 0.0000000000
128622  -47.901  60.202  -17.025 0.0000000000
128628  -34.594  59.763  -18.149 0.0000000000
128629  -35.553  59.597  -18.252 0.0000000000
128638  -33.882  60.056  -18.806 0.0000000000
128641  -36.762  59.178  -19.360 0.0000000000
128643  -38.957  59.438  -19.479 0.0000000000
128655  -39.926  59.339  -20.751 0.0000000000
128702  -41.591  59.478  -23.478 0.0000000000
128703  -42.378  59.883  -23.407 0.0000000000
128720  -43.011  59.747  -24.667 0.0000000000
128724  -47.716  60.822  -25.833 0.0000000000
129221  -43.948  61.830  -6.889 0.0000000000
129225  -44.702  61.336  -7.237 0.0000000000
129233  -46.482  60.883  -11.836 0.0000000000
129236  -46.303  61.709  -11.991 0.0000000000
129241  -47.406  61.342  -13.978 0.0000000000
129249  -47.791  60.727  -15.739 0.0000000000
129257  -37.167  61.307  -16.569 0.0000000000
129264  -32.610  61.168  -17.826 0.0000000000
129278  -33.185  60.487  -18.366 0.0000000000
129284  -42.379  61.666  -18.882 0.0000000000
129291  -32.923  61.552  -19.262 0.0000000000
129292  -33.305  61.007  -19.456 0.0000000000
129296  -42.420  61.409  -19.381 0.0000000000
129302  -34.516  60.950  -21.054 0.0000000000
129316  -35.076  60.918  -21.699 0.0000000000
129321  -44.350  61.874  -21.660 0.0000000000
129323  -48.146  61.221  -21.749 0.0000000000
129335  -42.758  60.374  -22.470 0.0000000000
129350  -47.974  61.308  -23.831 0.0000000000
129353  -44.010  60.750  -23.937 0.0000000000
129371  -46.326  61.219  -25.935 0.0000000000
129373  -47.348  61.096  -26.014 0.0000000000
129791  -45.551  62.491  -8.746 0.0000000000
129792  -45.831  62.219  -9.503 0.0000000000
129804  -46.373  62.449  -12.639 0.0000000000
129808  -46.636  62.480  -13.207 0.0000000000
129809  -47.004  62.115  -13.669 0.0000000000
129817  -33.663  62.857  -15.124 0.0000000000
129818  -34.245  62.620  -15.001 0.0000000000
129819  -35.205  62.533  -15.080 0.0000000000
129824  -32.477  62.482  -16.483 0.0000000000
129829  -37.917  62.315  -16.488 0.0000000000
129836  -32.334  62.262  -17.515 0.0000000000
129839  -39.454  61.871  -17.244 0.0000000000
129840  -40.299  61.974  -17.434 0.0000000000
129842  -47.235  62.460  -17.409 0.0000000000
129849  -39.912  61.372  -17.666 0.0000000000
129853  -42.902  62.475  -18.677 0.0000000000
129862  -43.380  62.397  -19.218 0.0000000000
129876  -44.335  62.540  -20.173 0.0000000000
129878  -45.937  62.780  -20.127 0.0000000000
129893  -44.512  62.253  -21.081 0.0000000000
129915  -45.830  62.001  -23.241 0.0000000000
129924  -47.214  61.848  -23.968 0.0000000000
130368  -45.739  63.143  -9.879 0.0000000000
130374  -45.791  63.111  -10.585 0.0000000000
130378  -45.861  63.162  -11.539 0.0000000000
130390  -46.489  63.288  -14.110 0.0000000000
130400  -46.731  63.368  -15.112 0.0000000000
130406  -33.257  63.353  -15.279 0.0000000000
130407  -36.619  62.513  -15.772 0.0000000000
130412  -41.521  63.631  -17.007 0.0000000000
130414  -47.156  62.921  -15.851 0.0000000000
130421  -40.664  62.641  -17.190 0.0000000000
130423  -42.820  63.423  -17.832 0.0000000000
130424  -43.331  63.623  -18.017 0.0000000000
130426  -46.340  63.523  -17.202 0.0000000000
130434  -42.027  62.410  -18.036 0.0000000000
130438  -45.396  63.659  -18.374 0.0000000000
130451  -44.454  63.033  -19.380 0.0000000000
130453  -45.776  63.154  -19.083 0.0000000000
130466  -45.162  63.118  -19.819 0.0000000000
130944  -45.195  64.372  -10.902 0.0000000000
130957  -45.825  63.620  -12.767 0.0000000000
130961  -45.488  64.439  -14.236 0.0000000000
130966  -45.537  64.463  -15.191 0.0000000000
130976  -38.740  64.616  -15.571 0.0000000000
130979  -41.484  64.955  -16.005 0.0000000000
130988  -38.669  64.037  -15.975 0.0000000000
130989  -39.328  63.995  -16.156 0.0000000000
130993  -43.948  64.769  -16.956 0.0000000000
130996  -45.922  63.939  -16.512 0.0000000000
131004  -41.787  63.737  -17.105 0.0000000000
131007  -44.377  64.330  -17.564 0.0000000000
131008  -45.205  64.158  -17.536 0.0000000000
131019  -43.584  63.718  -18.075 0.0000000000
131021  -44.746  63.986  -18.062 0.0000000000
131547  -35.870  65.935  -13.916 0.0000000000
131549  -37.583  65.826  -14.155 0.0000000000
131550  -38.481  65.912  -14.500 0.0000000000
131552  -44.228  65.432  -14.485 0.0000000000
131568  -44.325  65.273  -15.463 0.0000000000
131573  -32.539  64.936  -16.710 0.0000000000
131575  -41.912  65.168  -15.978 0.0000000000
131579  -45.078  64.759  -16.389 0.0000000000
132129  -35.709  66.542  -13.846 0.0000000000
132148  -40.030  66.074  -14.927 0.0000000000
132149  -40.886  66.177  -15.063 0.0000000000
132754  -34.030  68.040  -14.436 0.0000000000
132756  -36.146  67.401  -13.690 0.0000000000
132788  -34.511  68.484  -17.536 0.0000000000
133358  -33.845  68.803  -14.392 0.0000000000
133362  -37.786  68.237  -13.631 0.0000000000
133379  -33.916  69.167  -16.084 0.0000000000
133901  -36.059  69.843  -12.679 0.0000000000
133904  -39.855  70.005  -13.425 0.0000000000
133919  -33.956  69.256  -14.008 0.0000000000
133924  -39.365  69.193  -13.796 0.0000000000
134456  -33.625  70.244  -14.890 0.0000000000
134457  -33.904  70.565  -15.572 0.0000000000
134458  -34.518  70.945  -16.166 0.0000000000
134975  -33.591  70.791  -14.443 0.0000000000
141461  -41.751  49.211  -0.823 0.0000000000
141469  -42.183  49.404  -0.808 0.0000000000
141488  -41.907  48.785  -0.861 0.0000000000
141493  -31.828  52.095  -5.364 0.0000000000
141500  -42.280  49.611  -0.707 0.0000000000
141508  -42.118  49.228  -0.800 0.0000000000
141511  -43.499  49.843  -7.144 0.0000000000
141535  -42.902  51.694  -2.145 0.0000000000
141572  -40.750  59.185  -9.694 0.0000000000
141599  -42.332  61.266  -7.493 0.0000000000
141606  -42.902  61.891  -6.966 0.0000000000
141607  -42.406  62.273  -7.123 0.0000000000
