#!ascii label  , from subject MNI_FS2 vox2ras=TkReg
1500
72645  -34.909  -0.511  18.484 0.0000000000
83738  -48.104  9.177  5.725 0.0000000000
79823  -41.320  5.538  13.242 0.0000000000
52949  -8.928  -18.303  52.431 0.0000000000
69151  -32.926  -3.426  28.328 0.0000000000
141266  -22.244  -15.081  42.238 0.0000000000
57707  -31.482  -15.193  38.558 0.0000000000
60017  -35.308  -11.556  29.673 0.0000000000
63370  -36.876  -8.692  26.121 0.0000000000
55397  -14.258  -15.871  41.126 0.0000000000
58797  -19.469  -12.702  43.885 0.0000000000
56619  -18.407  -14.746  37.917 0.0000000000
58886  -26.544  -13.731  32.323 0.0000000000
58928  -30.496  -12.493  30.736 0.0000000000
69246  -35.402  -4.100  21.392 0.0000000000
68174  -39.548  -4.373  17.613 0.0000000000
82419  -44.274  7.765  9.259 0.0000000000
73862  -37.969  0.978  16.207 0.0000000000
88403  -53.751  12.859  8.716 0.0000000000
51864  -5.297  -18.716  55.175 0.0000000000
68047  -35.107  -4.990  24.900 0.0000000000
72569  -31.564  -0.884  22.805 0.0000000000
55473  -22.955  -15.446  35.018 0.0000000000
55429  -26.767  -16.098  39.459 0.0000000000
72722  -42.477  -0.494  14.506 0.0000000000
90656  -58.238  14.712  1.749 0.0000000000
62184  -32.458  -10.540  28.252 0.0000000000
61116  -34.153  -10.030  27.351 0.0000000000
56591  -16.137  -14.892  39.184 0.0000000000
61073  -28.906  -10.723  29.660 0.0000000000
61088  -30.751  -10.860  28.916 0.0000000000
60015  -33.364  -12.157  30.138 0.0000000000
69308  -33.833  -3.324  18.820 0.0000000000
68133  -37.741  -5.084  19.354 0.0000000000
69331  -36.239  -3.671  16.981 0.0000000000
83722  -46.265  8.512  7.327 0.0000000000
79879  -46.241  5.598  7.956 0.0000000000
84970  -49.852  9.607  3.984 0.0000000000
50865  -7.116  -20.057  50.332 0.0000000000
51870  -6.944  -18.504  53.896 0.0000000000
65698  -33.451  -6.422  26.695 0.0000000000
65711  -36.461  -7.085  25.383 0.0000000000
68032  -32.262  -4.892  25.665 0.0000000000
69205  -31.847  -3.726  23.646 0.0000000000
71407  -31.478  -2.003  26.030 0.0000000000
141289  -21.157  -13.119  42.252 0.0000000000
141250  -22.390  -11.949  47.320 0.0000000000
141232  -22.572  -14.548  45.408 0.0000000000
55358  -23.658  -15.972  45.543 0.0000000000
141334  -20.418  -13.191  34.274 0.0000000000
141284  -21.835  -11.808  32.482 0.0000000000
57762  -29.560  -13.710  35.444 0.0000000000
141141  -27.747  -15.041  36.202 0.0000000000
141143  -29.431  -15.433  38.745 0.0000000000
54211  -28.216  -16.331  42.618 0.0000000000
53037  -11.380  -17.818  46.348 0.0000000000
55286  -13.928  -15.317  49.079 0.0000000000
57579  -13.701  -13.806  52.594 0.0000000000
77446  -39.047  3.371  15.475 0.0000000000
73880  -39.158  0.400  13.837 0.0000000000
76297  -40.572  2.310  12.728 0.0000000000
90665  -58.930  14.977  -0.093 0.0000000000
55218  -8.134  -15.917  55.773 0.0000000000
61052  -37.680  -10.847  31.759 0.0000000000
62162  -38.672  -9.447  30.158 0.0000000000
61092  -36.283  -10.605  28.453 0.0000000000
64532  -33.916  -8.040  27.270 0.0000000000
55355  -14.927  -15.717  44.196 0.0000000000
57646  -17.041  -13.740  46.134 0.0000000000
56558  -16.603  -14.744  42.282 0.0000000000
56581  -18.491  -14.237  40.939 0.0000000000
141309  -20.900  -15.136  39.523 0.0000000000
141285  -23.407  -10.941  31.482 0.0000000000
62134  -25.802  -9.874  30.532 0.0000000000
58914  -28.472  -12.529  31.378 0.0000000000
58875  -31.566  -13.069  34.193 0.0000000000
58894  -33.665  -12.430  33.402 0.0000000000
59975  -35.688  -11.814  32.961 0.0000000000
55379  -11.751  -15.957  42.369 0.0000000000
70322  -38.367  -2.826  24.610 0.0000000000
70293  -41.213  -2.267  25.942 0.0000000000
69232  -39.641  -4.059  22.758 0.0000000000
68089  -41.694  -4.377  21.484 0.0000000000
81081  -42.735  7.010  11.578 0.0000000000
77483  -42.255  3.525  11.437 0.0000000000
78693  -44.433  4.511  9.383 0.0000000000
44059  -5.827  -25.449  54.345 0.0000000000
72647  -37.092  -0.245  18.241 0.0000000000
76258  -41.542  2.760  17.397 0.0000000000
81058  -44.764  6.310  13.905 0.0000000000
82384  -46.190  7.580  12.653 0.0000000000
83696  -47.312  8.915  10.437 0.0000000000
86072  -49.325  10.553  8.778 0.0000000000
87247  -50.362  11.529  7.375 0.0000000000
87217  -52.341  11.688  10.622 0.0000000000
52907  -6.174  -17.378  57.321 0.0000000000
49565  -5.444  -20.952  57.357 0.0000000000
46067  -5.440  -23.523  56.307 0.0000000000
69143  -39.679  -3.714  29.276 0.0000000000
64535  -39.059  -7.686  28.385 0.0000000000
66843  -38.506  -5.755  27.332 0.0000000000
69173  -37.937  -3.361  26.648 0.0000000000
69208  -34.868  -3.874  23.387 0.0000000000
69267  -32.581  -3.209  21.021 0.0000000000
72601  -32.845  -0.324  20.428 0.0000000000
59831  -20.050  -11.790  48.335 0.0000000000
141335  -20.700  -15.287  36.197 0.0000000000
141307  -22.263  -15.820  38.475 0.0000000000
141225  -24.534  -14.865  33.215 0.0000000000
55447  -25.130  -15.929  37.685 0.0000000000
55416  -23.810  -15.919  41.062 0.0000000000
54194  -26.019  -16.486  43.936 0.0000000000
50880  -8.957  -19.475  49.428 0.0000000000
51951  -10.057  -18.622  48.377 0.0000000000
54043  -10.718  -17.309  51.162 0.0000000000
71540  -37.179  -1.751  15.498 0.0000000000
70464  -40.298  -2.586  15.375 0.0000000000
71527  -44.297  -1.428  17.758 0.0000000000
75076  -43.618  1.316  13.186 0.0000000000
88419  -51.708  12.365  5.430 0.0000000000
88438  -53.213  12.724  4.190 0.0000000000
88456  -54.626  13.316  1.947 0.0000000000
90640  -56.836  14.256  3.099 0.0000000000
89543  -55.573  12.994  0.152 0.0000000000
62169  -32.086  -9.933  28.854 0.0000000000
62171  -33.246  -9.001  29.367 0.0000000000
62159  -32.955  -9.364  30.191 0.0000000000
62156  -30.511  -9.579  30.361 0.0000000000
61077  -31.475  -9.688  29.931 0.0000000000
61103  -31.731  -10.990  28.373 0.0000000000
71502  -34.100  -1.444  18.348 0.0000000000
69329  -34.760  -3.090  17.634 0.0000000000
71503  -34.882  -1.238  17.620 0.0000000000
83730  -47.683  8.753  6.082 0.0000000000
81133  -46.792  7.289  6.639 0.0000000000
82455  -48.424  7.749  5.587 0.0000000000
83740  -49.044  8.231  4.889 0.0000000000
84969  -49.182  9.727  4.673 0.0000000000
51909  -7.873  -19.468  51.720 0.0000000000
51896  -7.514  -19.324  52.394 0.0000000000
51882  -8.006  -18.605  52.952 0.0000000000
68022  -32.970  -5.400  27.179 0.0000000000
66850  -33.527  -6.202  25.726 0.0000000000
68021  -32.343  -4.767  26.670 0.0000000000
69179  -31.540  -3.654  25.782 0.0000000000
70279  -31.806  -3.081  27.067 0.0000000000
57604  -15.868  -13.716  49.364 0.0000000000
141267  -22.455  -13.988  43.568 0.0000000000
141249  -22.788  -13.428  45.527 0.0000000000
141248  -22.503  -14.710  43.940 0.0000000000
55357  -22.987  -15.450  46.157 0.0000000000
55385  -23.145  -15.543  43.575 0.0000000000
57735  -30.696  -14.553  37.089 0.0000000000
141159  -29.118  -15.133  37.488 0.0000000000
141130  -30.381  -15.175  38.155 0.0000000000
141118  -29.709  -15.720  40.383 0.0000000000
55326  -14.044  -16.019  46.436 0.0000000000
55296  -14.199  -15.383  48.312 0.0000000000
56478  -14.896  -14.098  50.055 0.0000000000
70264  -39.883  -2.696  29.395 0.0000000000
78641  -40.253  4.620  14.930 0.0000000000
77463  -39.325  2.962  13.624 0.0000000000
78662  -40.379  4.031  12.824 0.0000000000
60002  -36.133  -11.407  30.636 0.0000000000
61079  -36.565  -10.784  29.392 0.0000000000
61078  -35.822  -11.139  29.004 0.0000000000
62199  -34.230  -9.394  27.260 0.0000000000
64533  -34.041  -7.568  28.093 0.0000000000
65700  -33.935  -7.255  27.553 0.0000000000
54206  -14.141  -16.250  42.806 0.0000000000
55366  -15.198  -15.758  43.169 0.0000000000
55398  -15.281  -15.804  41.185 0.0000000000
56605  -16.808  -14.602  38.468 0.0000000000
56592  -17.141  -14.939  39.404 0.0000000000
56607  -18.631  -14.789  38.782 0.0000000000
141310  -19.935  -14.698  39.698 0.0000000000
56608  -19.345  -14.875  38.747 0.0000000000
63300  -25.209  -8.772  30.885 0.0000000000
60026  -29.360  -11.449  29.800 0.0000000000
59998  -28.218  -12.070  30.688 0.0000000000
58915  -29.459  -12.629  31.508 0.0000000000
58890  -29.968  -12.974  33.178 0.0000000000
58905  -31.119  -12.831  32.371 0.0000000000
58876  -32.543  -12.952  34.271 0.0000000000
58906  -32.025  -12.723  32.343 0.0000000000
60016  -34.333  -11.861  29.951 0.0000000000
60000  -34.305  -11.977  31.029 0.0000000000
60001  -35.241  -11.727  30.862 0.0000000000
59989  -36.160  -11.602  31.851 0.0000000000
55380  -12.828  -16.130  42.031 0.0000000000
70352  -37.005  -3.188  22.968 0.0000000000
69212  -39.097  -3.374  23.639 0.0000000000
69248  -37.629  -4.220  21.773 0.0000000000
68153  -38.109  -4.926  18.447 0.0000000000
68111  -39.320  -4.845  20.282 0.0000000000
68135  -39.795  -4.758  19.422 0.0000000000
69291  -41.735  -4.102  19.641 0.0000000000
69312  -40.985  -4.026  18.001 0.0000000000
82406  -43.887  7.895  10.476 0.0000000000
79853  -43.190  5.707  9.397 0.0000000000
79864  -44.099  5.661  8.773 0.0000000000
79881  -48.349  5.378  8.333 0.0000000000
81071  -44.980  7.058  12.997 0.0000000000
81060  -47.062  6.890  13.762 0.0000000000
83674  -48.560  8.707  12.115 0.0000000000
84919  -49.056  9.920  10.519 0.0000000000
84933  -48.197  9.790  9.569 0.0000000000
86062  -49.281  10.317  9.831 0.0000000000
87228  -50.554  11.051  9.226 0.0000000000
51879  -5.850  -19.381  53.717 0.0000000000
50814  -4.502  -20.081  55.506 0.0000000000
55204  -7.645  -15.825  57.576 0.0000000000
53985  -6.772  -16.612  56.456 0.0000000000
52900  -6.919  -17.280  58.154 0.0000000000
50801  -6.686  -19.824  58.216 0.0000000000
48305  -6.901  -21.935  57.957 0.0000000000
48303  -5.420  -21.815  57.121 0.0000000000
46056  -6.518  -23.240  57.224 0.0000000000
45074  -6.700  -24.175  56.206 0.0000000000
63345  -38.045  -8.907  27.898 0.0000000000
63332  -38.874  -8.682  29.249 0.0000000000
64547  -38.120  -7.898  27.025 0.0000000000
66860  -35.640  -5.418  25.186 0.0000000000
66853  -37.301  -5.960  25.893 0.0000000000
68036  -37.234  -4.991  26.101 0.0000000000
69163  -37.807  -4.339  26.648 0.0000000000
69171  -36.675  -4.427  25.613 0.0000000000
70303  -36.677  -3.178  24.804 0.0000000000
69192  -34.820  -4.416  24.303 0.0000000000
70335  -31.084  -2.527  23.547 0.0000000000
69225  -31.981  -3.414  22.698 0.0000000000
70361  -31.678  -1.816  21.798 0.0000000000
71467  -32.245  -1.617  20.485 0.0000000000
72582  -32.098  -0.586  21.521 0.0000000000
57657  -17.843  -13.548  44.838 0.0000000000
57638  -18.343  -12.875  46.513 0.0000000000
58780  -19.313  -12.548  45.388 0.0000000000
57767  -21.086  -13.414  33.947 0.0000000000
141274  -20.124  -14.156  35.252 0.0000000000
141336  -21.238  -15.137  35.493 0.0000000000
141186  -21.603  -15.650  36.742 0.0000000000
55455  -22.961  -15.738  36.557 0.0000000000
58899  -25.144  -12.713  31.492 0.0000000000
141241  -23.609  -12.919  31.929 0.0000000000
141139  -25.409  -14.133  32.215 0.0000000000
55439  -27.372  -15.795  38.460 0.0000000000
56628  -26.512  -15.602  36.499 0.0000000000
55438  -26.381  -15.972  38.588 0.0000000000
55427  -24.653  -16.045  39.831 0.0000000000
55428  -25.736  -16.142  39.685 0.0000000000
54208  -25.338  -16.314  43.253 0.0000000000
54218  -26.518  -16.330  42.042 0.0000000000
58838  -34.644  -13.391  37.327 0.0000000000
53022  -10.718  -18.168  47.515 0.0000000000
52997  -11.136  -17.680  49.251 0.0000000000
52996  -10.554  -18.144  49.246 0.0000000000
57570  -13.557  -13.290  53.598 0.0000000000
72668  -38.108  0.433  17.456 0.0000000000
71539  -36.657  -1.361  15.889 0.0000000000
72698  -37.468  -0.288  15.376 0.0000000000
72720  -40.650  -0.438  13.861 0.0000000000
71575  -39.276  -1.280  14.297 0.0000000000
71577  -41.316  -1.225  14.514 0.0000000000
71541  -42.617  -2.034  16.337 0.0000000000
71560  -43.132  -1.231  15.750 0.0000000000
77485  -44.087  3.252  10.932 0.0000000000
76311  -43.420  2.249  11.934 0.0000000000
76313  -45.388  2.066  12.187 0.0000000000
88401  -51.901  12.264  7.633 0.0000000000
87256  -50.945  12.079  5.920 0.0000000000
88411  -52.623  12.592  7.063 0.0000000000
88431  -54.048  13.062  5.796 0.0000000000
88439  -53.988  13.060  4.675 0.0000000000
88447  -53.972  13.045  3.511 0.0000000000
89521  -54.676  13.383  4.004 0.0000000000
90650  -58.886  15.300  3.245 0.0000000000
90642  -58.444  15.058  4.088 0.0000000000
90648  -57.541  14.469  2.426 0.0000000000
89540  -56.316  13.783  1.309 0.0000000000
89541  -56.905  13.952  1.130 0.0000000000
90659  -57.644  14.090  0.056 0.0000000000
90673  -58.457  14.162  -1.999 0.0000000000
60046  -34.044  -11.371  28.032 0.0000000000
60047  -34.676  -11.136  27.818 0.0000000000
61106  -33.829  -10.565  27.612 0.0000000000
63329  -33.823  -8.493  29.236 0.0000000000
55413  -14.814  -15.554  40.135 0.0000000000
62154  -28.854  -9.632  30.059 0.0000000000
61074  -29.766  -10.315  29.605 0.0000000000
60028  -30.817  -11.608  29.416 0.0000000000
58930  -32.202  -12.518  30.640 0.0000000000
60029  -31.712  -11.907  29.304 0.0000000000
60044  -32.555  -11.544  28.593 0.0000000000
69269  -34.390  -4.041  20.305 0.0000000000
68084  -37.020  -4.554  20.959 0.0000000000
68130  -35.456  -4.513  19.130 0.0000000000
68171  -36.536  -4.474  17.836 0.0000000000
69332  -37.753  -4.016  16.695 0.0000000000
82427  -45.217  7.816  8.239 0.0000000000
81103  -45.016  6.100  8.067 0.0000000000
81122  -45.812  7.151  7.387 0.0000000000
79887  -47.558  5.796  7.512 0.0000000000
86107  -50.914  10.313  3.119 0.0000000000
51880  -6.487  -19.261  53.388 0.0000000000
51869  -6.290  -18.631  54.224 0.0000000000
64554  -34.665  -7.807  25.650 0.0000000000
64556  -36.725  -8.025  25.741 0.0000000000
65710  -35.171  -6.984  25.068 0.0000000000
66859  -34.845  -6.160  25.038 0.0000000000
68046  -33.855  -5.594  24.850 0.0000000000
68065  -33.231  -4.554  24.011 0.0000000000
68044  -32.174  -4.694  24.900 0.0000000000
69189  -31.248  -3.534  24.825 0.0000000000
72551  -31.526  -1.088  24.638 0.0000000000
141290  -20.641  -12.618  43.460 0.0000000000
141269  -20.851  -12.166  45.541 0.0000000000
141268  -21.937  -12.864  44.282 0.0000000000
54141  -23.980  -16.022  47.148 0.0000000000
58869  -21.113  -12.710  33.498 0.0000000000
56645  -22.537  -14.406  33.686 0.0000000000
57768  -28.144  -14.079  34.122 0.0000000000
141215  -27.277  -14.467  33.810 0.0000000000
141174  -28.488  -14.467  35.752 0.0000000000
141167  -28.230  -15.199  37.189 0.0000000000
55430  -27.700  -15.935  39.384 0.0000000000
54229  -27.666  -16.216  40.970 0.0000000000
55403  -28.533  -16.047  40.779 0.0000000000
53056  -11.974  -17.384  44.574 0.0000000000
53038  -12.115  -17.397  46.405 0.0000000000
55284  -12.621  -16.182  49.637 0.0000000000
55270  -12.742  -15.189  51.280 0.0000000000
56476  -13.699  -14.831  50.497 0.0000000000
76267  -38.678  2.350  16.083 0.0000000000
73871  -37.733  0.633  15.284 0.0000000000
76287  -38.551  2.428  14.555 0.0000000000
75072  -39.545  1.219  13.559 0.0000000000
73892  -41.380  0.304  13.573 0.0000000000
89491  -55.066  13.643  9.681 0.0000000000
88413  -54.199  13.079  7.950 0.0000000000
89496  -55.547  13.928  8.957 0.0000000000
91715  -59.331  15.751  2.744 0.0000000000
90661  -58.937  15.056  1.127 0.0000000000
91720  -59.354  15.718  1.715 0.0000000000
91724  -59.833  16.408  0.520 0.0000000000
54024  -9.776  -17.230  52.840 0.0000000000
54005  -8.787  -17.222  53.866 0.0000000000
62126  -39.146  -9.885  32.153 0.0000000000
61065  -38.158  -10.358  31.303 0.0000000000
62173  -37.673  -9.767  28.837 0.0000000000
62202  -36.748  -9.653  26.993 0.0000000000
61117  -34.723  -10.034  27.104 0.0000000000
62200  -34.965  -9.702  26.685 0.0000000000
63357  -35.456  -9.266  26.142 0.0000000000
64545  -34.066  -7.712  26.642 0.0000000000
66841  -33.578  -5.899  27.591 0.0000000000
56513  -15.101  -14.923  46.277 0.0000000000
56500  -16.066  -14.092  47.397 0.0000000000
56523  -16.039  -14.673  44.709 0.0000000000
56536  -16.730  -14.320  44.201 0.0000000000
56559  -17.630  -14.171  42.740 0.0000000000
55399  -16.075  -15.407  41.169 0.0000000000
56568  -17.518  -14.473  41.594 0.0000000000
57684  -18.711  -13.660  42.358 0.0000000000
57697  -20.138  -13.283  41.955 0.0000000000
141299  -20.599  -14.050  40.926 0.0000000000
141288  -21.639  -14.366  41.614 0.0000000000
61060  -24.489  -10.405  30.996 0.0000000000
59984  -26.396  -12.319  31.332 0.0000000000
61071  -26.931  -10.771  30.325 0.0000000000
60008  -26.942  -11.380  30.568 0.0000000000
58901  -27.332  -12.876  31.918 0.0000000000
58872  -28.814  -13.321  33.729 0.0000000000
58859  -30.250  -13.469  35.036 0.0000000000
57750  -31.222  -14.055  36.480 0.0000000000
57737  -32.413  -14.467  37.356 0.0000000000
58848  -32.522  -13.642  35.996 0.0000000000
58863  -33.768  -13.036  35.566 0.0000000000
58864  -34.481  -12.659  35.377 0.0000000000
59986  -33.473  -12.314  32.072 0.0000000000
59973  -33.969  -12.188  32.824 0.0000000000
59961  -35.161  -12.007  33.881 0.0000000000
59962  -36.129  -11.874  34.051 0.0000000000
54172  -12.154  -17.235  44.081 0.0000000000
70290  -38.408  -2.713  26.339 0.0000000000
70306  -39.867  -2.529  25.323 0.0000000000
70324  -40.330  -2.921  24.641 0.0000000000
69197  -41.680  -3.568  24.036 0.0000000000
69249  -38.425  -4.426  21.676 0.0000000000
68072  -40.203  -4.431  22.017 0.0000000000
81068  -42.400  6.106  12.516 0.0000000000
79843  -41.437  5.111  11.994 0.0000000000
79851  -42.184  5.380  10.764 0.0000000000
77496  -43.524  3.807  10.526 0.0000000000
77498  -45.383  3.630  10.246 0.0000000000
78707  -45.322  4.688  8.866 0.0000000000
78694  -45.832  4.092  9.610 0.0000000000
72605  -36.748  -0.154  20.361 0.0000000000
72646  -35.891  -0.499  18.169 0.0000000000
72627  -38.057  -0.302  19.269 0.0000000000
72648  -38.277  0.105  18.311 0.0000000000
73837  -38.955  0.543  17.849 0.0000000000
76256  -39.804  2.302  16.984 0.0000000000
76269  -40.311  2.955  16.774 0.0000000000
78629  -40.673  4.239  15.813 0.0000000000
78655  -41.657  5.339  14.806 0.0000000000
79825  -42.906  6.075  13.540 0.0000000000
81070  -43.841  7.065  12.663 0.0000000000
82394  -44.027  7.668  11.836 0.0000000000
82407  -45.122  8.315  10.320 0.0000000000
82385  -47.364  8.086  12.396 0.0000000000
82397  -47.165  8.426  11.554 0.0000000000
83694  -45.758  8.581  9.723 0.0000000000
84940  -46.672  9.259  9.071 0.0000000000
84948  -47.494  9.689  7.754 0.0000000000
86087  -48.347  10.294  7.073 0.0000000000
86094  -49.067  10.656  5.850 0.0000000000
87246  -49.727  11.020  7.555 0.0000000000
87239  -51.176  11.799  8.145 0.0000000000
88395  -52.980  12.415  9.290 0.0000000000
89480  -54.222  13.024  10.201 0.0000000000
53995  -7.697  -17.109  54.730 0.0000000000
52914  -6.533  -17.709  55.065 0.0000000000
52910  -5.632  -18.164  55.924 0.0000000000
51851  -6.556  -18.522  58.093 0.0000000000
50808  -5.913  -19.288  57.651 0.0000000000
50812  -4.910  -19.422  56.531 0.0000000000
49569  -4.693  -21.062  56.575 0.0000000000
48309  -4.604  -21.845  56.277 0.0000000000
46075  -4.346  -23.543  55.427 0.0000000000
45072  -5.677  -24.104  55.945 0.0000000000
70263  -39.419  -3.277  28.938 0.0000000000
65690  -39.751  -6.878  28.891 0.0000000000
65712  -37.489  -7.330  26.012 0.0000000000
65689  -39.162  -6.433  28.039 0.0000000000
68013  -38.880  -4.771  27.937 0.0000000000
69153  -38.746  -3.755  27.998 0.0000000000
70281  -38.411  -2.996  27.314 0.0000000000
70304  -37.747  -2.882  25.329 0.0000000000
70320  -36.580  -3.136  23.865 0.0000000000
69228  -35.076  -3.764  22.421 0.0000000000
69207  -33.650  -4.198  23.621 0.0000000000
69227  -33.954  -3.820  22.518 0.0000000000
69245  -34.185  -3.879  21.457 0.0000000000
70376  -33.135  -3.100  19.794 0.0000000000
70392  -32.956  -2.041  19.487 0.0000000000
72623  -33.829  -0.448  19.319 0.0000000000
70271  -32.945  -2.233  28.715 0.0000000000
71392  -31.958  -1.482  27.172 0.0000000000
72535  -32.149  -0.592  26.717 0.0000000000
73725  -32.558  0.223  24.827 0.0000000000
73734  -32.651  0.259  23.740 0.0000000000
73764  -33.337  0.510  22.087 0.0000000000
73804  -34.716  0.476  20.885 0.0000000000
72604  -35.616  0.229  20.530 0.0000000000
60903  -20.983  -11.496  47.867 0.0000000000
57745  -17.765  -13.582  36.537 0.0000000000
141333  -19.379  -14.506  35.971 0.0000000000
141332  -19.038  -14.970  37.090 0.0000000000
141261  -20.378  -15.516  37.889 0.0000000000
141202  -21.684  -15.475  39.485 0.0000000000
141298  -22.648  -15.730  39.685 0.0000000000
141240  -23.617  -13.942  32.590 0.0000000000
56646  -23.563  -14.698  33.418 0.0000000000
141197  -26.222  -15.230  34.433 0.0000000000
56633  -25.263  -15.684  35.458 0.0000000000
55465  -23.501  -15.647  35.767 0.0000000000
55446  -24.148  -15.908  37.635 0.0000000000
55426  -23.613  -15.894  39.796 0.0000000000
55400  -23.003  -15.550  42.343 0.0000000000
55386  -23.869  -16.001  43.559 0.0000000000
54193  -25.117  -16.357  44.205 0.0000000000
50878  -7.318  -20.019  49.386 0.0000000000
51921  -8.799  -19.271  50.691 0.0000000000
51973  -9.784  -18.536  46.817 0.0000000000
51960  -8.418  -19.063  47.280 0.0000000000
51950  -9.284  -19.209  48.351 0.0000000000
52979  -9.870  -18.359  50.581 0.0000000000
52950  -9.575  -17.889  52.155 0.0000000000
54025  -10.427  -16.711  52.488 0.0000000000
57578  -13.147  -13.953  52.994 0.0000000000
71525  -35.601  -1.568  16.841 0.0000000000
69346  -36.433  -2.790  16.171 0.0000000000
69348  -38.415  -3.351  15.805 0.0000000000
71574  -38.470  -1.128  14.489 0.0000000000
70463  -39.362  -2.772  15.295 0.0000000000
69349  -39.622  -3.437  16.005 0.0000000000
70435  -42.018  -3.059  17.168 0.0000000000
77473  -41.777  3.187  11.878 0.0000000000
75087  -42.103  1.989  12.526 0.0000000000
73894  -43.387  0.808  13.754 0.0000000000
86095  -49.527  10.957  5.298 0.0000000000
87271  -50.469  11.288  4.258 0.0000000000
87272  -51.251  11.685  3.868 0.0000000000
88421  -53.335  12.839  6.444 0.0000000000
88429  -52.443  12.554  4.844 0.0000000000
87281  -52.130  11.694  2.906 0.0000000000
88453  -52.869  11.683  2.061 0.0000000000
88460  -53.652  11.787  1.199 0.0000000000
89530  -56.101  13.998  3.760 0.0000000000
89536  -56.085  13.989  2.587 0.0000000000
89539  -55.481  13.260  0.791 0.0000000000
90664  -58.216  14.308  -0.732 0.0000000000
62158  -31.995  -9.577  30.037 0.0000000000
62157  -31.212  -9.624  30.429 0.0000000000
72644  -34.267  -0.633  18.793 0.0000000000
84961  -47.970  9.477  6.091 0.0000000000
83731  -48.105  8.225  5.731 0.0000000000
82456  -48.960  7.726  5.146 0.0000000000
83739  -48.529  8.677  5.269 0.0000000000
83747  -48.892  9.128  4.801 0.0000000000
84968  -48.730  9.469  5.079 0.0000000000
51898  -8.935  -18.608  51.933 0.0000000000
51897  -8.367  -18.779  52.304 0.0000000000
69162  -32.672  -4.393  27.551 0.0000000000
69161  -32.103  -3.609  27.238 0.0000000000
69150  -32.267  -3.060  27.879 0.0000000000
57611  -16.231  -13.720  48.528 0.0000000000
141247  -22.706  -15.188  44.640 0.0000000000
57720  -30.314  -14.989  37.629 0.0000000000
57721  -30.995  -15.019  37.931 0.0000000000
56486  -15.191  -14.173  49.305 0.0000000000
78654  -40.997  5.286  14.190 0.0000000000
78653  -40.009  4.241  13.848 0.0000000000
78663  -40.617  4.945  13.083 0.0000000000
60018  -36.157  -11.206  29.810 0.0000000000
63344  -34.206  -7.919  28.831 0.0000000000
55382  -14.769  -16.047  42.182 0.0000000000
56606  -17.779  -14.815  38.595 0.0000000000
56620  -18.946  -14.849  38.174 0.0000000000
60011  -29.792  -11.964  30.180 0.0000000000
58927  -29.601  -12.402  30.767 0.0000000000
58916  -30.360  -12.689  31.526 0.0000000000
58917  -31.259  -12.712  31.502 0.0000000000
55396  -13.274  -15.778  41.225 0.0000000000
55381  -13.762  -16.147  41.991 0.0000000000
69229  -36.231  -3.601  22.478 0.0000000000
69230  -37.300  -3.519  22.641 0.0000000000
69247  -36.615  -4.073  21.684 0.0000000000
68154  -39.186  -4.781  18.463 0.0000000000
68155  -40.269  -4.440  18.495 0.0000000000
68175  -40.310  -4.134  17.652 0.0000000000
81090  -43.570  6.906  9.205 0.0000000000
79868  -47.877  5.004  9.000 0.0000000000
86049  -49.526  10.240  10.460 0.0000000000
86050  -50.142  10.426  10.674 0.0000000000
86051  -50.892  10.891  10.332 0.0000000000
51868  -5.481  -19.161  54.319 0.0000000000
51867  -4.946  -19.348  54.679 0.0000000000
50818  -4.479  -20.058  54.498 0.0000000000
51863  -4.812  -19.403  55.319 0.0000000000
53976  -7.525  -16.567  58.182 0.0000000000
52901  -7.751  -17.446  58.642 0.0000000000
47112  -6.725  -22.576  57.661 0.0000000000
46057  -7.321  -23.297  57.455 0.0000000000
63359  -37.392  -8.994  26.826 0.0000000000
68035  -36.470  -4.990  25.640 0.0000000000
68048  -35.845  -4.874  25.215 0.0000000000
69182  -36.158  -4.253  25.078 0.0000000000
69181  -35.376  -4.527  24.757 0.0000000000
71439  -31.257  -1.667  23.137 0.0000000000
70349  -31.507  -2.475  22.477 0.0000000000
71447  -31.493  -1.488  22.323 0.0000000000
71454  -31.701  -1.220  21.763 0.0000000000
72570  -32.077  -0.367  22.373 0.0000000000
57667  -18.399  -13.263  44.328 0.0000000000
57659  -18.871  -12.711  45.323 0.0000000000
58788  -19.425  -12.585  44.532 0.0000000000
56638  -22.287  -14.880  34.445 0.0000000000
56637  -21.009  -14.459  34.791 0.0000000000
55472  -22.024  -15.211  35.154 0.0000000000
141325  -22.245  -15.635  36.431 0.0000000000
55464  -22.592  -15.553  35.773 0.0000000000
57783  -25.841  -13.521  31.920 0.0000000000
141227  -26.100  -14.197  32.551 0.0000000000
55418  -26.242  -16.244  40.503 0.0000000000
54227  -26.016  -16.283  41.400 0.0000000000
58851  -35.127  -12.699  36.303 0.0000000000
55277  -12.317  -15.963  50.701 0.0000000000
73851  -37.709  0.394  16.657 0.0000000000
73861  -37.523  0.282  15.844 0.0000000000
72721  -41.627  -0.406  14.078 0.0000000000
71578  -42.078  -0.994  14.742 0.0000000000
72700  -42.717  -0.915  15.117 0.0000000000
76327  -44.747  2.603  11.487 0.0000000000
88402  -52.794  12.510  8.181 0.0000000000
89514  -54.746  13.340  5.125 0.0000000000
89522  -55.412  13.673  4.441 0.0000000000
90649  -58.278  14.881  2.885 0.0000000000
90654  -56.879  14.021  1.428 0.0000000000
90655  -57.410  14.229  1.236 0.0000000000
89545  -56.964  13.821  0.509 0.0000000000
61105  -33.123  -10.921  27.848 0.0000000000
62185  -32.939  -10.118  28.266 0.0000000000
62137  -29.839  -9.211  31.048 0.0000000000
61075  -30.546  -10.138  29.694 0.0000000000
61087  -29.924  -11.054  29.388 0.0000000000
60042  -31.276  -11.453  28.940 0.0000000000
62183  -32.179  -10.784  28.302 0.0000000000
61104  -32.520  -11.089  28.126 0.0000000000
60045  -33.320  -11.490  28.358 0.0000000000
69290  -34.298  -3.939  19.190 0.0000000000
68106  -34.982  -4.304  19.630 0.0000000000
68129  -34.845  -4.206  18.823 0.0000000000
69330  -35.177  -3.333  17.474 0.0000000000
69310  -35.540  -3.979  17.882 0.0000000000
69311  -36.075  -4.226  17.782 0.0000000000
68172  -37.350  -4.558  17.597 0.0000000000
82428  -45.678  8.090  7.928 0.0000000000
82435  -45.555  7.512  7.686 0.0000000000
82436  -45.994  7.845  7.325 0.0000000000
81124  -47.893  6.324  6.802 0.0000000000
79888  -48.629  5.750  7.476 0.0000000000
84976  -50.581  9.563  3.433 0.0000000000
83756  -50.925  9.005  3.262 0.0000000000
51881  -7.374  -18.759  53.309 0.0000000000
51895  -6.867  -19.471  52.748 0.0000000000
64555  -35.705  -7.894  25.488 0.0000000000
65709  -34.005  -6.880  25.755 0.0000000000
68033  -32.891  -5.671  25.784 0.0000000000
68034  -33.482  -6.000  25.312 0.0000000000
68045  -32.822  -5.272  24.825 0.0000000000
70302  -31.224  -2.731  25.526 0.0000000000
70319  -31.049  -2.597  24.544 0.0000000000
71423  -31.368  -1.671  25.157 0.0000000000
55345  -23.447  -15.829  46.576 0.0000000000
54159  -24.150  -16.181  46.210 0.0000000000
58885  -21.484  -12.312  33.012 0.0000000000
57775  -21.743  -13.478  33.461 0.0000000000
57776  -22.490  -13.518  32.915 0.0000000000
57761  -28.751  -13.925  35.055 0.0000000000
57760  -28.099  -14.464  34.827 0.0000000000
141127  -29.332  -15.371  38.319 0.0000000000
141158  -28.878  -15.387  38.184 0.0000000000
55440  -28.131  -15.664  38.660 0.0000000000
55431  -28.659  -15.680  39.291 0.0000000000
55420  -28.106  -16.047  40.242 0.0000000000
55421  -28.928  -15.829  40.226 0.0000000000
141108  -30.058  -15.806  41.180 0.0000000000
53057  -12.465  -17.194  45.047 0.0000000000
53050  -12.292  -17.275  45.571 0.0000000000
55295  -13.521  -15.955  48.385 0.0000000000
55285  -13.423  -15.569  49.549 0.0000000000
56484  -13.976  -14.943  49.781 0.0000000000
57596  -14.905  -13.753  50.757 0.0000000000
76279  -38.395  2.641  15.370 0.0000000000
77454  -38.549  3.082  14.974 0.0000000000
77464  -39.866  3.274  13.122 0.0000000000
76296  -39.728  2.224  13.266 0.0000000000
75073  -40.487  1.273  13.177 0.0000000000
89495  -54.717  13.441  8.591 0.0000000000
91711  -59.697  16.352  3.246 0.0000000000
91716  -59.718  16.348  2.292 0.0000000000
54006  -9.497  -16.777  53.625 0.0000000000
56411  -8.850  -14.833  57.720 0.0000000000
61053  -38.392  -10.404  32.109 0.0000000000
61064  -37.604  -10.550  30.718 0.0000000000
61093  -36.991  -10.387  28.947 0.0000000000
61080  -37.291  -10.419  29.701 0.0000000000
62172  -36.969  -10.177  28.295 0.0000000000
62189  -37.267  -9.674  27.710 0.0000000000
62188  -36.385  -10.163  27.558 0.0000000000
61107  -34.880  -10.610  27.428 0.0000000000
63356  -34.357  -8.746  26.601 0.0000000000
63367  -34.494  -8.242  26.113 0.0000000000
65687  -33.904  -6.292  27.923 0.0000000000
55328  -15.056  -15.140  45.736 0.0000000000
55343  -15.336  -15.196  44.981 0.0000000000
55367  -15.867  -15.184  43.123 0.0000000000
56535  -16.185  -14.754  43.710 0.0000000000
56546  -16.769  -14.447  43.256 0.0000000000
56547  -17.359  -14.106  43.677 0.0000000000
55414  -15.678  -15.540  40.465 0.0000000000
56579  -16.435  -15.192  40.226 0.0000000000
56593  -18.118  -14.722  39.646 0.0000000000
56580  -17.429  -14.782  40.499 0.0000000000
56569  -18.223  -14.046  41.965 0.0000000000
57695  -18.680  -13.905  41.736 0.0000000000
57696  -19.211  -13.683  41.780 0.0000000000
56582  -19.600  -14.043  40.806 0.0000000000
62133  -24.772  -9.774  30.784 0.0000000000
61061  -25.446  -10.886  30.800 0.0000000000
61050  -25.369  -11.479  31.024 0.0000000000
59995  -25.806  -11.719  31.019 0.0000000000
62153  -27.844  -9.736  30.105 0.0000000000
61072  -27.747  -10.719  30.040 0.0000000000
60009  -27.642  -11.481  30.382 0.0000000000
59997  -27.492  -12.028  30.932 0.0000000000
59985  -27.077  -12.301  31.319 0.0000000000
58913  -27.733  -12.539  31.526 0.0000000000
58888  -28.170  -13.238  32.822 0.0000000000
58902  -28.331  -12.850  32.148 0.0000000000
58874  -30.624  -13.154  34.121 0.0000000000
58873  -29.682  -13.196  33.972 0.0000000000
58846  -30.954  -13.675  35.739 0.0000000000
58860  -31.226  -13.359  35.028 0.0000000000
58847  -31.703  -13.667  35.848 0.0000000000
58861  -32.116  -13.282  35.127 0.0000000000
58893  -32.882  -12.688  33.245 0.0000000000
58862  -33.027  -13.214  35.286 0.0000000000
58877  -33.682  -12.682  34.428 0.0000000000
60014  -32.377  -12.283  29.936 0.0000000000
58919  -32.866  -12.506  31.364 0.0000000000
58931  -32.894  -12.408  30.641 0.0000000000
59988  -35.080  -11.865  31.951 0.0000000000
59987  -34.182  -12.011  32.014 0.0000000000
59974  -34.748  -11.973  32.905 0.0000000000
59990  -37.104  -11.353  32.166 0.0000000000
61041  -37.737  -11.066  32.925 0.0000000000
54188  -12.023  -17.018  43.398 0.0000000000
54175  -14.279  -16.178  44.311 0.0000000000
70305  -38.855  -2.615  25.394 0.0000000000
70291  -39.519  -2.318  26.227 0.0000000000
69194  -39.439  -3.139  24.058 0.0000000000
69195  -39.867  -3.245  24.073 0.0000000000
69196  -40.755  -3.462  24.104 0.0000000000
69213  -40.192  -3.773  23.515 0.0000000000
68109  -37.384  -4.876  20.192 0.0000000000
68085  -37.936  -4.693  21.016 0.0000000000
68112  -40.336  -4.666  20.374 0.0000000000
68087  -39.792  -4.674  21.174 0.0000000000
68088  -40.778  -4.575  21.287 0.0000000000
69234  -41.574  -4.179  22.648 0.0000000000
68074  -41.592  -4.325  22.092 0.0000000000
68090  -42.144  -4.287  21.153 0.0000000000
69272  -42.358  -4.065  20.543 0.0000000000
81080  -42.341  6.149  11.976 0.0000000000
79844  -41.899  5.396  11.461 0.0000000000
79845  -42.214  6.041  11.179 0.0000000000
78692  -43.129  4.565  10.058 0.0000000000
77497  -44.266  3.767  10.302 0.0000000000
79878  -45.465  5.736  8.055 0.0000000000
79865  -44.917  5.490  8.355 0.0000000000
79866  -45.843  5.075  8.424 0.0000000000
78708  -46.358  4.525  9.117 0.0000000000
44058  -4.923  -25.445  54.345 0.0000000000
44068  -5.232  -25.892  53.471 0.0000000000
72649  -39.466  0.145  18.537 0.0000000000
75028  -40.335  1.556  17.641 0.0000000000
76257  -40.673  2.432  17.263 0.0000000000
76270  -40.937  2.930  17.073 0.0000000000
78630  -41.735  4.391  16.019 0.0000000000
78642  -41.237  4.930  15.239 0.0000000000
78643  -42.345  5.124  15.321 0.0000000000
79813  -43.137  5.801  14.468 0.0000000000
79826  -43.794  6.050  14.064 0.0000000000
81056  -43.143  6.317  13.188 0.0000000000
81057  -43.564  6.416  13.352 0.0000000000
81072  -45.586  7.242  12.917 0.0000000000
82382  -44.474  7.389  12.511 0.0000000000
82383  -45.052  7.535  12.437 0.0000000000
82395  -45.048  8.044  11.588 0.0000000000
83697  -47.807  8.966  10.915 0.0000000000
83673  -47.851  8.560  11.875 0.0000000000
83682  -46.810  8.582  10.877 0.0000000000
82408  -46.082  8.490  10.503 0.0000000000
83695  -46.525  8.753  10.143 0.0000000000
83708  -46.391  8.995  9.380 0.0000000000
84931  -46.742  9.173  9.386 0.0000000000
86071  -48.630  10.172  9.055 0.0000000000
84942  -47.954  9.897  8.512 0.0000000000
84949  -47.953  9.887  8.010 0.0000000000
86086  -47.941  9.974  7.472 0.0000000000
86080  -48.403  10.148  8.042 0.0000000000
86081  -49.095  10.605  7.757 0.0000000000
87229  -51.360  11.446  9.544 0.0000000000
88394  -52.078  12.104  8.771 0.0000000000
49577  -4.145  -20.528  55.023 0.0000000000
53996  -8.386  -16.731  54.513 0.0000000000
52920  -8.408  -17.417  53.967 0.0000000000
53990  -7.431  -16.699  55.432 0.0000000000
53989  -6.729  -17.086  55.800 0.0000000000
52911  -6.183  -17.398  56.217 0.0000000000
52906  -5.702  -17.910  56.794 0.0000000000
50803  -8.110  -19.025  58.932 0.0000000000
49566  -6.120  -20.516  57.792 0.0000000000
51856  -5.209  -18.715  56.926 0.0000000000
50807  -5.220  -19.929  57.195 0.0000000000
50811  -4.732  -20.210  56.379 0.0000000000
50806  -4.922  -20.642  56.998 0.0000000000
47119  -5.420  -22.661  56.851 0.0000000000
48310  -5.030  -22.121  56.724 0.0000000000
47118  -4.899  -22.689  56.412 0.0000000000
47123  -4.439  -22.635  55.879 0.0000000000
46066  -4.774  -23.233  56.032 0.0000000000
45081  -5.102  -24.300  55.631 0.0000000000
45075  -7.679  -24.100  56.281 0.0000000000
69144  -40.194  -3.922  29.982 0.0000000000
62145  -38.781  -9.831  31.195 0.0000000000
62146  -39.468  -9.221  31.356 0.0000000000
62163  -39.175  -9.202  30.633 0.0000000000
63346  -38.563  -8.495  28.437 0.0000000000
63333  -39.364  -8.360  29.711 0.0000000000
64523  -39.345  -8.024  29.178 0.0000000000
64524  -39.784  -7.728  29.641 0.0000000000
64536  -39.525  -7.597  28.994 0.0000000000
66842  -37.984  -5.808  26.607 0.0000000000
65701  -38.128  -6.627  26.636 0.0000000000
66832  -39.033  -5.632  27.949 0.0000000000
66833  -39.524  -5.596  28.519 0.0000000000
69172  -37.376  -4.180  26.068 0.0000000000
69164  -38.176  -4.020  27.185 0.0000000000
70272  -38.556  -3.359  27.739 0.0000000000
70289  -37.720  -3.290  26.000 0.0000000000
69193  -35.846  -3.718  24.124 0.0000000000
69209  -35.844  -3.465  23.255 0.0000000000
68064  -32.753  -4.376  23.846 0.0000000000
69206  -32.552  -3.971  23.346 0.0000000000
69243  -32.356  -3.305  21.851 0.0000000000
69226  -32.901  -3.779  22.585 0.0000000000
69244  -33.151  -3.681  21.624 0.0000000000
69268  -33.307  -3.522  20.515 0.0000000000
72621  -32.475  -0.942  20.111 0.0000000000
71482  -32.697  -1.545  19.749 0.0000000000
72622  -33.005  -0.707  19.665 0.0000000000
72602  -33.526  -0.120  20.087 0.0000000000
71377  -32.350  -1.563  28.107 0.0000000000
72504  -32.414  -0.809  27.981 0.0000000000
73717  -32.565  0.173  25.936 0.0000000000
73735  -33.434  0.796  24.223 0.0000000000
73747  -33.487  0.697  23.113 0.0000000000
73748  -34.604  1.323  23.562 0.0000000000
73805  -35.323  0.508  21.130 0.0000000000
56515  -16.587  -13.961  46.515 0.0000000000
56501  -16.684  -13.725  47.303 0.0000000000
57636  -17.227  -13.511  46.876 0.0000000000
59844  -19.521  -12.255  47.409 0.0000000000
57747  -19.222  -14.952  36.620 0.0000000000
141337  -19.928  -15.406  37.204 0.0000000000
141273  -20.572  -15.550  37.134 0.0000000000
141318  -22.234  -15.773  37.290 0.0000000000
141187  -21.676  -15.713  38.674 0.0000000000
141226  -25.022  -14.401  32.504 0.0000000000
141199  -27.587  -14.781  34.825 0.0000000000
141198  -26.975  -14.894  34.449 0.0000000000
141181  -27.359  -15.110  35.614 0.0000000000
55458  -25.833  -15.772  36.759 0.0000000000
141180  -26.147  -15.574  35.704 0.0000000000
55467  -25.366  -15.766  36.053 0.0000000000
55466  -24.545  -15.720  35.710 0.0000000000
55457  -24.847  -15.859  36.729 0.0000000000
55456  -23.888  -15.796  36.641 0.0000000000
55436  -24.390  -15.958  38.693 0.0000000000
55401  -23.869  -15.958  42.372 0.0000000000
54178  -25.871  -16.510  44.886 0.0000000000
54219  -27.440  -16.295  41.836 0.0000000000
57738  -33.327  -14.228  37.379 0.0000000000
50866  -8.078  -19.709  50.318 0.0000000000
50867  -8.712  -19.475  50.037 0.0000000000
53048  -10.709  -17.867  45.297 0.0000000000
53036  -10.412  -18.185  46.397 0.0000000000
51962  -10.191  -18.504  47.587 0.0000000000
51974  -10.293  -18.403  47.058 0.0000000000
51972  -9.030  -18.680  46.648 0.0000000000
51961  -9.498  -18.891  47.454 0.0000000000
52980  -10.369  -18.003  50.225 0.0000000000
52966  -10.107  -17.914  51.191 0.0000000000
52965  -9.651  -18.387  51.133 0.0000000000
52951  -10.222  -17.449  51.758 0.0000000000
56468  -13.382  -14.548  51.518 0.0000000000
56467  -12.762  -14.756  51.909 0.0000000000
56460  -13.097  -14.319  52.348 0.0000000000
71411  -41.505  -1.874  26.638 0.0000000000
71504  -35.494  -1.041  17.323 0.0000000000
72666  -36.208  -0.675  17.181 0.0000000000
70446  -36.357  -2.066  16.101 0.0000000000
70447  -36.851  -2.313  15.780 0.0000000000
69347  -37.157  -3.224  16.008 0.0000000000
70448  -37.627  -2.472  15.528 0.0000000000
73879  -38.314  0.569  14.423 0.0000000000
72699  -37.966  -0.352  14.683 0.0000000000
72718  -38.738  -0.408  14.170 0.0000000000
71557  -39.826  -2.040  14.758 0.0000000000
70450  -40.533  -3.076  15.932 0.0000000000
69351  -41.068  -3.518  16.920 0.0000000000
70451  -41.415  -3.081  16.521 0.0000000000
71542  -43.296  -1.835  16.758 0.0000000000
70453  -42.876  -2.366  17.151 0.0000000000
71526  -43.674  -1.927  18.014 0.0000000000
78680  -41.740  4.458  11.596 0.0000000000
77482  -41.572  3.800  11.847 0.0000000000
75088  -43.028  1.785  12.474 0.0000000000
75075  -42.681  1.298  13.066 0.0000000000
87254  -49.678  11.177  6.650 0.0000000000
87263  -49.715  11.233  5.884 0.0000000000
87264  -50.163  11.503  5.280 0.0000000000
87265  -50.998  11.936  4.852 0.0000000000
87279  -50.797  11.049  3.504 0.0000000000
88428  -51.735  12.177  4.423 0.0000000000
88412  -53.473  12.806  7.550 0.0000000000
88422  -54.128  13.056  6.899 0.0000000000
88430  -53.248  12.842  5.333 0.0000000000
88437  -52.361  12.222  3.660 0.0000000000
88445  -52.704  11.940  2.574 0.0000000000
88455  -54.106  12.965  2.208 0.0000000000
88454  -53.343  12.038  1.842 0.0000000000
88461  -54.153  12.185  0.982 0.0000000000
87298  -53.857  11.618  0.899 0.0000000000
90641  -57.595  14.588  3.574 0.0000000000
90636  -57.578  14.613  4.735 0.0000000000
90635  -56.842  14.281  4.229 0.0000000000
88465  -55.096  12.418  0.093 0.0000000000
88466  -55.657  12.817  -0.173 0.0000000000
90660  -58.235  14.570  0.559 0.0000000000
62170  -32.670  -9.397  29.059 0.0000000000
62138  -30.672  -9.421  31.219 0.0000000000
61076  -31.122  -9.854  29.820 0.0000000000
61089  -31.407  -10.304  29.082 0.0000000000
71501  -33.624  -2.023  18.701 0.0000000000
69309  -34.628  -3.583  18.215 0.0000000000
70412  -33.912  -2.591  18.386 0.0000000000
70413  -34.603  -2.420  17.682 0.0000000000
70433  -35.248  -2.508  17.076 0.0000000000
83723  -46.758  9.017  7.041 0.0000000000
82446  -46.965  7.946  6.466 0.0000000000
82447  -47.780  7.749  5.959 0.0000000000
81145  -49.226  7.032  5.376 0.0000000000
82457  -49.555  7.390  4.922 0.0000000000
82465  -50.068  7.696  4.457 0.0000000000
83748  -49.366  8.665  4.476 0.0000000000
50856  -7.760  -19.774  51.036 0.0000000000
50855  -7.069  -19.963  51.374 0.0000000000
66840  -33.233  -5.996  27.009 0.0000000000
65708  -33.552  -6.396  26.129 0.0000000000
66849  -33.210  -6.061  26.415 0.0000000000
69170  -31.961  -4.152  26.263 0.0000000000
69169  -31.772  -3.525  26.564 0.0000000000
70287  -31.566  -2.864  26.544 0.0000000000
57597  -15.551  -13.523  50.415 0.0000000000
141188  -22.586  -14.004  44.311 0.0000000000
141233  -22.629  -15.130  45.660 0.0000000000
55368  -23.243  -15.665  44.770 0.0000000000
57749  -30.255  -13.992  36.174 0.0000000000
57748  -29.241  -14.130  36.104 0.0000000000
57734  -29.744  -14.677  37.041 0.0000000000
141144  -29.672  -15.236  38.046 0.0000000000
141129  -29.540  -15.586  39.592 0.0000000000
141119  -30.081  -15.570  39.850 0.0000000000
141109  -30.612  -15.590  40.383 0.0000000000
56485  -14.469  -14.698  49.323 0.0000000000
78640  -39.535  3.959  14.716 0.0000000000
77455  -39.000  3.272  14.357 0.0000000000
78652  -39.515  3.759  14.202 0.0000000000
77471  -40.553  3.275  12.544 0.0000000000
61051  -36.954  -11.176  31.245 0.0000000000
61063  -36.801  -10.941  30.275 0.0000000000
63343  -33.758  -8.459  27.843 0.0000000000
64546  -33.906  -7.651  27.370 0.0000000000
54191  -14.510  -16.110  43.496 0.0000000000
55383  -15.788  -15.412  42.186 0.0000000000
56594  -19.042  -14.473  39.719 0.0000000000
141319  -20.110  -15.295  38.425 0.0000000000
60010  -28.735  -11.688  30.213 0.0000000000
58926  -28.877  -12.345  30.848 0.0000000000
58903  -29.250  -12.806  32.266 0.0000000000
58904  -30.192  -12.804  32.354 0.0000000000
58891  -30.911  -12.964  33.251 0.0000000000
58892  -31.860  -12.859  33.285 0.0000000000
59999  -33.539  -12.260  31.210 0.0000000000
54204  -12.575  -16.581  42.735 0.0000000000
54205  -13.352  -16.445  42.745 0.0000000000
70337  -37.330  -3.099  23.383 0.0000000000
70338  -38.159  -3.042  23.893 0.0000000000
69211  -37.987  -3.369  23.208 0.0000000000
69231  -38.476  -3.921  22.527 0.0000000000
68110  -38.336  -4.914  20.225 0.0000000000
68134  -38.770  -5.036  19.368 0.0000000000
68113  -41.459  -4.407  20.503 0.0000000000
68136  -40.814  -4.498  19.537 0.0000000000
68156  -41.153  -4.216  18.818 0.0000000000
69313  -41.827  -3.728  18.475 0.0000000000
81089  -42.887  7.045  10.207 0.0000000000
79852  -42.431  5.894  10.338 0.0000000000
79880  -47.272  5.342  8.131 0.0000000000
79867  -46.837  4.919  8.618 0.0000000000
86119  -53.323  10.161  1.227 0.0000000000
77426  -41.769  3.153  17.199 0.0000000000
81059  -46.075  6.811  13.612 0.0000000000
82371  -46.704  7.156  13.347 0.0000000000
84906  -49.027  9.309  11.511 0.0000000000
84918  -48.101  9.269  10.613 0.0000000000
84932  -47.211  9.231  9.699 0.0000000000
86061  -48.730  10.091  9.583 0.0000000000
86073  -50.041  10.883  8.865 0.0000000000
86063  -50.139  10.751  9.629 0.0000000000
55210  -7.420  -15.967  56.609 0.0000000000
55203  -7.129  -16.094  57.250 0.0000000000
53981  -6.761  -16.551  57.422 0.0000000000
49560  -7.469  -20.511  58.562 0.0000000000
49559  -6.843  -20.737  58.240 0.0000000000
48304  -6.173  -21.660  57.629 0.0000000000
47111  -6.012  -22.535  57.278 0.0000000000
46055  -5.907  -23.170  56.925 0.0000000000
46068  -6.278  -23.679  56.640 0.0000000000
46069  -7.024  -23.831  56.900 0.0000000000
62174  -38.320  -9.396  29.392 0.0000000000
63331  -38.319  -9.066  28.761 0.0000000000
64534  -38.476  -8.128  27.890 0.0000000000
66852  -35.899  -6.150  25.266 0.0000000000
68024  -37.848  -4.958  26.650 0.0000000000
68025  -38.324  -4.854  27.311 0.0000000000
69183  -37.080  -3.463  25.527 0.0000000000
69224  -31.390  -3.174  23.220 0.0000000000
70350  -31.907  -2.949  22.063 0.0000000000
70362  -32.058  -2.437  21.353 0.0000000000
71455  -31.866  -1.404  21.205 0.0000000000
72600  -32.231  -0.802  20.725 0.0000000000
72583  -32.538  -0.296  21.007 0.0000000000
56525  -17.381  -13.740  45.121 0.0000000000
57647  -17.624  -13.499  45.806 0.0000000000
58772  -18.535  -12.871  45.854 0.0000000000
58773  -18.944  -12.668  45.919 0.0000000000
59832  -19.802  -12.236  46.707 0.0000000000
141218  -23.624  -12.491  48.461 0.0000000000
141263  -20.170  -13.571  34.744 0.0000000000
141184  -20.678  -14.038  34.732 0.0000000000
55445  -23.159  -15.864  37.526 0.0000000000
59982  -24.425  -11.606  31.311 0.0000000000
141258  -23.878  -12.064  31.540 0.0000000000
141242  -24.999  -13.551  31.833 0.0000000000
56621  -27.601  -15.508  37.569 0.0000000000
141172  -27.375  -15.336  36.552 0.0000000000
55449  -26.915  -15.726  37.636 0.0000000000
55448  -26.056  -15.867  37.714 0.0000000000
55437  -25.396  -16.015  38.680 0.0000000000
55417  -25.042  -16.204  41.192 0.0000000000
54217  -25.606  -16.289  42.229 0.0000000000
54209  -26.239  -16.406  42.974 0.0000000000
53012  -11.774  -17.441  48.028 0.0000000000
53023  -11.310  -17.880  47.330 0.0000000000
53011  -11.314  -17.707  48.351 0.0000000000
53010  -10.673  -18.139  48.390 0.0000000000
52981  -10.910  -17.646  49.898 0.0000000000
54061  -10.897  -17.476  50.410 0.0000000000
54044  -11.214  -16.523  51.600 0.0000000000
57571  -14.086  -13.109  53.200 0.0000000000
72667  -37.255  -0.119  17.212 0.0000000000
72680  -36.580  -0.718  16.512 0.0000000000
72681  -37.063  -0.337  16.099 0.0000000000
71554  -37.138  -1.034  15.489 0.0000000000
73881  -39.891  0.050  13.696 0.0000000000
72719  -39.644  -0.534  13.934 0.0000000000
71576  -40.275  -1.308  14.306 0.0000000000
71558  -40.883  -1.997  14.967 0.0000000000
70466  -41.791  -2.475  16.126 0.0000000000
71559  -42.168  -1.808  15.632 0.0000000000
77484  -43.119  3.472  10.932 0.0000000000
76325  -42.969  2.847  11.445 0.0000000000
76326  -43.784  2.745  11.440 0.0000000000
76312  -44.383  2.133  12.030 0.0000000000
75089  -43.996  1.688  12.599 0.0000000000
87248  -51.039  12.025  7.016 0.0000000000
87255  -50.275  11.662  6.364 0.0000000000
88410  -51.774  12.371  6.521 0.0000000000
88446  -53.242  12.574  2.993 0.0000000000
89528  -54.615  13.426  2.901 0.0000000000
91709  -59.000  15.499  4.221 0.0000000000
90643  -58.939  15.360  3.811 0.0000000000
90647  -56.844  14.145  2.014 0.0000000000
89544  -56.194  13.263  -0.028 0.0000000000
91726  -59.433  15.496  -0.664 0.0000000000
90674  -59.075  14.898  -1.414 0.0000000000
60032  -34.262  -11.705  28.904 0.0000000000
60033  -34.978  -11.434  28.549 0.0000000000
62186  -33.399  -9.352  28.091 0.0000000000
56604  -15.805  -14.251  38.408 0.0000000000
56618  -17.491  -14.326  37.617 0.0000000000
63303  -28.220  -8.572  31.608 0.0000000000
62136  -28.974  -9.005  30.818 0.0000000000
62155  -29.733  -9.592  30.207 0.0000000000
61086  -29.519  -11.207  29.574 0.0000000000
60027  -29.989  -11.581  29.683 0.0000000000
60012  -30.642  -12.134  30.042 0.0000000000
58929  -31.371  -12.544  30.679 0.0000000000
60013  -31.507  -12.262  29.931 0.0000000000
60043  -31.849  -11.556  28.773 0.0000000000
60030  -32.541  -12.019  29.218 0.0000000000
60031  -33.415  -11.923  29.120 0.0000000000
69270  -35.310  -4.307  20.411 0.0000000000
68083  -36.098  -4.394  20.762 0.0000000000
68107  -35.738  -4.502  19.919 0.0000000000
68131  -36.091  -4.717  19.420 0.0000000000
68149  -34.876  -4.026  18.493 0.0000000000
68151  -36.065  -4.589  18.526 0.0000000000
68152  -37.070  -4.943  18.479 0.0000000000
68173  -38.493  -4.537  17.552 0.0000000000
82426  -44.649  7.593  8.568 0.0000000000
81102  -44.486  6.669  8.404 0.0000000000
81112  -44.856  7.197  8.152 0.0000000000
81113  -45.440  6.624  7.732 0.0000000000
81114  -46.223  6.154  7.573 0.0000000000
81123  -46.530  6.670  7.032 0.0000000000
79886  -46.750  5.850  7.603 0.0000000000
82466  -50.979  7.629  4.089 0.0000000000
84977  -51.143  9.449  2.965 0.0000000000
86112  -51.538  10.075  2.546 0.0000000000
50844  -6.728  -19.808  52.071 0.0000000000
50843  -6.032  -19.891  52.369 0.0000000000
50831  -5.741  -19.792  53.071 0.0000000000
63369  -36.073  -8.657  25.865 0.0000000000
65719  -34.279  -6.582  25.130 0.0000000000
66851  -35.304  -6.451  25.062 0.0000000000
68057  -34.377  -4.936  24.587 0.0000000000
68056  -33.708  -4.783  24.314 0.0000000000
68055  -32.773  -4.738  24.303 0.0000000000
68054  -32.085  -4.212  24.283 0.0000000000
69180  -31.882  -4.347  25.532 0.0000000000
68053  -31.619  -3.949  24.584 0.0000000000
69190  -31.573  -3.777  24.260 0.0000000000
69204  -31.197  -3.319  23.982 0.0000000000
71432  -31.233  -1.744  24.123 0.0000000000
72560  -31.497  -0.960  23.709 0.0000000000
57685  -19.437  -12.999  43.033 0.0000000000
58798  -19.979  -12.474  44.228 0.0000000000
141260  -22.787  -12.512  45.566 0.0000000000
55344  -22.829  -15.402  47.158 0.0000000000
141329  -20.434  -12.227  33.812 0.0000000000
56644  -21.736  -14.194  34.013 0.0000000000
58870  -27.612  -13.994  33.391 0.0000000000
57777  -27.008  -14.038  32.922 0.0000000000
141182  -27.946  -14.758  35.466 0.0000000000
141173  -27.996  -14.928  36.288 0.0000000000
141168  -28.816  -14.735  36.664 0.0000000000
141105  -27.884  -15.129  36.693 0.0000000000
55419  -27.201  -16.199  40.265 0.0000000000
54230  -28.157  -16.135  40.872 0.0000000000
54220  -28.427  -16.155  41.526 0.0000000000
55404  -29.167  -15.968  41.062 0.0000000000
54221  -29.109  -16.079  41.676 0.0000000000
54212  -29.387  -16.157  42.437 0.0000000000
53055  -11.059  -17.574  44.307 0.0000000000
53049  -11.606  -17.645  45.398 0.0000000000
54121  -12.538  -16.932  47.339 0.0000000000
53024  -11.959  -17.447  47.320 0.0000000000
55278  -13.038  -15.378  50.533 0.0000000000
57588  -14.042  -13.944  51.867 0.0000000000
56477  -14.371  -14.338  50.445 0.0000000000
57589  -14.564  -13.694  51.470 0.0000000000
57580  -14.416  -13.248  52.490 0.0000000000
75037  -38.588  1.638  16.555 0.0000000000
75048  -38.091  1.711  15.755 0.0000000000
75059  -38.156  1.616  14.863 0.0000000000
75060  -38.699  1.443  14.114 0.0000000000
76288  -39.035  2.288  13.844 0.0000000000
73891  -40.356  0.400  13.534 0.0000000000
72732  -40.886  0.016  13.664 0.0000000000
73882  -41.729  -0.062  13.857 0.0000000000
89490  -54.343  13.179  9.506 0.0000000000
89494  -54.254  13.139  8.842 0.0000000000
89501  -54.829  13.415  7.375 0.0000000000
91710  -59.267  15.785  3.691 0.0000000000
90657  -58.900  15.165  2.249 0.0000000000
91723  -59.445  15.730  0.523 0.0000000000
92767  -60.009  16.924  1.834 0.0000000000
91721  -59.734  16.345  1.317 0.0000000000
52933  -9.444  -17.485  53.004 0.0000000000
52932  -8.706  -17.883  53.229 0.0000000000
53997  -9.109  -16.331  54.371 0.0000000000
55211  -8.288  -15.061  56.886 0.0000000000
62144  -38.262  -10.054  30.668 0.0000000000
62161  -37.995  -9.965  29.921 0.0000000000
63358  -36.471  -9.265  26.353 0.0000000000
61091  -35.456  -11.014  28.113 0.0000000000
61108  -35.723  -10.561  27.726 0.0000000000
62187  -35.454  -10.190  27.174 0.0000000000
62201  -35.950  -9.826  26.725 0.0000000000
63368  -35.088  -8.512  25.852 0.0000000000
65699  -33.784  -6.774  27.237 0.0000000000
68023  -33.433  -5.255  27.831 0.0000000000
56514  -15.764  -14.613  46.020 0.0000000000
56524  -16.787  -14.037  45.369 0.0000000000
55356  -15.586  -15.223  43.988 0.0000000000
56537  -17.323  -13.923  44.523 0.0000000000
57666  -17.859  -13.729  43.989 0.0000000000
57677  -18.399  -13.572  43.268 0.0000000000
55384  -16.272  -15.094  41.709 0.0000000000
56567  -16.728  -14.952  41.242 0.0000000000
56560  -18.262  -13.885  42.566 0.0000000000
63299  -24.097  -9.015  31.203 0.0000000000
62132  -24.021  -9.825  31.137 0.0000000000
61048  -23.934  -10.507  31.241 0.0000000000
61049  -24.833  -11.174  31.085 0.0000000000
59983  -25.450  -12.059  31.231 0.0000000000
58900  -26.303  -13.043  31.771 0.0000000000
62152  -26.717  -9.830  30.333 0.0000000000
62135  -26.417  -10.323  30.420 0.0000000000
61062  -26.300  -10.837  30.524 0.0000000000
59996  -26.473  -11.671  30.892 0.0000000000
58887  -27.332  -13.578  32.628 0.0000000000
58871  -28.124  -13.646  33.503 0.0000000000
57769  -28.641  -13.691  34.217 0.0000000000
58858  -29.285  -13.487  34.609 0.0000000000
58889  -29.032  -12.986  33.048 0.0000000000
57736  -31.563  -14.529  37.241 0.0000000000
57722  -31.925  -14.939  37.967 0.0000000000
57751  -32.047  -14.068  36.616 0.0000000000
57752  -32.750  -14.007  36.737 0.0000000000
58849  -33.378  -13.569  36.335 0.0000000000
58850  -34.228  -13.158  36.331 0.0000000000
58918  -32.108  -12.640  31.447 0.0000000000
58907  -32.812  -12.563  32.208 0.0000000000
59972  -33.381  -12.431  32.761 0.0000000000
59960  -34.310  -12.205  33.683 0.0000000000
59950  -35.407  -12.199  35.048 0.0000000000
59951  -36.439  -11.969  35.157 0.0000000000
59976  -36.710  -11.607  33.029 0.0000000000
59963  -37.225  -11.589  34.169 0.0000000000
54187  -11.136  -17.090  43.403 0.0000000000
53062  -11.914  -17.274  43.964 0.0000000000
54173  -12.721  -17.023  44.492 0.0000000000
54189  -13.021  -16.760  43.526 0.0000000000
55327  -14.668  -15.434  46.258 0.0000000000
70323  -39.326  -2.870  24.465 0.0000000000
70307  -40.810  -2.590  25.294 0.0000000000
70325  -41.271  -3.093  24.675 0.0000000000
68071  -39.231  -4.425  21.899 0.0000000000
68086  -38.843  -4.741  21.074 0.0000000000
69233  -40.650  -4.187  22.776 0.0000000000
69215  -42.073  -3.892  23.334 0.0000000000
79834  -41.845  5.744  12.491 0.0000000000
79833  -41.157  5.238  12.562 0.0000000000
78681  -42.409  4.462  10.815 0.0000000000
78691  -42.428  5.049  10.365 0.0000000000
78682  -43.026  4.053  10.535 0.0000000000
77486  -45.069  3.104  10.910 0.0000000000
78706  -44.645  5.009  8.757 0.0000000000
45091  -3.997  -24.069  54.751 0.0000000000
72625  -35.840  -0.186  19.347 0.0000000000
72626  -36.932  -0.291  19.281 0.0000000000
73852  -38.549  1.054  17.089 0.0000000000
73854  -40.075  1.009  17.874 0.0000000000
73853  -39.481  1.075  17.630 0.0000000000
75026  -38.775  1.434  16.912 0.0000000000
75038  -39.107  2.174  16.608 0.0000000000
76268  -39.334  2.911  16.289 0.0000000000
77436  -39.941  3.531  16.128 0.0000000000
77437  -41.281  3.478  16.747 0.0000000000
77447  -39.830  4.021  15.451 0.0000000000
79811  -41.602  5.639  13.789 0.0000000000
79802  -42.725  5.563  14.849 0.0000000000
79812  -42.161  5.648  14.312 0.0000000000
79824  -42.024  5.847  13.386 0.0000000000
79835  -42.419  6.072  12.925 0.0000000000
81069  -42.913  6.450  12.719 0.0000000000
81082  -43.452  7.407  11.976 0.0000000000
82393  -43.333  7.530  11.653 0.0000000000
82405  -43.279  7.608  11.142 0.0000000000
82372  -47.423  7.414  13.405 0.0000000000
82396  -46.244  8.247  11.430 0.0000000000
82420  -44.990  8.236  9.125 0.0000000000
83707  -45.607  8.566  8.807 0.0000000000
83715  -46.189  8.855  8.141 0.0000000000
84941  -47.171  9.517  8.666 0.0000000000
83716  -46.872  9.291  7.891 0.0000000000
84955  -47.667  9.682  6.781 0.0000000000
84956  -48.165  9.936  6.365 0.0000000000
84962  -48.447  9.747  5.691 0.0000000000
86093  -48.569  10.327  6.339 0.0000000000
86088  -49.056  10.725  6.863 0.0000000000
87237  -49.732  10.847  8.272 0.0000000000
87238  -50.421  11.231  8.430 0.0000000000
88396  -53.749  12.758  9.834 0.0000000000
52919  -7.638  -17.779  54.148 0.0000000000
52915  -7.319  -17.294  54.833 0.0000000000
52918  -6.845  -18.116  54.321 0.0000000000
52913  -5.824  -18.222  55.252 0.0000000000
51853  -8.079  -18.197  58.894 0.0000000000
51852  -7.421  -18.297  58.638 0.0000000000
51857  -5.870  -18.333  57.404 0.0000000000
51861  -4.998  -18.909  55.993 0.0000000000
51860  -4.782  -19.571  55.963 0.0000000000
49564  -5.013  -21.210  57.044 0.0000000000
45080  -4.432  -24.455  55.048 0.0000000000
44049  -4.695  -24.947  55.003 0.0000000000
44050  -5.473  -25.096  55.109 0.0000000000
45073  -6.049  -24.009  56.154 0.0000000000
45082  -6.052  -24.559  55.697 0.0000000000
70257  -40.449  -2.883  30.536 0.0000000000
63321  -39.161  -8.854  30.038 0.0000000000
64557  -37.393  -8.222  26.278 0.0000000000
64548  -38.591  -7.681  27.688 0.0000000000
65702  -38.697  -7.028  27.450 0.0000000000
68004  -39.912  -4.775  29.219 0.0000000000
68014  -39.431  -4.758  28.552 0.0000000000
69154  -39.288  -3.964  28.618 0.0000000000
70273  -39.104  -2.837  28.264 0.0000000000
70321  -37.448  -2.897  24.334 0.0000000000
70336  -36.607  -3.214  23.132 0.0000000000
69191  -34.070  -4.460  24.086 0.0000000000
69289  -33.627  -3.496  19.585 0.0000000000
70375  -32.692  -2.545  20.136 0.0000000000
70393  -33.298  -2.600  19.174 0.0000000000
71483  -33.340  -1.449  19.070 0.0000000000
71484  -33.834  -0.949  18.806 0.0000000000
72624  -34.815  -0.152  19.381 0.0000000000
70270  -32.441  -2.570  28.161 0.0000000000
70280  -31.946  -2.531  27.422 0.0000000000
70288  -31.707  -2.037  26.723 0.0000000000
71408  -31.740  -1.362  26.327 0.0000000000
72545  -31.821  -0.761  25.431 0.0000000000
72552  -31.968  -0.395  24.275 0.0000000000
73726  -33.274  0.810  25.316 0.0000000000
72561  -32.027  -0.313  23.270 0.0000000000
73746  -32.651  0.210  22.730 0.0000000000
73763  -32.579  0.055  21.844 0.0000000000
73782  -33.102  0.170  21.141 0.0000000000
73765  -34.308  0.852  22.360 0.0000000000
73783  -34.047  0.563  21.439 0.0000000000
73803  -33.851  0.269  20.676 0.0000000000
72603  -34.397  0.127  20.103 0.0000000000
57622  -16.564  -13.647  47.936 0.0000000000
57613  -17.304  -13.056  48.328 0.0000000000
57637  -17.988  -13.009  46.856 0.0000000000
141270  -19.900  -12.373  45.247 0.0000000000
57733  -17.471  -13.913  37.049 0.0000000000
56627  -18.347  -14.514  37.173 0.0000000000
141331  -18.867  -14.862  37.446 0.0000000000
141326  -19.292  -15.096  37.817 0.0000000000
141308  -21.086  -15.654  38.069 0.0000000000
141230  -21.046  -15.497  38.857 0.0000000000
141287  -22.168  -15.323  40.797 0.0000000000
141257  -22.556  -12.583  32.303 0.0000000000
56639  -23.356  -15.195  34.264 0.0000000000
141214  -26.237  -14.852  33.552 0.0000000000
141213  -25.539  -15.109  33.598 0.0000000000
56640  -24.825  -15.485  34.455 0.0000000000
55474  -23.871  -15.557  35.012 0.0000000000
55435  -23.371  -15.913  38.624 0.0000000000
55415  -22.883  -15.623  40.972 0.0000000000
55369  -24.079  -16.127  44.484 0.0000000000
55402  -24.679  -16.177  42.682 0.0000000000
55387  -24.568  -16.215  43.693 0.0000000000
54192  -24.610  -16.292  44.616 0.0000000000
54228  -26.819  -16.298  41.151 0.0000000000
54195  -26.964  -16.530  43.758 0.0000000000
51910  -8.465  -19.234  51.354 0.0000000000
51949  -8.656  -19.377  47.950 0.0000000000
50894  -9.120  -19.435  48.906 0.0000000000
51937  -9.964  -18.640  49.266 0.0000000000
51936  -9.469  -19.099  49.385 0.0000000000
51922  -9.342  -18.948  50.332 0.0000000000
51911  -9.170  -18.749  51.293 0.0000000000
54007  -10.200  -16.275  53.338 0.0000000000
71524  -35.221  -1.656  17.215 0.0000000000
70434  -35.898  -2.372  16.476 0.0000000000
71538  -36.110  -1.414  16.398 0.0000000000
69333  -38.984  -4.100  16.675 0.0000000000
71555  -37.804  -1.481  15.011 0.0000000000
71556  -38.830  -1.954  14.729 0.0000000000
70462  -38.457  -2.549  15.250 0.0000000000
69360  -38.816  -3.023  15.426 0.0000000000
69334  -39.981  -3.953  16.929 0.0000000000
69335  -40.740  -3.798  17.241 0.0000000000
69336  -41.473  -3.534  17.428 0.0000000000
69337  -42.106  -3.270  17.792 0.0000000000
70452  -42.363  -2.448  16.642 0.0000000000
70436  -42.586  -2.765  17.571 0.0000000000
78671  -41.049  4.377  12.274 0.0000000000
78670  -40.750  3.794  12.434 0.0000000000
76308  -41.017  2.774  12.400 0.0000000000
76310  -42.428  2.572  11.931 0.0000000000
76309  -41.610  2.674  12.196 0.0000000000
76298  -41.356  2.220  12.545 0.0000000000
75074  -41.560  1.394  12.977 0.0000000000
73893  -42.411  0.593  13.588 0.0000000000
73883  -42.159  -0.044  13.968 0.0000000000
73884  -43.223  -0.005  14.439 0.0000000000
72723  -42.982  -0.489  14.816 0.0000000000
72701  -43.458  -0.486  15.263 0.0000000000
84963  -48.897  10.025  5.240 0.0000000000
86100  -49.224  10.441  5.078 0.0000000000
86101  -49.740  10.628  4.551 0.0000000000
86106  -50.332  10.439  3.758 0.0000000000
87280  -51.497  11.134  2.887 0.0000000000
88420  -52.508  12.640  5.956 0.0000000000
88436  -51.772  11.993  3.854 0.0000000000
87273  -51.776  11.791  3.428 0.0000000000
87288  -51.893  10.662  2.384 0.0000000000
87289  -52.480  11.129  2.065 0.0000000000
87296  -52.952  10.685  1.520 0.0000000000
87297  -53.387  11.178  1.172 0.0000000000
87304  -53.874  10.795  0.642 0.0000000000
89523  -56.123  13.986  4.871 0.0000000000
89529  -55.332  13.719  3.300 0.0000000000
89534  -54.601  13.400  2.276 0.0000000000
89535  -55.194  13.587  2.043 0.0000000000
88462  -54.729  13.032  1.314 0.0000000000
88464  -54.555  11.924  0.320 0.0000000000
90663  -57.737  13.982  -0.557 0.0000000000
45090  -3.677  -24.387  54.174 0.0000000000
46076  -4.896  -23.675  55.891 0.0000000000
48294  -6.673  -21.279  58.023 0.0000000000
48302  -4.922  -21.602  56.784 0.0000000000
50905  -8.352  -19.385  47.863 0.0000000000
51865  -5.870  -18.443  54.805 0.0000000000
51923  -9.814  -18.598  49.966 0.0000000000
52931  -7.952  -18.257  53.428 0.0000000000
53061  -11.592  -17.302  43.900 0.0000000000
53975  -7.039  -16.621  57.899 0.0000000000
53982  -7.185  -16.294  57.675 0.0000000000
53991  -8.063  -16.338  55.177 0.0000000000
54207  -14.666  -16.095  42.917 0.0000000000
55209  -6.919  -16.200  56.926 0.0000000000
55370  -24.557  -16.255  44.208 0.0000000000
55444  -18.879  -14.838  37.750 0.0000000000
55454  -18.650  -14.766  37.543 0.0000000000
55459  -26.564  -15.671  37.023 0.0000000000
55471  -21.506  -15.117  35.286 0.0000000000
56469  -14.022  -14.280  51.167 0.0000000000
56545  -16.288  -14.814  43.002 0.0000000000
56557  -16.109  -15.013  42.645 0.0000000000
56595  -31.739  -15.339  39.259 0.0000000000
56609  -28.052  -15.519  38.008 0.0000000000
56626  -17.767  -14.135  37.035 0.0000000000
57623  -17.018  -13.373  47.795 0.0000000000
57648  -18.191  -13.064  46.012 0.0000000000
57658  -18.402  -13.033  45.326 0.0000000000
57668  -18.874  -12.778  44.764 0.0000000000
57676  -17.829  -13.929  43.407 0.0000000000
57678  -18.988  -12.931  43.923 0.0000000000
58746  -19.061  -12.425  47.496 0.0000000000
58747  -19.284  -12.433  47.050 0.0000000000
58755  -18.335  -12.760  47.328 0.0000000000
58756  -18.610  -12.688  46.979 0.0000000000
58757  -18.889  -12.578  47.003 0.0000000000
58763  -18.608  -12.777  46.298 0.0000000000
58764  -19.041  -12.569  46.651 0.0000000000
58878  -34.616  -12.310  34.505 0.0000000000
58884  -20.823  -11.957  33.437 0.0000000000
59837  -19.935  -11.984  47.779 0.0000000000
61059  -24.123  -10.245  31.117 0.0000000000
61090  -31.597  -9.810  29.502 0.0000000000
61102  -31.386  -11.217  28.688 0.0000000000
62168  -31.977  -10.507  28.542 0.0000000000
63314  -25.766  -9.238  30.537 0.0000000000
65720  -34.537  -6.721  25.092 0.0000000000
66858  -33.925  -6.310  25.180 0.0000000000
68010  -33.268  -4.620  28.023 0.0000000000
68043  -31.675  -4.142  24.984 0.0000000000
68063  -32.318  -4.074  23.787 0.0000000000
68073  -41.094  -4.407  22.074 0.0000000000
68108  -36.515  -4.692  20.116 0.0000000000
68114  -41.939  -4.346  20.924 0.0000000000
68132  -36.774  -4.982  19.362 0.0000000000
68150  -35.213  -4.199  18.490 0.0000000000
69160  -31.798  -3.277  26.876 0.0000000000
69210  -37.547  -3.291  23.076 0.0000000000
69214  -41.163  -3.912  23.445 0.0000000000
69250  -41.958  -4.229  22.100 0.0000000000
69251  -42.474  -4.120  21.643 0.0000000000
69271  -41.856  -4.194  20.235 0.0000000000
69350  -40.577  -3.521  16.565 0.0000000000
69361  -39.059  -3.214  15.576 0.0000000000
70339  -38.737  -2.981  24.152 0.0000000000
70351  -36.780  -3.321  22.792 0.0000000000
70414  -34.964  -1.956  17.361 0.0000000000
70432  -34.906  -2.863  17.414 0.0000000000
70449  -39.960  -2.994  15.633 0.0000000000
70465  -41.201  -2.540  15.727 0.0000000000
71424  -31.575  -1.432  25.752 0.0000000000
72522  -32.199  -0.916  27.550 0.0000000000
72544  -31.553  -1.161  25.083 0.0000000000
72581  -31.723  -0.877  22.134 0.0000000000
72733  -41.144  -0.151  13.767 0.0000000000
73781  -32.558  -0.128  21.359 0.0000000000
73784  -34.965  0.735  21.602 0.0000000000
73802  -33.327  0.027  20.565 0.0000000000
73838  -39.816  0.632  18.099 0.0000000000
73870  -37.531  0.214  15.490 0.0000000000
73890  -39.720  0.514  13.621 0.0000000000
75027  -39.210  1.623  17.090 0.0000000000
76280  -38.794  2.874  15.839 0.0000000000
77435  -39.397  3.321  15.997 0.0000000000
77445  -38.607  3.076  15.288 0.0000000000
77456  -39.513  3.532  13.829 0.0000000000
77472  -41.146  3.414  12.173 0.0000000000
81134  -47.334  7.073  6.362 0.0000000000
81154  -50.603  7.219  4.521 0.0000000000
82464  -49.384  7.917  4.752 0.0000000000
83683  -47.538  8.730  11.183 0.0000000000
83684  -48.270  8.965  11.411 0.0000000000
83685  -48.794  8.963  11.826 0.0000000000
83709  -46.859  8.955  9.908 0.0000000000
83714  -45.649  8.340  8.288 0.0000000000
84905  -48.464  9.193  11.189 0.0000000000
84917  -47.553  9.111  10.238 0.0000000000
84920  -49.656  10.178  10.780 0.0000000000
84934  -48.810  10.051  9.881 0.0000000000
86064  -50.749  11.020  9.679 0.0000000000
86079  -47.943  9.914  7.773 0.0000000000
87290  -53.002  11.529  1.776 0.0000000000
88404  -54.234  13.107  8.531 0.0000000000
141114  -27.478  -15.173  36.113 0.0000000000
141115  -29.236  -15.282  37.898 0.0000000000
141120  -30.520  -15.363  39.043 0.0000000000
141126  -26.046  -15.088  33.847 0.0000000000
141136  -27.617  -15.106  36.157 0.0000000000
141217  -21.217  -15.511  39.026 0.0000000000
141231  -20.513  -14.080  34.899 0.0000000000
141283  -22.092  -12.594  32.638 0.0000000000
141330  -21.720  -15.404  35.848 0.0000000000
