#!ascii label  , from subject MNI_FS2 vox2ras=TkReg
1203
62140  -32.480  -9.521  31.210 0.0000000000
60972  -15.965  -10.648  40.456 0.0000000000
141295  -22.594  -8.000  33.599 0.0000000000
87171  -55.371  11.308  17.346 0.0000000000
92720  -58.562  17.202  11.788 0.0000000000
58732  -10.567  -12.477  48.637 0.0000000000
83576  -50.485  8.593  21.678 0.0000000000
64521  -35.002  -7.308  29.204 0.0000000000
63303  -28.220  -8.572  31.608 0.0000000000
59863  -12.702  -11.382  44.527 0.0000000000
54171  -10.404  -16.917  43.764 0.0000000000
62050  -33.583  -9.843  37.273 0.0000000000
65635  -38.373  -6.553  34.776 0.0000000000
141245  -19.603  -9.591  36.904 0.0000000000
64427  -28.719  -8.129  38.873 0.0000000000
73772  -41.558  0.141  22.309 0.0000000000
77419  -44.262  3.831  18.681 0.0000000000
82355  -48.647  6.883  15.016 0.0000000000
52978  -5.666  -17.665  50.548 0.0000000000
52945  -2.795  -17.970  52.238 0.0000000000
70238  -36.367  -2.031  32.484 0.0000000000
74872  -35.049  1.805  29.480 0.0000000000
76179  -37.957  2.360  25.211 0.0000000000
53021  -7.723  -18.279  47.024 0.0000000000
58815  -13.977  -13.184  39.386 0.0000000000
58835  -16.235  -12.613  37.707 0.0000000000
62119  -30.030  -9.216  32.086 0.0000000000
61975  -17.440  -9.233  43.185 0.0000000000
59877  -14.168  -10.954  42.514 0.0000000000
58786  -12.294  -12.975  42.125 0.0000000000
63182  -35.258  -8.361  40.346 0.0000000000
62047  -31.065  -9.119  37.863 0.0000000000
74957  -44.866  2.011  23.293 0.0000000000
76218  -43.969  2.121  20.025 0.0000000000
79729  -45.951  5.071  21.966 0.0000000000
82332  -50.325  7.682  18.496 0.0000000000
83638  -51.673  8.441  16.287 0.0000000000
83654  -49.944  8.432  13.694 0.0000000000
86013  -53.308  10.153  14.657 0.0000000000
87196  -54.160  11.880  13.057 0.0000000000
69090  -39.508  -3.307  36.344 0.0000000000
69112  -38.219  -3.656  33.502 0.0000000000
72436  -38.077  -0.734  35.574 0.0000000000
76049  -36.544  3.234  32.768 0.0000000000
76081  -38.101  3.302  30.371 0.0000000000
74904  -36.032  2.389  26.548 0.0000000000
76110  -39.587  3.116  28.144 0.0000000000
76149  -41.373  2.226  26.356 0.0000000000
141314  -20.789  -9.202  34.507 0.0000000000
55275  -8.033  -15.064  49.488 0.0000000000
56497  -8.923  -14.865  47.814 0.0000000000
49598  -3.550  -21.095  52.782 0.0000000000
47144  -2.539  -22.734  51.587 0.0000000000
82270  -48.798  7.493  23.563 0.0000000000
66831  -34.667  -5.448  28.650 0.0000000000
63285  -25.357  -7.976  32.069 0.0000000000
59850  -11.680  -11.637  47.029 0.0000000000
56511  -9.718  -14.445  46.150 0.0000000000
57656  -10.980  -13.590  44.300 0.0000000000
94828  -59.395  18.595  9.916 0.0000000000
62093  -33.182  -10.030  34.250 0.0000000000
62110  -35.228  -9.304  33.146 0.0000000000
63239  -36.588  -8.559  36.114 0.0000000000
62009  -18.424  -9.317  40.973 0.0000000000
60996  -18.300  -10.026  38.771 0.0000000000
63223  -20.323  -8.352  39.003 0.0000000000
141176  -22.143  -7.568  38.722 0.0000000000
63258  -23.029  -7.446  36.851 0.0000000000
141238  -26.956  -7.555  40.318 0.0000000000
64465  -25.882  -7.500  35.935 0.0000000000
63260  -27.933  -8.173  35.412 0.0000000000
62090  -30.052  -9.233  34.717 0.0000000000
72587  -38.674  -0.506  21.144 0.0000000000
80993  -46.970  6.797  20.252 0.0000000000
79796  -45.932  5.580  16.917 0.0000000000
89474  -54.932  13.255  11.634 0.0000000000
52947  -4.201  -17.660  52.180 0.0000000000
50829  -4.497  -20.241  53.303 0.0000000000
65660  -37.090  -7.031  31.426 0.0000000000
67993  -36.343  -4.718  30.349 0.0000000000
69133  -34.659  -2.737  30.101 0.0000000000
74808  -35.815  1.180  34.524 0.0000000000
73653  -35.063  0.447  31.758 0.0000000000
72505  -32.841  -0.589  28.481 0.0000000000
73718  -33.248  0.784  26.378 0.0000000000
73748  -34.604  1.323  23.562 0.0000000000
73767  -36.441  0.890  22.442 0.0000000000
74952  -39.560  0.954  23.836 0.0000000000
74922  -42.853  1.604  25.467 0.0000000000
58857  -18.261  -12.516  35.767 0.0000000000
55266  -6.799  -15.576  51.565 0.0000000000
53008  -6.281  -17.848  48.907 0.0000000000
53046  -8.858  -17.312  45.610 0.0000000000
45138  -2.188  -24.121  48.765 0.0000000000
59898  -14.530  -11.876  39.941 0.0000000000
58824  -14.907  -12.952  38.565 0.0000000000
59908  -15.616  -11.677  39.110 0.0000000000
62139  -31.543  -9.555  31.232 0.0000000000
60962  -16.632  -10.039  41.291 0.0000000000
60942  -15.805  -9.876  43.012 0.0000000000
60961  -15.508  -10.454  41.529 0.0000000000
59885  -13.648  -12.052  40.911 0.0000000000
77359  -46.129  3.493  23.427 0.0000000000
77366  -45.699  3.526  22.463 0.0000000000
78564  -46.366  4.620  22.862 0.0000000000
85987  -54.304  10.368  18.686 0.0000000000
83620  -52.775  9.402  18.479 0.0000000000
84865  -53.526  9.753  17.021 0.0000000000
84872  -52.739  9.381  15.361 0.0000000000
86005  -54.604  11.002  16.022 0.0000000000
87180  -54.983  11.816  15.101 0.0000000000
70216  -39.134  -2.349  35.706 0.0000000000
76051  -38.475  3.958  31.858 0.0000000000
76098  -39.217  3.375  29.075 0.0000000000
77292  -40.738  3.687  29.511 0.0000000000
77301  -40.975  3.338  28.715 0.0000000000
62089  -21.394  -8.837  33.823 0.0000000000
141304  -21.056  -10.177  33.299 0.0000000000
141315  -22.057  -10.221  32.254 0.0000000000
56483  -9.150  -14.061  48.953 0.0000000000
57609  -9.697  -13.559  48.576 0.0000000000
91671  -57.484  15.479  11.093 0.0000000000
48327  -2.819  -21.863  52.068 0.0000000000
63344  -34.206  -7.919  28.831 0.0000000000
65678  -35.205  -6.553  29.184 0.0000000000
63286  -26.453  -7.970  32.288 0.0000000000
63316  -26.996  -8.896  30.524 0.0000000000
61948  -14.436  -9.735  45.021 0.0000000000
61936  -13.475  -9.785  46.246 0.0000000000
60911  -12.910  -10.092  47.339 0.0000000000
59856  -12.431  -11.217  45.393 0.0000000000
57645  -11.243  -13.063  45.011 0.0000000000
58771  -12.137  -12.021  44.374 0.0000000000
56575  -12.535  -14.881  40.986 0.0000000000
56556  -11.848  -14.467  41.885 0.0000000000
62076  -32.894  -10.101  35.321 0.0000000000
62078  -34.838  -9.708  34.987 0.0000000000
62052  -35.475  -9.363  36.790 0.0000000000
63173  -19.848  -8.209  41.039 0.0000000000
62021  -19.519  -8.709  40.042 0.0000000000
63192  -21.050  -7.762  40.595 0.0000000000
141170  -23.383  -7.327  40.804 0.0000000000
141254  -24.174  -7.279  40.314 0.0000000000
141279  -22.815  -7.397  38.290 0.0000000000
141255  -25.009  -7.257  40.149 0.0000000000
64407  -29.275  -8.090  40.997 0.0000000000
141239  -27.305  -7.680  39.172 0.0000000000
141282  -25.998  -7.468  37.627 0.0000000000
64441  -27.132  -7.749  37.884 0.0000000000
64466  -26.642  -7.711  35.763 0.0000000000
64443  -28.010  -8.123  37.186 0.0000000000
62049  -32.589  -9.768  37.489 0.0000000000
62060  -30.719  -9.330  36.806 0.0000000000
62062  -32.695  -10.012  36.415 0.0000000000
62092  -32.140  -9.912  34.358 0.0000000000
73771  -40.312  -0.151  22.051 0.0000000000
72607  -38.923  -0.504  20.185 0.0000000000
73789  -41.347  -0.167  21.082 0.0000000000
77402  -43.919  3.004  19.025 0.0000000000
75015  -42.421  1.364  18.779 0.0000000000
83575  -49.730  8.394  22.066 0.0000000000
82292  -47.780  7.493  21.299 0.0000000000
82309  -48.778  7.850  20.603 0.0000000000
82340  -49.548  6.890  16.904 0.0000000000
81023  -48.058  6.377  17.532 0.0000000000
81039  -47.223  6.269  15.819 0.0000000000
79816  -45.416  5.709  15.385 0.0000000000
88371  -55.192  12.967  12.854 0.0000000000
89463  -56.221  13.612  13.456 0.0000000000
89471  -56.961  14.277  12.633 0.0000000000
54040  -5.523  -16.933  51.606 0.0000000000
54004  -4.979  -16.075  53.244 0.0000000000
52963  -5.104  -17.735  51.482 0.0000000000
50842  -5.069  -20.099  52.315 0.0000000000
50817  -4.052  -20.703  54.382 0.0000000000
63264  -36.711  -8.318  34.227 0.0000000000
63291  -36.639  -8.101  32.506 0.0000000000
65650  -37.922  -6.572  33.055 0.0000000000
69111  -37.711  -2.998  33.062 0.0000000000
67985  -37.392  -4.623  31.614 0.0000000000
69126  -36.406  -3.288  31.402 0.0000000000
69134  -35.396  -3.225  30.424 0.0000000000
70245  -35.519  -1.916  31.586 0.0000000000
75998  -37.328  2.713  36.055 0.0000000000
76079  -36.359  2.559  31.276 0.0000000000
74839  -35.646  1.927  31.771 0.0000000000
74855  -35.044  1.565  30.428 0.0000000000
72473  -34.071  -0.176  30.382 0.0000000000
73682  -33.785  0.393  29.505 0.0000000000
73709  -33.199  0.612  27.651 0.0000000000
73710  -33.961  1.408  27.657 0.0000000000
76162  -36.864  2.419  25.449 0.0000000000
74931  -35.373  2.045  25.053 0.0000000000
74948  -35.614  1.834  24.128 0.0000000000
73766  -35.380  1.081  22.402 0.0000000000
73750  -37.022  1.301  23.101 0.0000000000
73751  -37.944  0.925  23.153 0.0000000000
74951  -38.621  1.367  23.806 0.0000000000
76132  -42.709  2.394  27.201 0.0000000000
74906  -42.113  1.892  25.939 0.0000000000
76151  -43.306  2.025  26.197 0.0000000000
61007  -19.157  -9.896  37.404 0.0000000000
59938  -18.162  -11.427  36.454 0.0000000000
141321  -18.894  -10.905  35.939 0.0000000000
54098  -7.353  -16.670  48.241 0.0000000000
54080  -6.868  -16.623  49.380 0.0000000000
51948  -6.665  -18.441  47.897 0.0000000000
56532  -9.655  -15.306  44.762 0.0000000000
55325  -9.148  -15.544  45.903 0.0000000000
54155  -9.176  -16.629  45.025 0.0000000000
56577  -13.534  -14.965  39.875 0.0000000000
56590  -14.955  -14.741  39.076 0.0000000000
57719  -15.743  -13.767  38.154 0.0000000000
57732  -16.860  -13.495  37.183 0.0000000000
63304  -29.140  -8.873  31.833 0.0000000000
63317  -28.016  -8.903  30.638 0.0000000000
61963  -16.495  -9.095  44.580 0.0000000000
61972  -15.441  -9.593  44.098 0.0000000000
59869  -13.352  -11.259  43.453 0.0000000000
58778  -12.229  -12.414  43.248 0.0000000000
58787  -12.886  -12.249  42.023 0.0000000000
58796  -12.815  -12.923  41.111 0.0000000000
63215  -34.835  -9.138  38.915 0.0000000000
63216  -35.508  -8.955  38.454 0.0000000000
63194  -30.068  -8.254  40.012 0.0000000000
63211  -29.929  -8.446  38.918 0.0000000000
62022  -33.026  -9.108  39.246 0.0000000000
73774  -43.285  0.760  22.704 0.0000000000
73808  -42.930  0.612  21.159 0.0000000000
74972  -44.232  1.804  21.485 0.0000000000
76220  -44.828  2.845  20.797 0.0000000000
78586  -45.322  4.503  20.430 0.0000000000
82311  -50.512  8.321  20.148 0.0000000000
82324  -51.235  8.348  19.125 0.0000000000
82342  -50.915  7.891  17.800 0.0000000000
82349  -50.111  7.469  16.172 0.0000000000
82365  -49.419  7.899  14.183 0.0000000000
83645  -50.883  8.320  14.777 0.0000000000
84880  -51.858  9.313  14.008 0.0000000000
86023  -53.021  10.628  13.369 0.0000000000
87186  -54.175  11.567  13.816 0.0000000000
88360  -55.331  12.339  14.638 0.0000000000
50876  -5.650  -19.515  50.020 0.0000000000
51919  -4.885  -18.723  50.702 0.0000000000
50854  -6.057  -20.052  51.376 0.0000000000
66774  -39.260  -5.055  35.599 0.0000000000
66791  -38.426  -5.241  33.513 0.0000000000
69104  -39.138  -3.621  34.927 0.0000000000
70231  -37.984  -2.504  33.973 0.0000000000
71326  -37.472  -1.354  34.426 0.0000000000
76014  -37.105  3.580  34.684 0.0000000000
77257  -38.172  4.126  33.127 0.0000000000
76064  -37.862  3.476  31.303 0.0000000000
76107  -36.551  2.547  29.272 0.0000000000
74896  -35.655  2.277  28.289 0.0000000000
76108  -37.487  2.800  28.728 0.0000000000
76127  -37.706  2.735  27.541 0.0000000000
76146  -38.891  2.627  26.258 0.0000000000
76165  -39.342  2.370  25.727 0.0000000000
76129  -40.043  2.836  27.280 0.0000000000
141323  -20.398  -9.329  35.340 0.0000000000
141262  -19.229  -11.447  35.144 0.0000000000
141324  -20.165  -10.594  34.253 0.0000000000
55283  -8.196  -15.246  48.769 0.0000000000
54099  -7.911  -16.234  47.779 0.0000000000
51892  -2.845  -19.137  51.606 0.0000000000
52944  -2.277  -18.039  51.643 0.0000000000
50851  -2.702  -19.775  51.361 0.0000000000
50850  -2.457  -20.104  50.906 0.0000000000
49614  -2.279  -20.550  50.195 0.0000000000
69152  -33.724  -4.106  28.587 0.0000000000
64487  -23.490  -7.926  32.866 0.0000000000
141305  -22.710  -9.478  31.818 0.0000000000
60905  -12.282  -10.501  48.575 0.0000000000
59842  -11.532  -11.576  47.790 0.0000000000
57620  -10.505  -13.175  47.309 0.0000000000
57621  -11.030  -12.882  46.633 0.0000000000
57655  -10.421  -14.000  44.754 0.0000000000
55354  -10.109  -15.939  43.750 0.0000000000
57664  -11.420  -13.569  43.235 0.0000000000
56554  -10.896  -15.471  42.732 0.0000000000
55364  -10.874  -16.116  43.049 0.0000000000
93778  -58.895  17.874  11.336 0.0000000000
62122  -32.979  -9.643  32.261 0.0000000000
62123  -33.949  -9.540  32.280 0.0000000000
62095  -35.041  -9.511  34.030 0.0000000000
62080  -36.169  -8.740  34.627 0.0000000000
64455  -37.785  -7.552  35.396 0.0000000000
63218  -37.060  -8.199  37.755 0.0000000000
64437  -38.386  -7.082  37.157 0.0000000000
65627  -38.693  -6.413  35.819 0.0000000000
66756  -39.507  -5.025  37.263 0.0000000000
60974  -17.358  -9.937  40.673 0.0000000000
60994  -16.692  -11.196  38.687 0.0000000000
60985  -18.386  -9.786  39.425 0.0000000000
62045  -19.021  -9.647  38.510 0.0000000000
141300  -19.877  -9.136  37.592 0.0000000000
141276  -21.453  -7.728  40.143 0.0000000000
141292  -20.872  -8.221  38.324 0.0000000000
141219  -21.758  -7.706  38.365 0.0000000000
141201  -21.392  -8.084  37.045 0.0000000000
141301  -21.855  -7.825  36.407 0.0000000000
141135  -22.843  -7.546  35.288 0.0000000000
141134  -26.101  -7.407  40.674 0.0000000000
141281  -25.054  -7.327  38.069 0.0000000000
64476  -23.453  -7.504  34.707 0.0000000000
64477  -25.102  -7.375  34.621 0.0000000000
64490  -26.801  -7.813  33.525 0.0000000000
63272  -27.896  -8.215  33.886 0.0000000000
63237  -29.677  -8.873  36.578 0.0000000000
63248  -29.405  -8.867  35.376 0.0000000000
63273  -28.847  -8.689  33.736 0.0000000000
62105  -30.328  -9.346  33.361 0.0000000000
62106  -31.481  -9.668  33.333 0.0000000000
61998  -18.215  -9.225  41.842 0.0000000000
73823  -42.236  0.621  19.543 0.0000000000
80966  -46.924  6.281  22.257 0.0000000000
79757  -45.987  5.992  20.498 0.0000000000
79768  -45.558  5.345  19.202 0.0000000000
82321  -48.430  7.079  19.290 0.0000000000
81021  -46.634  6.087  18.308 0.0000000000
79787  -45.328  5.193  17.443 0.0000000000
79794  -44.741  5.102  16.240 0.0000000000
90594  -55.958  14.093  11.103 0.0000000000
90591  -57.657  15.438  12.295 0.0000000000
92706  -58.522  17.198  12.758 0.0000000000
52930  -3.922  -17.042  52.972 0.0000000000
52946  -3.393  -18.037  52.259 0.0000000000
51907  -4.223  -18.721  51.314 0.0000000000
51894  -3.787  -18.888  51.669 0.0000000000
51893  -3.424  -19.056  51.726 0.0000000000
50840  -3.822  -20.312  52.174 0.0000000000
62143  -35.039  -9.117  31.884 0.0000000000
63320  -35.703  -8.187  31.095 0.0000000000
64512  -36.019  -7.611  30.667 0.0000000000
66799  -37.917  -5.454  32.408 0.0000000000
65670  -37.174  -6.058  31.175 0.0000000000
66822  -36.047  -5.553  29.946 0.0000000000
68003  -35.774  -4.971  29.700 0.0000000000
69142  -34.864  -3.727  29.676 0.0000000000
69141  -33.919  -3.204  29.241 0.0000000000
72435  -37.292  -0.102  35.207 0.0000000000
73635  -36.365  -0.242  34.208 0.0000000000
76030  -36.056  2.813  34.083 0.0000000000
73644  -35.444  0.502  33.018 0.0000000000
71343  -35.636  -1.103  32.416 0.0000000000
71361  -34.816  -1.153  31.177 0.0000000000
71368  -33.791  -1.379  29.916 0.0000000000
74902  -34.644  1.918  26.502 0.0000000000
73736  -34.066  1.344  24.772 0.0000000000
73787  -37.527  0.216  22.098 0.0000000000
73770  -39.176  0.021  22.429 0.0000000000
73754  -40.855  0.261  23.136 0.0000000000
74920  -40.929  1.780  25.532 0.0000000000
74937  -41.470  1.111  24.772 0.0000000000
73739  -42.571  0.827  24.173 0.0000000000
74940  -44.011  1.554  24.387 0.0000000000
76182  -45.934  2.799  24.491 0.0000000000
59917  -17.235  -11.346  37.815 0.0000000000
58844  -17.367  -12.589  36.579 0.0000000000
141327  -19.021  -12.704  35.145 0.0000000000
54041  -6.122  -16.373  51.361 0.0000000000
55274  -7.549  -15.451  50.101 0.0000000000
54060  -6.824  -16.107  50.535 0.0000000000
52994  -6.088  -17.756  49.486 0.0000000000
50877  -6.250  -19.713  49.491 0.0000000000
56498  -9.367  -14.502  47.238 0.0000000000
55324  -8.693  -15.691  46.542 0.0000000000
53034  -8.338  -17.880  46.408 0.0000000000
45115  -2.458  -24.517  51.471 0.0000000000
46105  -2.272  -23.576  50.258 0.0000000000
47166  -2.127  -22.375  49.069 0.0000000000
62141  -33.439  -9.385  31.264 0.0000000000
59899  -15.281  -11.178  40.216 0.0000000000
60982  -15.824  -11.069  39.773 0.0000000000
59887  -15.316  -10.833  40.856 0.0000000000
78547  -47.138  4.077  24.475 0.0000000000
78555  -46.972  4.324  23.896 0.0000000000
78556  -47.477  5.027  23.916 0.0000000000
85992  -54.837  10.792  17.984 0.0000000000
85991  -54.198  10.255  17.669 0.0000000000
85997  -53.897  10.059  16.670 0.0000000000
85998  -54.626  10.763  16.756 0.0000000000
77279  -40.329  3.992  30.644 0.0000000000
63259  -22.262  -7.973  34.333 0.0000000000
141302  -22.159  -8.465  33.252 0.0000000000
58724  -10.438  -12.322  49.629 0.0000000000
57603  -10.102  -12.944  48.907 0.0000000000
57610  -10.229  -13.084  48.188 0.0000000000
91672  -57.746  15.974  10.958 0.0000000000
92725  -58.161  16.564  11.170 0.0000000000
63287  -27.511  -8.164  32.522 0.0000000000
63301  -26.204  -8.435  31.230 0.0000000000
63302  -27.224  -8.389  31.400 0.0000000000
60933  -13.500  -10.465  44.829 0.0000000000
60927  -13.793  -9.983  45.277 0.0000000000
60926  -13.200  -10.321  45.502 0.0000000000
59852  -12.721  -10.722  45.728 0.0000000000
58762  -12.156  -11.697  45.033 0.0000000000
62063  -33.719  -10.002  36.218 0.0000000000
62064  -34.692  -9.806  36.004 0.0000000000
62051  -34.548  -9.747  37.029 0.0000000000
63174  -20.817  -7.752  41.302 0.0000000000
141164  -25.416  -7.342  42.394 0.0000000000
141166  -24.069  -7.318  40.894 0.0000000000
141236  -25.643  -7.364  41.988 0.0000000000
64417  -28.978  -8.076  39.967 0.0000000000
64426  -28.387  -7.996  39.505 0.0000000000
64433  -27.759  -7.850  38.772 0.0000000000
64442  -27.604  -7.953  37.487 0.0000000000
63224  -28.522  -8.240  37.984 0.0000000000
73788  -40.502  -0.365  21.247 0.0000000000
77418  -43.548  3.164  18.408 0.0000000000
78610  -43.984  4.070  17.978 0.0000000000
83592  -49.116  8.179  21.595 0.0000000000
83593  -49.749  8.335  21.149 0.0000000000
81032  -48.871  6.643  16.307 0.0000000000
81031  -48.109  6.386  16.558 0.0000000000
81040  -48.176  6.601  15.511 0.0000000000
90572  -57.554  14.437  14.059 0.0000000000
52964  -5.590  -17.166  51.231 0.0000000000
64468  -37.891  -7.330  34.555 0.0000000000
64480  -37.696  -7.422  33.659 0.0000000000
65641  -38.085  -6.837  34.039 0.0000000000
70239  -36.911  -2.306  32.714 0.0000000000
70247  -36.770  -2.995  31.969 0.0000000000
70246  -36.017  -2.226  31.928 0.0000000000
74873  -35.780  2.141  29.879 0.0000000000
74856  -35.761  2.007  30.839 0.0000000000
74854  -34.403  1.111  29.966 0.0000000000
74871  -34.401  1.395  29.038 0.0000000000
73698  -33.812  1.021  28.486 0.0000000000
74883  -34.513  1.723  28.125 0.0000000000
76178  -37.487  2.358  25.039 0.0000000000
74932  -36.363  2.222  24.769 0.0000000000
74933  -37.235  2.194  24.440 0.0000000000
74949  -36.639  1.903  23.824 0.0000000000
74950  -37.651  1.716  23.755 0.0000000000
74934  -38.267  2.125  24.665 0.0000000000
59939  -18.627  -10.785  36.448 0.0000000000
53020  -7.197  -17.777  47.527 0.0000000000
51959  -7.235  -18.934  47.374 0.0000000000
55353  -9.649  -15.849  44.515 0.0000000000
54170  -9.784  -16.768  44.383 0.0000000000
52928  -2.983  -17.513  52.872 0.0000000000
54020  -2.626  -17.119  52.832 0.0000000000
63329  -33.823  -8.493  29.236 0.0000000000
57704  -13.675  -13.686  39.708 0.0000000000
56589  -13.842  -14.532  39.592 0.0000000000
57705  -14.423  -13.694  39.016 0.0000000000
57730  -15.546  -13.090  38.081 0.0000000000
57718  -15.234  -13.514  38.394 0.0000000000
57731  -15.946  -13.421  37.848 0.0000000000
56617  -16.482  -14.023  37.884 0.0000000000
62136  -28.974  -9.005  30.818 0.0000000000
63106  -17.994  -8.659  44.454 0.0000000000
63105  -17.312  -8.989  44.151 0.0000000000
60951  -15.316  -10.199  42.565 0.0000000000
60941  -15.101  -9.907  43.567 0.0000000000
60950  -14.605  -10.449  42.933 0.0000000000
60940  -14.210  -10.426  43.706 0.0000000000
59870  -14.086  -10.766  43.152 0.0000000000
58779  -13.007  -11.856  42.716 0.0000000000
59876  -13.583  -11.554  42.137 0.0000000000
59897  -13.946  -12.247  40.138 0.0000000000
58806  -13.615  -12.809  40.008 0.0000000000
57694  -12.991  -13.785  40.479 0.0000000000
63199  -34.444  -8.856  39.555 0.0000000000
63200  -35.430  -8.641  39.448 0.0000000000
63195  -30.772  -8.421  39.728 0.0000000000
63181  -34.329  -8.431  40.498 0.0000000000
62023  -33.531  -9.200  39.048 0.0000000000
74956  -44.234  1.530  23.499 0.0000000000
74971  -43.765  1.186  22.036 0.0000000000
74964  -44.409  1.742  22.523 0.0000000000
78563  -45.863  4.314  22.328 0.0000000000
77377  -45.332  3.371  21.580 0.0000000000
78574  -45.525  4.224  21.485 0.0000000000
77389  -45.010  3.428  20.574 0.0000000000
83596  -52.008  8.958  20.136 0.0000000000
84832  -52.575  9.324  19.723 0.0000000000
83629  -52.563  9.093  17.475 0.0000000000
83628  -51.739  8.471  17.607 0.0000000000
82350  -50.980  7.910  16.843 0.0000000000
83637  -50.920  8.071  15.739 0.0000000000
83646  -51.569  8.564  15.265 0.0000000000
84882  -52.932  9.639  15.024 0.0000000000
84881  -52.381  9.445  14.551 0.0000000000
86012  -52.684  9.842  14.260 0.0000000000
86022  -52.302  9.949  13.607 0.0000000000
87185  -53.704  10.936  14.018 0.0000000000
87176  -55.821  12.152  16.148 0.0000000000
67955  -39.360  -4.243  35.936 0.0000000000
67963  -39.175  -4.360  34.970 0.0000000000
69096  -39.267  -3.497  35.467 0.0000000000
71318  -38.587  -1.773  35.365 0.0000000000
70223  -38.675  -2.426  34.898 0.0000000000
71327  -37.989  -1.664  34.780 0.0000000000
71335  -37.654  -1.802  34.229 0.0000000000
72444  -37.579  -0.909  34.886 0.0000000000
76065  -38.826  3.776  30.891 0.0000000000
76080  -37.232  2.946  30.813 0.0000000000
76096  -37.388  2.860  29.824 0.0000000000
76109  -38.548  2.992  28.355 0.0000000000
76145  -38.067  2.626  26.453 0.0000000000
76128  -38.926  2.885  27.199 0.0000000000
77312  -41.593  3.090  28.453 0.0000000000
59970  -20.509  -10.198  33.925 0.0000000000
141296  -21.327  -11.110  32.785 0.0000000000
59971  -20.713  -10.984  33.415 0.0000000000
56490  -8.741  -14.738  48.487 0.0000000000
55293  -8.378  -15.488  47.929 0.0000000000
50839  -3.244  -20.420  51.796 0.0000000000
48340  -2.575  -21.816  51.182 0.0000000000
49608  -2.821  -20.873  51.446 0.0000000000
48339  -2.390  -21.697  50.404 0.0000000000
66830  -34.123  -5.843  28.195 0.0000000000
68011  -33.992  -5.035  28.341 0.0000000000
64488  -24.513  -7.620  33.197 0.0000000000
141317  -23.191  -8.711  31.857 0.0000000000
63284  -24.254  -8.226  31.940 0.0000000000
60918  -12.477  -10.597  47.045 0.0000000000
60910  -12.367  -10.519  47.786 0.0000000000
59843  -12.030  -11.077  47.369 0.0000000000
59835  -11.928  -11.017  48.183 0.0000000000
58743  -11.170  -12.312  47.326 0.0000000000
58753  -11.533  -12.123  46.295 0.0000000000
57644  -10.641  -13.615  45.313 0.0000000000
56533  -10.158  -14.702  44.207 0.0000000000
56534  -10.830  -14.048  43.728 0.0000000000
57665  -11.932  -13.184  42.708 0.0000000000
56565  -11.675  -15.305  42.017 0.0000000000
56555  -11.227  -14.917  42.316 0.0000000000
55378  -11.137  -15.619  42.576 0.0000000000
62107  -32.531  -9.811  33.287 0.0000000000
62108  -33.535  -9.805  33.242 0.0000000000
62094  -34.156  -9.814  34.156 0.0000000000
62065  -35.478  -9.392  35.731 0.0000000000
62079  -35.587  -9.232  34.794 0.0000000000
62066  -36.088  -8.907  35.469 0.0000000000
63249  -36.682  -8.448  35.201 0.0000000000
63240  -37.247  -8.075  35.803 0.0000000000
63202  -36.971  -8.115  38.587 0.0000000000
63217  -36.334  -8.530  38.128 0.0000000000
64428  -37.589  -7.681  38.396 0.0000000000
65602  -39.070  -5.879  38.467 0.0000000000
65609  -38.741  -6.479  37.811 0.0000000000
64445  -38.453  -6.928  36.357 0.0000000000
65617  -38.890  -6.330  36.804 0.0000000000
65618  -39.263  -5.598  36.825 0.0000000000
62019  -17.963  -9.689  40.489 0.0000000000
60984  -17.658  -10.110  39.665 0.0000000000
62020  -18.600  -9.464  40.088 0.0000000000
63209  -20.324  -8.146  39.810 0.0000000000
62033  -19.628  -8.925  39.067 0.0000000000
62046  -19.596  -9.250  38.043 0.0000000000
141278  -22.687  -7.408  39.459 0.0000000000
141280  -23.725  -7.288  38.914 0.0000000000
141293  -22.217  -7.624  37.147 0.0000000000
64464  -25.063  -7.324  36.171 0.0000000000
64467  -27.264  -7.899  35.781 0.0000000000
64478  -26.178  -7.603  34.620 0.0000000000
64479  -27.092  -7.889  34.789 0.0000000000
63212  -30.785  -8.756  38.561 0.0000000000
63226  -29.758  -8.644  37.759 0.0000000000
63227  -30.336  -8.979  37.391 0.0000000000
62074  -30.866  -9.577  35.666 0.0000000000
62073  -30.108  -9.182  35.931 0.0000000000
63262  -29.271  -8.885  34.466 0.0000000000
63274  -29.537  -9.038  33.822 0.0000000000
63289  -29.378  -8.924  32.906 0.0000000000
62121  -31.987  -9.601  32.266 0.0000000000
61999  -18.805  -8.951  41.511 0.0000000000
63153  -18.811  -8.825  42.133 0.0000000000
62008  -17.770  -9.590  41.157 0.0000000000
72605  -36.748  -0.154  20.361 0.0000000000
72628  -39.168  -0.252  19.264 0.0000000000
74985  -43.522  1.142  20.728 0.0000000000
73807  -42.534  0.516  20.540 0.0000000000
74998  -42.918  0.961  19.886 0.0000000000
80960  -48.283  6.579  23.893 0.0000000000
80959  -47.764  6.550  23.278 0.0000000000
82269  -47.987  7.111  23.085 0.0000000000
82307  -47.028  6.960  20.603 0.0000000000
82291  -47.099  7.076  21.105 0.0000000000
80992  -46.559  6.633  20.817 0.0000000000
81002  -46.529  6.425  19.989 0.0000000000
82322  -49.576  7.653  19.398 0.0000000000
81029  -46.647  5.891  17.379 0.0000000000
81022  -47.337  6.239  17.904 0.0000000000
79788  -46.018  5.653  17.865 0.0000000000
79786  -44.829  5.016  16.848 0.0000000000
79795  -45.278  5.326  16.525 0.0000000000
79815  -44.889  5.744  14.885 0.0000000000
88369  -53.854  11.933  12.398 0.0000000000
89468  -54.930  12.987  12.252 0.0000000000
88384  -54.525  13.094  11.196 0.0000000000
89475  -55.563  13.731  11.515 0.0000000000
90582  -57.793  15.261  12.991 0.0000000000
90590  -57.265  14.772  12.166 0.0000000000
91657  -57.963  15.956  12.736 0.0000000000
54021  -4.696  -17.007  52.483 0.0000000000
54003  -4.405  -16.542  53.081 0.0000000000
52929  -3.488  -17.295  52.935 0.0000000000
50853  -5.137  -20.091  51.440 0.0000000000
50862  -4.526  -19.413  50.891 0.0000000000
50841  -4.230  -20.139  52.094 0.0000000000
62124  -34.781  -9.376  32.366 0.0000000000
62125  -35.364  -9.039  32.384 0.0000000000
64491  -37.041  -7.694  32.203 0.0000000000
63307  -36.096  -8.139  31.624 0.0000000000
64500  -36.852  -7.496  31.615 0.0000000000
65669  -36.802  -6.772  30.973 0.0000000000
67971  -38.608  -4.462  33.829 0.0000000000
65651  -38.178  -5.726  33.143 0.0000000000
67978  -38.208  -4.612  33.035 0.0000000000
67984  -36.724  -4.146  31.073 0.0000000000
67994  -36.995  -4.884  30.838 0.0000000000
66814  -36.697  -5.715  30.566 0.0000000000
74798  -36.813  1.555  35.684 0.0000000000
73621  -37.583  0.604  35.986 0.0000000000
73620  -37.012  0.617  35.473 0.0000000000
73628  -36.406  0.542  34.879 0.0000000000
76031  -37.322  3.810  33.318 0.0000000000
76048  -35.805  2.519  33.207 0.0000000000
74827  -35.188  1.110  32.199 0.0000000000
74828  -35.447  1.811  32.721 0.0000000000
73643  -35.263  0.442  32.317 0.0000000000
72457  -35.338  -0.304  32.245 0.0000000000
71352  -35.372  -1.372  31.792 0.0000000000
72465  -34.918  -0.402  31.490 0.0000000000
72486  -33.363  -0.314  29.233 0.0000000000
72487  -33.669  -0.693  29.887 0.0000000000
71367  -33.301  -1.399  29.318 0.0000000000
70271  -32.945  -2.233  28.715 0.0000000000
71378  -32.818  -1.446  28.708 0.0000000000
72536  -32.710  0.170  26.862 0.0000000000
76125  -35.930  2.377  27.605 0.0000000000
74895  -35.428  2.220  27.701 0.0000000000
74903  -35.375  2.202  26.682 0.0000000000
74947  -34.820  1.724  24.541 0.0000000000
74930  -34.564  1.764  25.320 0.0000000000
73784  -34.965  0.735  21.602 0.0000000000
73805  -35.323  0.508  21.130 0.0000000000
73785  -35.915  0.527  21.530 0.0000000000
72585  -36.495  0.151  21.158 0.0000000000
73786  -36.918  0.364  21.882 0.0000000000
73752  -38.878  0.582  23.168 0.0000000000
73769  -38.148  0.185  22.381 0.0000000000
73753  -39.854  0.320  23.117 0.0000000000
74953  -40.361  0.673  23.745 0.0000000000
76166  -40.172  2.242  25.933 0.0000000000
74919  -39.851  1.920  25.213 0.0000000000
76167  -40.744  2.195  26.097 0.0000000000
74921  -41.898  1.532  25.405 0.0000000000
74938  -42.446  1.089  24.727 0.0000000000
73738  -42.052  0.773  24.109 0.0000000000
74954  -42.955  0.896  24.225 0.0000000000
74923  -43.592  1.582  25.064 0.0000000000
76170  -45.266  2.337  25.374 0.0000000000
60995  -17.363  -10.816  38.417 0.0000000000
61005  -17.650  -11.075  37.581 0.0000000000
59937  -17.665  -12.069  36.554 0.0000000000
58845  -17.797  -12.531  36.190 0.0000000000
57745  -17.765  -13.582  36.537 0.0000000000
57758  -18.029  -13.073  35.991 0.0000000000
141328  -19.624  -11.954  34.532 0.0000000000
141177  -19.281  -12.036  34.897 0.0000000000
141125  -22.405  -9.308  32.137 0.0000000000
54042  -6.774  -15.868  51.146 0.0000000000
56474  -8.321  -14.348  50.243 0.0000000000
56473  -7.811  -14.793  50.851 0.0000000000
52995  -6.437  -17.396  49.133 0.0000000000
54079  -6.381  -17.149  49.497 0.0000000000
54059  -6.260  -16.899  50.096 0.0000000000
51935  -5.695  -18.705  49.761 0.0000000000
51947  -6.162  -18.645  48.690 0.0000000000
57633  -9.965  -13.875  46.950 0.0000000000
54154  -8.794  -16.695  45.495 0.0000000000
54137  -8.486  -16.541  46.054 0.0000000000
54136  -7.894  -16.978  46.598 0.0000000000
94824  -59.162  18.631  10.866 0.0000000000
44101  -2.246  -24.774  49.581 0.0000000000
45123  -2.288  -24.371  50.384 0.0000000000
46116  -2.185  -23.359  49.356 0.0000000000
47155  -2.242  -22.552  49.911 0.0000000000
58807  -14.116  -12.367  39.777 0.0000000000
58816  -14.499  -12.648  39.127 0.0000000000
59907  -14.898  -12.075  39.248 0.0000000000
58817  -15.080  -12.211  38.931 0.0000000000
58826  -16.014  -12.219  38.147 0.0000000000
62138  -30.672  -9.421  31.219 0.0000000000
61986  -17.120  -9.444  42.706 0.0000000000
61985  -16.450  -9.643  42.903 0.0000000000
60952  -16.080  -9.993  42.244 0.0000000000
60960  -14.806  -10.588  42.142 0.0000000000
59886  -14.573  -11.141  41.261 0.0000000000
63164  -35.932  -7.956  40.892 0.0000000000
76189  -45.755  2.758  23.779 0.0000000000
76188  -45.565  2.722  23.067 0.0000000000
77358  -45.820  3.240  22.973 0.0000000000
77367  -45.991  4.005  22.777 0.0000000000
84841  -53.044  9.555  19.033 0.0000000000
84848  -53.693  9.922  18.405 0.0000000000
84856  -53.138  9.522  17.359 0.0000000000
84855  -52.875  9.287  16.822 0.0000000000
84863  -52.829  9.283  16.083 0.0000000000
84864  -53.375  9.654  16.478 0.0000000000
86003  -53.655  9.965  15.886 0.0000000000
86004  -54.147  10.609  15.677 0.0000000000
87179  -54.381  11.187  14.904 0.0000000000
87174  -54.554  11.088  15.653 0.0000000000
87175  -55.092  11.481  16.031 0.0000000000
70210  -39.570  -2.364  36.783 0.0000000000
71313  -39.292  -1.397  36.566 0.0000000000
71319  -38.759  -1.240  35.955 0.0000000000
76097  -38.294  3.148  29.397 0.0000000000
76082  -38.949  3.552  29.983 0.0000000000
76083  -39.802  3.725  29.736 0.0000000000
76099  -40.155  3.425  28.868 0.0000000000
62088  -21.662  -8.138  35.259 0.0000000000
61031  -21.215  -9.563  33.409 0.0000000000
141284  -21.835  -11.808  32.482 0.0000000000
56491  -9.285  -14.245  48.144 0.0000000000
90596  -57.139  14.943  11.196 0.0000000000
90601  -57.279  15.080  10.444 0.0000000000
48319  -3.283  -21.864  53.416 0.0000000000
49597  -3.144  -21.187  52.145 0.0000000000
48318  -2.897  -22.127  52.823 0.0000000000
47135  -2.692  -22.768  52.494 0.0000000000
65688  -34.408  -6.536  28.408 0.0000000000
63315  -26.125  -9.017  30.536 0.0000000000
62151  -26.079  -9.459  30.478 0.0000000000
61949  -15.038  -9.300  45.306 0.0000000000
61937  -14.087  -9.470  45.970 0.0000000000
61927  -13.480  -9.675  46.803 0.0000000000
60919  -12.961  -10.247  46.359 0.0000000000
59851  -12.186  -11.129  46.356 0.0000000000
58754  -11.957  -11.667  45.657 0.0000000000
58761  -11.677  -12.317  45.222 0.0000000000
58770  -11.612  -12.721  44.323 0.0000000000
57682  -12.356  -14.165  41.318 0.0000000000
56566  -11.955  -14.938  41.649 0.0000000000
55394  -11.948  -15.397  41.879 0.0000000000
62077  -33.918  -10.008  35.163 0.0000000000
62053  -36.008  -9.007  36.255 0.0000000000
62010  -19.110  -8.865  40.884 0.0000000000
63191  -20.266  -8.020  40.486 0.0000000000
141277  -23.420  -7.298  41.617 0.0000000000
141165  -24.034  -7.316  41.379 0.0000000000
141212  -28.785  -8.004  40.800 0.0000000000
141224  -28.124  -7.868  40.633 0.0000000000
141256  -26.744  -7.598  38.378 0.0000000000
64452  -26.543  -7.629  37.011 0.0000000000
64453  -27.105  -7.820  36.691 0.0000000000
64454  -27.669  -8.025  36.473 0.0000000000
63246  -28.285  -8.241  36.545 0.0000000000
62048  -31.680  -9.489  37.643 0.0000000000
62061  -31.691  -9.764  36.596 0.0000000000
62091  -31.070  -9.686  34.480 0.0000000000
62075  -31.858  -9.897  35.475 0.0000000000
72588  -39.757  -0.499  21.048 0.0000000000
72608  -39.926  -0.411  20.090 0.0000000000
72609  -40.816  -0.213  20.094 0.0000000000
74999  -43.347  1.681  19.551 0.0000000000
75016  -43.152  2.130  18.862 0.0000000000
83560  -49.053  7.958  23.166 0.0000000000
82279  -48.470  7.719  22.718 0.0000000000
82293  -48.452  7.863  21.802 0.0000000000
82308  -47.596  7.171  20.275 0.0000000000
82331  -49.306  7.029  18.191 0.0000000000
81024  -48.796  6.572  17.265 0.0000000000
81030  -47.349  6.090  16.920 0.0000000000
81038  -46.479  5.916  16.329 0.0000000000
79806  -45.710  5.642  15.970 0.0000000000
81048  -45.902  6.112  15.003 0.0000000000
88364  -55.317  12.769  13.645 0.0000000000
88370  -54.553  12.478  12.638 0.0000000000
89462  -55.612  13.212  13.273 0.0000000000
89469  -55.522  13.391  12.494 0.0000000000
89470  -56.296  13.904  12.455 0.0000000000
89464  -56.943  14.079  13.340 0.0000000000
90573  -57.951  15.102  13.876 0.0000000000
54022  -5.316  -16.504  52.406 0.0000000000
52948  -4.848  -17.260  52.173 0.0000000000
52962  -4.532  -18.165  51.542 0.0000000000
63263  -36.284  -8.544  33.772 0.0000000000
63275  -36.162  -8.584  33.163 0.0000000000
63276  -36.635  -8.282  33.385 0.0000000000
64492  -37.339  -7.569  32.707 0.0000000000
67977  -37.824  -4.397  32.392 0.0000000000
69119  -37.401  -3.528  32.280 0.0000000000
69127  -36.969  -3.701  31.642 0.0000000000
69135  -36.082  -3.732  30.709 0.0000000000
70256  -35.851  -2.899  31.071 0.0000000000
70255  -35.185  -2.095  30.986 0.0000000000
76013  -36.609  2.527  35.290 0.0000000000
76062  -36.044  2.633  32.216 0.0000000000
74838  -35.128  1.316  31.343 0.0000000000
73665  -34.561  0.515  30.880 0.0000000000
73664  -34.155  0.485  30.216 0.0000000000
73681  -33.508  0.103  29.183 0.0000000000
73697  -33.374  0.232  28.783 0.0000000000
73719  -33.928  1.465  26.740 0.0000000000
76144  -36.821  2.523  26.568 0.0000000000
74916  -35.965  2.324  25.830 0.0000000000
73749  -35.954  1.505  23.177 0.0000000000
73768  -37.350  0.634  22.517 0.0000000000
76131  -41.813  2.526  27.191 0.0000000000
76150  -42.326  2.154  26.505 0.0000000000
74907  -42.650  1.938  26.030 0.0000000000
76169  -44.246  1.901  25.199 0.0000000000
61006  -18.450  -10.388  37.544 0.0000000000
59928  -17.879  -11.130  37.133 0.0000000000
61015  -18.532  -10.677  36.768 0.0000000000
59949  -18.536  -11.861  35.734 0.0000000000
55282  -7.651  -15.822  49.060 0.0000000000
53009  -6.648  -17.618  48.489 0.0000000000
51958  -6.632  -19.143  47.940 0.0000000000
56521  -9.617  -14.964  45.219 0.0000000000
55340  -9.363  -15.762  45.158 0.0000000000
63330  -34.685  -8.018  29.713 0.0000000000
64511  -35.332  -7.699  30.017 0.0000000000
55412  -13.673  -15.406  40.259 0.0000000000
55425  -14.180  -15.157  39.646 0.0000000000
57717  -14.709  -13.190  38.713 0.0000000000
56603  -15.231  -14.142  38.630 0.0000000000
61951  -16.461  -8.780  45.185 0.0000000000
61973  -15.992  -9.527  43.756 0.0000000000
61962  -15.669  -9.368  44.625 0.0000000000
61960  -14.534  -9.868  44.546 0.0000000000
60934  -14.119  -10.158  44.538 0.0000000000
59864  -13.273  -10.943  44.431 0.0000000000
59868  -12.577  -11.734  43.893 0.0000000000
57683  -12.612  -13.573  41.100 0.0000000000
57693  -12.716  -14.379  40.719 0.0000000000
56576  -13.104  -14.697  40.234 0.0000000000
62038  -34.485  -9.480  38.079 0.0000000000
62039  -35.194  -9.385  37.631 0.0000000000
63201  -36.361  -8.260  39.170 0.0000000000
63193  -29.560  -8.141  40.419 0.0000000000
63210  -29.348  -8.215  39.368 0.0000000000
63225  -28.998  -8.343  38.183 0.0000000000
63213  -31.646  -8.928  38.893 0.0000000000
63197  -32.520  -8.854  39.494 0.0000000000
63214  -32.083  -9.119  38.859 0.0000000000
62036  -32.556  -9.354  38.582 0.0000000000
62037  -33.480  -9.556  38.241 0.0000000000
73773  -42.510  0.473  22.553 0.0000000000
73790  -42.356  0.344  21.582 0.0000000000
73791  -43.109  0.693  21.797 0.0000000000
74986  -44.205  2.033  20.717 0.0000000000
76195  -44.783  2.314  21.835 0.0000000000
76204  -44.631  2.412  21.064 0.0000000000
77388  -44.645  3.153  20.123 0.0000000000
77403  -44.354  3.293  19.510 0.0000000000
78598  -44.743  4.206  19.143 0.0000000000
83594  -50.580  8.499  20.735 0.0000000000
83595  -51.340  8.689  20.500 0.0000000000
82323  -50.634  8.162  19.477 0.0000000000
83618  -51.690  8.592  18.769 0.0000000000
82333  -51.116  8.157  18.563 0.0000000000
82341  -50.254  7.408  17.417 0.0000000000
82348  -49.399  6.985  16.029 0.0000000000
82356  -49.352  7.261  15.172 0.0000000000
82364  -48.445  7.312  14.271 0.0000000000
82366  -50.237  8.204  14.346 0.0000000000
83655  -50.697  8.583  13.986 0.0000000000
83657  -51.966  8.933  14.918 0.0000000000
83656  -51.522  8.890  14.297 0.0000000000
83666  -51.049  8.919  13.679 0.0000000000
87195  -53.407  11.307  12.820 0.0000000000
88359  -54.697  11.843  14.434 0.0000000000
88363  -54.696  12.166  13.703 0.0000000000
88361  -55.923  12.971  14.553 0.0000000000
51920  -5.331  -18.483  50.366 0.0000000000
52977  -5.256  -18.181  50.770 0.0000000000
51934  -5.252  -19.060  50.184 0.0000000000
50863  -5.249  -19.733  50.584 0.0000000000
66773  -38.971  -5.736  35.260 0.0000000000
65642  -38.285  -6.037  33.818 0.0000000000
66781  -38.826  -5.276  34.393 0.0000000000
67962  -38.926  -4.419  34.346 0.0000000000
69103  -38.784  -3.555  34.388 0.0000000000
70224  -39.102  -3.067  35.017 0.0000000000
70230  -37.452  -2.366  33.364 0.0000000000
71345  -36.721  -1.683  33.152 0.0000000000
77249  -38.137  4.151  33.841 0.0000000000
76050  -37.528  3.686  32.230 0.0000000000
76063  -36.927  3.139  31.739 0.0000000000
76095  -36.521  2.531  30.318 0.0000000000
74884  -35.092  2.028  28.597 0.0000000000
76126  -36.367  2.493  27.970 0.0000000000
76164  -38.460  2.404  25.506 0.0000000000
74917  -38.568  2.249  25.073 0.0000000000
76147  -39.653  2.623  26.479 0.0000000000
76130  -40.957  2.697  27.222 0.0000000000
76111  -40.606  3.042  28.073 0.0000000000
76112  -41.372  2.845  27.884 0.0000000000
76113  -42.137  2.760  27.922 0.0000000000
76114  -43.014  2.731  27.999 0.0000000000
141322  -19.855  -9.876  35.823 0.0000000000
141329  -20.434  -12.227  33.812 0.0000000000
59959  -20.466  -11.448  33.656 0.0000000000
56475  -8.972  -13.945  49.690 0.0000000000
56482  -8.552  -14.550  49.272 0.0000000000
55292  -7.919  -15.908  48.369 0.0000000000
54119  -7.611  -16.867  47.289 0.0000000000
53055  -11.059  -17.574  44.307 0.0000000000
51891  -2.436  -18.699  51.483 0.0000000000
51905  -2.292  -18.999  51.141 0.0000000000
50861  -2.154  -19.563  50.475 0.0000000000
82271  -49.237  7.498  24.001 0.0000000000
83555  -50.360  8.416  23.597 0.0000000000
83562  -50.437  8.646  22.626 0.0000000000
83563  -51.251  8.890  22.161 0.0000000000
68010  -33.268  -4.620  28.023 0.0000000000
141303  -22.913  -7.945  33.220 0.0000000000
141313  -22.475  -8.633  32.542 0.0000000000
64486  -22.947  -8.215  32.570 0.0000000000
59828  -11.898  -10.978  48.917 0.0000000000
59834  -11.482  -11.482  48.636 0.0000000000
58733  -11.049  -12.046  48.211 0.0000000000
58742  -10.679  -12.602  47.928 0.0000000000
57634  -10.452  -13.552  46.281 0.0000000000
57635  -11.159  -12.976  45.817 0.0000000000
56522  -10.081  -14.243  45.227 0.0000000000
58777  -11.543  -13.053  43.776 0.0000000000
57675  -11.841  -13.855  42.235 0.0000000000
57674  -11.301  -14.162  42.726 0.0000000000
56544  -10.847  -14.402  43.188 0.0000000000
56543  -10.545  -15.240  43.118 0.0000000000
62109  -34.456  -9.622  33.208 0.0000000000
62096  -35.795  -8.932  33.851 0.0000000000
63250  -37.302  -7.978  34.897 0.0000000000
64469  -38.093  -7.157  35.087 0.0000000000
63228  -35.768  -8.981  37.632 0.0000000000
63229  -36.350  -8.702  37.082 0.0000000000
63230  -37.187  -8.193  36.775 0.0000000000
64436  -37.750  -7.681  37.441 0.0000000000
64444  -37.895  -7.557  36.372 0.0000000000
64456  -38.243  -7.065  35.632 0.0000000000
66765  -39.125  -5.720  36.110 0.0000000000
66766  -39.411  -4.996  36.417 0.0000000000
67950  -39.578  -4.183  36.859 0.0000000000
67944  -39.632  -4.264  37.801 0.0000000000
60973  -16.828  -10.336  40.286 0.0000000000
60983  -16.519  -10.882  39.382 0.0000000000
62032  -18.949  -9.475  39.290 0.0000000000
141311  -19.463  -9.622  37.315 0.0000000000
64416  -21.650  -7.583  41.315 0.0000000000
141275  -21.809  -7.573  40.916 0.0000000000
141312  -21.355  -8.273  35.791 0.0000000000
141124  -22.727  -7.728  34.401 0.0000000000
64489  -25.714  -7.583  33.328 0.0000000000
63235  -28.466  -8.252  37.477 0.0000000000
63236  -28.967  -8.479  37.046 0.0000000000
63247  -28.802  -8.516  35.922 0.0000000000
63238  -30.185  -9.090  36.816 0.0000000000
63261  -28.670  -8.551  34.770 0.0000000000
63288  -28.492  -8.521  32.715 0.0000000000
62120  -30.977  -9.516  32.245 0.0000000000
63120  -17.893  -9.003  43.488 0.0000000000
63135  -18.435  -8.921  42.749 0.0000000000
61987  -17.767  -9.253  42.629 0.0000000000
61997  -17.363  -9.572  41.848 0.0000000000
60963  -17.283  -9.788  41.229 0.0000000000
72627  -38.057  -0.302  19.269 0.0000000000
73806  -41.617  0.180  19.993 0.0000000000
72630  -41.076  0.036  19.458 0.0000000000
79722  -47.609  5.906  23.514 0.0000000000
79731  -47.159  5.871  22.925 0.0000000000
79730  -46.684  5.785  22.400 0.0000000000
80979  -47.334  7.021  21.808 0.0000000000
80978  -46.811  6.517  21.797 0.0000000000
79742  -45.641  5.235  21.013 0.0000000000
78599  -45.225  4.712  19.582 0.0000000000
78612  -45.121  4.819  18.798 0.0000000000
82310  -49.951  8.177  20.246 0.0000000000
82320  -47.738  6.933  19.584 0.0000000000
81012  -48.015  6.598  18.468 0.0000000000
81004  -47.735  6.743  19.155 0.0000000000
81003  -47.198  6.699  19.602 0.0000000000
79778  -46.017  5.821  18.753 0.0000000000
79777  -45.530  5.284  18.363 0.0000000000
78622  -45.065  4.850  18.091 0.0000000000
78633  -44.210  4.781  16.545 0.0000000000
79805  -45.071  5.397  15.744 0.0000000000
90589  -56.683  14.250  12.039 0.0000000000
90595  -56.557  14.454  11.303 0.0000000000
91667  -57.471  15.305  11.717 0.0000000000
92719  -58.215  16.585  12.271 0.0000000000
93756  -58.587  17.858  13.248 0.0000000000
54002  -3.589  -16.491  53.403 0.0000000000
51908  -4.624  -18.447  51.176 0.0000000000
50852  -4.261  -19.788  51.458 0.0000000000
50828  -4.078  -20.657  53.520 0.0000000000
49585  -3.736  -21.211  53.896 0.0000000000
63290  -35.889  -8.586  32.376 0.0000000000
63306  -35.361  -8.660  31.528 0.0000000000
64522  -35.604  -7.313  29.934 0.0000000000
65661  -37.398  -6.701  31.843 0.0000000000
66808  -37.467  -5.649  31.599 0.0000000000
65679  -35.879  -6.580  29.948 0.0000000000
66821  -35.357  -5.767  29.261 0.0000000000
68002  -35.127  -4.712  29.218 0.0000000000
67992  -35.614  -4.181  30.016 0.0000000000
68012  -34.595  -4.850  28.767 0.0000000000
68001  -34.397  -4.268  28.973 0.0000000000
72428  -38.336  -0.001  36.241 0.0000000000
73613  -38.126  0.677  36.468 0.0000000000
72451  -36.612  -0.905  33.894 0.0000000000
71333  -36.539  -1.282  33.430 0.0000000000
74819  -35.786  1.906  34.375 0.0000000000
74818  -35.603  1.722  33.761 0.0000000000
73634  -35.845  0.511  34.128 0.0000000000
72458  -35.718  -0.603  32.813 0.0000000000
71344  -36.184  -1.505  32.765 0.0000000000
70254  -34.545  -2.052  30.356 0.0000000000
72474  -34.453  -0.510  30.954 0.0000000000
71360  -34.268  -1.292  30.495 0.0000000000
70262  -33.995  -2.074  29.833 0.0000000000
70261  -33.501  -2.354  29.225 0.0000000000
69140  -33.337  -2.808  28.893 0.0000000000
69151  -32.926  -3.426  28.328 0.0000000000
72523  -32.525  -0.301  27.574 0.0000000000
74894  -34.604  1.898  27.232 0.0000000000
74915  -35.042  2.025  25.888 0.0000000000
73727  -33.878  1.361  25.750 0.0000000000
72586  -37.660  -0.152  21.502 0.0000000000
72571  -38.113  -0.128  21.966 0.0000000000
72572  -38.522  -0.221  21.898 0.0000000000
74918  -38.979  2.181  25.079 0.0000000000
74935  -39.298  1.684  24.481 0.0000000000
74936  -40.373  1.243  24.528 0.0000000000
73737  -41.157  0.678  23.985 0.0000000000
73755  -41.836  0.441  23.304 0.0000000000
73756  -42.794  0.694  23.543 0.0000000000
74955  -43.539  1.073  23.816 0.0000000000
74941  -44.564  1.829  23.963 0.0000000000
76181  -45.151  2.200  24.198 0.0000000000
77350  -46.793  3.557  24.695 0.0000000000
59909  -16.343  -11.371  38.830 0.0000000000
59916  -16.541  -11.710  38.158 0.0000000000
59926  -16.754  -12.169  37.495 0.0000000000
59927  -17.348  -11.779  37.169 0.0000000000
58836  -16.888  -12.598  37.045 0.0000000000
57744  -17.159  -13.086  36.716 0.0000000000
141263  -20.170  -13.571  34.744 0.0000000000
57759  -18.495  -13.519  35.896 0.0000000000
54023  -5.964  -15.911  52.208 0.0000000000
55267  -7.288  -15.391  51.109 0.0000000000
50891  -6.688  -19.708  48.529 0.0000000000
57619  -9.834  -13.737  47.740 0.0000000000
55307  -8.755  -15.278  47.194 0.0000000000
55308  -9.139  -15.095  46.616 0.0000000000
54120  -8.210  -16.142  47.039 0.0000000000
53033  -7.677  -17.574  46.893 0.0000000000
53054  -10.238  -17.457  44.492 0.0000000000
53047  -9.669  -17.631  45.180 0.0000000000
92726  -58.707  17.189  10.805 0.0000000000
46089  -2.564  -23.630  52.013 0.0000000000
46096  -2.340  -23.598  50.964 0.0000000000
47143  -2.367  -22.758  50.716 0.0000000000
48351  -2.183  -21.513  49.636 0.0000000000
44117  -2.203  -24.873  48.220 0.0000000000
45145  -2.134  -24.102  47.835 0.0000000000
46126  -2.137  -23.228  48.439 0.0000000000
47176  -2.138  -22.121  48.131 0.0000000000
45122  -2.267  -24.069  50.103 0.0000000000
45130  -2.240  -24.236  49.671 0.0000000000
45131  -2.255  -24.683  49.837 0.0000000000
46095  -2.321  -23.317  50.649 0.0000000000
46106  -2.292  -23.854  50.537 0.0000000000
48328  -3.091  -21.597  52.679 0.0000000000
49607  -2.543  -20.997  50.813 0.0000000000
51906  -2.576  -19.286  51.379 0.0000000000
51918  -4.490  -18.826  50.948 0.0000000000
54138  -8.968  -16.243  45.512 0.0000000000
55424  -13.767  -15.064  39.753 0.0000000000
56512  -10.212  -13.953  45.750 0.0000000000
56588  -13.370  -14.170  39.960 0.0000000000
56604  -15.805  -14.251  38.408 0.0000000000
56616  -16.000  -13.868  38.056 0.0000000000
57706  -14.950  -14.028  38.753 0.0000000000
58795  -12.380  -13.485  41.572 0.0000000000
58825  -15.448  -12.567  38.403 0.0000000000
58834  -15.754  -12.907  37.940 0.0000000000
59857  -12.997  -10.863  45.083 0.0000000000
59915  -15.894  -12.036  38.437 0.0000000000
60920  -13.466  -9.907  45.856 0.0000000000
60935  -14.583  -9.975  44.158 0.0000000000
60939  -13.692  -10.643  44.192 0.0000000000
61040  -20.686  -10.112  33.732 0.0000000000
61961  -14.973  -9.649  44.467 0.0000000000
61974  -16.907  -9.295  43.547 0.0000000000
61996  -16.729  -9.721  42.185 0.0000000000
62024  -34.156  -9.263  38.783 0.0000000000
62034  -31.291  -8.971  38.412 0.0000000000
62035  -31.697  -9.185  38.384 0.0000000000
62059  -30.144  -9.121  36.519 0.0000000000
62097  -36.219  -8.622  34.136 0.0000000000
62111  -35.706  -8.917  32.997 0.0000000000
63119  -17.412  -9.140  43.590 0.0000000000
63265  -37.370  -7.854  34.174 0.0000000000
63277  -37.133  -7.963  33.532 0.0000000000
63292  -36.955  -8.041  33.030 0.0000000000
64434  -28.213  -8.098  38.157 0.0000000000
64435  -28.575  -8.205  38.265 0.0000000000
64501  -37.211  -7.404  32.063 0.0000000000
65634  -38.127  -6.929  34.452 0.0000000000
66782  -39.134  -5.134  35.020 0.0000000000
66800  -38.221  -5.266  33.000 0.0000000000
66815  -37.221  -5.387  31.106 0.0000000000
69120  -37.892  -3.832  32.837 0.0000000000
70215  -38.841  -2.171  35.295 0.0000000000
71334  -37.165  -1.653  33.731 0.0000000000
71353  -35.791  -1.573  32.246 0.0000000000
72429  -38.892  -0.489  36.467 0.0000000000
72437  -38.527  -0.629  36.062 0.0000000000
72443  -37.014  -0.656  34.446 0.0000000000
72450  -36.050  -0.541  33.511 0.0000000000
72573  -39.304  -0.328  21.743 0.0000000000
72584  -36.026  0.289  21.076 0.0000000000
72589  -40.494  -0.396  20.721 0.0000000000
73627  -35.974  0.716  34.561 0.0000000000
73757  -43.406  0.849  23.276 0.0000000000
73821  -40.931  0.273  18.815 0.0000000000
73822  -41.596  0.380  19.217 0.0000000000
73841  -42.011  0.700  18.980 0.0000000000
74809  -36.085  1.780  34.951 0.0000000000
74885  -35.737  2.268  28.916 0.0000000000
74905  -41.579  1.870  25.812 0.0000000000
74914  -34.381  1.760  26.026 0.0000000000
74939  -43.269  1.223  24.662 0.0000000000
74963  -43.845  1.114  22.981 0.0000000000
74965  -45.019  2.294  22.552 0.0000000000
74984  -43.025  0.845  20.381 0.0000000000
75997  -36.885  2.272  35.725 0.0000000000
76029  -35.737  2.391  33.702 0.0000000000
76032  -38.115  4.047  32.632 0.0000000000
76143  -35.988  2.398  27.168 0.0000000000
76148  -40.495  2.490  26.560 0.0000000000
76163  -37.608  2.469  25.692 0.0000000000
76168  -43.504  1.775  25.493 0.0000000000
76177  -36.981  2.341  24.900 0.0000000000
76180  -44.509  1.859  24.439 0.0000000000
76196  -45.297  2.817  22.111 0.0000000000
76205  -45.038  2.839  21.305 0.0000000000
76219  -44.489  2.750  20.317 0.0000000000
76231  -43.752  2.576  19.210 0.0000000000
76232  -44.135  2.703  19.774 0.0000000000
76247  -43.339  2.578  18.646 0.0000000000
77302  -41.615  3.489  29.115 0.0000000000
77311  -41.135  3.068  28.301 0.0000000000
77404  -44.978  4.018  19.834 0.0000000000
78611  -44.630  4.407  18.367 0.0000000000
79721  -47.065  5.247  23.223 0.0000000000
79743  -46.161  5.954  21.458 0.0000000000
79756  -45.593  5.312  20.063 0.0000000000
79769  -45.997  5.922  19.614 0.0000000000
80967  -47.321  6.505  22.588 0.0000000000
81010  -46.580  6.290  19.169 0.0000000000
81011  -47.247  6.467  18.769 0.0000000000
81013  -48.580  6.645  18.010 0.0000000000
81041  -48.938  6.812  15.594 0.0000000000
82278  -47.847  7.327  22.221 0.0000000000
82330  -48.604  6.807  18.511 0.0000000000
82357  -50.186  7.830  15.058 0.0000000000
83547  -49.799  7.778  24.236 0.0000000000
83553  -49.113  7.791  23.494 0.0000000000
83561  -49.637  8.353  22.959 0.0000000000
83574  -49.037  8.142  22.387 0.0000000000
83607  -50.904  8.436  20.111 0.0000000000
83608  -51.442  8.576  19.639 0.0000000000
83609  -52.173  9.029  19.256 0.0000000000
83610  -52.574  9.298  18.877 0.0000000000
83619  -52.332  9.051  18.356 0.0000000000
83630  -52.795  9.358  17.969 0.0000000000
83639  -52.370  8.879  16.653 0.0000000000
83647  -52.257  8.954  15.586 0.0000000000
84840  -52.583  9.327  19.229 0.0000000000
84847  -53.178  9.605  18.135 0.0000000000
84857  -53.625  9.828  17.545 0.0000000000
84873  -53.182  9.650  15.573 0.0000000000
84890  -52.009  9.533  13.873 0.0000000000
85996  -53.678  9.867  16.347 0.0000000000
86014  -53.962  10.655  14.945 0.0000000000
87178  -53.858  10.735  14.616 0.0000000000
88355  -55.480  12.105  15.497 0.0000000000
89476  -56.217  14.058  11.676 0.0000000000
90581  -57.451  14.617  13.183 0.0000000000
90600  -56.723  14.656  10.422 0.0000000000
91668  -57.752  15.939  11.778 0.0000000000
91676  -57.650  15.561  10.404 0.0000000000
93769  -58.685  17.885  12.283 0.0000000000
93781  -59.094  17.840  10.374 0.0000000000
141151  -22.630  -7.819  34.168 0.0000000000
141185  -21.990  -7.617  38.378 0.0000000000
141294  -22.371  -8.060  33.840 0.0000000000
141306  -23.364  -9.642  31.440 0.0000000000
141316  -22.612  -8.982  32.027 0.0000000000
141320  -18.962  -10.245  36.854 0.0000000000
