#!ascii label  , from subject MNI_FS2 vox2ras=TkReg
530
83139  -31.575  7.221  -52.192 0.0000000000
78104  -28.093  3.233  -47.904 0.0000000000
74639  -32.198  0.800  -52.266 0.0000000000
72228  -30.362  -0.608  -45.318 0.0000000000
97669  -26.836  20.622  -59.089 0.0000000000
92287  -28.761  14.929  -58.458 0.0000000000
90065  -30.955  13.794  -50.730 0.0000000000
67683  -29.397  -5.029  -42.535 0.0000000000
75724  -29.133  1.262  -46.499 0.0000000000
71124  -27.213  -1.857  -46.358 0.0000000000
95474  -28.677  17.994  -59.123 0.0000000000
94380  -30.730  17.518  -55.166 0.0000000000
84354  -28.556  8.382  -48.364 0.0000000000
85573  -27.110  9.410  -50.034 0.0000000000
86716  -31.748  10.420  -50.756 0.0000000000
87899  -30.242  10.887  -55.029 0.0000000000
83160  -29.714  7.282  -54.900 0.0000000000
78173  -30.449  3.659  -55.454 0.0000000000
79314  -26.415  4.687  -50.109 0.0000000000
80481  -30.902  5.816  -48.396 0.0000000000
78151  -31.457  3.572  -52.629 0.0000000000
78105  -31.442  3.608  -48.376 0.0000000000
74604  -31.963  0.874  -48.239 0.0000000000
73416  -32.828  -0.579  -47.591 0.0000000000
91168  -28.688  15.448  -51.584 0.0000000000
91185  -31.344  14.489  -54.737 0.0000000000
87930  -28.276  11.324  -57.577 0.0000000000
68872  -27.358  -4.315  -45.040 0.0000000000
69992  -29.360  -2.692  -44.462 0.0000000000
72241  -26.755  -1.339  -47.043 0.0000000000
70019  -26.226  -2.879  -46.892 0.0000000000
95446  -29.302  19.010  -55.370 0.0000000000
94361  -28.811  17.582  -53.003 0.0000000000
84357  -31.542  8.139  -49.625 0.0000000000
85574  -31.145  9.760  -49.410 0.0000000000
84380  -31.867  8.366  -51.527 0.0000000000
84404  -30.922  8.274  -53.602 0.0000000000
83152  -30.835  7.156  -53.435 0.0000000000
80563  -29.654  5.552  -55.106 0.0000000000
80556  -30.721  5.344  -53.611 0.0000000000
78117  -26.595  3.413  -49.565 0.0000000000
80498  -28.018  5.589  -48.522 0.0000000000
79284  -29.666  4.787  -47.834 0.0000000000
79286  -31.348  4.745  -48.687 0.0000000000
79267  -29.571  3.970  -47.498 0.0000000000
74578  -30.326  0.965  -46.257 0.0000000000
75741  -30.623  1.798  -46.583 0.0000000000
74579  -31.369  0.883  -46.363 0.0000000000
73415  -32.353  0.119  -47.829 0.0000000000
73399  -32.270  0.149  -46.549 0.0000000000
97653  -25.794  20.962  -56.802 0.0000000000
97652  -24.945  21.069  -56.487 0.0000000000
97667  -25.079  21.778  -58.511 0.0000000000
98685  -23.956  22.161  -59.938 0.0000000000
96563  -26.467  19.810  -60.555 0.0000000000
93324  -29.004  16.600  -58.762 0.0000000000
87853  -28.745  11.883  -49.483 0.0000000000
88995  -28.217  12.744  -50.089 0.0000000000
91159  -30.382  14.678  -51.120 0.0000000000
92258  -30.756  15.486  -52.183 0.0000000000
91171  -31.614  14.115  -52.838 0.0000000000
85641  -29.223  9.177  -55.970 0.0000000000
87919  -29.271  11.441  -56.602 0.0000000000
85648  -27.633  9.470  -57.633 0.0000000000
76992  -31.661  2.371  -52.651 0.0000000000
77011  -31.921  2.004  -54.837 0.0000000000
66518  -27.935  -5.696  -43.299 0.0000000000
67718  -27.894  -4.782  -44.036 0.0000000000
68873  -27.903  -4.046  -44.589 0.0000000000
69962  -29.649  -3.883  -43.428 0.0000000000
75752  -26.948  1.555  -48.303 0.0000000000
76936  -28.687  2.564  -47.188 0.0000000000
74589  -27.191  0.322  -47.483 0.0000000000
73396  -28.307  -0.084  -46.380 0.0000000000
72227  -28.979  -1.190  -45.592 0.0000000000
96538  -27.666  20.223  -56.733 0.0000000000
97670  -27.423  20.006  -59.255 0.0000000000
96540  -29.347  19.185  -57.161 0.0000000000
94384  -30.131  17.677  -56.871 0.0000000000
93316  -30.446  16.598  -56.650 0.0000000000
81824  -26.342  6.728  -50.414 0.0000000000
84366  -27.258  8.690  -49.681 0.0000000000
86704  -29.175  11.075  -48.928 0.0000000000
89007  -31.660  12.216  -50.992 0.0000000000
89026  -31.783  12.414  -53.007 0.0000000000
86742  -31.481  10.538  -53.388 0.0000000000
85624  -30.233  9.551  -54.808 0.0000000000
83169  -28.668  7.164  -55.996 0.0000000000
79371  -29.075  5.074  -57.050 0.0000000000
66495  -30.355  -5.938  -41.075 0.0000000000
68817  -30.153  -4.462  -42.435 0.0000000000
81813  -27.501  6.774  -49.061 0.0000000000
83086  -29.739  7.362  -48.204 0.0000000000
81815  -31.561  6.767  -49.537 0.0000000000
80548  -31.382  5.197  -52.520 0.0000000000
79302  -31.720  4.921  -49.861 0.0000000000
78130  -31.853  3.762  -50.403 0.0000000000
75778  -31.971  1.781  -50.804 0.0000000000
76938  -30.978  2.740  -47.027 0.0000000000
75754  -31.780  1.715  -48.512 0.0000000000
74628  -31.950  0.576  -50.241 0.0000000000
73449  -32.259  -0.499  -50.835 0.0000000000
72265  -32.462  -1.303  -49.484 0.0000000000
95483  -26.958  18.654  -60.739 0.0000000000
94346  -29.505  16.914  -52.613 0.0000000000
93305  -31.183  16.789  -54.736 0.0000000000
91191  -30.165  14.617  -56.601 0.0000000000
89037  -30.563  12.615  -55.096 0.0000000000
89042  -29.605  12.730  -56.488 0.0000000000
89057  -28.337  12.929  -58.006 0.0000000000
77027  -30.901  2.991  -54.737 0.0000000000
77046  -32.359  2.692  -56.115 0.0000000000
68885  -25.914  -4.176  -46.372 0.0000000000
70007  -27.199  -2.831  -46.006 0.0000000000
71107  -28.412  -2.287  -45.311 0.0000000000
72210  -29.808  -1.417  -45.025 0.0000000000
69963  -30.467  -3.480  -43.076 0.0000000000
71093  -31.394  -1.867  -44.067 0.0000000000
72211  -31.074  -1.236  -44.581 0.0000000000
94360  -27.762  17.476  -53.275 0.0000000000
83123  -31.884  7.482  -50.954 0.0000000000
84368  -31.699  8.579  -50.268 0.0000000000
84391  -31.299  7.719  -52.997 0.0000000000
83138  -31.237  7.086  -52.939 0.0000000000
81867  -30.502  6.293  -53.882 0.0000000000
81855  -31.132  6.218  -53.003 0.0000000000
76962  -26.882  2.763  -48.867 0.0000000000
76961  -26.507  2.729  -49.495 0.0000000000
78118  -27.044  3.410  -48.927 0.0000000000
79282  -27.742  3.925  -48.402 0.0000000000
79283  -28.664  4.227  -47.824 0.0000000000
79266  -29.076  3.754  -47.479 0.0000000000
73397  -29.680  0.040  -45.884 0.0000000000
73398  -30.986  0.332  -45.746 0.0000000000
97662  -26.758  20.858  -58.179 0.0000000000
97661  -25.926  21.300  -57.807 0.0000000000
97668  -26.065  21.301  -58.899 0.0000000000
97675  -25.201  21.633  -59.694 0.0000000000
97685  -26.039  20.369  -60.408 0.0000000000
97676  -26.195  20.619  -59.912 0.0000000000
92292  -29.093  16.042  -58.521 0.0000000000
92291  -28.391  15.479  -58.887 0.0000000000
91201  -28.289  14.368  -58.600 0.0000000000
88997  -30.217  12.690  -49.856 0.0000000000
88996  -29.270  12.637  -49.743 0.0000000000
90056  -29.571  13.323  -50.050 0.0000000000
90063  -28.709  13.776  -50.430 0.0000000000
90064  -29.876  14.034  -50.513 0.0000000000
91169  -30.807  14.832  -51.647 0.0000000000
90074  -31.445  13.622  -51.559 0.0000000000
84427  -27.782  7.877  -56.910 0.0000000000
85649  -28.097  9.256  -57.023 0.0000000000
75791  -31.889  1.501  -52.854 0.0000000000
75796  -32.086  1.415  -53.770 0.0000000000
74668  -32.970  0.794  -53.934 0.0000000000
66507  -29.039  -5.710  -42.178 0.0000000000
66506  -28.184  -6.097  -42.581 0.0000000000
67682  -28.636  -5.417  -42.823 0.0000000000
67701  -28.424  -4.983  -43.400 0.0000000000
68854  -28.494  -4.479  -43.732 0.0000000000
68835  -29.201  -4.515  -43.148 0.0000000000
74601  -26.370  0.418  -48.592 0.0000000000
74603  -27.314  1.110  -47.760 0.0000000000
73427  -26.665  -0.144  -47.869 0.0000000000
72242  -27.437  -0.549  -46.741 0.0000000000
72226  -27.675  -1.208  -46.317 0.0000000000
96544  -28.164  19.960  -57.750 0.0000000000
96528  -28.423  19.636  -55.977 0.0000000000
94379  -30.188  18.146  -55.678 0.0000000000
95451  -29.718  18.733  -56.506 0.0000000000
94385  -30.516  17.337  -56.032 0.0000000000
83108  -27.032  7.563  -49.682 0.0000000000
84353  -27.852  8.371  -49.010 0.0000000000
85575  -31.547  9.664  -50.191 0.0000000000
86705  -30.386  10.616  -49.024 0.0000000000
86706  -31.281  10.582  -49.846 0.0000000000
87855  -30.868  11.361  -49.604 0.0000000000
87864  -31.440  11.532  -50.364 0.0000000000
87889  -31.806  11.359  -52.720 0.0000000000
86743  -31.792  10.112  -52.601 0.0000000000
84413  -30.399  8.211  -54.248 0.0000000000
85625  -30.612  9.018  -54.232 0.0000000000
84412  -29.933  8.249  -54.886 0.0000000000
84420  -29.313  8.328  -55.654 0.0000000000
83170  -29.221  7.238  -55.512 0.0000000000
80578  -28.707  5.689  -56.448 0.0000000000
80571  -28.826  5.867  -56.060 0.0000000000
78172  -30.214  4.054  -55.768 0.0000000000
79372  -30.011  4.332  -56.704 0.0000000000
78193  -31.538  3.150  -56.497 0.0000000000
66478  -30.081  -6.433  -40.710 0.0000000000
66479  -31.014  -6.017  -40.651 0.0000000000
78141  -25.939  4.334  -50.748 0.0000000000
80514  -26.408  5.661  -50.261 0.0000000000
80515  -26.779  5.406  -49.714 0.0000000000
80480  -29.956  5.728  -48.120 0.0000000000
81801  -28.675  6.602  -48.255 0.0000000000
81803  -30.323  6.657  -48.288 0.0000000000
81804  -31.137  6.850  -48.748 0.0000000000
80499  -31.706  5.983  -49.904 0.0000000000
80482  -31.473  5.857  -49.141 0.0000000000
79269  -31.075  4.245  -47.974 0.0000000000
78119  -31.725  3.746  -49.333 0.0000000000
76975  -31.943  2.902  -50.876 0.0000000000
76963  -31.835  2.727  -49.950 0.0000000000
75739  -28.538  1.433  -46.811 0.0000000000
76937  -29.908  2.652  -46.874 0.0000000000
75742  -31.476  1.723  -47.420 0.0000000000
74605  -31.894  1.149  -48.794 0.0000000000
75765  -31.865  1.553  -49.424 0.0000000000
74617  -31.973  0.670  -49.190 0.0000000000
73442  -32.261  -0.661  -49.140 0.0000000000
73429  -32.488  -0.698  -48.546 0.0000000000
71162  -32.933  -2.075  -49.873 0.0000000000
95464  -28.672  18.876  -59.010 0.0000000000
96565  -27.430  19.113  -60.083 0.0000000000
95473  -28.298  18.503  -59.418 0.0000000000
84379  -25.984  8.770  -50.894 0.0000000000
91167  -27.916  14.936  -51.471 0.0000000000
92256  -28.326  15.995  -52.151 0.0000000000
93283  -28.530  16.630  -52.418 0.0000000000
93284  -29.091  16.614  -52.347 0.0000000000
92269  -31.436  15.487  -53.567 0.0000000000
93296  -31.285  16.233  -54.146 0.0000000000
92277  -31.384  15.587  -54.796 0.0000000000
91192  -30.707  15.167  -56.103 0.0000000000
91188  -30.807  14.583  -55.731 0.0000000000
87900  -30.698  11.454  -54.524 0.0000000000
89025  -31.383  12.422  -53.854 0.0000000000
87910  -30.531  12.037  -54.865 0.0000000000
87918  -28.598  10.801  -57.097 0.0000000000
87931  -29.126  12.219  -57.090 0.0000000000
89049  -29.338  12.991  -56.946 0.0000000000
89048  -28.788  12.703  -57.511 0.0000000000
87941  -27.480  11.401  -58.420 0.0000000000
79342  -31.386  4.414  -52.578 0.0000000000
79341  -31.102  4.447  -53.163 0.0000000000
78157  -31.068  3.557  -53.593 0.0000000000
77029  -32.267  2.189  -55.416 0.0000000000
67731  -27.145  -4.736  -44.886 0.0000000000
67743  -26.203  -4.800  -45.661 0.0000000000
68886  -26.999  -4.090  -45.571 0.0000000000
70006  -26.488  -3.407  -46.385 0.0000000000
68874  -28.868  -3.380  -44.350 0.0000000000
69991  -28.448  -2.904  -44.911 0.0000000000
71108  -29.118  -1.986  -45.047 0.0000000000
71109  -30.081  -1.980  -44.466 0.0000000000
69947  -30.706  -3.866  -42.457 0.0000000000
72196  -31.456  -1.497  -44.330 0.0000000000
72254  -26.533  -0.675  -47.769 0.0000000000
72253  -25.920  -1.454  -48.114 0.0000000000
71137  -26.097  -2.158  -47.414 0.0000000000
71138  -26.668  -2.328  -46.687 0.0000000000
95445  -28.134  19.321  -54.989 0.0000000000
95433  -28.735  18.751  -54.423 0.0000000000
94368  -28.381  18.147  -53.774 0.0000000000
94369  -29.896  17.952  -54.194 0.0000000000
84343  -30.713  8.309  -48.529 0.0000000000
85563  -29.757  9.440  -48.366 0.0000000000
84356  -31.207  8.714  -49.128 0.0000000000
85588  -31.900  9.394  -51.064 0.0000000000
86728  -31.903  10.070  -51.621 0.0000000000
85616  -31.590  8.935  -52.976 0.0000000000
83161  -30.209  7.277  -54.275 0.0000000000
81873  -29.615  6.371  -54.975 0.0000000000
81874  -30.089  6.337  -54.415 0.0000000000
80564  -30.088  5.425  -54.494 0.0000000000
79356  -30.140  4.327  -54.802 0.0000000000
76974  -26.118  2.764  -50.134 0.0000000000
79300  -26.702  4.046  -49.544 0.0000000000
79315  -26.892  4.832  -49.474 0.0000000000
79301  -27.272  4.449  -48.974 0.0000000000
80479  -28.766  5.599  -48.116 0.0000000000
79285  -30.590  4.926  -48.077 0.0000000000
78088  -31.062  3.539  -47.577 0.0000000000
74591  -29.644  1.240  -46.415 0.0000000000
75725  -30.962  1.282  -46.382 0.0000000000
75726  -31.345  1.358  -46.703 0.0000000000
74593  -31.799  0.831  -47.177 0.0000000000
73428  -32.182  -0.048  -48.784 0.0000000000
73400  -32.929  -0.535  -46.832 0.0000000000
96536  -25.575  20.338  -55.964 0.0000000000
97660  -25.071  21.522  -57.423 0.0000000000
98681  -24.706  21.988  -59.129 0.0000000000
97684  -25.632  20.718  -60.769 0.0000000000
94394  -28.882  17.446  -58.981 0.0000000000
94401  -28.348  17.448  -59.418 0.0000000000
93323  -28.464  16.597  -59.191 0.0000000000
87861  -26.434  11.669  -51.143 0.0000000000
89004  -27.116  12.882  -50.844 0.0000000000
90062  -27.804  13.928  -50.880 0.0000000000
91158  -29.167  14.874  -51.070 0.0000000000
92257  -29.445  15.796  -51.860 0.0000000000
92247  -30.060  15.235  -51.516 0.0000000000
92259  -31.493  14.830  -52.815 0.0000000000
91178  -31.524  14.270  -53.964 0.0000000000
86760  -29.902  10.138  -55.381 0.0000000000
87909  -30.057  11.440  -55.428 0.0000000000
86769  -29.335  10.321  -56.134 0.0000000000
86768  -28.699  10.249  -56.797 0.0000000000
86779  -28.139  10.209  -57.360 0.0000000000
78158  -31.374  2.870  -53.221 0.0000000000
77000  -31.630  2.205  -53.440 0.0000000000
75812  -32.718  1.429  -54.631 0.0000000000
66530  -26.994  -5.918  -43.847 0.0000000000
67717  -27.345  -5.159  -44.270 0.0000000000
67732  -27.560  -4.687  -44.449 0.0000000000
68855  -28.969  -3.945  -43.872 0.0000000000
69975  -29.687  -3.290  -43.900 0.0000000000
75763  -26.348  1.645  -49.218 0.0000000000
76951  -27.352  2.615  -48.300 0.0000000000
76952  -27.942  2.564  -47.714 0.0000000000
75753  -27.749  1.791  -47.578 0.0000000000
73413  -27.069  -0.159  -47.348 0.0000000000
73414  -27.597  -0.033  -46.884 0.0000000000
74576  -28.484  0.763  -46.603 0.0000000000
96525  -25.299  19.614  -55.207 0.0000000000
96537  -26.565  20.361  -56.242 0.0000000000
97654  -26.706  20.786  -57.200 0.0000000000
97663  -27.513  20.271  -58.455 0.0000000000
96550  -28.383  19.410  -58.789 0.0000000000
95457  -29.217  18.786  -58.044 0.0000000000
96529  -29.188  19.366  -56.365 0.0000000000
95458  -29.476  18.541  -57.624 0.0000000000
95466  -29.395  18.018  -58.123 0.0000000000
94390  -29.681  17.494  -57.823 0.0000000000
93315  -29.963  16.577  -57.525 0.0000000000
92288  -29.340  15.505  -58.104 0.0000000000
85561  -27.820  9.584  -49.402 0.0000000000
86694  -30.042  9.999  -48.652 0.0000000000
86692  -28.492  10.300  -48.984 0.0000000000
86691  -27.998  10.363  -49.483 0.0000000000
87854  -29.947  11.791  -49.445 0.0000000000
87863  -30.802  12.065  -49.818 0.0000000000
89006  -31.119  12.727  -50.314 0.0000000000
89016  -31.782  12.488  -51.889 0.0000000000
87888  -31.379  11.414  -53.646 0.0000000000
85615  -31.274  9.522  -53.560 0.0000000000
86752  -30.854  10.290  -54.145 0.0000000000
86751  -30.365  10.476  -54.775 0.0000000000
85632  -29.741  9.089  -55.364 0.0000000000
84429  -28.960  8.432  -56.080 0.0000000000
81888  -27.659  6.809  -56.947 0.0000000000
80587  -28.321  5.948  -57.385 0.0000000000
79389  -29.068  5.435  -57.743 0.0000000000
80579  -29.307  4.966  -56.348 0.0000000000
74640  -32.566  0.171  -52.544 0.0000000000
66494  -29.673  -5.986  -41.456 0.0000000000
67663  -29.738  -5.404  -41.934 0.0000000000
67684  -29.976  -5.036  -42.081 0.0000000000
81825  -26.886  6.284  -49.691 0.0000000000
83097  -28.241  7.391  -48.502 0.0000000000
81814  -28.071  6.262  -48.559 0.0000000000
83085  -29.001  7.172  -48.135 0.0000000000
84341  -29.105  7.904  -48.148 0.0000000000
83098  -31.055  7.971  -48.767 0.0000000000
83109  -31.674  7.555  -49.984 0.0000000000
81840  -31.825  6.437  -51.345 0.0000000000
81856  -31.526  6.105  -52.137 0.0000000000
80532  -31.747  5.428  -51.623 0.0000000000
80516  -31.870  5.685  -50.678 0.0000000000
79316  -31.927  4.653  -51.005 0.0000000000
78142  -31.811  3.656  -51.448 0.0000000000
76986  -31.872  2.636  -51.753 0.0000000000
75786  -32.000  1.604  -51.963 0.0000000000
78086  -29.372  3.312  -47.268 0.0000000000
78087  -30.239  3.419  -47.268 0.0000000000
76939  -31.457  2.673  -47.942 0.0000000000
76953  -31.827  2.684  -48.882 0.0000000000
74633  -32.152  0.591  -51.366 0.0000000000
73456  -32.333  -0.150  -51.512 0.0000000000
73457  -32.909  -0.598  -51.769 0.0000000000
73441  -32.116  -0.439  -49.709 0.0000000000
72271  -32.261  -0.997  -50.100 0.0000000000
96556  -26.943  19.764  -59.976 0.0000000000
96564  -27.161  19.265  -60.262 0.0000000000
94399  -26.983  17.150  -60.401 0.0000000000
93293  -28.070  16.848  -52.648 0.0000000000
93304  -30.701  17.333  -54.230 0.0000000000
93285  -30.037  16.491  -52.606 0.0000000000
93295  -30.794  16.865  -53.574 0.0000000000
93312  -30.858  16.650  -55.789 0.0000000000
92283  -30.098  15.577  -57.171 0.0000000000
91196  -29.519  14.550  -57.522 0.0000000000
90075  -31.703  13.433  -52.426 0.0000000000
90084  -31.442  13.358  -53.963 0.0000000000
90092  -31.153  13.472  -54.638 0.0000000000
89036  -30.031  12.562  -55.810 0.0000000000
90095  -30.188  13.525  -56.016 0.0000000000
90100  -29.810  13.610  -56.555 0.0000000000
90104  -29.438  13.674  -57.161 0.0000000000
90103  -28.903  13.625  -57.791 0.0000000000
90109  -28.301  13.560  -58.310 0.0000000000
80547  -31.077  5.299  -53.084 0.0000000000
79349  -30.575  4.428  -54.021 0.0000000000
78174  -31.086  3.095  -55.909 0.0000000000
77009  -31.002  3.011  -54.171 0.0000000000
77028  -31.312  2.607  -55.254 0.0000000000
68897  -25.902  -3.458  -46.857 0.0000000000
70020  -26.632  -2.872  -46.487 0.0000000000
68887  -27.705  -3.328  -45.326 0.0000000000
70008  -27.934  -2.671  -45.450 0.0000000000
71125  -27.971  -1.977  -45.736 0.0000000000
71126  -28.613  -1.864  -45.414 0.0000000000
72209  -29.305  -1.543  -45.233 0.0000000000
68836  -29.883  -4.110  -43.049 0.0000000000
69976  -30.360  -2.852  -43.737 0.0000000000
71079  -31.020  -2.556  -43.490 0.0000000000
69993  -30.018  -2.625  -44.131 0.0000000000
72229  -31.724  -0.281  -45.324 0.0000000000
66531  -27.726  -5.330  -43.792 0.0000000000
67702  -28.890  -4.970  -42.956 0.0000000000
67744  -26.697  -4.734  -45.323 0.0000000000
68816  -29.581  -4.675  -42.711 0.0000000000
68834  -28.690  -4.653  -43.416 0.0000000000
71092  -30.597  -2.272  -44.019 0.0000000000
71110  -30.780  -1.833  -44.281 0.0000000000
72225  -27.174  -1.456  -46.528 0.0000000000
72240  -26.254  -1.661  -47.530 0.0000000000
72264  -32.220  -0.954  -49.784 0.0000000000
74577  -29.193  0.753  -46.325 0.0000000000
74590  -27.677  0.623  -47.194 0.0000000000
74592  -30.037  1.451  -46.441 0.0000000000
74602  -26.877  0.488  -47.958 0.0000000000
74618  -31.865  1.154  -49.089 0.0000000000
74634  -32.385  0.135  -51.903 0.0000000000
74641  -33.035  -0.025  -52.946 0.0000000000
74648  -32.183  0.836  -52.983 0.0000000000
74649  -32.649  0.601  -53.389 0.0000000000
75723  -28.825  1.056  -46.526 0.0000000000
75740  -29.503  1.798  -46.603 0.0000000000
75751  -26.489  0.917  -48.678 0.0000000000
75755  -31.854  1.385  -48.936 0.0000000000
75764  -26.764  2.269  -48.814 0.0000000000
75766  -31.822  1.375  -49.168 0.0000000000
75797  -32.573  1.029  -53.952 0.0000000000
75811  -32.031  1.765  -54.408 0.0000000000
76999  -31.281  2.776  -53.757 0.0000000000
77010  -31.531  2.357  -54.310 0.0000000000
77030  -33.025  2.193  -55.754 0.0000000000
77045  -31.704  2.731  -55.851 0.0000000000
77047  -33.135  2.818  -56.259 0.0000000000
78085  -28.760  3.430  -47.504 0.0000000000
78103  -27.544  3.299  -48.379 0.0000000000
78150  -31.199  3.843  -53.143 0.0000000000
78163  -30.603  3.611  -54.457 0.0000000000
78191  -30.257  4.022  -56.032 0.0000000000
79268  -30.397  4.166  -47.661 0.0000000000
79328  -26.077  5.078  -50.702 0.0000000000
79329  -31.625  4.479  -51.972 0.0000000000
79355  -29.806  4.915  -55.216 0.0000000000
79363  -29.901  4.467  -55.829 0.0000000000
79364  -30.052  4.317  -55.328 0.0000000000
79373  -30.556  3.820  -56.921 0.0000000000
80478  -27.964  4.896  -48.478 0.0000000000
80497  -27.405  5.565  -49.056 0.0000000000
80572  -29.237  5.591  -55.722 0.0000000000
81802  -29.407  6.532  -48.134 0.0000000000
81826  -31.794  6.658  -50.389 0.0000000000
81880  -28.686  6.413  -56.024 0.0000000000
81881  -29.145  6.383  -55.548 0.0000000000
81889  -28.067  6.323  -56.655 0.0000000000
81897  -27.883  6.369  -57.152 0.0000000000
83087  -30.613  7.575  -48.458 0.0000000000
83088  -31.096  7.525  -48.749 0.0000000000
83096  -27.626  7.534  -49.049 0.0000000000
83099  -31.372  7.656  -49.193 0.0000000000
83176  -27.641  7.315  -56.836 0.0000000000
83177  -28.138  7.258  -56.439 0.0000000000
84342  -29.975  8.256  -48.254 0.0000000000
84355  -30.402  8.905  -48.447 0.0000000000
84367  -31.430  9.193  -49.749 0.0000000000
84392  -31.650  8.286  -52.504 0.0000000000
84405  -31.397  8.295  -53.067 0.0000000000
84419  -28.779  7.803  -56.041 0.0000000000
84428  -28.411  8.471  -56.469 0.0000000000
84436  -27.881  8.499  -56.968 0.0000000000
85552  -29.294  8.739  -48.184 0.0000000000
85553  -29.864  8.862  -48.252 0.0000000000
85562  -28.638  9.360  -48.522 0.0000000000
85564  -30.563  9.620  -48.747 0.0000000000
85601  -31.827  9.198  -52.068 0.0000000000
85640  -28.746  9.492  -56.486 0.0000000000
86693  -29.408  10.194  -48.621 0.0000000000
87862  -26.786  12.153  -50.914 0.0000000000
87875  -31.850  11.184  -51.558 0.0000000000
87942  -28.112  12.175  -58.018 0.0000000000
88994  -27.544  12.262  -50.368 0.0000000000
89005  -27.928  13.359  -50.510 0.0000000000
89015  -31.543  13.027  -51.029 0.0000000000
89032  -30.998  12.560  -54.519 0.0000000000
90055  -28.929  13.149  -50.027 0.0000000000
90057  -30.393  13.374  -50.191 0.0000000000
90085  -31.681  13.318  -53.266 0.0000000000
90096  -30.700  13.544  -55.351 0.0000000000
91157  -28.368  14.420  -50.903 0.0000000000
91160  -31.051  14.340  -51.365 0.0000000000
91170  -31.300  14.419  -52.092 0.0000000000
91179  -31.590  14.050  -53.409 0.0000000000
91187  -30.238  14.086  -56.219 0.0000000000
91195  -28.902  14.402  -58.169 0.0000000000
92248  -30.494  15.068  -51.611 0.0000000000
92260  -31.616  14.444  -53.095 0.0000000000
92268  -30.895  16.219  -52.864 0.0000000000
92270  -31.583  14.649  -53.361 0.0000000000
92280  -31.046  15.763  -55.630 0.0000000000
92284  -30.595  15.727  -56.338 0.0000000000
92297  -28.042  16.038  -59.310 0.0000000000
93292  -27.117  16.730  -53.045 0.0000000000
93294  -28.710  17.011  -52.549 0.0000000000
93320  -29.454  16.612  -58.225 0.0000000000
93329  -27.861  16.587  -59.600 0.0000000000
94345  -29.167  17.136  -52.641 0.0000000000
94362  -29.733  17.244  -53.033 0.0000000000
94370  -30.694  17.467  -54.554 0.0000000000
94395  -29.308  17.460  -58.452 0.0000000000
94400  -27.625  17.527  -59.953 0.0000000000
94407  -27.130  17.892  -60.469 0.0000000000
95465  -29.020  18.522  -58.585 0.0000000000
95484  -27.488  18.635  -60.147 0.0000000000
96539  -28.714  19.715  -56.969 0.0000000000
96545  -29.022  19.203  -57.899 0.0000000000
96546  -29.326  19.009  -57.564 0.0000000000
96551  -28.882  19.095  -58.454 0.0000000000
96555  -26.569  20.087  -60.014 0.0000000000
96557  -27.576  19.362  -59.739 0.0000000000
97655  -27.383  20.474  -57.652 0.0000000000
97677  -26.843  20.170  -59.650 0.0000000000
97678  -27.194  19.848  -59.661 0.0000000000
98686  -24.468  22.039  -59.512 0.0000000000
