#!ascii label  , from subject MNI_FS2 vox2ras=TkReg
545
19905  -44.429  -49.306  -3.999 0.0000000000
16983  -47.763  -52.576  -8.212 0.0000000000
25339  -42.320  -44.442  -9.051 0.0000000000
18923  -49.078  -50.358  -6.050 0.0000000000
23177  -48.569  -46.442  -9.635 0.0000000000
22031  -38.500  -47.662  -3.783 0.0000000000
29906  -39.576  -40.113  -6.150 0.0000000000
24154  -44.522  -44.976  -2.270 0.0000000000
28828  -42.859  -41.173  -11.262 0.0000000000
24228  -45.408  -45.311  -9.575 0.0000000000
26510  -47.230  -42.943  -12.111 0.0000000000
26421  -36.588  -43.472  -5.386 0.0000000000
27512  -37.455  -42.127  -2.621 0.0000000000
24158  -48.977  -45.787  -2.594 0.0000000000
25290  -46.527  -43.951  -4.047 0.0000000000
16946  -49.741  -51.999  -3.246 0.0000000000
16968  -49.364  -52.114  -7.644 0.0000000000
15236  -50.768  -54.284  -7.997 0.0000000000
14385  -48.202  -55.774  -9.327 0.0000000000
22076  -42.721  -47.167  -6.017 0.0000000000
19919  -47.581  -49.959  -4.459 0.0000000000
22095  -48.271  -47.835  -7.597 0.0000000000
19953  -50.370  -49.317  -8.503 0.0000000000
24197  -39.313  -45.318  -6.320 0.0000000000
28777  -39.166  -41.032  -9.135 0.0000000000
29973  -42.822  -39.587  -8.954 0.0000000000
25242  -40.460  -43.873  -1.096 0.0000000000
27532  -42.148  -42.728  -3.754 0.0000000000
28729  -44.669  -41.386  -5.918 0.0000000000
28779  -47.734  -40.153  -8.744 0.0000000000
16955  -51.326  -52.665  -5.445 0.0000000000
18008  -46.171  -50.891  -10.963 0.0000000000
16098  -43.439  -53.434  -8.509 0.0000000000
15302  -41.029  -55.422  -11.526 0.0000000000
30039  -45.147  -39.947  -11.788 0.0000000000
27646  -45.234  -42.257  -11.872 0.0000000000
18902  -47.172  -50.775  -3.268 0.0000000000
16984  -48.735  -52.086  -8.026 0.0000000000
15234  -48.911  -54.414  -8.106 0.0000000000
15232  -47.130  -54.646  -8.211 0.0000000000
14408  -46.432  -55.953  -10.078 0.0000000000
15245  -45.144  -54.931  -8.524 0.0000000000
24216  -42.141  -45.469  -7.611 0.0000000000
24217  -43.298  -45.710  -7.872 0.0000000000
24230  -47.097  -45.884  -9.737 0.0000000000
23170  -46.602  -46.441  -8.556 0.0000000000
22107  -48.590  -47.410  -8.243 0.0000000000
21015  -49.614  -48.689  -7.950 0.0000000000
21028  -50.081  -48.254  -8.398 0.0000000000
23134  -40.676  -46.949  -5.371 0.0000000000
24185  -38.251  -45.870  -5.278 0.0000000000
28723  -37.751  -40.886  -5.864 0.0000000000
27585  -37.791  -42.089  -7.602 0.0000000000
29945  -38.516  -40.481  -7.758 0.0000000000
29971  -40.794  -39.683  -8.788 0.0000000000
29948  -41.484  -39.742  -7.816 0.0000000000
25244  -42.768  -44.584  -1.409 0.0000000000
26378  -40.461  -43.091  -2.261 0.0000000000
26381  -43.271  -43.751  -3.009 0.0000000000
26426  -47.449  -43.018  -5.350 0.0000000000
26424  -45.927  -42.658  -5.107 0.0000000000
27577  -46.441  -41.819  -6.213 0.0000000000
28760  -46.320  -40.701  -7.570 0.0000000000
19929  -48.243  -49.867  -5.212 0.0000000000
17913  -49.642  -51.247  -4.568 0.0000000000
17918  -50.561  -51.950  -5.661 0.0000000000
14375  -51.264  -55.048  -8.171 0.0000000000
19018  -44.900  -50.033  -11.469 0.0000000000
17950  -44.955  -51.381  -8.746 0.0000000000
16138  -40.720  -54.250  -10.241 0.0000000000
27625  -42.319  -42.400  -10.637 0.0000000000
25340  -43.352  -44.713  -9.188 0.0000000000
26482  -44.198  -43.738  -10.647 0.0000000000
26484  -45.715  -44.404  -10.753 0.0000000000
25353  -47.577  -45.253  -10.686 0.0000000000
25288  -36.685  -44.831  -4.975 0.0000000000
27541  -36.778  -41.889  -4.331 0.0000000000
28710  -38.660  -40.946  -4.532 0.0000000000
24157  -47.849  -45.782  -2.348 0.0000000000
24170  -45.926  -44.670  -3.134 0.0000000000
24173  -48.421  -45.262  -3.138 0.0000000000
25292  -48.452  -44.247  -4.336 0.0000000000
26428  -49.850  -43.611  -5.515 0.0000000000
17922  -49.258  -50.833  -6.501 0.0000000000
16958  -50.574  -52.291  -6.328 0.0000000000
16087  -50.102  -53.659  -7.709 0.0000000000
14373  -49.489  -55.168  -8.498 0.0000000000
13534  -48.972  -56.192  -9.697 0.0000000000
13550  -47.197  -56.248  -10.658 0.0000000000
14428  -45.494  -56.158  -10.956 0.0000000000
14444  -44.512  -56.351  -11.739 0.0000000000
20981  -43.666  -48.136  -5.181 0.0000000000
19917  -45.266  -49.183  -4.545 0.0000000000
20997  -45.795  -48.157  -6.155 0.0000000000
20999  -47.432  -48.607  -6.369 0.0000000000
24224  -45.196  -45.725  -8.831 0.0000000000
22094  -47.458  -47.517  -7.515 0.0000000000
19942  -48.763  -49.237  -6.868 0.0000000000
18928  -49.178  -50.039  -7.483 0.0000000000
16985  -49.054  -51.374  -7.876 0.0000000000
17939  -49.326  -51.024  -8.855 0.0000000000
22059  -41.640  -47.252  -5.444 0.0000000000
24199  -40.989  -46.195  -6.220 0.0000000000
25328  -40.124  -44.397  -7.795 0.0000000000
25302  -37.762  -44.392  -6.144 0.0000000000
26448  -39.007  -43.281  -8.262 0.0000000000
26463  -40.006  -43.134  -9.063 0.0000000000
28802  -41.157  -40.900  -10.282 0.0000000000
29992  -43.100  -39.627  -10.069 0.0000000000
29994  -45.213  -39.240  -10.171 0.0000000000
26376  -38.803  -42.819  -1.776 0.0000000000
27529  -39.186  -41.735  -3.605 0.0000000000
28712  -40.717  -41.117  -4.767 0.0000000000
26408  -44.520  -43.093  -4.133 0.0000000000
27562  -43.050  -41.750  -5.042 0.0000000000
29909  -42.080  -40.490  -6.130 0.0000000000
29928  -44.218  -40.478  -7.105 0.0000000000
29952  -45.731  -40.156  -8.212 0.0000000000
18912  -48.388  -50.567  -4.150 0.0000000000
16950  -50.562  -52.136  -4.224 0.0000000000
16061  -51.491  -53.369  -6.607 0.0000000000
14366  -52.117  -55.010  -6.847 0.0000000000
19954  -51.365  -49.321  -8.722 0.0000000000
17956  -50.058  -50.779  -9.610 0.0000000000
17001  -48.066  -51.656  -9.057 0.0000000000
17952  -46.846  -51.660  -9.382 0.0000000000
16980  -45.727  -53.054  -8.108 0.0000000000
15243  -43.711  -54.442  -8.768 0.0000000000
14426  -42.711  -55.870  -10.929 0.0000000000
30040  -45.832  -39.787  -12.017 0.0000000000
28851  -46.171  -40.770  -12.446 0.0000000000
18889  -46.945  -51.223  -2.750 0.0000000000
18901  -46.156  -50.403  -3.274 0.0000000000
16084  -47.415  -53.680  -8.114 0.0000000000
16085  -48.343  -53.469  -7.996 0.0000000000
15231  -46.472  -54.926  -8.315 0.0000000000
16083  -46.387  -53.986  -8.142 0.0000000000
25330  -41.922  -44.720  -8.355 0.0000000000
24222  -42.899  -45.109  -8.429 0.0000000000
23176  -47.864  -46.261  -9.599 0.0000000000
23172  -48.999  -47.044  -8.982 0.0000000000
22108  -49.548  -47.777  -8.436 0.0000000000
20955  -38.676  -48.457  -3.215 0.0000000000
22044  -39.153  -47.329  -4.431 0.0000000000
23132  -38.393  -46.615  -4.641 0.0000000000
29905  -38.682  -40.283  -6.242 0.0000000000
29922  -38.195  -40.478  -6.914 0.0000000000
29923  -38.985  -39.982  -6.965 0.0000000000
29947  -40.405  -39.713  -7.851 0.0000000000
29924  -39.998  -39.833  -6.942 0.0000000000
24140  -46.115  -45.789  -1.843 0.0000000000
23076  -45.719  -46.139  -1.090 0.0000000000
24139  -44.990  -45.593  -1.641 0.0000000000
24137  -43.130  -45.060  -0.933 0.0000000000
25245  -43.276  -44.651  -1.733 0.0000000000
25260  -43.299  -44.329  -2.232 0.0000000000
25261  -44.147  -44.488  -2.603 0.0000000000
26427  -48.574  -43.056  -5.692 0.0000000000
27566  -46.940  -42.451  -5.790 0.0000000000
27578  -47.341  -41.981  -6.494 0.0000000000
27580  -49.065  -42.305  -6.709 0.0000000000
18922  -48.790  -50.115  -5.503 0.0000000000
18918  -49.202  -50.647  -5.175 0.0000000000
17917  -49.740  -51.221  -5.582 0.0000000000
17948  -42.890  -51.427  -8.732 0.0000000000
16118  -41.205  -53.663  -9.402 0.0000000000
16117  -40.240  -53.330  -9.729 0.0000000000
27626  -42.910  -42.248  -11.070 0.0000000000
26481  -43.142  -43.259  -10.576 0.0000000000
26492  -43.334  -42.641  -11.085 0.0000000000
27647  -46.013  -42.563  -11.990 0.0000000000
26495  -45.891  -43.660  -11.404 0.0000000000
26496  -46.855  -43.732  -11.618 0.0000000000
25364  -47.208  -44.481  -11.234 0.0000000000
27542  -37.386  -41.647  -3.952 0.0000000000
27528  -37.933  -41.790  -3.437 0.0000000000
23092  -47.987  -46.229  -1.763 0.0000000000
24172  -47.399  -45.128  -3.081 0.0000000000
26413  -49.554  -44.017  -4.966 0.0000000000
16045  -51.445  -53.518  -3.592 0.0000000000
16969  -49.837  -52.176  -7.128 0.0000000000
16073  -49.637  -52.792  -7.585 0.0000000000
14372  -48.579  -55.202  -8.553 0.0000000000
13551  -48.270  -56.353  -10.347 0.0000000000
14407  -45.072  -55.670  -9.443 0.0000000000
14445  -45.340  -56.430  -11.897 0.0000000000
14427  -43.987  -55.864  -10.411 0.0000000000
22061  -43.091  -47.692  -5.561 0.0000000000
20982  -44.422  -48.245  -5.350 0.0000000000
20998  -46.532  -48.236  -6.430 0.0000000000
22093  -46.453  -47.490  -7.224 0.0000000000
25342  -45.008  -45.087  -9.598 0.0000000000
25341  -44.317  -44.944  -9.359 0.0000000000
23166  -46.940  -46.899  -7.955 0.0000000000
21013  -47.873  -48.218  -6.996 0.0000000000
21014  -48.637  -48.753  -7.191 0.0000000000
19943  -49.045  -49.476  -7.152 0.0000000000
21016  -50.102  -49.030  -8.215 0.0000000000
19944  -49.675  -49.403  -7.946 0.0000000000
18935  -49.708  -49.888  -8.319 0.0000000000
17940  -49.942  -50.412  -8.905 0.0000000000
23148  -39.926  -46.244  -5.746 0.0000000000
23149  -40.712  -46.393  -5.916 0.0000000000
24198  -40.396  -45.869  -6.323 0.0000000000
24214  -40.401  -44.890  -7.415 0.0000000000
25317  -39.573  -44.606  -7.266 0.0000000000
24195  -37.600  -44.925  -5.708 0.0000000000
26422  -37.190  -43.390  -6.200 0.0000000000
27586  -38.308  -42.110  -8.268 0.0000000000
26447  -38.179  -42.729  -7.912 0.0000000000
27599  -38.934  -42.063  -8.862 0.0000000000
26449  -39.946  -43.706  -8.441 0.0000000000
27600  -39.732  -41.987  -9.396 0.0000000000
27601  -40.524  -42.508  -9.664 0.0000000000
27623  -40.513  -41.543  -9.902 0.0000000000
29972  -41.786  -39.664  -8.873 0.0000000000
29991  -41.997  -39.994  -10.070 0.0000000000
29993  -44.154  -39.401  -10.139 0.0000000000
29974  -43.925  -39.546  -8.950 0.0000000000
26360  -39.240  -43.302  -1.285 0.0000000000
26391  -41.757  -42.966  -3.180 0.0000000000
27515  -40.493  -42.717  -2.786 0.0000000000
27530  -40.659  -42.353  -3.412 0.0000000000
27544  -40.151  -41.556  -4.175 0.0000000000
27545  -41.211  -41.884  -4.248 0.0000000000
25289  -45.865  -43.930  -3.822 0.0000000000
26394  -44.922  -43.697  -3.745 0.0000000000
26395  -45.475  -43.790  -3.827 0.0000000000
27564  -45.330  -42.179  -5.285 0.0000000000
27563  -44.151  -41.989  -5.033 0.0000000000
28728  -43.559  -41.258  -5.698 0.0000000000
28727  -42.354  -40.908  -5.651 0.0000000000
28740  -43.094  -40.692  -6.259 0.0000000000
28741  -43.945  -40.796  -6.384 0.0000000000
28761  -47.569  -40.876  -7.858 0.0000000000
28759  -45.631  -40.527  -7.534 0.0000000000
29953  -46.548  -40.213  -8.316 0.0000000000
29976  -45.971  -39.671  -9.137 0.0000000000
19918  -46.402  -49.337  -4.797 0.0000000000
19908  -47.302  -50.286  -3.824 0.0000000000
17914  -50.472  -51.843  -4.813 0.0000000000
17910  -50.134  -51.806  -4.168 0.0000000000
16956  -51.676  -53.297  -5.103 0.0000000000
16952  -51.612  -53.367  -4.614 0.0000000000
16052  -51.907  -53.958  -5.588 0.0000000000
16088  -50.661  -53.679  -7.653 0.0000000000
16970  -50.854  -52.878  -6.854 0.0000000000
16075  -51.236  -53.707  -7.334 0.0000000000
13530  -51.264  -56.090  -8.417 0.0000000000
14365  -51.789  -55.234  -7.523 0.0000000000
22110  -51.240  -48.120  -8.944 0.0000000000
21030  -51.775  -48.770  -8.785 0.0000000000
17955  -49.558  -50.967  -9.468 0.0000000000
17002  -48.977  -51.183  -9.424 0.0000000000
16997  -44.177  -52.456  -8.331 0.0000000000
17951  -46.031  -51.428  -9.004 0.0000000000
16998  -45.393  -52.682  -8.198 0.0000000000
16099  -44.354  -53.624  -8.340 0.0000000000
15282  -41.208  -55.034  -10.728 0.0000000000
15263  -42.425  -54.863  -9.642 0.0000000000
14425  -42.217  -55.770  -11.066 0.0000000000
28829  -43.903  -40.947  -11.688 0.0000000000
27645  -44.300  -42.134  -11.594 0.0000000000
28830  -44.660  -41.360  -11.921 0.0000000000
27661  -45.859  -41.715  -12.215 0.0000000000
27662  -46.612  -41.976  -12.357 0.0000000000
24159  -49.956  -45.936  -2.800 0.0000000000
23114  -50.953  -46.256  -2.925 0.0000000000
17908  -48.633  -51.260  -3.455 0.0000000000
15233  -48.001  -54.483  -8.173 0.0000000000
14371  -47.658  -55.270  -8.573 0.0000000000
14384  -47.146  -55.727  -9.169 0.0000000000
14370  -46.905  -55.294  -8.544 0.0000000000
14383  -46.181  -55.520  -8.862 0.0000000000
23158  -42.635  -46.510  -6.676 0.0000000000
23162  -42.917  -46.024  -7.382 0.0000000000
23163  -43.604  -46.311  -7.336 0.0000000000
24218  -44.290  -45.971  -7.953 0.0000000000
24229  -45.963  -45.495  -9.702 0.0000000000
24225  -46.275  -46.053  -9.102 0.0000000000
24226  -46.913  -46.290  -9.052 0.0000000000
23171  -47.708  -46.679  -8.766 0.0000000000
22096  -48.958  -48.078  -7.859 0.0000000000
23133  -39.530  -46.823  -5.086 0.0000000000
23147  -38.942  -46.028  -5.472 0.0000000000
27560  -37.062  -41.777  -5.961 0.0000000000
27574  -37.010  -42.455  -6.247 0.0000000000
27575  -37.361  -42.027  -6.742 0.0000000000
29944  -38.037  -40.773  -7.447 0.0000000000
29969  -39.000  -40.454  -8.476 0.0000000000
28778  -39.935  -40.847  -9.587 0.0000000000
29970  -39.786  -40.096  -8.820 0.0000000000
29949  -42.549  -39.901  -7.877 0.0000000000
25229  -42.685  -44.911  -0.843 0.0000000000
25243  -41.588  -44.076  -1.399 0.0000000000
26362  -40.823  -43.592  -1.708 0.0000000000
25258  -41.805  -43.822  -1.834 0.0000000000
26380  -42.492  -43.612  -2.702 0.0000000000
26392  -42.834  -43.089  -3.612 0.0000000000
26410  -46.943  -43.465  -4.668 0.0000000000
26409  -45.690  -43.214  -4.422 0.0000000000
26425  -46.523  -42.861  -5.145 0.0000000000
27565  -46.162  -42.304  -5.568 0.0000000000
27576  -45.785  -41.784  -5.909 0.0000000000
28743  -45.562  -41.050  -6.689 0.0000000000
28744  -46.782  -41.331  -6.961 0.0000000000
28745  -47.391  -41.484  -7.060 0.0000000000
19920  -48.249  -50.151  -4.651 0.0000000000
18917  -48.692  -50.312  -4.853 0.0000000000
17919  -51.025  -52.263  -5.532 0.0000000000
18965  -44.100  -50.206  -10.164 0.0000000000
18966  -44.781  -50.332  -10.341 0.0000000000
17982  -45.511  -50.742  -10.087 0.0000000000
17981  -44.496  -50.650  -9.469 0.0000000000
17949  -43.872  -51.399  -8.693 0.0000000000
16996  -43.158  -52.390  -8.500 0.0000000000
16120  -42.860  -54.240  -8.946 0.0000000000
15262  -41.578  -54.601  -9.924 0.0000000000
15281  -40.434  -54.760  -11.066 0.0000000000
26480  -42.028  -43.420  -9.925 0.0000000000
25348  -42.896  -44.091  -9.789 0.0000000000
25349  -43.753  -44.247  -9.951 0.0000000000
25350  -44.646  -44.510  -10.069 0.0000000000
26494  -44.741  -43.188  -11.293 0.0000000000
26483  -45.097  -44.112  -10.750 0.0000000000
25351  -45.467  -44.845  -10.156 0.0000000000
25352  -46.428  -44.832  -10.642 0.0000000000
24231  -48.122  -45.911  -10.191 0.0000000000
23131  -37.263  -46.257  -4.375 0.0000000000
26405  -36.287  -43.507  -4.713 0.0000000000
26389  -35.973  -43.344  -3.877 0.0000000000
27558  -36.379  -42.993  -5.037 0.0000000000
28708  -36.870  -41.642  -4.921 0.0000000000
28709  -37.517  -41.348  -4.606 0.0000000000
28724  -39.062  -40.434  -5.408 0.0000000000
24141  -47.059  -46.010  -1.881 0.0000000000
24155  -45.615  -45.082  -2.610 0.0000000000
24156  -46.748  -45.461  -2.484 0.0000000000
24171  -46.479  -44.885  -3.076 0.0000000000
25275  -47.001  -44.534  -3.610 0.0000000000
24174  -49.462  -45.386  -3.306 0.0000000000
25277  -48.913  -44.829  -3.812 0.0000000000
25291  -47.472  -44.097  -4.210 0.0000000000
26411  -47.983  -43.612  -4.856 0.0000000000
26412  -48.971  -43.838  -4.979 0.0000000000
17923  -49.761  -51.655  -6.367 0.0000000000
16074  -50.427  -53.134  -7.406 0.0000000000
15235  -49.837  -54.426  -8.068 0.0000000000
13549  -46.614  -56.176  -10.776 0.0000000000
13566  -46.579  -56.476  -11.490 0.0000000000
13565  -45.826  -56.407  -11.707 0.0000000000
13576  -44.983  -56.781  -12.547 0.0000000000
19906  -45.599  -49.832  -3.783 0.0000000000
19916  -44.685  -48.975  -4.556 0.0000000000
20970  -44.892  -48.721  -4.991 0.0000000000
20971  -45.594  -48.860  -5.131 0.0000000000
20983  -45.242  -48.319  -5.640 0.0000000000
20984  -46.174  -48.663  -5.643 0.0000000000
20985  -46.883  -48.739  -5.891 0.0000000000
19933  -47.928  -48.992  -6.174 0.0000000000
24223  -43.906  -45.343  -8.578 0.0000000000
23169  -45.969  -46.197  -8.595 0.0000000000
23165  -45.794  -46.581  -7.910 0.0000000000
21012  -47.145  -48.041  -6.936 0.0000000000
21000  -48.104  -48.797  -6.592 0.0000000000
19934  -48.523  -49.479  -6.289 0.0000000000
18927  -49.060  -50.187  -6.784 0.0000000000
17929  -49.072  -50.483  -7.019 0.0000000000
17930  -49.085  -50.896  -7.439 0.0000000000
20961  -43.671  -48.877  -4.231 0.0000000000
22047  -42.590  -47.935  -5.014 0.0000000000
22060  -42.192  -47.359  -5.560 0.0000000000
23150  -41.556  -46.703  -5.996 0.0000000000
23157  -41.858  -46.283  -6.570 0.0000000000
24210  -41.973  -46.042  -6.897 0.0000000000
25329  -41.218  -44.631  -8.088 0.0000000000
24184  -37.471  -45.501  -5.155 0.0000000000
24196  -38.236  -45.279  -5.808 0.0000000000
25303  -38.458  -44.713  -6.390 0.0000000000
26423  -37.775  -43.787  -6.539 0.0000000000
25315  -38.163  -44.114  -6.647 0.0000000000
25316  -38.835  -44.406  -7.020 0.0000000000
25337  -40.647  -43.945  -8.636 0.0000000000
26464  -41.127  -43.389  -9.513 0.0000000000
26479  -41.493  -43.087  -9.908 0.0000000000
27624  -41.382  -42.329  -10.135 0.0000000000
28803  -42.070  -41.214  -10.818 0.0000000000
28801  -40.600  -40.677  -9.808 0.0000000000
30013  -42.584  -40.395  -10.847 0.0000000000
28827  -42.467  -40.900  -11.062 0.0000000000
30014  -43.404  -40.006  -11.079 0.0000000000
30015  -44.472  -39.643  -11.334 0.0000000000
26377  -39.500  -42.912  -2.016 0.0000000000
27513  -38.610  -42.341  -2.464 0.0000000000
27543  -39.429  -41.257  -4.238 0.0000000000
28725  -40.160  -40.513  -5.397 0.0000000000
25272  -44.510  -44.134  -3.164 0.0000000000
26393  -43.934  -43.546  -3.525 0.0000000000
27549  -44.776  -42.596  -4.635 0.0000000000
27547  -43.415  -42.365  -4.507 0.0000000000
27546  -42.390  -42.241  -4.342 0.0000000000
28713  -41.725  -41.410  -4.897 0.0000000000
28726  -41.218  -40.706  -5.454 0.0000000000
29907  -40.619  -40.154  -6.117 0.0000000000
29926  -42.214  -40.251  -6.693 0.0000000000
29927  -43.292  -40.336  -7.022 0.0000000000
29950  -43.624  -39.972  -7.931 0.0000000000
29929  -44.844  -40.634  -7.007 0.0000000000
29951  -44.832  -40.228  -7.787 0.0000000000
29975  -44.986  -39.580  -9.030 0.0000000000
29995  -46.240  -39.228  -10.147 0.0000000000
19907  -46.716  -50.057  -3.862 0.0000000000
18903  -47.963  -50.848  -3.552 0.0000000000
17909  -49.558  -51.620  -3.691 0.0000000000
17912  -49.078  -51.057  -4.062 0.0000000000
16947  -50.325  -52.257  -3.550 0.0000000000
16048  -51.584  -53.537  -4.250 0.0000000000
16954  -51.009  -52.341  -5.843 0.0000000000
16051  -51.665  -53.300  -5.891 0.0000000000
15225  -51.488  -54.490  -7.696 0.0000000000
15226  -51.870  -54.376  -7.024 0.0000000000
16062  -51.858  -53.904  -6.369 0.0000000000
27663  -47.571  -41.919  -12.713 0.0000000000
25365  -48.138  -44.697  -11.297 0.0000000000
25354  -48.522  -45.446  -10.870 0.0000000000
24232  -49.157  -45.968  -10.495 0.0000000000
23178  -49.603  -46.686  -9.718 0.0000000000
22109  -50.420  -47.878  -8.803 0.0000000000
21029  -50.648  -48.682  -8.509 0.0000000000
18936  -50.800  -49.727  -8.968 0.0000000000
17941  -51.499  -50.210  -9.454 0.0000000000
16982  -46.887  -52.893  -8.219 0.0000000000
17983  -46.451  -51.256  -10.171 0.0000000000
17984  -47.209  -51.547  -10.305 0.0000000000
17953  -47.559  -51.736  -9.618 0.0000000000
17000  -47.262  -52.094  -8.807 0.0000000000
16999  -46.429  -52.240  -8.550 0.0000000000
16981  -46.088  -53.038  -8.172 0.0000000000
16101  -45.621  -54.266  -8.215 0.0000000000
15244  -44.478  -54.631  -8.618 0.0000000000
15265  -44.093  -55.346  -9.305 0.0000000000
15284  -42.968  -55.490  -10.092 0.0000000000
14443  -43.246  -56.352  -11.854 0.0000000000
13533  -48.387  -56.059  -9.821 0.0000000000
13577  -45.910  -56.770  -12.401 0.0000000000
14382  -45.531  -55.344  -8.712 0.0000000000
14406  -44.361  -55.682  -9.697 0.0000000000
14410  -48.105  -56.001  -9.868 0.0000000000
14429  -46.274  -56.149  -10.838 0.0000000000
15246  -45.865  -54.886  -8.356 0.0000000000
15264  -43.235  -55.048  -9.362 0.0000000000
15266  -44.652  -55.250  -8.875 0.0000000000
15283  -42.057  -55.414  -10.632 0.0000000000
15285  -43.551  -55.487  -9.770 0.0000000000
15303  -41.551  -55.463  -11.138 0.0000000000
16076  -51.692  -53.818  -6.865 0.0000000000
16082  -45.708  -53.492  -8.128 0.0000000000
16086  -49.235  -53.516  -7.730 0.0000000000
16097  -42.538  -53.288  -8.694 0.0000000000
16100  -45.092  -53.954  -8.253 0.0000000000
16951  -51.192  -52.721  -4.378 0.0000000000
16959  -51.237  -52.758  -6.188 0.0000000000
17024  -42.050  -51.467  -8.780 0.0000000000
17907  -47.912  -51.202  -3.121 0.0000000000
17915  -50.999  -52.223  -5.162 0.0000000000
17954  -48.011  -51.627  -9.774 0.0000000000
18029  -45.173  -50.284  -11.966 0.0000000000
18911  -47.694  -50.463  -3.825 0.0000000000
18913  -49.035  -50.737  -4.546 0.0000000000
18994  -44.577  -50.034  -10.970 0.0000000000
19927  -46.744  -48.987  -5.470 0.0000000000
19928  -47.488  -49.228  -5.568 0.0000000000
19935  -48.965  -49.875  -6.561 0.0000000000
20968  -43.231  -48.409  -4.666 0.0000000000
20969  -44.150  -48.656  -4.694 0.0000000000
22043  -38.685  -47.201  -4.277 0.0000000000
22048  -43.144  -48.059  -5.110 0.0000000000
23093  -48.640  -46.212  -1.940 0.0000000000
23113  -37.733  -46.871  -3.970 0.0000000000
23135  -41.338  -47.166  -5.402 0.0000000000
23151  -42.271  -46.958  -6.073 0.0000000000
23173  -49.961  -47.313  -9.129 0.0000000000
24138  -43.748  -45.060  -1.575 0.0000000000
24142  -47.593  -46.124  -1.852 0.0000000000
24153  -43.916  -44.738  -2.186 0.0000000000
24160  -50.531  -46.087  -2.914 0.0000000000
24207  -39.483  -44.870  -6.894 0.0000000000
24208  -40.175  -45.142  -7.033 0.0000000000
24209  -41.253  -45.853  -6.748 0.0000000000
24215  -40.885  -45.092  -7.452 0.0000000000
24221  -42.339  -44.924  -8.334 0.0000000000
25228  -42.086  -44.773  -0.717 0.0000000000
25241  -39.825  -43.638  -1.106 0.0000000000
25259  -42.265  -43.955  -1.941 0.0000000000
25262  -44.828  -44.632  -2.825 0.0000000000
25271  -43.827  -44.066  -2.915 0.0000000000
25273  -45.412  -44.313  -3.347 0.0000000000
25274  -46.201  -44.387  -3.508 0.0000000000
25276  -47.938  -44.699  -3.710 0.0000000000
25300  -36.523  -44.137  -5.021 0.0000000000
25301  -37.053  -44.413  -5.578 0.0000000000
25327  -39.227  -44.157  -7.621 0.0000000000
25338  -41.495  -44.201  -8.836 0.0000000000
25355  -49.029  -45.557  -10.983 0.0000000000
25363  -46.588  -44.229  -11.254 0.0000000000
26359  -38.299  -42.936  -1.303 0.0000000000
26361  -40.049  -43.421  -1.588 0.0000000000
26379  -41.528  -43.505  -2.219 0.0000000000
26390  -40.992  -42.917  -2.757 0.0000000000
26406  -43.076  -42.673  -4.142 0.0000000000
26407  -43.654  -42.902  -4.062 0.0000000000
26434  -37.289  -42.799  -6.663 0.0000000000
26435  -37.941  -43.295  -7.196 0.0000000000
26436  -38.707  -43.842  -7.580 0.0000000000
26462  -39.375  -42.655  -8.966 0.0000000000
26465  -41.742  -43.892  -9.338 0.0000000000
26493  -43.856  -42.871  -11.131 0.0000000000
26509  -46.515  -43.017  -11.922 0.0000000000
27497  -38.373  -42.638  -1.842 0.0000000000
27514  -39.825  -42.514  -2.746 0.0000000000
27531  -41.633  -42.459  -3.797 0.0000000000
27540  -36.345  -42.717  -4.506 0.0000000000
27548  -44.115  -42.582  -4.453 0.0000000000
27559  -36.642  -42.366  -5.389 0.0000000000
27561  -42.388  -41.593  -4.983 0.0000000000
27579  -48.276  -42.299  -6.469 0.0000000000
27587  -47.831  -41.684  -6.997 0.0000000000
27644  -43.507  -42.024  -11.361 0.0000000000
28696  -37.746  -41.515  -3.998 0.0000000000
28697  -38.197  -41.412  -4.016 0.0000000000
28711  -39.704  -40.919  -4.718 0.0000000000
28722  -37.063  -41.493  -5.360 0.0000000000
28730  -45.353  -41.594  -5.922 0.0000000000
28739  -37.659  -41.140  -7.141 0.0000000000
28742  -44.668  -40.860  -6.590 0.0000000000
28757  -38.027  -41.242  -7.863 0.0000000000
28758  -38.542  -41.180  -8.495 0.0000000000
28804  -42.510  -41.771  -11.012 0.0000000000
28849  -44.670  -40.519  -11.876 0.0000000000
28850  -45.328  -40.896  -12.157 0.0000000000
29908  -41.611  -40.370  -6.127 0.0000000000
29925  -41.074  -39.887  -6.885 0.0000000000
29946  -39.405  -39.979  -7.824 0.0000000000
29989  -40.416  -40.203  -9.377 0.0000000000
29990  -41.102  -40.101  -9.590 0.0000000000
