#!ascii label  , from subject MNI_FS2 vox2ras=TkReg
1221
60715  -32.482  -11.353  -36.463 0.4285714328
64068  -32.353  -8.832  -37.868 0.2857142985
62882  -32.185  -9.519  -37.563 0.4285714328
64069  -33.081  -8.832  -37.982 0.4285714328
64080  -33.469  -8.530  -38.585 0.4285714328
65294  -31.907  -7.789  -38.731 0.2857142985
65295  -32.839  -7.692  -38.742 0.4285714328
66468  -33.351  -6.899  -39.988 0.4285714328
66480  -32.097  -6.065  -40.278 0.4285714328
67647  -32.713  -5.622  -40.656 0.4285714328
68802  -32.256  -4.594  -41.540 0.4285714328
68820  -33.128  -4.325  -42.025 0.4285714328
69965  -32.377  -2.681  -43.005 0.5714285970
69949  -32.420  -3.340  -42.503 0.5714285970
71067  -33.454  -3.117  -43.201 0.4285714328
69977  -33.913  -3.171  -44.546 0.2857142985
71095  -33.394  -1.996  -44.238 0.7142857313
71140  -33.904  -2.777  -47.384 0.7142857313
71111  -33.903  -2.267  -45.372 0.7142857313
71127  -33.948  -2.578  -46.452 0.5714285970
70036  -33.894  -3.366  -49.589 0.5714285970
72244  -33.718  -2.059  -47.036 0.5714285970
70029  -33.397  -2.995  -48.932 0.5714285970
71156  -33.279  -2.647  -49.699 0.5714285970
70048  -34.009  -2.921  -50.223 0.5714285970
71150  -33.258  -2.420  -48.528 0.5714285970
70049  -34.558  -3.165  -50.282 0.4285714328
71175  -35.306  -2.079  -51.233 0.5714285970
72284  -36.285  -1.335  -51.294 0.5714285970
72273  -33.350  -1.733  -50.828 0.7142857313
72283  -35.432  -1.391  -51.782 0.7142857313
73460  -36.255  -0.339  -51.756 0.7142857313
74635  -36.425  0.447  -51.305 0.5714285970
71173  -33.868  -2.028  -50.788 0.5714285970
73442  -32.261  -0.661  -49.140 0.5714285970
72299  -34.695  -0.928  -52.161 0.8571428657
75779  -36.387  1.340  -50.649 0.5714285970
72298  -34.124  -0.998  -51.892 0.7142857313
73450  -32.640  -1.030  -51.116 0.5714285970
76987  -35.938  2.348  -51.893 0.7142857313
78131  -36.099  3.142  -50.379 0.5714285970
73468  -35.847  -0.196  -52.217 0.7142857313
75787  -36.157  1.431  -51.661 0.7142857313
78144  -35.857  3.420  -51.394 0.5714285970
74643  -35.850  0.513  -52.416 0.7142857313
79331  -35.837  4.123  -51.023 0.5714285970
74642  -35.554  0.264  -52.875 0.5714285970
74653  -35.672  1.166  -53.116 0.7142857313
78153  -35.764  2.925  -52.180 0.7142857313
79343  -35.238  4.409  -52.734 0.7142857313
79330  -35.548  4.503  -51.590 0.7142857313
77001  -35.409  2.659  -53.663 0.7142857313
76993  -35.624  2.869  -52.835 0.7142857313
80557  -34.445  5.828  -53.083 0.7142857313
80550  -34.781  5.554  -52.285 0.5714285970
78159  -35.375  3.518  -53.228 0.7142857313
74651  -34.203  0.365  -53.653 0.5714285970
81868  -34.159  6.589  -53.643 0.5714285970
83162  -34.021  7.603  -54.263 0.5714285970
78164  -35.054  3.374  -54.117 0.8571428657
77013  -34.883  2.450  -54.682 0.8571428657
81875  -34.165  6.508  -54.722 0.7142857313
79358  -34.747  4.061  -54.396 0.8571428657
79357  -34.595  4.688  -54.720 0.7142857313
81882  -33.814  6.944  -56.191 0.8571428657
83172  -33.994  7.581  -55.440 0.5714285970
81883  -34.058  6.346  -55.687 0.8571428657
80581  -33.963  5.373  -56.243 0.8571428657
79366  -34.562  4.111  -54.895 0.8571428657
80573  -34.325  5.456  -55.188 0.8571428657
81905  -32.579  6.247  -58.182 0.8571428657
83191  -32.574  6.809  -58.125 0.8571428657
81921  -31.404  6.844  -58.936 0.8571428657
81891  -33.904  6.245  -56.285 0.8571428657
80605  -31.638  5.609  -58.551 0.8571428657
80604  -30.775  5.547  -58.503 1.0000000000
80588  -33.334  5.445  -57.493 0.8571428657
80621  -30.235  6.183  -58.832 1.0000000000
81902  -28.083  6.759  -58.493 1.0000000000
85648  -27.633  9.470  -57.633 0.7142857313
80619  -28.988  6.331  -58.632 1.0000000000
80600  -28.158  6.287  -57.883 1.0000000000
83189  -27.550  7.480  -58.094 1.0000000000
89066  -27.118  12.766  -59.021 1.0000000000
90109  -28.301  13.560  -58.310 0.8571428657
92290  -27.650  14.908  -59.260 0.8571428657
91200  -27.676  14.350  -59.034 1.0000000000
94405  -26.091  17.572  -61.364 0.8571428657
93327  -26.445  16.455  -60.465 0.8571428657
92295  -26.477  15.540  -60.067 1.0000000000
96579  -25.292  20.821  -61.952 0.8571428657
96580  -25.505  20.113  -62.363 0.8571428657
97696  -24.788  21.271  -62.193 0.7142857313
97684  -25.632  20.718  -60.769 0.5714285970
98694  -23.108  22.542  -61.709 0.7142857313
99730  -23.352  22.837  -62.408 0.5714285970
99717  -22.605  23.002  -59.992 0.5714285970
98691  -23.853  22.065  -60.920 0.5714285970
100664  -22.290  23.767  -59.605 0.4285714328
101689  -22.265  24.519  -60.308 0.4285714328
102781  -22.492  25.360  -60.977 0.4285714328
102748  -21.844  25.318  -57.283 0.2857142985
102736  -21.878  25.803  -56.627 0.2857142985
101664  -22.024  24.826  -57.705 0.2857142985
103791  -22.009  26.725  -56.065 0.2857142985
64079  -32.599  -8.206  -38.210 0.2857142985
71164  -34.217  -2.600  -50.598 0.5714285970
76976  -36.153  2.325  -51.003 0.5714285970
80566  -34.748  4.686  -54.052 0.7142857313
80565  -34.465  5.529  -54.110 0.7142857313
83178  -33.541  7.562  -56.690 0.8571428657
83184  -32.919  7.531  -57.631 0.8571428657
81904  -31.981  6.538  -58.533 0.8571428657
85657  -27.129  9.308  -58.318 0.8571428657
104712  -24.100  27.065  -54.274 0.1428571492
64078  -31.683  -8.269  -38.251 0.2857142985
66466  -31.564  -6.705  -39.891 0.2857142985
65307  -32.153  -7.246  -39.276 0.2857142985
66467  -32.571  -6.658  -39.752 0.4285714328
67667  -33.408  -5.608  -41.459 0.4285714328
66479  -31.014  -6.017  -40.651 0.2857142985
68819  -31.927  -4.045  -41.987 0.4285714328
71081  -32.819  -2.288  -43.448 0.5714285970
72198  -32.746  -1.327  -44.374 0.2857142985
72213  -33.365  -1.281  -45.095 0.7142857313
71151  -33.694  -2.911  -48.208 0.4285714328
72243  -33.333  -1.255  -47.160 0.5714285970
72274  -37.143  -1.598  -50.375 0.4285714328
72255  -32.968  -1.551  -48.363 0.7142857313
71162  -32.933  -2.075  -49.873 0.7142857313
71165  -35.039  -2.724  -50.781 0.7142857313
71176  -35.869  -1.895  -51.281 0.5714285970
73451  -36.862  -0.536  -50.906 0.4285714328
73459  -35.755  -0.715  -52.002 0.7142857313
72271  -32.261  -0.997  -50.100 0.5714285970
72272  -32.702  -1.499  -50.515 0.5714285970
80517  -35.485  5.250  -50.838 0.5714285970
73458  -33.644  -0.846  -51.888 0.5714285970
79318  -35.950  3.900  -50.486 0.5714285970
77002  -35.629  2.129  -53.097 0.7142857313
75792  -35.837  1.644  -52.566 0.7142857313
80533  -35.176  5.531  -51.357 0.5714285970
74652  -35.196  0.517  -53.418 0.8571428657
79350  -35.009  4.167  -53.650 0.7142857313
83171  -33.819  7.645  -56.132 0.5714285970
79374  -33.559  4.560  -56.928 1.0000000000
81919  -30.364  6.711  -59.229 1.0000000000
79390  -29.803  4.863  -57.519 1.0000000000
84435  -27.477  8.427  -57.567 0.8571428657
87930  -28.276  11.324  -57.577 0.7142857313
87929  -27.559  10.803  -58.147 1.0000000000
85656  -26.806  9.608  -58.901 1.0000000000
89056  -27.678  12.575  -58.513 0.7142857313
86795  -27.025  10.973  -58.941 1.0000000000
89048  -28.788  12.703  -57.511 0.7142857313
90115  -27.010  13.499  -59.255 0.8571428657
94406  -26.556  17.528  -60.845 0.8571428657
91205  -26.440  14.607  -59.798 1.0000000000
96572  -25.343  20.853  -61.713 0.7142857313
97683  -24.677  21.717  -60.489 0.5714285970
98690  -23.098  22.480  -61.296 0.7142857313
100675  -22.510  23.465  -61.368 0.7142857313
99713  -22.639  23.019  -58.862 0.4285714328
102763  -21.938  26.011  -58.280 0.2857142985
102774  -22.134  25.672  -59.006 0.4285714328
100679  -22.619  23.664  -61.981 0.4285714328
102777  -22.286  25.471  -59.938 0.4285714328
103804  -21.773  26.867  -56.969 0.2857142985
72230  -32.956  -0.662  -45.963 0.4285714328
73400  -32.929  -0.535  -46.832 0.4285714328
101684  -22.070  24.697  -59.181 0.4285714328
100670  -22.397  23.636  -60.625 0.7142857313
102773  -22.001  25.393  -58.496 0.2857142985
102749  -21.772  26.044  -57.507 0.2857142985
61751  -32.555  -10.668  -36.842 0.4285714328
62883  -32.975  -9.475  -37.676 0.4285714328
64067  -31.472  -8.906  -37.896 0.2857142985
62881  -31.328  -9.634  -37.583 0.2857142985
62896  -33.504  -9.496  -38.225 0.4285714328
65293  -31.250  -7.923  -38.679 0.2857142985
67646  -31.670  -5.462  -40.850 0.2857142985
67666  -32.477  -5.068  -41.081 0.4285714328
68801  -31.383  -4.580  -41.676 0.4285714328
71094  -32.378  -1.763  -43.899 0.2857142985
71082  -33.466  -2.767  -43.622 0.4285714328
72231  -33.641  -1.629  -46.197 0.5714285970
71155  -32.976  -2.332  -49.202 0.5714285970
71163  -33.495  -2.400  -50.299 0.5714285970
71166  -36.294  -2.546  -50.561 0.4285714328
72265  -32.462  -1.303  -49.484 0.7142857313
72281  -33.744  -1.399  -51.371 0.7142857313
73429  -32.488  -0.698  -48.546 0.7142857313
73466  -34.819  -0.507  -52.774 0.5714285970
78152  -35.568  3.632  -52.238 0.7142857313
73465  -33.813  -0.411  -52.589 0.7142857313
75799  -35.647  1.635  -53.154 0.8571428657
80558  -34.809  5.026  -53.327 0.7142857313
74671  -34.986  1.264  -54.215 0.8571428657
81890  -33.552  6.335  -56.931 0.8571428657
81898  -32.992  6.287  -57.804 0.8571428657
79365  -34.271  4.299  -55.488 0.8571428657
80606  -32.611  5.513  -58.134 1.0000000000
83182  -27.513  7.388  -57.314 1.0000000000
86779  -28.139  10.209  -57.360 0.8571428657
95481  -26.123  18.755  -61.666 0.8571428657
96573  -25.685  20.269  -61.675 0.8571428657
97690  -24.977  21.301  -61.448 0.7142857313
98695  -23.759  22.189  -61.794 0.7142857313
99721  -22.658  22.960  -60.948 0.5714285970
98684  -23.159  22.518  -60.434 0.5714285970
100659  -22.274  23.918  -58.523 0.4285714328
101676  -22.128  24.449  -58.672 0.2857142985
103792  -22.532  26.789  -55.493 0.2857142985
103779  -23.742  26.603  -54.514 0.1428571492
87941  -27.480  11.401  -58.420 1.0000000000
105677  -23.376  28.564  -59.442 0.2857142985
106595  -23.197  29.566  -58.551 0.1428571492
103839  -22.710  26.957  -60.034 0.2857142985
104777  -23.952  27.793  -59.769 0.2857142985
105665  -23.056  29.076  -59.124 0.1428571492
107496  -23.337  30.264  -57.709 0.1428571492
104763  -22.167  27.742  -58.412 0.1428571492
104775  -22.508  27.495  -59.354 0.2857142985
105653  -22.302  28.775  -57.918 0.1428571492
103852  -24.505  26.490  -61.464 0.2857142985
104785  -23.788  27.234  -60.210 0.2857142985
100695  -26.529  23.249  -64.058 0.2857142985
102795  -24.906  25.189  -62.976 0.2857142985
103845  -22.585  26.220  -60.426 0.2857142985
99734  -24.210  22.784  -62.958 0.2857142985
103851  -23.569  26.270  -61.479 0.2857142985
103846  -23.232  26.807  -60.614 0.2857142985
96599  -26.061  19.664  -64.022 0.1428571492
100685  -24.512  23.550  -63.259 0.2857142985
101702  -24.476  24.919  -62.903 0.2857142985
106582  -22.654  29.326  -58.120 0.1428571492
102788  -23.434  25.413  -62.184 0.2857142985
103850  -22.860  26.147  -61.107 0.2857142985
93364  -26.857  16.980  -65.262 0.1428571492
95515  -26.491  17.989  -64.702 0.1428571492
99741  -25.518  22.135  -63.701 0.4285714328
100680  -23.094  23.710  -62.536 0.2857142985
91225  -25.105  14.912  -62.944 0.2857142985
95496  -25.636  18.665  -63.192 0.4285714328
98697  -24.247  22.119  -62.478 0.2857142985
101695  -22.467  24.298  -61.356 0.2857142985
90137  -26.042  13.397  -63.832 0.1428571492
93346  -25.732  16.388  -63.644 0.2857142985
97702  -24.745  21.388  -62.708 0.4285714328
94410  -25.605  17.644  -62.280 0.5714285970
87986  -26.318  11.606  -62.875 0.1428571492
89088  -25.489  12.775  -62.715 0.1428571492
95493  -25.618  18.756  -62.635 0.7142857313
91216  -25.100  14.798  -61.662 0.4285714328
86822  -27.633  10.340  -62.599 0.2857142985
86820  -26.302  10.651  -61.669 0.7142857313
94404  -25.810  17.635  -61.805 0.7142857313
90114  -26.099  13.536  -59.617 0.8571428657
89078  -25.151  12.658  -60.993 0.8571428657
92302  -25.378  15.629  -61.199 0.5714285970
84488  -28.914  9.602  -62.095 0.2857142985
85696  -28.528  9.866  -62.442 0.2857142985
91217  -25.133  14.725  -61.284 0.7142857313
95483  -26.958  18.654  -60.739 0.5714285970
92303  -25.853  15.577  -60.576 0.8571428657
84474  -29.275  9.337  -61.470 0.1428571492
86810  -26.195  10.343  -61.027 0.7142857313
84475  -30.004  10.143  -61.398 0.1428571492
81873  -29.615  6.371  -54.975 0.5714285970
80587  -28.321  5.948  -57.385 0.8571428657
81888  -27.659  6.809  -56.947 0.8571428657
83169  -28.668  7.164  -55.996 0.4285714328
84427  -27.782  7.877  -56.910 0.5714285970
87954  -26.858  11.758  -59.058 0.8571428657
84451  -27.075  8.338  -59.433 0.8571428657
87953  -26.067  11.579  -59.809 0.8571428657
83227  -29.667  8.896  -60.668 0.2857142985
85672  -26.718  9.294  -60.482 0.8571428657
87963  -25.788  11.176  -60.541 0.8571428657
91212  -25.838  14.689  -60.178 0.8571428657
85684  -30.736  10.977  -61.034 0.4285714328
84473  -28.156  8.950  -61.340 0.7142857313
85682  -26.805  9.434  -61.139 0.7142857313
81874  -30.089  6.337  -54.415 0.2857142985
79371  -29.075  5.074  -57.050 0.5714285970
80571  -28.826  5.867  -56.060 0.5714285970
79409  -29.209  5.721  -58.032 0.8571428657
83197  -27.542  7.558  -58.992 0.8571428657
84443  -26.811  8.982  -59.049 0.8571428657
84450  -26.767  9.013  -59.751 0.8571428657
85671  -26.556  9.665  -60.000 0.8571428657
83214  -30.362  8.095  -59.753 0.4285714328
83212  -28.846  7.873  -60.157 0.8571428657
84459  -27.306  8.696  -60.406 0.8571428657
85673  -30.924  10.253  -60.108 0.4285714328
75796  -32.086  1.415  -53.770 0.7142857313
78158  -31.374  2.870  -53.221 0.4285714328
75813  -33.784  1.369  -54.760 0.7142857313
77030  -33.025  2.193  -55.754 0.8571428657
77028  -31.312  2.607  -55.254 0.5714285970
79356  -30.140  4.327  -54.802 0.5714285970
80556  -30.721  5.344  -53.611 0.4285714328
78195  -33.194  3.557  -56.788 0.8571428657
78173  -30.449  3.659  -55.454 0.5714285970
80563  -29.654  5.552  -55.106 0.5714285970
79394  -33.061  4.744  -57.743 0.8571428657
79391  -30.775  4.142  -57.509 0.7142857313
79372  -30.011  4.332  -56.704 0.5714285970
83190  -32.218  7.620  -58.334 0.7142857313
83200  -31.260  7.680  -59.118 0.7142857313
81933  -29.926  7.282  -59.590 0.7142857313
81932  -29.232  7.323  -59.716 0.8571428657
87943  -32.739  11.276  -58.195 0.2857142985
85658  -31.984  9.610  -58.608 0.4285714328
85666  -31.320  9.725  -59.418 0.5714285970
73464  -33.050  -0.252  -52.474 0.4285714328
74639  -32.198  0.800  -52.266 0.4285714328
76992  -31.661  2.371  -52.651 0.4285714328
78176  -34.658  3.482  -54.930 0.7142857313
77031  -33.985  2.542  -55.453 0.7142857313
78175  -34.306  3.348  -55.483 0.7142857313
78213  -33.018  4.152  -57.386 0.8571428657
84438  -32.853  8.437  -57.522 0.7142857313
86781  -33.102  10.473  -57.424 0.2857142985
85651  -32.862  9.273  -57.468 0.5714285970
83183  -32.513  7.871  -57.979 0.5714285970
73457  -32.909  -0.598  -51.769 0.4285714328
74628  -31.950  0.576  -50.241 0.5714285970
74650  -33.449  0.288  -53.424 0.5714285970
74668  -32.970  0.794  -53.934 0.5714285970
84414  -34.039  8.588  -54.837 0.4285714328
85643  -33.741  9.850  -56.209 0.4285714328
86770  -33.628  10.445  -56.608 0.4285714328
85642  -33.430  9.475  -56.718 0.4285714328
73416  -32.828  -0.579  -47.591 0.5714285970
79304  -36.039  3.672  -49.957 0.4285714328
79317  -35.746  4.604  -50.588 0.4285714328
84393  -34.018  8.982  -52.610 0.4285714328
81857  -34.261  6.527  -52.544 0.4285714328
84406  -34.019  8.726  -53.794 0.4285714328
68837  -33.751  -4.354  -43.139 0.1428571492
81842  -34.710  6.174  -51.424 0.4285714328
81841  -34.330  6.880  -51.631 0.4285714328
83140  -34.078  7.764  -52.077 0.4285714328
70009  -34.114  -3.494  -46.818 0.1428571492
70050  -35.448  -3.214  -50.291 0.2857142985
78107  -36.088  3.089  -48.369 0.2857142985
80470  -35.164  5.647  -47.748 0.2857142985
78120  -35.855  3.828  -48.700 0.2857142985
74629  -36.723  0.349  -50.269 0.4285714328
81805  -34.967  6.580  -48.425 0.2857142985
79303  -35.772  4.347  -49.551 0.2857142985
78121  -36.111  3.234  -49.414 0.2857142985
81816  -34.984  6.336  -49.526 0.2857142985
68875  -34.085  -4.256  -45.232 0.1428571492
69966  -33.687  -3.511  -43.562 0.1428571492
68903  -34.482  -4.309  -48.053 0.2857142985
68911  -34.254  -4.095  -48.813 0.2857142985
73444  -37.453  -0.875  -49.203 0.2857142985
75756  -36.563  1.191  -48.462 0.2857142985
74619  -36.850  0.340  -49.259 0.2857142985
72266  -37.393  -1.313  -49.914 0.2857142985
68888  -34.170  -4.335  -46.255 0.1428571492
70031  -36.714  -3.801  -49.095 0.2857142985
68898  -34.314  -4.386  -47.181 0.2857142985
68914  -36.136  -3.820  -49.318 0.2857142985
68912  -34.723  -4.199  -49.168 0.2857142985
70021  -34.130  -3.554  -47.737 0.2857142985
71158  -37.138  -2.751  -49.776 0.2857142985
65296  -33.440  -7.920  -39.163 0.2857142985
67648  -33.266  -5.978  -40.728 0.2857142985
67703  -33.917  -5.301  -43.831 0.1428571492
59626  -33.057  -12.251  -36.169 0.2857142985
59625  -32.134  -12.051  -36.004 0.2857142985
66482  -33.589  -6.726  -40.833 0.2857142985
60727  -33.300  -11.098  -36.911 0.1428571492
59613  -31.671  -12.652  -35.619 0.2857142985
58519  -32.006  -13.220  -35.221 0.1428571492
68904  -34.708  -4.651  -48.488 0.2857142985
72267  -37.467  -1.631  -49.428 0.2857142985
76940  -36.266  2.240  -47.904 0.2857142985
73430  -37.230  -0.327  -48.910 0.2857142985
78106  -35.740  3.838  -47.840 0.2857142985
76964  -36.287  2.258  -50.002 0.4285714328
83100  -34.733  8.001  -49.693 0.2857142985
77011  -31.921  2.004  -54.837 0.7142857313
83124  -34.344  7.829  -51.108 0.4285714328
78210  -30.985  3.533  -56.972 0.5714285970
83153  -34.006  7.684  -53.151 0.4285714328
84421  -33.723  8.500  -56.157 0.4285714328
86771  -33.899  10.534  -55.973 0.2857142985
87944  -33.322  11.672  -57.929 0.2857142985
86788  -32.460  10.559  -58.221 0.5714285970
92296  -27.399  15.483  -59.578 0.7142857313
89065  -26.434  12.582  -59.410 0.8571428657
96562  -26.136  19.687  -61.242 0.5714285970
86796  -31.361  10.318  -59.627 0.2857142985
87952  -25.776  11.947  -59.947 0.8571428657
93334  -25.959  16.536  -60.989 0.8571428657
85694  -27.087  9.737  -61.766 0.5714285970
91221  -25.126  14.205  -62.865 0.4285714328
92311  -25.139  15.658  -62.620 0.4285714328
106569  -22.892  29.877  -56.612 0.1428571492
97708  -25.697  20.693  -63.705 0.2857142985
94425  -26.080  18.049  -64.032 0.1428571492
103855  -24.159  25.976  -62.029 0.2857142985
61750  -31.837  -10.802  -36.775 0.2857142985
64093  -33.836  -8.630  -39.486 0.1428571492
66481  -33.041  -6.197  -40.220 0.2857142985
67733  -34.078  -5.206  -45.787 0.1428571492
67751  -34.633  -5.328  -47.503 0.1428571492
70030  -33.965  -3.545  -48.589 0.2857142985
70038  -35.767  -3.559  -49.795 0.2857142985
75743  -36.478  1.468  -47.335 0.2857142985
78090  -35.974  3.107  -47.428 0.2857142985
73456  -32.333  -0.150  -51.512 0.5714285970
75786  -32.000  1.604  -51.963 0.2857142985
83101  -34.823  7.712  -49.164 0.2857142985
84370  -35.105  9.226  -49.940 0.2857142985
75812  -32.718  1.429  -54.631 0.7142857313
75829  -33.937  1.864  -55.070 0.5714285970
79341  -31.102  4.447  -53.163 0.4285714328
77009  -31.002  3.011  -54.171 0.5714285970
84369  -34.589  8.857  -50.551 0.4285714328
83161  -30.209  7.277  -54.275 0.2857142985
80564  -30.088  5.425  -54.494 0.5714285970
84381  -34.236  8.793  -51.537 0.2857142985
81858  -34.480  6.250  -51.959 0.4285714328
78174  -31.086  3.095  -55.909 0.7142857313
83160  -29.714  7.282  -54.900 0.2857142985
85602  -34.344  10.248  -52.535 0.1428571492
86753  -34.309  10.615  -54.091 0.4285714328
85626  -34.099  9.645  -54.473 0.4285714328
86761  -34.190  10.574  -55.141 0.1428571492
81916  -28.059  7.155  -59.045 0.8571428657
87920  -33.847  11.023  -56.371 0.1428571492
85650  -32.463  9.586  -57.993 0.5714285970
86797  -31.728  10.712  -59.310 0.2857142985
84462  -30.756  9.083  -59.733 0.5714285970
83226  -28.960  8.507  -60.731 0.7142857313
90113  -25.567  13.020  -59.945 0.8571428657
84476  -30.828  10.922  -61.596 0.2857142985
103815  -21.881  26.875  -57.911 0.2857142985
83228  -30.129  9.607  -60.593 0.4285714328
84489  -29.918  10.380  -62.300 0.1428571492
89084  -25.412  12.581  -61.932 0.5714285970
85697  -29.201  10.123  -62.614 0.1428571492
87983  -26.732  11.091  -62.681 0.1428571492
89089  -26.163  12.372  -63.390 0.1428571492
105654  -22.233  29.071  -57.252 0.1428571492
90132  -25.059  14.251  -61.780 0.5714285970
87987  -27.068  11.370  -63.302 0.1428571492
91226  -25.550  14.471  -63.585 0.1428571492
97703  -25.193  20.857  -63.143 0.2857142985
92315  -25.372  15.573  -63.306 0.2857142985
92320  -26.208  15.475  -64.590 0.1428571492
93351  -26.525  16.434  -64.994 0.1428571492
94438  -26.635  17.474  -64.974 0.1428571492
99742  -25.926  22.517  -63.940 0.2857142985
99743  -26.871  22.393  -64.272 0.2857142985
97710  -26.859  20.574  -64.475 0.1428571492
96601  -27.020  19.866  -64.793 0.1428571492
62909  -33.923  -9.506  -39.001 0.1428571492
79270  -35.358  4.632  -47.147 0.2857142985
87956  -33.385  12.721  -58.977 0.2857142985
95517  -27.661  18.413  -65.183 0.1428571492
100696  -27.412  23.179  -64.189 0.2857142985
60714  -31.612  -11.447  -36.384 0.2857142985
61761  -32.809  -10.169  -37.260 0.2857142985
61774  -33.448  -10.298  -37.700 0.1428571492
65309  -33.618  -7.747  -39.907 0.1428571492
66469  -33.622  -7.265  -40.348 0.1428571492
68856  -33.927  -4.288  -44.182 0.1428571492
69994  -34.082  -3.341  -45.786 0.1428571492
74670  -34.414  0.950  -54.236 0.5714285970
73484  -33.994  0.049  -53.201 0.4285714328
75814  -34.480  1.770  -54.776 0.7142857313
79375  -33.878  4.454  -56.199 0.7142857313
83199  -30.841  7.528  -59.359 0.7142857313
79389  -29.068  5.435  -57.743 0.8571428657
79414  -32.665  4.797  -58.048 0.8571428657
79412  -31.287  4.807  -58.166 0.8571428657
81917  -28.703  6.941  -59.215 0.8571428657
84444  -27.156  8.301  -58.570 0.8571428657
95482  -26.471  18.660  -61.196 0.5714285970
95490  -25.867  18.842  -62.144 0.7142857313
99729  -22.842  23.248  -62.240 0.2857142985
84430  -33.233  8.456  -57.030 0.4285714328
67685  -33.751  -5.390  -42.719 0.1428571492
71167  -37.057  -2.296  -50.245 0.2857142985
81828  -35.039  6.075  -50.577 0.4285714328
86794  -26.625  10.524  -59.410 0.8571428657
90120  -25.417  13.627  -60.304 0.8571428657
103838  -22.393  26.417  -59.597 0.2857142985
102787  -22.714  25.079  -61.757 0.2857142985
103826  -22.149  26.706  -58.767 0.2857142985
78196  -33.825  3.665  -56.100 0.8571428657
104776  -23.233  27.555  -59.811 0.2857142985
106609  -23.330  29.176  -59.144 0.1428571492
105676  -22.915  28.104  -59.437 0.2857142985
103847  -24.075  26.856  -60.768 0.2857142985
105664  -22.658  28.630  -58.919 0.1428571492
100686  -25.368  23.673  -63.591 0.2857142985
102789  -24.419  25.432  -62.584 0.2857142985
101708  -24.175  24.047  -63.096 0.2857142985
106583  -22.703  29.616  -57.475 0.1428571492
100684  -23.780  23.570  -62.903 0.2857142985
99735  -25.083  22.688  -63.497 0.2857142985
98700  -24.735  21.937  -63.063 0.2857142985
102782  -22.891  25.735  -61.626 0.2857142985
96598  -25.644  19.725  -63.454 0.2857142985
97709  -26.237  20.619  -64.164 0.1428571492
96600  -26.584  19.656  -64.503 0.1428571492
101701  -23.830  24.527  -62.772 0.2857142985
94439  -27.179  17.541  -65.280 0.1428571492
94426  -26.217  17.412  -64.368 0.1428571492
96608  -26.894  19.276  -64.818 0.1428571492
98707  -26.498  21.525  -64.189 0.1428571492
94412  -25.468  17.604  -62.859 0.4285714328
96588  -25.327  19.777  -62.915 0.5714285970
90141  -26.657  13.423  -64.397 0.1428571492
89085  -25.822  12.099  -62.634 0.1428571492
94414  -25.816  17.518  -63.585 0.2857142985
93347  -26.059  16.351  -64.231 0.2857142985
93342  -25.373  16.547  -63.078 0.4285714328
93338  -25.321  16.607  -62.399 0.5714285970
93333  -25.654  16.649  -61.463 0.7142857313
87981  -25.570  11.918  -61.427 0.4285714328
90133  -25.134  13.647  -62.285 0.5714285970
86821  -26.908  10.413  -62.225 0.5714285970
87972  -25.852  11.195  -61.275 0.7142857313
87971  -25.500  11.864  -60.789 0.7142857313
90127  -25.030  13.793  -61.319 0.7142857313
84487  -28.337  9.482  -62.032 0.5714285970
86803  -26.191  10.481  -60.217 0.8571428657
80579  -29.307  4.966  -56.348 0.5714285970
80578  -28.707  5.689  -56.448 0.5714285970
84429  -28.960  8.432  -56.080 0.4285714328
83170  -29.221  7.238  -55.512 0.4285714328
83211  -28.229  7.920  -59.953 0.8571428657
84460  -28.021  8.464  -60.571 0.8571428657
84461  -30.546  9.631  -60.227 0.5714285970
84472  -27.366  8.996  -61.183 0.8571428657
83213  -29.485  7.941  -60.109 0.7142857313
75791  -31.889  1.501  -52.854 0.5714285970
77000  -31.630  2.205  -53.440 0.4285714328
75827  -32.857  1.856  -55.306 0.7142857313
77029  -32.267  2.189  -55.416 0.7142857313
77046  -32.359  2.692  -56.115 0.7142857313
77027  -30.901  2.991  -54.737 0.4285714328
78172  -30.214  4.054  -55.768 0.5714285970
79349  -30.575  4.428  -54.021 0.4285714328
80547  -31.077  5.299  -53.084 0.2857142985
78193  -31.538  3.150  -56.497 0.7142857313
78212  -32.489  3.789  -57.347 0.8571428657
84445  -31.686  8.627  -58.795 0.5714285970
84452  -31.085  8.813  -59.399 0.7142857313
74640  -32.566  0.171  -52.544 0.5714285970
74633  -32.152  0.591  -51.366 0.5714285970
85634  -33.917  9.450  -55.553 0.4285714328
87932  -33.716  11.242  -56.936 0.2857142985
80500  -35.423  5.358  -50.006 0.4285714328
81827  -34.595  6.934  -50.812 0.4285714328
70037  -34.956  -3.708  -49.817 0.2857142985
71157  -36.725  -2.911  -50.121 0.2857142985
76954  -36.324  2.217  -48.957 0.2857142985
80483  -35.266  5.467  -48.936 0.2857142985
75767  -36.479  1.267  -49.599 0.2857142985
83110  -34.626  7.817  -50.155 0.4285714328
67719  -33.958  -5.197  -44.855 0.1428571492
74606  -36.911  0.305  -48.484 0.2857142985
67745  -34.238  -5.287  -46.671 0.1428571492
68913  -35.510  -4.129  -49.285 0.2857142985
70040  -36.995  -3.379  -49.479 0.2857142985
59614  -32.418  -12.718  -35.673 0.1428571492
59640  -33.716  -12.236  -37.077 0.1428571492
105641  -22.439  29.037  -56.501 0.1428571492
60741  -33.759  -11.295  -37.841 0.1428571492
105640  -22.022  28.556  -57.085 0.1428571492
94401  -28.348  17.448  -59.418 0.5714285970
92292  -29.093  16.042  -58.521 0.4285714328
93324  -29.004  16.600  -58.762 0.4285714328
93323  -28.464  16.597  -59.191 0.5714285970
92287  -28.761  14.929  -58.458 0.4285714328
92291  -28.391  15.479  -58.887 0.5714285970
93328  -27.124  16.451  -60.014 0.4285714328
87931  -29.126  12.219  -57.090 0.4285714328
89057  -28.337  12.929  -58.006 0.4285714328
90104  -29.438  13.674  -57.161 0.4285714328
90103  -28.903  13.625  -57.791 0.5714285970
91201  -28.289  14.368  -58.600 0.5714285970
85649  -28.097  9.256  -57.023 0.5714285970
81786  -35.427  6.780  -46.440 0.1428571492
83089  -35.137  7.524  -48.021 0.1428571492
84344  -35.555  8.612  -48.023 0.1428571492
69964  -31.570  -2.901  -42.904 0.2857142985
79287  -35.512  4.620  -48.324 0.1428571492
83063  -36.738  7.299  -45.306 0.1428571492
83074  -37.115  7.957  -45.844 0.1428571492
83072  -35.747  7.576  -46.552 0.1428571492
83075  -38.294  7.792  -46.156 0.1428571492
69948  -31.326  -3.549  -42.415 0.2857142985
78075  -35.745  3.273  -46.530 0.1428571492
79247  -35.415  4.640  -45.588 0.1428571492
78089  -35.685  3.789  -47.066 0.1428571492
80464  -35.625  5.975  -45.717 0.1428571492
81765  -38.416  6.289  -44.578 0.1428571492
80457  -35.866  5.926  -45.116 0.1428571492
79271  -41.155  5.078  -46.948 0.1428571492
81789  -39.400  6.894  -46.104 0.1428571492
81797  -40.307  6.400  -47.523 0.1428571492
68818  -31.001  -4.108  -42.038 0.2857142985
68817  -30.153  -4.462  -42.435 0.2857142985
73418  -37.467  -0.860  -47.650 0.1428571492
73401  -37.162  -0.040  -47.176 0.1428571492
74580  -36.743  0.780  -46.743 0.1428571492
73431  -37.511  -0.911  -48.588 0.1428571492
75727  -36.337  1.656  -46.308 0.1428571492
78059  -35.887  3.907  -44.227 0.1428571492
75712  -36.159  1.806  -45.273 0.1428571492
80424  -36.849  5.353  -43.612 0.1428571492
78067  -35.528  3.788  -45.495 0.1428571492
80446  -38.097  5.851  -44.063 0.1428571492
79249  -39.889  5.108  -44.552 0.1428571492
79258  -40.900  4.898  -46.188 0.1428571492
80458  -39.867  5.765  -45.492 0.1428571492
68800  -30.781  -4.588  -41.872 0.2857142985
66495  -30.355  -5.938  -41.075 0.2857142985
66478  -30.081  -6.433  -40.710 0.2857142985
70032  -37.250  -3.444  -48.912 0.1428571492
72245  -37.632  -1.609  -47.162 0.1428571492
73402  -37.416  -0.746  -46.670 0.1428571492
73383  -37.046  0.100  -46.193 0.1428571492
76895  -36.006  2.946  -43.575 0.1428571492
74565  -36.602  0.936  -45.742 0.1428571492
78046  -37.252  4.403  -42.508 0.1428571492
80426  -38.454  5.342  -43.584 0.1428571492
79272  -41.576  4.601  -47.568 0.1428571492
68905  -35.341  -4.725  -48.679 0.1428571492
70022  -37.584  -3.506  -47.919 0.1428571492
68907  -37.140  -4.466  -48.292 0.1428571492
72232  -37.614  -1.514  -46.180 0.1428571492
71128  -37.719  -2.309  -46.663 0.1428571492
75697  -36.120  1.998  -43.136 0.1428571492
74556  -36.405  1.053  -44.754 0.1428571492
78021  -36.810  3.838  -42.392 0.1428571492
79250  -40.596  4.652  -45.203 0.1428571492
79225  -38.905  4.796  -43.119 0.1428571492
79251  -41.257  4.286  -45.854 0.1428571492
67761  -36.666  -5.198  -48.218 0.1428571492
67758  -34.715  -4.911  -48.015 0.1428571492
71112  -37.771  -2.431  -45.755 0.1428571492
70010  -37.758  -3.456  -46.596 0.1428571492
72214  -37.530  -1.428  -45.143 0.1428571492
71141  -37.729  -2.537  -47.557 0.1428571492
75680  -36.812  1.728  -41.669 0.1428571492
74536  -36.683  0.388  -42.286 0.1428571492
76871  -37.457  2.892  -41.547 0.1428571492
78048  -39.233  3.976  -42.575 0.1428571492
76870  -36.447  2.952  -42.311 0.1428571492
79240  -40.168  4.289  -44.072 0.1428571492
78022  -37.395  3.705  -42.046 0.1428571492
70011  -37.799  -3.717  -45.842 0.1428571492
68899  -37.607  -4.427  -47.288 0.1428571492
72199  -37.429  -1.393  -44.052 0.1428571492
71113  -37.850  -2.906  -45.163 0.1428571492
73365  -36.957  -0.590  -43.205 0.1428571492
76872  -38.302  2.810  -41.383 0.1428571492
74557  -36.652  0.446  -44.331 0.1428571492
75704  -36.049  1.922  -44.203 0.1428571492
74594  -36.827  0.576  -47.713 0.1428571492
78091  -41.945  3.916  -47.031 0.1428571492
79288  -41.870  4.382  -48.538 0.1428571492
80459  -40.464  5.257  -45.873 0.1428571492
81764  -37.697  6.378  -44.474 0.1428571492
84333  -35.891  8.255  -46.994 0.1428571492
78049  -40.297  3.437  -43.106 0.1428571492
78069  -41.399  3.657  -45.115 0.1428571492
78108  -42.093  3.971  -47.789 0.1428571492
79289  -42.216  3.963  -49.208 0.1428571492
87918  -28.598  10.801  -57.097 0.4285714328
80472  -41.461  4.897  -48.198 0.1428571492
80466  -40.479  5.715  -46.597 0.1428571492
80471  -41.019  5.511  -47.875 0.1428571492
83076  -39.176  7.636  -46.782 0.1428571492
81807  -40.569  6.323  -48.414 0.1428571492
84359  -35.220  8.954  -49.181 0.1428571492
95473  -28.298  18.503  -59.418 0.4285714328
96564  -27.161  19.265  -60.262 0.4285714328
100697  -28.314  23.067  -64.170 0.1428571492
94399  -26.983  17.150  -60.401 0.4285714328
67645  -31.109  -5.575  -40.975 0.2857142985
100688  -27.078  23.913  -63.854 0.1428571492
81795  -35.147  6.847  -47.235 0.1428571492
72256  -37.642  -1.695  -48.194 0.1428571492
68906  -36.220  -4.546  -48.781 0.1428571492
67759  -35.121  -5.339  -48.015 0.1428571492
71152  -37.596  -2.620  -48.678 0.1428571492
76923  -36.114  2.382  -46.894 0.1428571492
85576  -34.603  9.568  -51.176 0.1428571492
85589  -34.380  9.715  -51.873 0.1428571492
80463  -35.323  5.851  -46.446 0.1428571492
83080  -35.468  7.778  -47.350 0.1428571492
81787  -35.853  6.745  -45.717 0.1428571492
81779  -37.277  6.906  -44.805 0.1428571492
81763  -36.954  6.368  -44.400 0.1428571492
79257  -35.341  4.807  -46.180 0.1428571492
83065  -38.184  7.316  -45.525 0.1428571492
84321  -36.396  8.197  -46.478 0.1428571492
84323  -38.111  8.519  -46.924 0.1428571492
81788  -38.634  7.132  -45.545 0.1428571492
78074  -35.497  4.089  -46.392 0.1428571492
79248  -35.677  4.932  -44.808 0.1428571492
81781  -38.982  6.514  -45.115 0.1428571492
80447  -39.072  5.686  -44.314 0.1428571492
80444  -36.480  5.793  -44.346 0.1428571492
81790  -40.002  6.484  -46.712 0.1428571492
76906  -35.816  2.799  -44.760 0.1428571492
79238  -36.270  4.853  -43.851 0.1428571492
80425  -37.610  5.418  -43.507 0.1428571492
79222  -36.604  4.860  -43.328 0.1428571492
80427  -39.004  5.217  -43.688 0.1428571492
73384  -37.315  -0.615  -45.639 0.1428571492
78045  -36.444  4.126  -43.075 0.1428571492
78047  -38.210  4.284  -42.419 0.1428571492
79226  -39.631  4.298  -43.336 0.1428571492
67760  -35.923  -5.283  -48.222 0.1428571492
67762  -37.071  -5.156  -48.005 0.1428571492
74548  -36.313  1.128  -43.772 0.1428571492
75679  -36.339  1.963  -42.417 0.1428571492
74549  -36.612  0.320  -43.470 0.1428571492
74566  -36.879  0.250  -45.185 0.1428571492
69995  -37.821  -3.236  -45.714 0.1428571492
73373  -37.098  -0.424  -44.440 0.1428571492
75655  -37.454  1.514  -40.994 0.1428571492
78023  -38.460  3.492  -41.816 0.1428571492
78024  -39.573  3.148  -42.040 0.1428571492
57400  -30.080  -14.154  -34.847 0.1428571492
58518  -31.242  -13.154  -35.248 0.1428571492
58516  -29.304  -13.518  -35.558 0.1428571492
59612  -30.796  -12.737  -35.633 0.1428571492
59624  -31.240  -12.086  -36.020 0.1428571492
61749  -30.999  -10.969  -36.746 0.1428571492
64066  -30.744  -9.122  -37.963 0.1428571492
62895  -30.083  -9.108  -38.268 0.1428571492
64092  -30.274  -7.873  -39.236 0.1428571492
64077  -30.563  -8.319  -38.580 0.1428571492
65306  -30.901  -7.481  -39.322 0.1428571492
62894  -29.329  -9.568  -38.288 0.1428571492
64091  -29.547  -8.024  -39.507 0.1428571492
65305  -30.113  -7.662  -39.540 0.1428571492
65318  -29.774  -7.279  -40.116 0.1428571492
66477  -29.141  -6.692  -40.977 0.1428571492
66493  -28.690  -6.348  -41.791 0.1428571492
67684  -29.976  -5.036  -42.081 0.1428571492
67663  -29.738  -5.404  -41.934 0.1428571492
68836  -29.883  -4.110  -43.049 0.2857142985
69947  -30.706  -3.866  -42.457 0.1428571492
69963  -30.467  -3.480  -43.076 0.1428571492
71080  -31.929  -2.320  -43.458 0.1428571492
69962  -29.649  -3.883  -43.428 0.2857142985
72212  -32.365  -0.826  -44.801 0.2857142985
73428  -32.182  -0.048  -48.784 0.4285714328
73449  -32.259  -0.499  -50.835 0.4285714328
85641  -29.223  9.177  -55.970 0.2857142985
87919  -29.271  11.441  -56.602 0.2857142985
86768  -28.699  10.249  -56.797 0.2857142985
94384  -30.131  17.677  -56.871 0.2857142985
94390  -29.681  17.494  -57.823 0.2857142985
94394  -28.882  17.446  -58.981 0.2857142985
95474  -28.677  17.994  -59.123 0.4285714328
67664  -30.676  -5.272  -41.472 0.1428571492
69976  -30.360  -2.852  -43.737 0.2857142985
72197  -31.901  -1.386  -44.317 0.1428571492
61758  -30.152  -10.768  -37.258 0.1428571492
64076  -29.451  -8.781  -38.823 0.1428571492
65317  -28.654  -7.402  -40.617 0.1428571492
66507  -29.039  -5.710  -42.178 0.1428571492
67683  -29.397  -5.029  -42.535 0.1428571492
68835  -29.201  -4.515  -43.148 0.1428571492
69992  -29.360  -2.692  -44.462 0.2857142985
71093  -31.394  -1.867  -44.067 0.2857142985
69993  -30.018  -2.625  -44.131 0.2857142985
71109  -30.081  -1.980  -44.466 0.2857142985
72196  -31.456  -1.497  -44.330 0.2857142985
73399  -32.270  0.149  -46.549 0.4285714328
74593  -31.799  0.831  -47.177 0.2857142985
84420  -29.313  8.328  -55.654 0.2857142985
86760  -29.902  10.138  -55.381 0.2857142985
86769  -29.335  10.321  -56.134 0.2857142985
89037  -30.563  12.615  -55.096 0.2857142985
89049  -29.338  12.991  -56.946 0.2857142985
92283  -30.098  15.577  -57.171 0.2857142985
93312  -30.858  16.650  -55.789 0.2857142985
93315  -29.963  16.577  -57.525 0.2857142985
72211  -31.074  -1.236  -44.581 0.2857142985
85632  -29.741  9.089  -55.364 0.2857142985
87909  -30.057  11.440  -55.428 0.2857142985
86751  -30.365  10.476  -54.775 0.2857142985
89036  -30.031  12.562  -55.810 0.2857142985
91188  -30.807  14.583  -55.731 0.2857142985
89042  -29.605  12.730  -56.488 0.2857142985
90100  -29.810  13.610  -56.555 0.2857142985
91192  -30.707  15.167  -56.103 0.2857142985
91196  -29.519  14.550  -57.522 0.2857142985
90092  -31.153  13.472  -54.638 0.2857142985
90095  -30.188  13.525  -56.016 0.2857142985
73415  -32.353  0.119  -47.829 0.4285714328
73441  -32.116  -0.439  -49.709 0.4285714328
65319  -30.661  -6.791  -40.139 0.1428571492
61759  -31.121  -10.315  -37.160 0.1428571492
60713  -30.756  -11.552  -36.456 0.1428571492
92288  -29.340  15.505  -58.104 0.2857142985
91191  -30.165  14.617  -56.601 0.2857142985
71079  -31.020  -2.556  -43.490 0.1428571492
66494  -29.673  -5.986  -41.456 0.1428571492
58517  -30.400  -13.614  -35.165 0.1428571492
61748  -30.458  -11.214  -36.823 0.1428571492
62880  -30.348  -9.821  -37.766 0.1428571492
64103  -28.578  -7.963  -40.127 0.1428571492
69975  -29.687  -3.290  -43.900 0.2857142985
93316  -30.446  16.598  -56.650 0.2857142985
91185  -31.344  14.489  -54.737 0.2857142985
75765  -31.865  1.553  -49.424 0.2857142985
74617  -31.973  0.670  -49.190 0.2857142985
102775  -26.256  25.909  -60.104 0.1428571492
102776  -27.024  25.544  -60.462 0.1428571492
103854  -26.079  26.150  -61.601 0.1428571492
102791  -26.403  25.710  -62.624 0.1428571492
102797  -26.529  25.116  -63.315 0.1428571492
102764  -26.157  26.036  -59.010 0.1428571492
103857  -25.732  26.059  -62.169 0.1428571492
103848  -24.934  26.948  -60.472 0.1428571492
105666  -25.408  28.941  -59.007 0.1428571492
75778  -31.971  1.781  -50.804 0.2857142985
101712  -27.607  24.602  -63.578 0.1428571492
102779  -27.409  25.668  -61.283 0.1428571492
100687  -26.223  23.895  -63.757 0.1428571492
102783  -26.728  26.001  -61.845 0.1428571492
102792  -27.541  25.288  -63.031 0.1428571492
101709  -24.804  24.483  -63.225 0.1428571492
102796  -25.619  25.193  -63.149 0.1428571492
103841  -25.637  26.692  -59.713 0.1428571492
104764  -25.201  28.001  -59.316 0.1428571492
105678  -24.219  28.535  -59.494 0.1428571492
104786  -24.357  27.280  -60.174 0.1428571492
102790  -25.332  25.675  -62.682 0.1428571492
103856  -24.911  26.129  -62.193 0.1428571492
102778  -26.561  25.958  -61.030 0.1428571492
103853  -25.359  26.431  -61.505 0.1428571492
103849  -25.815  26.352  -60.769 0.1428571492
102750  -26.242  26.266  -58.289 0.1428571492
102784  -27.437  25.692  -62.177 0.1428571492
87900  -30.698  11.454  -54.524 0.1428571492
87899  -30.242  10.887  -55.029 0.1428571492
87910  -30.531  12.037  -54.865 0.1428571492
92277  -31.384  15.587  -54.796 0.1428571492
94346  -29.505  16.914  -52.613 0.1428571492
93304  -30.701  17.333  -54.230 0.1428571492
85624  -30.233  9.551  -54.808 0.1428571492
93305  -31.183  16.789  -54.736 0.1428571492
94368  -28.381  18.147  -53.774 0.1428571492
95446  -29.302  19.010  -55.370 0.1428571492
95445  -28.134  19.321  -54.989 0.2857142985
78157  -31.068  3.557  -53.593 0.2857142985
79342  -31.386  4.414  -52.578 0.1428571492
84404  -30.922  8.274  -53.602 0.1428571492
84413  -30.399  8.211  -54.248 0.1428571492
86752  -30.854  10.290  -54.145 0.1428571492
86812  -31.051  11.154  -60.561 0.1428571492
89025  -31.383  12.422  -53.854 0.1428571492
94385  -30.516  17.337  -56.032 0.1428571492
95458  -29.476  18.541  -57.624 0.1428571492
96529  -29.188  19.366  -56.365 0.1428571492
96528  -28.423  19.636  -55.977 0.2857142985
97663  -27.513  20.271  -58.455 0.2857142985
98676  -24.061  22.021  -57.960 0.2857142985
97658  -23.853  21.882  -56.738 0.2857142985
102710  -22.905  25.033  -55.135 0.1428571492
95464  -28.672  18.876  -59.010 0.2857142985
96544  -28.164  19.960  -57.750 0.2857142985
97669  -26.836  20.622  -59.089 0.2857142985
97685  -26.039  20.369  -60.408 0.2857142985
97668  -26.065  21.301  -58.899 0.2857142985
97660  -25.071  21.522  -57.423 0.2857142985
97674  -24.535  21.945  -59.939 0.2857142985
97666  -24.485  21.864  -57.960 0.2857142985
97659  -24.294  21.750  -57.204 0.2857142985
98679  -23.294  22.558  -59.340 0.2857142985
100647  -22.188  24.350  -58.025 0.1428571492
98669  -23.328  22.315  -56.796 0.2857142985
104728  -22.249  27.311  -55.762 0.1428571492
104729  -22.788  27.792  -55.448 0.1428571492
97651  -24.300  21.225  -56.143 0.1428571492
100648  -22.376  23.802  -57.548 0.1428571492
99706  -22.718  23.034  -57.724 0.2857142985
100635  -22.302  24.092  -56.858 0.1428571492
100624  -22.639  23.834  -56.059 0.1428571492
94367  -27.359  17.918  -53.914 0.2857142985
98657  -23.449  22.105  -55.855 0.1428571492
101628  -23.395  24.712  -54.553 0.1428571492
99681  -23.140  22.853  -55.605 0.1428571492
92276  -25.337  15.659  -53.715 0.1428571492
86813  -31.500  11.569  -61.345 0.1428571492
87933  -34.177  11.912  -57.277 0.1428571492
83152  -30.835  7.156  -53.435 0.1428571492
85615  -31.274  9.522  -53.560 0.1428571492
87974  -32.024  12.377  -61.263 0.1428571492
86742  -31.481  10.538  -53.388 0.1428571492
90075  -31.703  13.433  -52.426 0.1428571492
91171  -31.614  14.115  -52.838 0.1428571492
91178  -31.524  14.270  -53.964 0.1428571492
93285  -30.037  16.491  -52.606 0.1428571492
94379  -30.188  18.146  -55.678 0.1428571492
95432  -27.735  18.665  -54.323 0.2857142985
96538  -27.666  20.223  -56.733 0.1428571492
97654  -26.706  20.786  -57.200 0.1428571492
97662  -26.758  20.858  -58.179 0.2857142985
97653  -25.794  20.962  -56.802 0.1428571492
97661  -25.926  21.300  -57.807 0.1428571492
99694  -22.827  23.140  -56.649 0.1428571492
101653  -21.988  24.738  -57.076 0.1428571492
101627  -22.990  24.313  -55.026 0.1428571492
101641  -22.644  24.553  -55.575 0.1428571492
89067  -32.583  12.597  -59.630 0.1428571492
87965  -31.815  11.907  -60.029 0.1428571492
89073  -32.493  13.074  -60.550 0.1428571492
97675  -25.201  21.633  -59.694 0.2857142985
98685  -23.956  22.161  -59.938 0.2857142985
102735  -21.920  25.163  -56.825 0.1428571492
102721  -22.480  25.736  -55.656 0.1428571492
98675  -23.522  22.372  -57.923 0.2857142985
101654  -22.234  24.838  -56.379 0.1428571492
96565  -27.430  19.113  -60.083 0.2857142985
81867  -30.502  6.293  -53.882 0.1428571492
81855  -31.132  6.218  -53.003 0.1428571492
96563  -26.467  19.810  -60.555 0.2857142985
84412  -29.933  8.249  -54.886 0.1428571492
96556  -26.943  19.764  -59.976 0.2857142985
95466  -29.395  18.018  -58.123 0.1428571492
95457  -29.217  18.786  -58.044 0.1428571492
87888  -31.379  11.414  -53.646 0.1428571492
90084  -31.442  13.358  -53.963 0.1428571492
92269  -31.436  15.487  -53.567 0.1428571492
89026  -31.783  12.414  -53.007 0.1428571492
93296  -31.285  16.233  -54.146 0.1428571492
93295  -30.794  16.865  -53.574 0.1428571492
94369  -29.896  17.952  -54.194 0.1428571492
94380  -30.730  17.518  -55.166 0.1428571492
85625  -30.612  9.018  -54.232 0.1428571492
95433  -28.735  18.751  -54.423 0.1428571492
95451  -29.718  18.733  -56.506 0.1428571492
96540  -29.347  19.185  -57.161 0.2857142985
97670  -27.423  20.006  -59.255 0.2857142985
96550  -28.383  19.410  -58.789 0.2857142985
98680  -24.143  22.115  -58.781 0.2857142985
102711  -23.182  25.849  -54.914 0.1428571492
97676  -26.195  20.619  -59.912 0.2857142985
97667  -25.079  21.778  -58.511 0.2857142985
97652  -24.945  21.069  -56.487 0.1428571492
98681  -24.706  21.988  -59.129 0.2857142985
104740  -22.483  28.398  -55.949 0.1428571492
68873  -27.903  -4.046  -44.589 0.1428571492
72210  -29.808  -1.417  -45.025 0.1428571492
70008  -27.934  -2.671  -45.450 0.1428571492
72226  -27.675  -1.208  -46.317 0.1428571492
73396  -28.307  -0.084  -46.380 0.1428571492
72209  -29.305  -1.543  -45.233 0.1428571492
72227  -28.979  -1.190  -45.592 0.1428571492
72228  -30.362  -0.608  -45.318 0.1428571492
74591  -29.644  1.240  -46.415 0.1428571492
74578  -30.326  0.965  -46.257 0.1428571492
75726  -31.345  1.358  -46.703 0.1428571492
74579  -31.369  0.883  -46.363 0.1428571492
74576  -28.484  0.763  -46.603 0.1428571492
75741  -30.623  1.798  -46.583 0.1428571492
75742  -31.476  1.723  -47.420 0.1428571492
75754  -31.780  1.715  -48.512 0.1428571492
76975  -31.943  2.902  -50.876 0.1428571492
76986  -31.872  2.636  -51.753 0.1428571492
95444  -27.031  19.181  -54.807 0.1428571492
72229  -31.724  -0.281  -45.324 0.1428571492
68887  -27.705  -3.328  -45.326 0.1428571492
71126  -28.613  -1.864  -45.414 0.1428571492
97650  -23.796  21.383  -55.847 0.1428571492
74604  -31.963  0.874  -48.239 0.1428571492
68874  -28.868  -3.380  -44.350 0.1428571492
73398  -30.986  0.332  -45.746 0.1428571492
74605  -31.894  1.149  -48.794 0.1428571492
69991  -28.448  -2.904  -44.911 0.1428571492
71108  -29.118  -1.986  -45.047 0.1428571492
71107  -28.412  -2.287  -45.311 0.1428571492
71124  -27.213  -1.857  -46.358 0.1428571492
73397  -29.680  0.040  -45.884 0.1428571492
75725  -30.962  1.282  -46.382 0.1428571492
75724  -29.133  1.262  -46.499 0.1428571492
73414  -27.597  -0.033  -46.884 0.1428571492
67732  -27.560  -4.687  -44.449 0.1428571492
61760  -32.008  -10.165  -37.173 0.4285714328
64104  -29.126  -7.659  -40.079 0.1428571492
65308  -33.119  -7.201  -39.306 0.2857142985
67665  -31.686  -4.961  -41.282 0.4285714328
68803  -32.850  -4.865  -41.488 0.4285714328
68816  -29.581  -4.675  -42.711 0.1428571492
68890  -37.813  -4.499  -45.860 0.1428571492
69950  -33.350  -3.517  -42.813 0.4285714328
70035  -33.341  -2.867  -49.381 0.5714285970
70039  -36.513  -3.245  -49.807 0.2857142985
70051  -36.017  -3.134  -50.109 0.2857142985
71066  -33.063  -2.840  -42.975 0.5714285970
71092  -30.597  -2.272  -44.019 0.2857142985
71096  -37.743  -2.220  -44.725 0.1428571492
71110  -30.780  -1.833  -44.281 0.2857142985
71139  -33.507  -2.155  -47.826 0.5714285970
71174  -34.471  -2.080  -51.060 0.5714285970
72264  -32.220  -0.954  -49.784 0.5714285970
72275  -37.254  -2.095  -49.995 0.2857142985
72280  -33.032  -1.285  -51.144 0.5714285970
72282  -34.636  -1.517  -51.614 0.7142857313
72300  -35.241  -0.757  -52.296 0.7142857313
73417  -37.192  -0.207  -48.087 0.1428571492
73443  -37.250  -0.686  -49.817 0.2857142985
73467  -35.472  -0.176  -52.696 0.7142857313
73485  -34.519  -0.076  -53.189 0.7142857313
73486  -35.050  -0.134  -53.119 0.5714285970
74535  -36.347  1.214  -42.751 0.1428571492
74577  -29.193  0.753  -46.325 0.1428571492
74592  -30.037  1.451  -46.441 0.1428571492
74618  -31.865  1.154  -49.089 0.1428571492
74634  -32.385  0.135  -51.903 0.5714285970
74641  -33.035  -0.025  -52.946 0.5714285970
74648  -32.183  0.836  -52.983 0.5714285970
74649  -32.649  0.601  -53.389 0.5714285970
74669  -33.589  0.842  -54.127 0.5714285970
75723  -28.825  1.056  -46.526 0.1428571492
75740  -29.503  1.798  -46.603 0.1428571492
75755  -31.854  1.385  -48.936 0.1428571492
75766  -31.822  1.375  -49.168 0.2857142985
75797  -32.573  1.029  -53.952 0.7142857313
75798  -35.385  1.669  -53.773 0.8571428657
75811  -32.031  1.765  -54.408 0.7142857313
75815  -35.020  1.742  -54.444 0.7142857313
75828  -33.404  1.826  -55.217 0.7142857313
76841  -37.810  2.173  -41.110 0.1428571492
76914  -35.900  2.592  -45.878 0.1428571492
76994  -35.756  2.374  -52.517 0.7142857313
76999  -31.281  2.776  -53.757 0.4285714328
77010  -31.531  2.357  -54.310 0.7142857313
77012  -34.501  2.212  -55.027 0.7142857313
77032  -34.560  2.915  -55.230 0.7142857313
77045  -31.704  2.731  -55.851 0.5714285970
77047  -33.135  2.818  -56.259 0.7142857313
77048  -33.554  3.119  -56.185 0.8571428657
78066  -35.407  4.318  -45.915 0.1428571492
78143  -35.638  3.846  -51.731 0.5714285970
78150  -31.199  3.843  -53.143 0.2857142985
78163  -30.603  3.611  -54.457 0.4285714328
78191  -30.257  4.022  -56.032 0.5714285970
78192  -30.643  3.589  -56.380 0.5714285970
78194  -32.420  3.223  -56.752 0.8571428657
78211  -31.684  3.600  -57.198 0.5714285970
79223  -37.048  4.972  -43.011 0.1428571492
79224  -37.924  4.927  -42.960 0.1428571492
79239  -39.475  4.925  -43.830 0.1428571492
79259  -41.465  4.432  -46.620 0.1428571492
79329  -31.625  4.479  -51.972 0.1428571492
79355  -29.806  4.915  -55.216 0.5714285970
79363  -29.901  4.467  -55.829 0.5714285970
79364  -30.052  4.317  -55.328 0.5714285970
79373  -30.556  3.820  -56.921 0.5714285970
79392  -31.856  4.148  -57.804 0.7142857313
79393  -32.585  4.350  -57.815 0.8571428657
79410  -29.650  5.445  -57.986 1.0000000000
79411  -30.393  5.046  -58.028 1.0000000000
79413  -32.157  4.802  -58.176 0.8571428657
80445  -37.271  5.922  -43.994 0.1428571492
80456  -35.541  5.356  -45.639 0.1428571492
80465  -39.928  6.207  -46.232 0.1428571492
80485  -41.453  5.136  -48.814 0.1428571492
80549  -34.455  5.937  -52.623 0.5714285970
80572  -29.237  5.591  -55.722 0.5714285970
80580  -33.665  5.407  -56.945 1.0000000000
80586  -28.049  6.244  -57.646 1.0000000000
80601  -28.718  6.088  -58.154 1.0000000000
80602  -29.368  5.942  -58.307 0.8571428657
80603  -30.021  5.753  -58.365 0.8571428657
80620  -29.510  6.301  -58.768 1.0000000000
80622  -30.919  6.164  -58.931 0.8571428657
80623  -31.385  6.381  -58.829 0.8571428657
81762  -36.643  6.242  -44.503 0.1428571492
81778  -36.509  6.518  -44.826 0.1428571492
81780  -38.144  6.906  -45.012 0.1428571492
81880  -28.686  6.413  -56.024 0.4285714328
81881  -29.145  6.383  -55.548 0.5714285970
81889  -28.067  6.323  -56.655 0.8571428657
81896  -27.830  6.621  -57.624 1.0000000000
81897  -27.883  6.369  -57.152 0.8571428657
81903  -28.638  6.534  -58.617 1.0000000000
81918  -29.670  6.734  -59.259 0.8571428657
81920  -30.898  7.010  -59.228 0.7142857313
81931  -28.755  7.475  -59.789 0.8571428657
81934  -30.408  7.210  -59.464 0.7142857313
83064  -37.637  7.411  -45.401 0.1428571492
83073  -36.327  7.614  -45.922 0.1428571492
83111  -34.743  6.953  -50.038 0.4285714328
83176  -27.641  7.315  -56.836 0.8571428657
83177  -28.138  7.258  -56.439 0.4285714328
83198  -28.020  7.497  -59.383 0.8571428657
83210  -27.651  8.034  -59.614 0.8571428657
83215  -30.756  8.608  -59.614 0.5714285970
83225  -28.436  8.352  -60.532 0.8571428657
84320  -35.990  8.038  -46.647 0.1428571492
84336  -38.400  8.787  -47.584 0.1428571492
84358  -34.842  8.436  -49.776 0.2857142985
84419  -28.779  7.803  -56.041 0.4285714328
84422  -33.952  8.529  -55.501 0.4285714328
84428  -28.411  8.471  -56.469 0.5714285970
84436  -27.881  8.499  -56.968 0.5714285970
84437  -32.417  8.547  -58.019 0.5714285970
84458  -26.765  9.115  -60.179 0.8571428657
85590  -34.874  10.240  -51.533 0.1428571492
85603  -34.604  10.319  -52.011 0.1428571492
85633  -33.728  9.319  -56.165 0.4285714328
85640  -28.746  9.492  -56.486 0.5714285970
85664  -26.667  9.600  -59.362 0.8571428657
85665  -31.191  10.226  -59.785 0.2857142985
85674  -30.873  9.465  -59.768 0.5714285970
85681  -26.457  9.813  -60.583 0.8571428657
85683  -27.398  9.281  -61.581 0.8571428657
85695  -27.772  9.735  -62.109 0.5714285970
85704  -28.153  10.191  -62.648 0.2857142985
85705  -28.779  10.355  -62.969 0.1428571492
86778  -27.578  10.227  -57.939 1.0000000000
86780  -32.723  9.971  -57.773 0.2857142985
86786  -26.750  9.977  -59.098 1.0000000000
86787  -27.075  10.321  -58.661 1.0000000000
86789  -32.845  11.035  -57.889 0.2857142985
86804  -31.280  10.712  -59.956 0.2857142985
86805  -31.533  11.146  -59.912 0.2857142985
86811  -26.634  10.074  -61.592 0.5714285970
86827  -27.285  10.776  -62.796 0.1428571492
87889  -31.806  11.359  -52.720 0.1428571492
87942  -28.112  12.175  -58.018 0.7142857313
87955  -32.478  11.710  -58.837 0.1428571492
87962  -25.651  11.897  -60.196 0.8571428657
87964  -31.404  11.303  -60.273 0.1428571492
87973  -31.470  11.688  -60.726 0.1428571492
87982  -26.076  11.407  -62.112 0.4285714328
89032  -30.998  12.560  -54.519 0.2857142985
89064  -25.787  12.424  -59.852 0.8571428657
89072  -25.419  12.553  -60.313 0.8571428657
90085  -31.681  13.318  -53.266 0.1428571492
90096  -30.700  13.544  -55.351 0.2857142985
90108  -27.673  13.509  -58.787 0.8571428657
90121  -25.856  14.123  -59.882 0.8571428657
90122  -32.980  13.410  -61.050 0.1428571492
90126  -25.078  14.374  -61.491 0.5714285970
90136  -25.468  13.436  -63.164 0.1428571492
91170  -31.300  14.419  -52.092 0.1428571492
91179  -31.590  14.050  -53.409 0.1428571492
91187  -30.238  14.086  -56.219 0.2857142985
91195  -28.902  14.402  -58.169 0.4285714328
91206  -27.054  14.375  -59.456 1.0000000000
91211  -25.359  14.667  -60.757 0.7142857313
91220  -25.031  14.716  -62.256 0.2857142985
92260  -31.616  14.444  -53.095 0.1428571492
92268  -30.895  16.219  -52.864 0.1428571492
92270  -31.583  14.649  -53.361 0.1428571492
92280  -31.046  15.763  -55.630 0.2857142985
92284  -30.595  15.727  -56.338 0.2857142985
92297  -28.042  16.038  -59.310 0.5714285970
92301  -25.361  16.129  -61.558 0.7142857313
92307  -25.161  15.660  -61.842 0.4285714328
92308  -25.177  15.181  -61.473 0.4285714328
92316  -25.771  15.505  -63.934 0.1428571492
93320  -29.454  16.612  -58.225 0.2857142985
93329  -27.861  16.587  -59.600 0.5714285970
93332  -25.465  16.681  -61.864 0.7142857313
94362  -29.733  17.244  -53.033 0.1428571492
94370  -30.694  17.467  -54.554 0.1428571492
94395  -29.308  17.460  -58.452 0.2857142985
94400  -27.625  17.527  -59.953 0.4285714328
94407  -27.130  17.892  -60.469 0.4285714328
94415  -26.002  16.906  -63.915 0.1428571492
95465  -29.020  18.522  -58.585 0.1428571492
95484  -27.488  18.635  -60.147 0.2857142985
95507  -25.970  18.696  -63.756 0.1428571492
95508  -26.370  18.609  -64.387 0.1428571492
95509  -26.677  18.998  -64.683 0.1428571492
95516  -26.862  18.469  -64.952 0.1428571492
96539  -28.714  19.715  -56.969 0.2857142985
96545  -29.022  19.203  -57.899 0.1428571492
96546  -29.326  19.009  -57.564 0.1428571492
96551  -28.882  19.095  -58.454 0.1428571492
96555  -26.569  20.087  -60.014 0.2857142985
96557  -27.576  19.362  -59.739 0.2857142985
97655  -27.383  20.474  -57.652 0.1428571492
97677  -26.843  20.170  -59.650 0.2857142985
97678  -27.194  19.848  -59.661 0.2857142985
97691  -25.442  20.805  -61.328 0.7142857313
97697  -25.066  20.686  -62.658 0.7142857313
98686  -24.468  22.039  -59.512 0.2857142985
98701  -25.324  21.672  -63.490 0.4285714328
98706  -25.840  21.549  -63.886 0.1428571492
99725  -22.790  22.926  -61.780 0.2857142985
99726  -23.155  22.608  -61.944 0.7142857313
99736  -25.521  23.073  -63.735 0.2857142985
100634  -22.149  24.352  -57.448 0.1428571492
100658  -22.177  24.382  -58.433 0.2857142985
100694  -25.882  23.309  -63.834 0.2857142985
101675  -22.063  24.820  -58.421 0.2857142985
101683  -22.011  25.129  -58.790 0.2857142985
101700  -22.873  24.476  -62.228 0.2857142985
101710  -25.854  24.521  -63.506 0.1428571492
101711  -26.725  24.538  -63.630 0.1428571492
102762  -21.929  25.395  -57.952 0.2857142985
102798  -27.107  24.963  -63.475 0.1428571492
103858  -26.245  26.041  -62.114 0.1428571492
104787  -24.654  27.260  -60.103 0.1428571492
106594  -22.642  29.130  -58.420 0.1428571492
106610  -23.809  29.248  -59.222 0.1428571492
