#!ascii label  , from subject MNI_FS2 vox2ras=TkReg
513
70048  -34.009  -2.921  -50.223 0.0000000000
74639  -32.198  0.800  -52.266 0.0000000000
92287  -28.761  14.929  -58.458 0.0000000000
83182  -27.513  7.388  -57.314 0.0000000000
81891  -33.904  6.245  -56.285 0.0000000000
79317  -35.746  4.604  -50.588 0.0000000000
95474  -28.677  17.994  -59.123 0.0000000000
80605  -31.638  5.609  -58.551 0.0000000000
78173  -30.449  3.659  -55.454 0.0000000000
72298  -34.124  -0.998  -51.892 0.0000000000
77002  -35.629  2.129  -53.097 0.0000000000
74635  -36.425  0.447  -51.305 0.0000000000
68819  -31.927  -4.045  -41.987 0.0000000000
73416  -32.828  -0.579  -47.591 0.0000000000
100664  -22.290  23.767  -59.605 0.0000000000
98691  -23.853  22.065  -60.920 0.0000000000
95481  -26.123  18.755  -61.666 0.0000000000
92303  -25.853  15.577  -60.576 0.0000000000
87952  -25.776  11.947  -59.947 0.0000000000
87930  -28.276  11.324  -57.577 0.0000000000
84459  -27.306  8.696  -60.406 0.0000000000
83214  -30.362  8.095  -59.753 0.0000000000
85651  -32.862  9.273  -57.468 0.0000000000
85626  -34.099  9.645  -54.473 0.0000000000
77031  -33.985  2.542  -55.453 0.0000000000
80557  -34.445  5.828  -53.083 0.0000000000
80563  -29.654  5.552  -55.106 0.0000000000
80556  -30.721  5.344  -53.611 0.0000000000
71173  -33.868  -2.028  -50.788 0.0000000000
73459  -35.755  -0.715  -52.002 0.0000000000
71176  -35.869  -1.895  -51.281 0.0000000000
64069  -33.081  -8.832  -37.982 0.0000000000
65295  -32.839  -7.692  -38.742 0.0000000000
66467  -32.571  -6.658  -39.752 0.0000000000
73415  -32.353  0.119  -47.829 0.0000000000
73399  -32.270  0.149  -46.549 0.0000000000
96572  -25.343  20.853  -61.713 0.0000000000
93324  -29.004  16.600  -58.762 0.0000000000
93328  -27.124  16.451  -60.014 0.0000000000
92290  -27.650  14.908  -59.260 0.0000000000
90120  -25.417  13.627  -60.304 0.0000000000
90115  -27.010  13.499  -59.255 0.0000000000
85648  -27.633  9.470  -57.633 0.0000000000
85656  -26.806  9.608  -58.901 0.0000000000
83197  -27.542  7.558  -58.992 0.0000000000
83212  -28.846  7.873  -60.157 0.0000000000
81917  -28.703  6.941  -59.215 0.0000000000
80588  -33.334  5.445  -57.493 0.0000000000
83191  -32.574  6.809  -58.125 0.0000000000
83178  -33.541  7.562  -56.690 0.0000000000
85643  -33.741  9.850  -56.209 0.0000000000
83172  -33.994  7.581  -55.440 0.0000000000
76992  -31.661  2.371  -52.651 0.0000000000
77011  -31.921  2.004  -54.837 0.0000000000
75813  -33.784  1.369  -54.760 0.0000000000
78144  -35.857  3.420  -51.394 0.0000000000
79343  -35.238  4.409  -52.734 0.0000000000
80533  -35.176  5.531  -51.357 0.0000000000
83140  -34.078  7.764  -52.077 0.0000000000
81827  -34.595  6.934  -50.812 0.0000000000
68820  -33.128  -4.325  -42.025 0.0000000000
69965  -32.377  -2.681  -43.005 0.0000000000
71082  -33.466  -2.767  -43.622 0.0000000000
71111  -33.903  -2.267  -45.372 0.0000000000
83169  -28.668  7.164  -55.996 0.0000000000
79409  -29.209  5.721  -58.032 0.0000000000
79371  -29.075  5.074  -57.050 0.0000000000
79391  -30.775  4.142  -57.509 0.0000000000
78213  -33.018  4.152  -57.386 0.0000000000
73464  -33.050  -0.252  -52.474 0.0000000000
74651  -34.203  0.365  -53.653 0.0000000000
74642  -35.554  0.264  -52.875 0.0000000000
75787  -36.157  1.431  -51.661 0.0000000000
78131  -36.099  3.142  -50.379 0.0000000000
67666  -32.477  -5.068  -41.081 0.0000000000
74628  -31.950  0.576  -50.241 0.0000000000
73449  -32.259  -0.499  -50.835 0.0000000000
72265  -32.462  -1.303  -49.484 0.0000000000
71155  -32.976  -2.332  -49.202 0.0000000000
102777  -22.286  25.471  -59.938 0.0000000000
99713  -22.639  23.019  -58.862 0.0000000000
99721  -22.658  22.960  -60.948 0.0000000000
98697  -24.247  22.119  -62.478 0.0000000000
96580  -25.505  20.113  -62.363 0.0000000000
94410  -25.605  17.644  -62.280 0.0000000000
95483  -26.958  18.654  -60.739 0.0000000000
94405  -26.091  17.572  -61.364 0.0000000000
93338  -25.321  16.607  -62.399 0.0000000000
90132  -25.059  14.251  -61.780 0.0000000000
89084  -25.412  12.581  -61.932 0.0000000000
86820  -26.302  10.651  -61.669 0.0000000000
89057  -28.337  12.929  -58.006 0.0000000000
87954  -26.858  11.758  -59.058 0.0000000000
86803  -26.191  10.481  -60.217 0.0000000000
85694  -27.087  9.737  -61.766 0.0000000000
84473  -28.156  8.950  -61.340 0.0000000000
85673  -30.924  10.253  -60.108 0.0000000000
81921  -31.404  6.844  -58.936 0.0000000000
84445  -31.686  8.627  -58.795 0.0000000000
77027  -30.901  2.991  -54.737 0.0000000000
77046  -32.359  2.692  -56.115 0.0000000000
79365  -34.271  4.299  -55.488 0.0000000000
77013  -34.883  2.450  -54.682 0.0000000000
79358  -34.747  4.061  -54.396 0.0000000000
81875  -34.165  6.508  -54.722 0.0000000000
83162  -34.021  7.603  -54.263 0.0000000000
84393  -34.018  8.982  -52.610 0.0000000000
72230  -32.956  -0.662  -45.963 0.0000000000
72244  -33.718  -2.059  -47.036 0.0000000000
71151  -33.694  -2.911  -48.208 0.0000000000
71164  -34.217  -2.600  -50.598 0.0000000000
71175  -35.306  -2.079  -51.233 0.0000000000
71165  -35.039  -2.724  -50.781 0.0000000000
71166  -36.294  -2.546  -50.561 0.0000000000
70049  -34.558  -3.165  -50.282 0.0000000000
62896  -33.504  -9.496  -38.225 0.0000000000
64079  -32.599  -8.206  -38.210 0.0000000000
64080  -33.469  -8.530  -38.585 0.0000000000
92292  -29.093  16.042  -58.521 0.0000000000
92291  -28.391  15.479  -58.887 0.0000000000
91200  -27.676  14.350  -59.034 0.0000000000
91201  -28.289  14.368  -58.600 0.0000000000
84427  -27.782  7.877  -56.910 0.0000000000
85649  -28.097  9.256  -57.023 0.0000000000
84435  -27.477  8.427  -57.567 0.0000000000
84444  -27.156  8.301  -58.570 0.0000000000
83189  -27.550  7.480  -58.094 0.0000000000
81916  -28.059  7.155  -59.045 0.0000000000
81902  -28.083  6.759  -58.493 0.0000000000
81890  -33.552  6.335  -56.931 0.0000000000
81898  -32.992  6.287  -57.804 0.0000000000
81882  -33.814  6.944  -56.191 0.0000000000
83171  -33.819  7.645  -56.132 0.0000000000
75791  -31.889  1.501  -52.854 0.0000000000
75796  -32.086  1.415  -53.770 0.0000000000
74668  -32.970  0.794  -53.934 0.0000000000
79331  -35.837  4.123  -51.023 0.0000000000
79330  -35.548  4.503  -51.590 0.0000000000
80517  -35.485  5.250  -50.838 0.0000000000
81842  -34.710  6.174  -51.424 0.0000000000
81828  -35.039  6.075  -50.577 0.0000000000
81816  -34.984  6.336  -49.526 0.0000000000
80500  -35.423  5.358  -50.006 0.0000000000
71067  -33.454  -3.117  -43.201 0.0000000000
83170  -29.221  7.238  -55.512 0.0000000000
80578  -28.707  5.689  -56.448 0.0000000000
80571  -28.826  5.867  -56.060 0.0000000000
78172  -30.214  4.054  -55.768 0.0000000000
79372  -30.011  4.332  -56.704 0.0000000000
78210  -30.985  3.533  -56.972 0.0000000000
78212  -32.489  3.789  -57.347 0.0000000000
78193  -31.538  3.150  -56.497 0.0000000000
73458  -33.644  -0.846  -51.888 0.0000000000
73465  -33.813  -0.411  -52.589 0.0000000000
73466  -34.819  -0.507  -52.774 0.0000000000
73460  -36.255  -0.339  -51.756 0.0000000000
73468  -35.847  -0.196  -52.217 0.0000000000
76976  -36.153  2.325  -51.003 0.0000000000
75779  -36.387  1.340  -50.649 0.0000000000
76964  -36.287  2.258  -50.002 0.0000000000
62882  -32.185  -9.519  -37.563 0.0000000000
61751  -32.555  -10.668  -36.842 0.0000000000
67647  -32.713  -5.622  -40.656 0.0000000000
67667  -33.408  -5.608  -41.459 0.0000000000
73442  -32.261  -0.661  -49.140 0.0000000000
73429  -32.488  -0.698  -48.546 0.0000000000
71162  -32.933  -2.075  -49.873 0.0000000000
72255  -32.968  -1.551  -48.363 0.0000000000
101684  -22.070  24.697  -59.181 0.0000000000
102774  -22.134  25.672  -59.006 0.0000000000
101689  -22.265  24.519  -60.308 0.0000000000
102781  -22.492  25.360  -60.977 0.0000000000
98684  -23.159  22.518  -60.434 0.0000000000
98690  -23.098  22.480  -61.296 0.0000000000
100675  -22.510  23.465  -61.368 0.0000000000
98694  -23.108  22.542  -61.709 0.0000000000
99730  -23.352  22.837  -62.408 0.0000000000
98695  -23.759  22.189  -61.794 0.0000000000
96573  -25.685  20.269  -61.675 0.0000000000
96579  -25.292  20.821  -61.952 0.0000000000
95493  -25.618  18.756  -62.635 0.0000000000
95490  -25.867  18.842  -62.144 0.0000000000
95473  -28.298  18.503  -59.418 0.0000000000
92295  -26.477  15.540  -60.067 0.0000000000
93327  -26.445  16.455  -60.465 0.0000000000
93334  -25.959  16.536  -60.989 0.0000000000
93333  -25.654  16.649  -61.463 0.0000000000
92302  -25.378  15.629  -61.199 0.0000000000
91216  -25.100  14.798  -61.662 0.0000000000
91217  -25.133  14.725  -61.284 0.0000000000
90113  -25.567  13.020  -59.945 0.0000000000
89078  -25.151  12.658  -60.993 0.0000000000
87971  -25.500  11.864  -60.789 0.0000000000
87981  -25.570  11.918  -61.427 0.0000000000
87972  -25.852  11.195  -61.275 0.0000000000
87918  -28.598  10.801  -57.097 0.0000000000
87931  -29.126  12.219  -57.090 0.0000000000
89048  -28.788  12.703  -57.511 0.0000000000
89056  -27.678  12.575  -58.513 0.0000000000
87941  -27.480  11.401  -58.420 0.0000000000
84450  -26.767  9.013  -59.751 0.0000000000
85671  -26.556  9.665  -60.000 0.0000000000
85672  -26.718  9.294  -60.482 0.0000000000
85682  -26.805  9.434  -61.139 0.0000000000
84472  -27.366  8.996  -61.183 0.0000000000
84487  -28.337  9.482  -62.032 0.0000000000
83213  -29.485  7.941  -60.109 0.0000000000
83227  -29.667  8.896  -60.668 0.0000000000
84461  -30.546  9.631  -60.227 0.0000000000
84462  -30.756  9.083  -59.733 0.0000000000
80604  -30.775  5.547  -58.503 0.0000000000
80621  -30.235  6.183  -58.832 0.0000000000
83183  -32.513  7.871  -57.979 0.0000000000
83190  -32.218  7.620  -58.334 0.0000000000
85650  -32.463  9.586  -57.993 0.0000000000
85658  -31.984  9.610  -58.608 0.0000000000
86788  -32.460  10.559  -58.221 0.0000000000
85634  -33.917  9.450  -55.553 0.0000000000
86753  -34.309  10.615  -54.091 0.0000000000
79341  -31.102  4.447  -53.163 0.0000000000
75827  -32.857  1.856  -55.306 0.0000000000
77029  -32.267  2.189  -55.416 0.0000000000
77030  -33.025  2.193  -55.754 0.0000000000
78196  -33.825  3.665  -56.100 0.0000000000
78175  -34.306  3.348  -55.483 0.0000000000
75799  -35.647  1.635  -53.154 0.0000000000
74671  -34.986  1.264  -54.215 0.0000000000
77001  -35.409  2.659  -53.663 0.0000000000
80558  -34.809  5.026  -53.327 0.0000000000
79350  -35.009  4.167  -53.650 0.0000000000
80566  -34.748  4.686  -54.052 0.0000000000
79357  -34.595  4.688  -54.720 0.0000000000
80565  -34.465  5.529  -54.110 0.0000000000
81868  -34.159  6.589  -53.643 0.0000000000
71127  -33.948  -2.578  -46.452 0.0000000000
71140  -33.904  -2.777  -47.384 0.0000000000
81873  -29.615  6.371  -54.975 0.0000000000
80564  -30.088  5.425  -54.494 0.0000000000
79356  -30.140  4.327  -54.802 0.0000000000
72281  -33.744  -1.399  -51.371 0.0000000000
72299  -34.695  -0.928  -52.161 0.0000000000
72283  -35.432  -1.391  -51.782 0.0000000000
72284  -36.285  -1.335  -51.294 0.0000000000
73451  -36.862  -0.536  -50.906 0.0000000000
72274  -37.143  -1.598  -50.375 0.0000000000
62883  -32.975  -9.475  -37.676 0.0000000000
66480  -32.097  -6.065  -40.278 0.0000000000
66468  -33.351  -6.899  -39.988 0.0000000000
73428  -32.182  -0.048  -48.784 0.0000000000
73400  -32.929  -0.535  -46.832 0.0000000000
100659  -22.274  23.918  -58.523 0.0000000000
97683  -24.677  21.717  -60.489 0.0000000000
97690  -24.977  21.301  -61.448 0.0000000000
97684  -25.632  20.718  -60.769 0.0000000000
96562  -26.136  19.687  -61.242 0.0000000000
94401  -28.348  17.448  -59.418 0.0000000000
93323  -28.464  16.597  -59.191 0.0000000000
92296  -27.399  15.483  -59.578 0.0000000000
91212  -25.838  14.689  -60.178 0.0000000000
91205  -26.440  14.607  -59.798 0.0000000000
90114  -26.099  13.536  -59.617 0.0000000000
89065  -26.434  12.582  -59.410 0.0000000000
86779  -28.139  10.209  -57.360 0.0000000000
87929  -27.559  10.803  -58.147 0.0000000000
85657  -27.129  9.308  -58.318 0.0000000000
84443  -26.811  8.982  -59.049 0.0000000000
84451  -27.075  8.338  -59.433 0.0000000000
84460  -28.021  8.464  -60.571 0.0000000000
83211  -28.229  7.920  -59.953 0.0000000000
81932  -29.232  7.323  -59.716 0.0000000000
81933  -29.926  7.282  -59.590 0.0000000000
80606  -32.611  5.513  -58.134 0.0000000000
81905  -32.579  6.247  -58.182 0.0000000000
83184  -32.919  7.531  -57.631 0.0000000000
84438  -32.853  8.437  -57.522 0.0000000000
85642  -33.430  9.475  -56.718 0.0000000000
84430  -33.233  8.456  -57.030 0.0000000000
84421  -33.723  8.500  -56.157 0.0000000000
84414  -34.039  8.588  -54.837 0.0000000000
78158  -31.374  2.870  -53.221 0.0000000000
77000  -31.630  2.205  -53.440 0.0000000000
75812  -32.718  1.429  -54.631 0.0000000000
75829  -33.937  1.864  -55.070 0.0000000000
78153  -35.764  2.925  -52.180 0.0000000000
76993  -35.624  2.869  -52.835 0.0000000000
78152  -35.568  3.632  -52.238 0.0000000000
80550  -34.781  5.554  -52.285 0.0000000000
81857  -34.261  6.527  -52.544 0.0000000000
81858  -34.480  6.250  -51.959 0.0000000000
81841  -34.330  6.880  -51.631 0.0000000000
83124  -34.344  7.829  -51.108 0.0000000000
84369  -34.589  8.857  -50.551 0.0000000000
83110  -34.626  7.817  -50.155 0.0000000000
69949  -32.420  -3.340  -42.503 0.0000000000
71081  -32.819  -2.288  -43.448 0.0000000000
71095  -33.394  -1.996  -44.238 0.0000000000
72213  -33.365  -1.281  -45.095 0.0000000000
69977  -33.913  -3.171  -44.546 0.0000000000
84429  -28.960  8.432  -56.080 0.0000000000
81888  -27.659  6.809  -56.947 0.0000000000
80600  -28.158  6.287  -57.883 0.0000000000
80587  -28.321  5.948  -57.385 0.0000000000
79389  -29.068  5.435  -57.743 0.0000000000
79390  -29.803  4.863  -57.519 0.0000000000
80579  -29.307  4.966  -56.348 0.0000000000
79412  -31.287  4.807  -58.166 0.0000000000
79414  -32.665  4.797  -58.048 0.0000000000
79394  -33.061  4.744  -57.743 0.0000000000
79374  -33.559  4.560  -56.928 0.0000000000
74640  -32.566  0.171  -52.544 0.0000000000
74650  -33.449  0.288  -53.424 0.0000000000
73484  -33.994  0.049  -53.201 0.0000000000
74652  -35.196  0.517  -53.418 0.0000000000
74653  -35.672  1.166  -53.116 0.0000000000
74643  -35.850  0.513  -52.416 0.0000000000
75792  -35.837  1.644  -52.566 0.0000000000
76987  -35.938  2.348  -51.893 0.0000000000
79318  -35.950  3.900  -50.486 0.0000000000
79303  -35.772  4.347  -49.551 0.0000000000
79304  -36.039  3.672  -49.957 0.0000000000
74629  -36.723  0.349  -50.269 0.0000000000
60715  -32.482  -11.353  -36.463 0.0000000000
68801  -31.383  -4.580  -41.676 0.0000000000
68802  -32.256  -4.594  -41.540 0.0000000000
74633  -32.152  0.591  -51.366 0.0000000000
73456  -32.333  -0.150  -51.512 0.0000000000
73457  -32.909  -0.598  -51.769 0.0000000000
73450  -32.640  -1.030  -51.116 0.0000000000
73441  -32.116  -0.439  -49.709 0.0000000000
72271  -32.261  -0.997  -50.100 0.0000000000
72272  -32.702  -1.499  -50.515 0.0000000000
72273  -33.350  -1.733  -50.828 0.0000000000
71163  -33.495  -2.400  -50.299 0.0000000000
71156  -33.279  -2.647  -49.699 0.0000000000
102763  -21.938  26.011  -58.280 0.0000000000
99717  -22.605  23.002  -59.992 0.0000000000
100670  -22.397  23.636  -60.625 0.0000000000
100679  -22.619  23.664  -61.981 0.0000000000
97696  -24.788  21.271  -62.193 0.0000000000
97702  -24.745  21.388  -62.708 0.0000000000
96588  -25.327  19.777  -62.915 0.0000000000
95496  -25.636  18.665  -63.192 0.0000000000
94412  -25.468  17.604  -62.859 0.0000000000
96564  -27.161  19.265  -60.262 0.0000000000
95482  -26.471  18.660  -61.196 0.0000000000
94399  -26.983  17.150  -60.401 0.0000000000
94406  -26.556  17.528  -60.845 0.0000000000
94404  -25.810  17.635  -61.805 0.0000000000
93342  -25.373  16.547  -63.078 0.0000000000
92311  -25.139  15.658  -62.620 0.0000000000
91221  -25.126  14.205  -62.865 0.0000000000
90127  -25.030  13.793  -61.319 0.0000000000
90133  -25.134  13.647  -62.285 0.0000000000
90104  -29.438  13.674  -57.161 0.0000000000
90103  -28.903  13.625  -57.791 0.0000000000
90109  -28.301  13.560  -58.310 0.0000000000
89066  -27.118  12.766  -59.021 0.0000000000
87953  -26.067  11.579  -59.809 0.0000000000
86795  -27.025  10.973  -58.941 0.0000000000
86794  -26.625  10.524  -59.410 0.0000000000
87963  -25.788  11.176  -60.541 0.0000000000
86810  -26.195  10.343  -61.027 0.0000000000
86821  -26.908  10.413  -62.225 0.0000000000
83226  -28.960  8.507  -60.731 0.0000000000
84474  -29.275  9.337  -61.470 0.0000000000
83228  -30.129  9.607  -60.593 0.0000000000
85684  -30.736  10.977  -61.034 0.0000000000
80619  -28.988  6.331  -58.632 0.0000000000
81919  -30.364  6.711  -59.229 0.0000000000
83199  -30.841  7.528  -59.359 0.0000000000
81904  -31.981  6.538  -58.533 0.0000000000
83200  -31.260  7.680  -59.118 0.0000000000
84452  -31.085  8.813  -59.399 0.0000000000
85666  -31.320  9.725  -59.418 0.0000000000
86770  -33.628  10.445  -56.608 0.0000000000
79349  -30.575  4.428  -54.021 0.0000000000
78174  -31.086  3.095  -55.909 0.0000000000
77009  -31.002  3.011  -54.171 0.0000000000
77028  -31.312  2.607  -55.254 0.0000000000
78195  -33.194  3.557  -56.788 0.0000000000
79375  -33.878  4.454  -56.199 0.0000000000
80581  -33.963  5.373  -56.243 0.0000000000
74670  -34.414  0.950  -54.236 0.0000000000
75814  -34.480  1.770  -54.776 0.0000000000
78159  -35.375  3.518  -53.228 0.0000000000
78164  -35.054  3.374  -54.117 0.0000000000
78176  -34.658  3.482  -54.930 0.0000000000
79366  -34.562  4.111  -54.895 0.0000000000
80573  -34.325  5.456  -55.188 0.0000000000
81883  -34.058  6.346  -55.687 0.0000000000
84406  -34.019  8.726  -53.794 0.0000000000
83153  -34.006  7.684  -53.151 0.0000000000
72231  -33.641  -1.629  -46.197 0.0000000000
72243  -33.333  -1.255  -47.160 0.0000000000
71150  -33.258  -2.420  -48.528 0.0000000000
70029  -33.397  -2.995  -48.932 0.0000000000
70036  -33.894  -3.366  -49.589 0.0000000000
61760  -32.008  -10.165  -37.173 0.0000000000
67665  -31.686  -4.961  -41.282 0.0000000000
68803  -32.850  -4.865  -41.488 0.0000000000
69950  -33.350  -3.517  -42.813 0.0000000000
70035  -33.341  -2.867  -49.381 0.0000000000
71066  -33.063  -2.840  -42.975 0.0000000000
71139  -33.507  -2.155  -47.826 0.0000000000
71174  -34.471  -2.080  -51.060 0.0000000000
72264  -32.220  -0.954  -49.784 0.0000000000
72280  -33.032  -1.285  -51.144 0.0000000000
72282  -34.636  -1.517  -51.614 0.0000000000
72300  -35.241  -0.757  -52.296 0.0000000000
73467  -35.472  -0.176  -52.696 0.0000000000
73485  -34.519  -0.076  -53.189 0.0000000000
73486  -35.050  -0.134  -53.119 0.0000000000
74634  -32.385  0.135  -51.903 0.0000000000
74641  -33.035  -0.025  -52.946 0.0000000000
74648  -32.183  0.836  -52.983 0.0000000000
74649  -32.649  0.601  -53.389 0.0000000000
74669  -33.589  0.842  -54.127 0.0000000000
75797  -32.573  1.029  -53.952 0.0000000000
75798  -35.385  1.669  -53.773 0.0000000000
75811  -32.031  1.765  -54.408 0.0000000000
75815  -35.020  1.742  -54.444 0.0000000000
75828  -33.404  1.826  -55.217 0.0000000000
76994  -35.756  2.374  -52.517 0.0000000000
76999  -31.281  2.776  -53.757 0.0000000000
77010  -31.531  2.357  -54.310 0.0000000000
77012  -34.501  2.212  -55.027 0.0000000000
77032  -34.560  2.915  -55.230 0.0000000000
77045  -31.704  2.731  -55.851 0.0000000000
77047  -33.135  2.818  -56.259 0.0000000000
77048  -33.554  3.119  -56.185 0.0000000000
78143  -35.638  3.846  -51.731 0.0000000000
78163  -30.603  3.611  -54.457 0.0000000000
78191  -30.257  4.022  -56.032 0.0000000000
78192  -30.643  3.589  -56.380 0.0000000000
78194  -32.420  3.223  -56.752 0.0000000000
78211  -31.684  3.600  -57.198 0.0000000000
79355  -29.806  4.915  -55.216 0.0000000000
79363  -29.901  4.467  -55.829 0.0000000000
79364  -30.052  4.317  -55.328 0.0000000000
79373  -30.556  3.820  -56.921 0.0000000000
79392  -31.856  4.148  -57.804 0.0000000000
79393  -32.585  4.350  -57.815 0.0000000000
79410  -29.650  5.445  -57.986 0.0000000000
79411  -30.393  5.046  -58.028 0.0000000000
79413  -32.157  4.802  -58.176 0.0000000000
80549  -34.455  5.937  -52.623 0.0000000000
80572  -29.237  5.591  -55.722 0.0000000000
80580  -33.665  5.407  -56.945 0.0000000000
80586  -28.049  6.244  -57.646 0.0000000000
80601  -28.718  6.088  -58.154 0.0000000000
80602  -29.368  5.942  -58.307 0.0000000000
80603  -30.021  5.753  -58.365 0.0000000000
80620  -29.510  6.301  -58.768 0.0000000000
80622  -30.919  6.164  -58.931 0.0000000000
80623  -31.385  6.381  -58.829 0.0000000000
81880  -28.686  6.413  -56.024 0.0000000000
81881  -29.145  6.383  -55.548 0.0000000000
81889  -28.067  6.323  -56.655 0.0000000000
81896  -27.830  6.621  -57.624 0.0000000000
81897  -27.883  6.369  -57.152 0.0000000000
81903  -28.638  6.534  -58.617 0.0000000000
81918  -29.670  6.734  -59.259 0.0000000000
81920  -30.898  7.010  -59.228 0.0000000000
81931  -28.755  7.475  -59.789 0.0000000000
81934  -30.408  7.210  -59.464 0.0000000000
83111  -34.743  6.953  -50.038 0.0000000000
83176  -27.641  7.315  -56.836 0.0000000000
83177  -28.138  7.258  -56.439 0.0000000000
83198  -28.020  7.497  -59.383 0.0000000000
83210  -27.651  8.034  -59.614 0.0000000000
83215  -30.756  8.608  -59.614 0.0000000000
83225  -28.436  8.352  -60.532 0.0000000000
84419  -28.779  7.803  -56.041 0.0000000000
84422  -33.952  8.529  -55.501 0.0000000000
84428  -28.411  8.471  -56.469 0.0000000000
84436  -27.881  8.499  -56.968 0.0000000000
84437  -32.417  8.547  -58.019 0.0000000000
84458  -26.765  9.115  -60.179 0.0000000000
85633  -33.728  9.319  -56.165 0.0000000000
85640  -28.746  9.492  -56.486 0.0000000000
85664  -26.667  9.600  -59.362 0.0000000000
85674  -30.873  9.465  -59.768 0.0000000000
85681  -26.457  9.813  -60.583 0.0000000000
85683  -27.398  9.281  -61.581 0.0000000000
85695  -27.772  9.735  -62.109 0.0000000000
86778  -27.578  10.227  -57.939 0.0000000000
86786  -26.750  9.977  -59.098 0.0000000000
86787  -27.075  10.321  -58.661 0.0000000000
86811  -26.634  10.074  -61.592 0.0000000000
87919  -29.271  11.441  -56.602 0.0000000000
87942  -28.112  12.175  -58.018 0.0000000000
87962  -25.651  11.897  -60.196 0.0000000000
87982  -26.076  11.407  -62.112 0.0000000000
89064  -25.787  12.424  -59.852 0.0000000000
89072  -25.419  12.553  -60.313 0.0000000000
90108  -27.673  13.509  -58.787 0.0000000000
90121  -25.856  14.123  -59.882 0.0000000000
90126  -25.078  14.374  -61.491 0.0000000000
91195  -28.902  14.402  -58.169 0.0000000000
91206  -27.054  14.375  -59.456 0.0000000000
91211  -25.359  14.667  -60.757 0.0000000000
92288  -29.340  15.505  -58.104 0.0000000000
92297  -28.042  16.038  -59.310 0.0000000000
92301  -25.361  16.129  -61.558 0.0000000000
92307  -25.161  15.660  -61.842 0.0000000000
92308  -25.177  15.181  -61.473 0.0000000000
93329  -27.861  16.587  -59.600 0.0000000000
93332  -25.465  16.681  -61.864 0.0000000000
94400  -27.625  17.527  -59.953 0.0000000000
94407  -27.130  17.892  -60.469 0.0000000000
97691  -25.442  20.805  -61.328 0.0000000000
97697  -25.066  20.686  -62.658 0.0000000000
99726  -23.155  22.608  -61.944 0.0000000000
