#!ascii label  , from subject MNI_FS2 vox2ras=TkReg
1004
63636  22.335  -5.749  52.711 0.0000000000
57416  3.980  -10.452  47.264 0.0000000000
57313  13.021  -10.920  53.978 0.0000000000
65864  9.116  -2.928  57.613 0.0000000000
72459  4.508  2.414  50.523 0.0000000000
60967  17.581  -7.679  53.543 0.0000000000
64782  16.155  -4.468  57.668 0.0000000000
61055  22.592  -7.304  46.329 0.0000000000
58609  18.035  -8.815  47.124 0.0000000000
56124  13.610  -11.864  47.910 0.0000000000
74710  10.801  4.144  56.315 0.0000000000
70154  6.437  0.443  54.882 0.0000000000
77415  7.417  6.356  53.370 0.0000000000
54900  9.059  -12.957  55.022 0.0000000000
58564  6.345  -9.376  56.159 0.0000000000
60943  11.063  -7.587  57.824 0.0000000000
70131  13.604  0.612  57.517 0.0000000000
63613  4.789  -6.001  54.204 0.0000000000
64837  5.729  -4.485  50.010 0.0000000000
66991  4.495  -2.412  45.085 0.0000000000
76146  4.971  5.259  46.451 0.0000000000
62286  19.863  -6.829  52.993 0.0000000000
63609  19.277  -5.368  55.390 0.0000000000
60987  22.476  -7.155  50.134 0.0000000000
59728  19.624  -7.900  47.304 0.0000000000
61004  19.902  -7.670  49.795 0.0000000000
59714  17.817  -8.586  50.689 0.0000000000
76020  8.587  5.423  54.827 0.0000000000
56029  11.090  -11.792  54.825 0.0000000000
57279  10.188  -10.052  56.837 0.0000000000
58559  12.447  -9.332  56.424 0.0000000000
69003  17.934  -0.490  57.356 0.0000000000
66912  15.636  -2.366  58.106 0.0000000000
56072  13.401  -11.540  51.232 0.0000000000
53834  12.050  -13.226  49.002 0.0000000000
54938  11.800  -12.771  51.614 0.0000000000
52615  10.150  -14.020  51.908 0.0000000000
62258  7.879  -6.448  57.500 0.0000000000
60958  5.310  -7.631  55.402 0.0000000000
64786  6.703  -4.645  56.475 0.0000000000
71335  4.809  1.521  52.728 0.0000000000
68001  5.832  -1.376  52.500 0.0000000000
68010  4.747  -1.222  50.423 0.0000000000
65924  5.197  -2.858  47.415 0.0000000000
70186  4.390  0.490  48.651 0.0000000000
58570  15.372  -9.026  54.211 0.0000000000
60950  14.861  -7.497  56.452 0.0000000000
62260  17.179  -6.191  55.977 0.0000000000
65860  18.970  -3.265  57.085 0.0000000000
61131  22.583  -7.670  43.232 0.0000000000
59798  21.592  -8.735  40.327 0.0000000000
59751  20.266  -8.061  43.822 0.0000000000
58630  17.638  -9.435  44.149 0.0000000000
57414  15.851  -10.014  47.714 0.0000000000
58585  15.760  -9.638  51.248 0.0000000000
71307  10.201  1.240  57.024 0.0000000000
67976  8.023  -1.608  55.913 0.0000000000
73542  8.247  2.711  56.188 0.0000000000
74731  6.243  3.958  54.319 0.0000000000
74750  5.555  4.768  52.892 0.0000000000
63622  24.618  -5.057  53.071 0.0000000000
62412  26.829  -6.556  39.656 0.0000000000
61149  28.287  -6.775  43.112 0.0000000000
61053  24.758  -7.305  46.388 0.0000000000
60985  24.486  -6.857  49.891 0.0000000000
53781  7.028  -13.679  54.874 0.0000000000
56030  5.812  -12.091  55.246 0.0000000000
56014  7.290  -11.323  56.049 0.0000000000
59680  8.489  -8.245  57.455 0.0000000000
63592  9.825  -5.243  58.214 0.0000000000
63597  14.439  -5.685  57.807 0.0000000000
65854  12.610  -3.596  58.327 0.0000000000
69000  11.672  -1.500  57.702 0.0000000000
72414  12.403  2.304  57.203 0.0000000000
57304  4.806  -10.678  54.740 0.0000000000
58578  4.020  -9.960  52.655 0.0000000000
59710  4.056  -8.156  51.259 0.0000000000
66947  6.571  -2.535  54.379 0.0000000000
64824  5.152  -4.887  51.644 0.0000000000
61020  4.701  -7.264  48.351 0.0000000000
62343  6.067  -6.378  46.507 0.0000000000
63695  7.334  -5.246  44.473 0.0000000000
79871  7.289  8.102  51.156 0.0000000000
77453  5.679  6.095  50.646 0.0000000000
78737  5.949  7.082  48.426 0.0000000000
74773  4.598  4.006  48.181 0.0000000000
72481  4.445  2.348  45.878 0.0000000000
62276  21.227  -5.997  52.979 0.0000000000
63615  21.235  -5.009  54.065 0.0000000000
63614  21.648  -5.051  53.758 0.0000000000
62295  22.364  -6.638  51.596 0.0000000000
60988  21.571  -7.257  50.294 0.0000000000
60970  21.111  -6.985  51.749 0.0000000000
60980  19.689  -7.457  51.524 0.0000000000
56138  4.021  -11.238  46.426 0.0000000000
57438  4.078  -10.242  46.491 0.0000000000
56008  12.299  -11.079  54.801 0.0000000000
57293  11.630  -10.675  55.681 0.0000000000
58567  12.643  -9.795  55.779 0.0000000000
61226  23.547  -8.170  38.705 0.0000000000
56043  13.267  -11.314  52.759 0.0000000000
56073  12.843  -11.844  51.826 0.0000000000
56044  12.574  -11.505  53.345 0.0000000000
54912  11.580  -12.252  53.302 0.0000000000
64784  8.113  -4.374  57.439 0.0000000000
63601  6.767  -5.578  56.856 0.0000000000
65866  7.638  -3.445  56.923 0.0000000000
71340  4.665  1.522  51.887 0.0000000000
70173  4.585  0.591  51.423 0.0000000000
70177  4.469  0.558  50.521 0.0000000000
69054  4.461  -0.405  49.071 0.0000000000
71353  4.407  1.413  49.148 0.0000000000
59699  16.076  -8.561  53.863 0.0000000000
60963  15.971  -7.912  54.965 0.0000000000
60954  17.240  -7.150  54.933 0.0000000000
64787  19.735  -4.164  56.084 0.0000000000
67963  19.490  -1.445  57.086 0.0000000000
61079  23.229  -7.303  45.349 0.0000000000
61132  21.436  -7.862  43.120 0.0000000000
61081  21.093  -7.548  45.004 0.0000000000
59733  18.765  -8.361  46.646 0.0000000000
59743  18.809  -8.379  45.566 0.0000000000
58620  18.061  -8.864  46.030 0.0000000000
58602  16.648  -9.678  47.158 0.0000000000
59703  17.674  -8.195  52.364 0.0000000000
58588  16.510  -9.374  50.660 0.0000000000
58584  16.714  -9.111  51.789 0.0000000000
58580  15.437  -9.623  52.407 0.0000000000
73533  10.113  2.736  56.949 0.0000000000
72418  9.145  1.665  56.648 0.0000000000
74712  9.395  3.843  56.096 0.0000000000
77405  8.019  5.807  54.124 0.0000000000
76021  7.562  5.155  54.873 0.0000000000
76022  6.784  5.131  54.363 0.0000000000
74742  5.890  4.287  53.606 0.0000000000
76052  6.277  5.653  53.225 0.0000000000
61103  24.981  -7.349  44.484 0.0000000000
53779  8.567  -13.594  54.455 0.0000000000
53767  7.359  -13.030  55.269 0.0000000000
54885  8.666  -12.314  55.511 0.0000000000
58553  10.573  -9.396  57.192 0.0000000000
58554  9.550  -9.135  57.390 0.0000000000
60944  10.062  -7.259  57.919 0.0000000000
62256  9.477  -6.811  57.977 0.0000000000
62248  10.818  -6.048  58.310 0.0000000000
62252  15.504  -6.296  57.097 0.0000000000
60939  14.771  -7.087  57.033 0.0000000000
63596  15.350  -5.436  57.613 0.0000000000
68996  14.735  -0.907  58.020 0.0000000000
66914  14.010  -2.622  58.296 0.0000000000
67958  13.527  -1.868  58.121 0.0000000000
66916  12.238  -2.827  58.126 0.0000000000
69009  12.374  -0.440  57.659 0.0000000000
70133  11.719  0.374  57.406 0.0000000000
71304  12.999  1.440  57.301 0.0000000000
58667  20.256  -9.126  40.655 0.0000000000
58676  20.921  -9.175  39.312 0.0000000000
54981  13.683  -12.109  46.524 0.0000000000
55004  13.377  -13.024  45.030 0.0000000000
54982  13.178  -12.498  47.210 0.0000000000
52647  11.162  -14.292  48.950 0.0000000000
52665  11.462  -14.577  47.306 0.0000000000
53795  9.774  -13.577  53.450 0.0000000000
53796  9.055  -13.801  53.856 0.0000000000
57296  6.218  -10.354  55.850 0.0000000000
56031  5.298  -11.664  55.108 0.0000000000
57297  5.447  -10.462  55.366 0.0000000000
62268  5.148  -6.661  55.212 0.0000000000
59696  4.558  -8.711  54.080 0.0000000000
60964  4.548  -7.703  53.823 0.0000000000
59705  4.106  -8.385  52.095 0.0000000000
60975  4.283  -7.416  52.073 0.0000000000
69025  7.395  -0.525  55.213 0.0000000000
67984  7.219  -1.507  55.054 0.0000000000
67989  6.870  -1.409  54.492 0.0000000000
66968  5.988  -2.620  51.108 0.0000000000
65900  6.016  -3.470  52.399 0.0000000000
64832  5.348  -4.850  50.893 0.0000000000
62308  4.713  -6.345  50.147 0.0000000000
63667  5.408  -5.735  48.846 0.0000000000
62338  5.271  -6.659  47.407 0.0000000000
63673  5.820  -5.469  48.100 0.0000000000
65928  4.965  -3.009  46.557 0.0000000000
64856  6.120  -4.146  46.444 0.0000000000
65936  5.317  -3.740  45.262 0.0000000000
79874  7.610  9.139  50.591 0.0000000000
78701  6.064  6.651  50.923 0.0000000000
78709  6.432  7.709  49.919 0.0000000000
78771  6.043  7.057  46.622 0.0000000000
77510  5.483  6.209  46.948 0.0000000000
77486  5.265  5.911  48.526 0.0000000000
76133  4.817  5.017  47.548 0.0000000000
73593  4.510  3.178  47.428 0.0000000000
74788  4.685  4.180  45.934 0.0000000000
60966  18.566  -7.272  53.335 0.0000000000
62272  18.517  -6.492  54.487 0.0000000000
62271  19.416  -6.160  54.087 0.0000000000
61016  22.889  -7.249  48.319 0.0000000000
61056  21.320  -7.475  46.254 0.0000000000
61018  20.859  -7.464  48.692 0.0000000000
61019  20.017  -7.691  48.963 0.0000000000
59723  18.446  -8.481  48.686 0.0000000000
58596  17.599  -9.014  48.886 0.0000000000
59713  18.646  -8.137  50.410 0.0000000000
60981  18.886  -7.683  51.759 0.0000000000
77397  10.823  5.655  54.877 0.0000000000
74719  9.675  4.460  55.776 0.0000000000
77403  10.063  5.796  54.299 0.0000000000
77413  9.324  6.358  53.245 0.0000000000
78691  9.092  7.135  52.289 0.0000000000
54899  9.803  -12.663  54.735 0.0000000000
56012  9.212  -11.687  55.883 0.0000000000
55995  10.447  -11.050  55.956 0.0000000000
58560  11.232  -9.758  56.700 0.0000000000
60942  11.988  -7.642  57.648 0.0000000000
66923  17.634  -2.576  57.556 0.0000000000
65863  16.141  -3.559  57.866 0.0000000000
67966  16.188  -1.281  57.865 0.0000000000
69005  15.906  -0.223  57.693 0.0000000000
71302  14.844  1.440  57.049 0.0000000000
72412  14.255  2.272  56.841 0.0000000000
56095  13.517  -11.663  49.469 0.0000000000
54970  13.120  -12.324  48.254 0.0000000000
54947  12.955  -12.137  49.866 0.0000000000
54948  12.290  -12.654  50.291 0.0000000000
53826  11.444  -13.517  50.266 0.0000000000
52628  10.353  -14.243  51.075 0.0000000000
53806  11.286  -13.198  51.837 0.0000000000
54913  10.667  -12.791  53.633 0.0000000000
60947  7.354  -7.474  57.239 0.0000000000
59687  6.126  -8.577  56.075 0.0000000000
62263  6.390  -6.625  56.430 0.0000000000
63606  6.234  -5.628  56.136 0.0000000000
64792  5.584  -5.104  55.250 0.0000000000
70162  5.402  0.570  53.709 0.0000000000
69031  5.934  -0.327  53.737 0.0000000000
69038  4.997  -0.241  52.574 0.0000000000
68006  4.927  -1.156  51.301 0.0000000000
66973  5.792  -2.659  50.273 0.0000000000
65918  5.787  -3.289  48.774 0.0000000000
66978  5.088  -2.253  48.920 0.0000000000
68020  4.507  -1.318  47.562 0.0000000000
68023  4.446  -1.352  46.599 0.0000000000
77542  5.936  6.124  44.819 0.0000000000
76170  4.852  4.712  44.531 0.0000000000
76186  5.709  5.480  43.586 0.0000000000
57301  14.208  -10.075  53.698 0.0000000000
58565  14.304  -9.151  55.179 0.0000000000
59695  15.157  -8.780  54.903 0.0000000000
60948  16.240  -7.067  55.849 0.0000000000
63594  17.068  -5.314  57.027 0.0000000000
63610  18.366  -5.767  55.549 0.0000000000
64789  18.176  -4.909  56.748 0.0000000000
65861  17.986  -3.603  57.295 0.0000000000
67964  18.503  -1.631  57.344 0.0000000000
61154  23.472  -7.783  42.313 0.0000000000
59796  22.806  -8.346  40.322 0.0000000000
61155  22.325  -8.026  42.093 0.0000000000
59731  20.324  -7.744  45.638 0.0000000000
59765  19.179  -8.444  43.952 0.0000000000
58648  18.532  -9.353  42.352 0.0000000000
56122  14.780  -11.241  46.649 0.0000000000
56106  14.712  -11.108  47.532 0.0000000000
58597  16.596  -9.557  48.291 0.0000000000
57375  15.799  -9.778  49.290 0.0000000000
57377  14.624  -10.793  49.318 0.0000000000
57342  14.303  -10.694  51.364 0.0000000000
57311  14.363  -10.281  52.973 0.0000000000
67970  9.602  -1.621  57.299 0.0000000000
67972  8.299  -1.882  56.536 0.0000000000
69013  8.865  -0.576  56.436 0.0000000000
70142  7.987  0.282  55.894 0.0000000000
71322  6.707  1.310  55.315 0.0000000000
74720  8.787  4.220  55.746 0.0000000000
73550  6.872  3.255  55.407 0.0000000000
72433  6.455  2.324  55.113 0.0000000000
72440  5.427  2.404  53.816 0.0000000000
73565  4.952  3.355  52.729 0.0000000000
73571  4.799  3.387  51.870 0.0000000000
63635  22.936  -5.665  52.616 0.0000000000
61192  25.242  -7.505  40.386 0.0000000000
62396  30.334  -6.204  41.715 0.0000000000
62371  29.582  -6.532  43.241 0.0000000000
62398  28.588  -6.128  41.352 0.0000000000
61171  27.207  -6.871  41.882 0.0000000000
61172  26.360  -7.167  41.715 0.0000000000
61174  24.379  -7.744  41.387 0.0000000000
61078  24.297  -7.312  45.416 0.0000000000
61054  23.705  -7.280  46.365 0.0000000000
61014  24.946  -7.155  48.202 0.0000000000
61015  23.933  -7.212  48.248 0.0000000000
60986  23.496  -7.011  50.131 0.0000000000
62294  23.229  -6.586  51.347 0.0000000000
54887  6.870  -12.295  55.549 0.0000000000
57289  7.017  -10.273  56.437 0.0000000000
55997  8.984  -11.077  56.387 0.0000000000
57288  7.979  -10.037  56.878 0.0000000000
58557  7.325  -8.959  57.070 0.0000000000
60946  8.219  -7.373  57.524 0.0000000000
63593  9.134  -5.289  58.056 0.0000000000
65857  10.131  -3.666  58.041 0.0000000000
59684  13.468  -8.666  56.312 0.0000000000
60941  12.977  -7.381  57.545 0.0000000000
62255  13.002  -6.634  57.891 0.0000000000
64772  14.882  -4.269  58.160 0.0000000000
63588  13.300  -5.316  58.243 0.0000000000
63589  12.321  -5.304  58.379 0.0000000000
64776  11.169  -4.462  58.409 0.0000000000
65856  10.907  -3.661  58.197 0.0000000000
67969  10.519  -1.897  57.648 0.0000000000
70134  10.749  0.274  57.222 0.0000000000
71306  11.098  1.305  57.226 0.0000000000
74701  11.465  3.795  56.749 0.0000000000
74699  13.193  3.799  56.574 0.0000000000
74708  12.650  4.422  56.270 0.0000000000
75996  12.065  4.971  55.914 0.0000000000
52682  12.850  -14.360  44.460 0.0000000000
53853  12.234  -13.524  47.244 0.0000000000
58569  5.058  -9.590  55.223 0.0000000000
58577  4.338  -9.782  53.481 0.0000000000
58594  3.959  -9.539  49.504 0.0000000000
66933  7.486  -2.554  55.994 0.0000000000
65877  6.471  -3.518  55.414 0.0000000000
64798  5.589  -4.511  54.770 0.0000000000
66954  6.409  -2.489  53.485 0.0000000000
64814  5.392  -4.267  53.042 0.0000000000
63627  4.700  -5.730  52.683 0.0000000000
62287  4.496  -6.513  51.980 0.0000000000
59720  4.328  -8.004  49.615 0.0000000000
58603  4.277  -8.882  48.032 0.0000000000
59735  4.702  -8.298  46.591 0.0000000000
64851  6.505  -4.833  46.848 0.0000000000
62348  6.790  -6.339  45.623 0.0000000000
78692  8.179  7.247  52.303 0.0000000000
79869  8.860  8.720  51.343 0.0000000000
78693  7.272  7.035  52.365 0.0000000000
77437  6.419  6.576  51.929 0.0000000000
76091  5.561  5.646  51.290 0.0000000000
74763  4.770  4.264  50.366 0.0000000000
78721  5.975  7.041  49.361 0.0000000000
76108  4.930  5.088  49.749 0.0000000000
73581  4.543  3.314  49.978 0.0000000000
72469  4.471  2.270  48.680 0.0000000000
70193  4.370  0.470  46.730 0.0000000000
69067  4.371  -0.487  45.154 0.0000000000
70198  4.369  0.479  44.724 0.0000000000
62275  21.871  -5.914  52.693 0.0000000000
63624  22.263  -5.260  53.282 0.0000000000
62283  22.229  -6.160  52.234 0.0000000000
62296  21.710  -6.703  51.833 0.0000000000
62284  21.297  -6.484  52.302 0.0000000000
56125  4.003  -11.362  47.501 0.0000000000
57303  12.854  -10.683  54.596 0.0000000000
57292  12.505  -10.384  55.298 0.0000000000
57291  13.263  -10.119  54.923 0.0000000000
61211  23.946  -8.023  39.435 0.0000000000
61212  23.299  -8.259  39.489 0.0000000000
57312  13.590  -10.778  53.367 0.0000000000
56027  12.418  -11.267  54.208 0.0000000000
65859  8.709  -3.924  57.630 0.0000000000
65865  8.578  -3.289  57.428 0.0000000000
72454  4.619  2.448  51.447 0.0000000000
71345  4.498  1.500  51.001 0.0000000000
71349  4.444  1.460  50.077 0.0000000000
59698  16.611  -8.456  53.419 0.0000000000
60968  16.925  -7.850  53.967 0.0000000000
60961  17.544  -7.236  54.319 0.0000000000
61080  22.130  -7.405  45.241 0.0000000000
58621  17.289  -9.509  45.377 0.0000000000
58610  17.359  -9.326  46.581 0.0000000000
58611  16.680  -9.791  46.084 0.0000000000
58601  17.399  -9.236  47.694 0.0000000000
59697  17.392  -8.201  52.999 0.0000000000
59709  17.238  -8.651  52.085 0.0000000000
59704  17.025  -8.664  52.612 0.0000000000
58579  16.342  -9.060  52.899 0.0000000000
73539  10.332  3.648  56.504 0.0000000000
73540  9.735  3.244  56.608 0.0000000000
74711  10.055  3.948  56.142 0.0000000000
77414  8.378  6.334  53.432 0.0000000000
77406  7.193  5.672  54.074 0.0000000000
77416  6.738  5.834  53.554 0.0000000000
53766  8.196  -13.011  55.159 0.0000000000
59678  10.311  -8.362  57.570 0.0000000000
60936  10.956  -6.771  58.148 0.0000000000
63595  16.319  -5.432  57.218 0.0000000000
69007  14.187  -0.171  57.775 0.0000000000
68997  13.866  -0.996  58.044 0.0000000000
68998  12.992  -1.139  57.921 0.0000000000
69008  13.293  -0.263  57.746 0.0000000000
70132  12.676  0.527  57.500 0.0000000000
56123  14.029  -11.644  47.166 0.0000000000
52656  10.875  -14.828  48.659 0.0000000000
51427  10.858  -15.073  48.316 0.0000000000
53778  9.385  -13.280  54.289 0.0000000000
52595  9.151  -14.104  53.399 0.0000000000
62269  4.748  -6.722  54.475 0.0000000000
62274  4.583  -6.711  53.664 0.0000000000
60969  4.324  -7.597  52.938 0.0000000000
69026  6.899  -0.481  54.861 0.0000000000
69030  6.443  -0.395  54.331 0.0000000000
65911  5.958  -3.535  50.610 0.0000000000
65906  6.004  -3.627  51.525 0.0000000000
63659  5.330  -5.357  49.978 0.0000000000
63658  5.636  -4.999  49.817 0.0000000000
64842  5.925  -4.353  49.052 0.0000000000
66988  4.606  -2.260  46.083 0.0000000000
65932  4.821  -3.154  45.638 0.0000000000
81062  7.878  9.706  50.747 0.0000000000
79875  7.091  8.604  50.415 0.0000000000
76145  5.457  5.925  46.186 0.0000000000
77511  5.056  5.585  47.189 0.0000000000
74780  4.636  4.171  47.001 0.0000000000
60965  19.243  -7.174  52.968 0.0000000000
62279  18.846  -6.743  53.870 0.0000000000
62270  19.995  -6.010  53.759 0.0000000000
61001  22.668  -7.224  49.279 0.0000000000
61017  21.828  -7.345  48.446 0.0000000000
61002  21.687  -7.323  49.414 0.0000000000
60989  20.640  -7.392  50.466 0.0000000000
61003  20.764  -7.434  49.604 0.0000000000
59722  19.332  -8.004  48.333 0.0000000000
59717  19.226  -7.988  49.198 0.0000000000
59718  18.600  -8.293  49.531 0.0000000000
59712  19.203  -7.965  49.913 0.0000000000
60972  19.602  -7.219  52.354 0.0000000000
60973  18.567  -7.594  52.508 0.0000000000
77422  9.834  6.614  52.543 0.0000000000
78690  9.835  7.100  51.791 0.0000000000
54898  10.507  -12.375  54.415 0.0000000000
54883  10.316  -12.039  55.118 0.0000000000
56010  10.900  -11.336  55.515 0.0000000000
57283  12.146  -10.093  55.889 0.0000000000
57284  11.497  -10.187  56.189 0.0000000000
58551  12.196  -9.037  56.930 0.0000000000
58552  11.713  -9.147  57.061 0.0000000000
59676  12.372  -8.505  57.155 0.0000000000
67965  17.276  -1.475  57.623 0.0000000000
70128  16.366  0.570  57.301 0.0000000000
70129  15.420  0.624  57.385 0.0000000000
56083  13.467  -11.608  50.276 0.0000000000
54936  12.926  -12.046  50.590 0.0000000000
54924  12.236  -12.209  52.047 0.0000000000
54937  12.479  -12.276  51.226 0.0000000000
54949  11.894  -12.927  50.931 0.0000000000
53817  11.379  -13.346  51.189 0.0000000000
53827  10.911  -13.851  50.856 0.0000000000
54897  11.241  -12.067  54.096 0.0000000000
54926  11.059  -12.945  52.980 0.0000000000
60952  6.613  -7.711  56.631 0.0000000000
62259  6.986  -6.561  57.144 0.0000000000
63607  5.671  -5.713  55.496 0.0000000000
64791  6.131  -4.574  55.650 0.0000000000
71334  5.096  1.500  53.498 0.0000000000
70163  4.936  0.597  53.058 0.0000000000
69046  4.603  -0.326  50.930 0.0000000000
69042  4.803  -0.280  51.792 0.0000000000
66969  5.327  -1.923  50.774 0.0000000000
66974  5.149  -2.038  49.915 0.0000000000
68014  4.668  -1.292  49.488 0.0000000000
68017  4.582  -1.324  48.523 0.0000000000
69057  4.423  -0.425  48.115 0.0000000000
69061  4.383  -0.440  47.150 0.0000000000
77526  6.279  6.882  45.448 0.0000000000
77541  6.348  6.789  45.004 0.0000000000
76169  5.351  5.393  44.534 0.0000000000
77556  5.906  5.862  44.195 0.0000000000
58571  14.641  -9.340  54.512 0.0000000000
60955  16.581  -7.276  55.311 0.0000000000
62267  16.800  -6.687  55.781 0.0000000000
62261  16.470  -6.357  56.284 0.0000000000
63604  17.396  -5.578  56.482 0.0000000000
63617  19.387  -5.780  54.727 0.0000000000
63618  18.765  -5.958  55.063 0.0000000000
64788  18.948  -4.637  56.363 0.0000000000
65870  18.597  -4.121  56.915 0.0000000000
64780  17.930  -4.452  57.097 0.0000000000
66922  18.523  -2.682  57.318 0.0000000000
61133  20.756  -7.906  43.497 0.0000000000
59763  20.515  -8.132  42.986 0.0000000000
59727  20.311  -7.704  46.584 0.0000000000
58629  18.233  -8.905  44.886 0.0000000000
59753  18.972  -8.423  44.562 0.0000000000
58639  18.707  -8.881  43.619 0.0000000000
58640  17.875  -9.454  43.173 0.0000000000
57482  16.317  -10.831  43.190 0.0000000000
57435  16.002  -10.195  46.576 0.0000000000
57415  15.319  -10.668  47.158 0.0000000000
57394  15.059  -10.596  48.390 0.0000000000
59719  17.985  -8.589  49.795 0.0000000000
58591  17.257  -9.074  50.101 0.0000000000
58589  15.794  -9.708  50.246 0.0000000000
58593  15.802  -9.732  49.774 0.0000000000
57376  15.380  -10.025  49.579 0.0000000000
57358  15.116  -10.087  50.722 0.0000000000
57359  14.575  -10.654  50.242 0.0000000000
58575  15.718  -9.066  53.619 0.0000000000
58581  14.822  -9.935  52.740 0.0000000000
58576  14.871  -9.736  53.336 0.0000000000
70135  9.868  0.270  56.965 0.0000000000
69012  9.443  -0.660  56.863 0.0000000000
70136  9.176  0.287  56.631 0.0000000000
72425  8.713  2.143  56.428 0.0000000000
71315  8.217  1.193  56.190 0.0000000000
72426  7.892  2.115  56.052 0.0000000000
71321  7.456  1.093  55.759 0.0000000000
76008  9.190  4.990  55.371 0.0000000000
76009  8.301  4.829  55.306 0.0000000000
74730  6.754  4.306  54.951 0.0000000000
74722  7.353  3.915  55.400 0.0000000000
73556  6.286  3.277  54.774 0.0000000000
72439  5.926  2.368  54.468 0.0000000000
73557  5.816  3.287  54.094 0.0000000000
74743  5.312  4.040  53.027 0.0000000000
74751  5.147  4.306  52.289 0.0000000000
63634  24.058  -5.623  52.390 0.0000000000
64811  24.228  -4.539  53.473 0.0000000000
62427  26.859  -6.423  38.987 0.0000000000
61223  25.999  -6.747  38.366 0.0000000000
61209  26.032  -6.942  39.205 0.0000000000
61191  26.369  -7.033  40.541 0.0000000000
61125  28.692  -6.872  43.786 0.0000000000
61124  29.584  -6.849  44.039 0.0000000000
62372  28.916  -6.505  42.996 0.0000000000
62384  29.553  -6.253  42.430 0.0000000000
62385  28.589  -6.380  42.323 0.0000000000
62386  27.919  -6.500  41.909 0.0000000000
61152  25.544  -7.404  42.572 0.0000000000
61173  25.416  -7.461  41.511 0.0000000000
61077  25.333  -7.347  45.461 0.0000000000
60998  25.626  -7.032  49.001 0.0000000000
60999  24.673  -7.069  49.061 0.0000000000
61000  23.683  -7.146  49.172 0.0000000000
63647  24.793  -5.785  51.907 0.0000000000
62293  24.173  -6.294  51.405 0.0000000000
63648  24.209  -5.966  51.889 0.0000000000
62281  23.763  -6.120  51.809 0.0000000000
52580  6.778  -14.242  54.285 0.0000000000
54886  7.766  -12.271  55.583 0.0000000000
57295  6.645  -10.887  56.018 0.0000000000
55999  7.587  -10.630  56.443 0.0000000000
55996  9.802  -11.078  56.175 0.0000000000
57286  9.646  -10.506  56.628 0.0000000000
58555  8.729  -9.010  57.389 0.0000000000
57281  8.819  -9.695  57.174 0.0000000000
57282  8.350  -9.477  57.171 0.0000000000
58556  7.964  -9.100  57.203 0.0000000000
59681  7.703  -8.271  57.256 0.0000000000
62249  9.937  -6.175  58.114 0.0000000000
62257  8.917  -6.346  57.891 0.0000000000
64778  9.589  -4.445  58.087 0.0000000000
59683  14.325  -8.158  56.081 0.0000000000
59690  13.992  -8.708  55.831 0.0000000000
62253  14.625  -6.369  57.431 0.0000000000
60940  13.939  -7.229  57.293 0.0000000000
62254  13.722  -6.446  57.708 0.0000000000
62245  13.273  -6.068  57.995 0.0000000000
64771  15.621  -4.037  57.940 0.0000000000
65851  15.472  -3.239  58.136 0.0000000000
65853  13.525  -3.514  58.352 0.0000000000
64773  13.906  -4.335  58.287 0.0000000000
64774  12.961  -4.421  58.414 0.0000000000
64775  12.039  -4.453  58.413 0.0000000000
67960  11.817  -2.088  57.850 0.0000000000
66917  11.416  -2.891  58.062 0.0000000000
67961  11.142  -2.287  57.853 0.0000000000
66918  10.619  -2.855  57.939 0.0000000000
67968  11.308  -1.725  57.710 0.0000000000
69011  10.268  -0.754  57.206 0.0000000000
69010  11.351  -0.865  57.552 0.0000000000
71305  12.050  1.383  57.293 0.0000000000
72415  11.426  2.280  57.204 0.0000000000
73531  11.841  3.154  57.111 0.0000000000
73529  13.714  3.073  56.741 0.0000000000
59797  22.363  -8.450  40.496 0.0000000000
59811  22.244  -8.658  39.650 0.0000000000
59812  21.439  -9.003  39.349 0.0000000000
53860  12.866  -13.418  45.745 0.0000000000
53869  12.839  -13.831  44.985 0.0000000000
54971  12.585  -12.771  48.664 0.0000000000
54983  12.672  -12.898  47.934 0.0000000000
53843  12.143  -13.349  48.234 0.0000000000
52579  7.574  -14.136  54.298 0.0000000000
56046  4.627  -11.881  54.107 0.0000000000
57314  4.463  -10.756  53.816 0.0000000000
60953  5.964  -7.627  55.969 0.0000000000
59691  5.514  -8.586  55.545 0.0000000000
59692  4.834  -8.636  54.999 0.0000000000
57315  4.125  -10.802  52.935 0.0000000000
58582  3.876  -10.048  51.951 0.0000000000
59711  3.909  -9.054  51.241 0.0000000000
59716  3.990  -8.867  50.418 0.0000000000
67975  8.531  -1.264  56.306 0.0000000000
66932  7.888  -2.518  56.459 0.0000000000
66946  6.831  -2.197  54.910 0.0000000000
66939  6.996  -2.599  55.461 0.0000000000
65878  6.192  -3.514  54.835 0.0000000000
65884  6.022  -3.591  54.058 0.0000000000
67996  6.050  -1.213  53.089 0.0000000000
66958  6.172  -2.351  52.676 0.0000000000
65901  5.588  -4.237  52.081 0.0000000000
65894  5.564  -4.088  52.689 0.0000000000
64815  5.047  -4.783  52.609 0.0000000000
64805  4.865  -5.183  53.139 0.0000000000
63637  4.777  -5.647  51.848 0.0000000000
61005  4.531  -7.239  49.378 0.0000000000
60992  4.405  -7.221  50.322 0.0000000000
59726  4.245  -8.515  49.167 0.0000000000
59725  4.379  -8.256  48.676 0.0000000000
59730  4.536  -8.219  47.645 0.0000000000
61038  5.334  -6.827  47.072 0.0000000000
61082  6.270  -6.999  45.823 0.0000000000
65923  5.762  -3.457  47.805 0.0000000000
64847  6.095  -4.262  48.148 0.0000000000
64852  6.140  -4.175  47.320 0.0000000000
64859  6.628  -4.637  44.955 0.0000000000
64855  6.562  -4.751  45.921 0.0000000000
63686  7.020  -5.414  45.398 0.0000000000
63694  7.748  -5.953  44.279 0.0000000000
81058  8.521  9.673  51.121 0.0000000000
78699  7.628  7.730  51.682 0.0000000000
78694  6.723  6.837  52.077 0.0000000000
77438  6.030  6.276  51.442 0.0000000000
76092  5.133  5.206  50.752 0.0000000000
78736  6.226  7.834  47.933 0.0000000000
79882  6.502  8.669  48.341 0.0000000000
78720  6.245  7.843  48.885 0.0000000000
77485  5.604  6.418  48.888 0.0000000000
76121  4.887  5.142  48.639 0.0000000000
74769  4.684  4.187  49.333 0.0000000000
73585  4.513  3.200  49.012 0.0000000000
73589  4.500  2.993  48.232 0.0000000000
72477  4.460  2.310  46.863 0.0000000000
71364  4.400  1.403  46.307 0.0000000000
70196  4.383  0.471  45.737 0.0000000000
73604  4.473  3.299  44.452 0.0000000000
62285  20.478  -6.645  52.669 0.0000000000
62277  20.360  -6.188  53.308 0.0000000000
63625  21.056  -5.476  53.591 0.0000000000
64801  22.027  -4.542  54.136 0.0000000000
60977  22.384  -7.050  50.918 0.0000000000
60978  21.485  -7.114  51.188 0.0000000000
60979  20.508  -7.287  51.267 0.0000000000
60990  19.653  -7.669  50.640 0.0000000000
60971  20.465  -7.063  52.005 0.0000000000
57459  4.281  -10.311  45.537 0.0000000000
56028  11.792  -11.550  54.518 0.0000000000
56009  11.738  -11.206  55.165 0.0000000000
56059  13.337  -11.430  52.091 0.0000000000
56060  12.724  -11.722  52.472 0.0000000000
54925  11.551  -12.691  52.414 0.0000000000
54911  12.105  -12.045  52.712 0.0000000000
56045  11.908  -11.718  53.897 0.0000000000
63599  8.381  -5.410  57.711 0.0000000000
63600  7.523  -5.491  57.349 0.0000000000
64785  7.236  -4.576  57.059 0.0000000000
65867  7.081  -4.031  56.720 0.0000000000
70168  4.768  0.613  52.271 0.0000000000
69050  4.527  -0.366  50.013 0.0000000000
70182  4.424  0.522  49.592 0.0000000000
59694  15.684  -8.541  54.408 0.0000000000
59693  16.356  -8.208  54.031 0.0000000000
60962  16.604  -7.731  54.559 0.0000000000
62266  17.492  -6.500  55.430 0.0000000000
64796  19.400  -4.821  55.865 0.0000000000
65868  20.127  -3.342  56.381 0.0000000000
66931  19.726  -3.007  56.854 0.0000000000
66921  19.392  -2.307  57.091 0.0000000000
66920  19.854  -1.868  56.913 0.0000000000
61105  22.869  -7.398  44.293 0.0000000000
61106  21.817  -7.570  44.163 0.0000000000
61107  20.903  -7.720  44.042 0.0000000000
59732  19.534  -7.981  46.148 0.0000000000
59708  17.532  -8.580  51.567 0.0000000000
58583  17.161  -8.926  51.475 0.0000000000
58574  16.225  -8.873  53.319 0.0000000000
72416  10.509  2.179  57.083 0.0000000000
71308  9.461  1.145  56.772 0.0000000000
72417  9.604  2.159  56.806 0.0000000000
72424  9.155  2.738  56.602 0.0000000000
73541  8.736  3.269  56.221 0.0000000000
77404  8.983  5.898  54.154 0.0000000000
74741  6.408  4.591  54.204 0.0000000000
76035  6.378  5.185  53.757 0.0000000000
76036  5.951  5.127  53.262 0.0000000000
76053  5.914  5.560  52.665 0.0000000000
62411  27.462  -6.394  40.235 0.0000000000
61126  27.704  -7.106  43.746 0.0000000000
61128  25.739  -7.373  43.570 0.0000000000
61052  25.782  -7.345  46.406 0.0000000000
62305  25.290  -6.447  50.476 0.0000000000
53780  7.797  -13.604  54.769 0.0000000000
56013  8.325  -11.606  55.986 0.0000000000
57280  9.595  -9.910  57.072 0.0000000000
59679  9.351  -8.251  57.598 0.0000000000
60945  9.060  -7.405  57.789 0.0000000000
60937  10.434  -6.575  58.138 0.0000000000
63591  10.575  -5.287  58.371 0.0000000000
60938  15.345  -6.958  56.726 0.0000000000
67956  15.343  -1.648  58.096 0.0000000000
66913  14.919  -2.501  58.277 0.0000000000
67957  14.416  -1.749  58.187 0.0000000000
66915  13.106  -2.727  58.256 0.0000000000
67959  12.663  -1.999  57.985 0.0000000000
68999  12.164  -1.335  57.759 0.0000000000
59786  20.770  -8.737  41.197 0.0000000000
59813  20.919  -9.124  39.588 0.0000000000
58677  20.397  -9.370  39.547 0.0000000000
56137  14.189  -11.768  46.101 0.0000000000
54993  13.355  -12.650  46.078 0.0000000000
53852  12.794  -13.166  46.513 0.0000000000
53854  11.717  -13.943  47.921 0.0000000000
53808  10.100  -13.766  52.662 0.0000000000
52596  8.411  -14.408  53.652 0.0000000000
52578  8.077  -13.941  54.301 0.0000000000
56015  6.223  -11.519  55.600 0.0000000000
56016  5.756  -11.005  55.501 0.0000000000
60959  4.756  -7.664  54.732 0.0000000000
59700  4.172  -8.853  52.962 0.0000000000
59701  3.994  -9.525  52.403 0.0000000000
69019  7.897  -0.566  55.560 0.0000000000
67983  7.704  -1.252  55.331 0.0000000000
66963  6.120  -2.569  51.921 0.0000000000
65907  5.584  -4.389  51.422 0.0000000000
63649  4.880  -5.544  50.934 0.0000000000
62319  4.911  -6.347  49.124 0.0000000000
62329  5.277  -6.312  48.062 0.0000000000
62328  5.561  -6.003  47.812 0.0000000000
63679  5.852  -5.763  47.529 0.0000000000
65927  5.643  -3.533  46.940 0.0000000000
65931  5.465  -3.648  46.069 0.0000000000
64860  6.011  -4.132  45.509 0.0000000000
78700  6.643  7.280  51.248 0.0000000000
78710  6.035  6.868  50.314 0.0000000000
78755  5.924  7.052  47.499 0.0000000000
77497  5.578  6.386  48.014 0.0000000000
77498  5.141  5.734  47.812 0.0000000000
73597  4.511  3.256  46.430 0.0000000000
60974  17.961  -7.807  52.959 0.0000000000
60960  18.211  -7.088  53.914 0.0000000000
63608  19.959  -5.287  55.026 0.0000000000
63616  20.339  -5.423  54.277 0.0000000000
64803  20.529  -4.924  54.989 0.0000000000
61035  22.098  -7.339  47.380 0.0000000000
61036  20.856  -7.519  47.551 0.0000000000
61037  20.120  -7.701  48.169 0.0000000000
59729  18.688  -8.382  47.698 0.0000000000
58600  18.010  -8.762  48.103 0.0000000000
58595  18.009  -8.751  48.555 0.0000000000
59724  18.155  -8.604  49.219 0.0000000000
60991  19.049  -7.847  51.118 0.0000000000
59707  18.342  -8.139  51.232 0.0000000000
59702  18.172  -8.005  51.873 0.0000000000
75998  10.653  4.670  55.891 0.0000000000
74718  10.309  4.484  55.893 0.0000000000
76007  10.314  5.152  55.417 0.0000000000
76018  10.058  5.563  54.913 0.0000000000
76019  9.532  5.509  54.861 0.0000000000
77412  10.376  6.166  53.261 0.0000000000
78687  8.583  6.776  52.826 0.0000000000
54884  9.513  -12.236  55.350 0.0000000000
56011  10.031  -11.601  55.693 0.0000000000
57285  10.539  -10.412  56.396 0.0000000000
57294  11.002  -10.753  55.964 0.0000000000
58561  10.624  -9.919  56.792 0.0000000000
59677  11.335  -8.468  57.455 0.0000000000
65862  16.943  -3.549  57.637 0.0000000000
66924  16.425  -2.499  57.887 0.0000000000
67955  15.914  -1.948  58.000 0.0000000000
69004  16.856  -0.390  57.549 0.0000000000
67967  15.460  -0.829  57.928 0.0000000000
69006  15.050  -0.124  57.783 0.0000000000
70130  14.510  0.637  57.462 0.0000000000
71303  13.926  1.457  57.219 0.0000000000
56108  13.586  -11.739  48.669 0.0000000000
54959  13.037  -12.204  49.069 0.0000000000
54960  12.467  -12.668  49.434 0.0000000000
53825  11.956  -13.140  49.677 0.0000000000
53835  11.538  -13.673  49.353 0.0000000000
52637  11.069  -14.137  49.602 0.0000000000
52638  10.549  -14.467  50.184 0.0000000000
53818  10.806  -13.667  51.537 0.0000000000
53807  10.785  -13.384  52.348 0.0000000000
53794  10.492  -13.321  53.032 0.0000000000
54914  10.005  -12.921  54.094 0.0000000000
59682  6.981  -8.421  57.000 0.0000000000
59686  6.570  -8.683  56.503 0.0000000000
62264  5.791  -6.645  55.779 0.0000000000
63612  5.104  -5.677  54.897 0.0000000000
70155  5.913  0.519  54.313 0.0000000000
69037  5.420  -0.242  53.167 0.0000000000
67997  5.513  -0.800  52.675 0.0000000000
68002  5.313  -1.068  52.096 0.0000000000
66964  5.614  -1.799  51.546 0.0000000000
65915  5.891  -3.495  49.730 0.0000000000
66977  5.635  -2.699  49.521 0.0000000000
65919  5.376  -2.769  48.170 0.0000000000
66982  4.858  -2.133  47.941 0.0000000000
66985  4.722  -2.165  47.026 0.0000000000
77527  5.981  6.551  45.804 0.0000000000
76158  5.419  5.697  45.519 0.0000000000
76159  4.878  4.948  45.312 0.0000000000
56109  3.944  -11.446  48.571 0.0000000000
57302  13.601  -10.229  54.268 0.0000000000
58572  13.756  -9.773  54.815 0.0000000000
59689  14.676  -8.620  55.412 0.0000000000
60957  15.014  -7.824  55.932 0.0000000000
59688  15.419  -8.322  55.048 0.0000000000
60956  15.637  -7.733  55.528 0.0000000000
60949  15.645  -7.172  56.229 0.0000000000
62262  15.818  -6.566  56.622 0.0000000000
62251  16.148  -6.063  56.779 0.0000000000
62273  17.804  -6.744  54.858 0.0000000000
62265  18.193  -6.293  55.080 0.0000000000
63611  17.740  -5.864  55.917 0.0000000000
63602  18.869  -5.197  55.884 0.0000000000
63603  18.260  -5.327  56.165 0.0000000000
64790  17.600  -5.022  57.035 0.0000000000
64781  17.161  -4.553  57.305 0.0000000000
61175  23.379  -8.005  41.260 0.0000000000
61194  23.241  -8.197  40.302 0.0000000000
61176  22.631  -8.250  41.037 0.0000000000
59785  21.749  -8.461  41.060 0.0000000000
61156  21.581  -8.058  42.401 0.0000000000
59774  21.463  -8.259  41.834 0.0000000000
58657  20.256  -8.976  41.147 0.0000000000
58658  19.729  -9.066  41.556 0.0000000000
59741  20.272  -7.867  44.657 0.0000000000
59742  19.552  -8.045  45.137 0.0000000000
59752  19.613  -8.190  44.256 0.0000000000
59764  19.555  -8.426  43.388 0.0000000000
58638  19.146  -8.676  43.260 0.0000000000
58647  19.265  -8.811  42.774 0.0000000000
58659  18.673  -9.641  41.147 0.0000000000
57481  17.041  -10.146  43.271 0.0000000000
56136  14.861  -11.390  45.824 0.0000000000
56107  14.232  -11.302  48.221 0.0000000000
58592  16.275  -9.553  49.510 0.0000000000
57393  15.788  -9.856  48.786 0.0000000000
57395  14.532  -11.017  48.759 0.0000000000
56094  14.088  -11.264  49.052 0.0000000000
56082  14.032  -11.168  49.833 0.0000000000
56071  13.967  -11.142  50.600 0.0000000000
57341  15.021  -9.970  51.671 0.0000000000
57326  14.664  -10.140  52.231 0.0000000000
57343  13.750  -11.141  51.778 0.0000000000
57327  13.907  -10.841  52.377 0.0000000000
66927  8.987  -2.384  57.366 0.0000000000
67971  8.818  -1.533  56.886 0.0000000000
69018  8.372  -0.564  55.981 0.0000000000
71314  8.865  1.140  56.511 0.0000000000
70141  8.586  0.312  56.255 0.0000000000
70148  7.526  0.139  55.554 0.0000000000
70149  7.006  0.328  55.332 0.0000000000
73548  8.318  3.731  55.808 0.0000000000
76010  7.808  4.700  55.255 0.0000000000
74721  7.972  4.172  55.489 0.0000000000
73549  7.778  3.213  55.840 0.0000000000
72432  7.153  2.234  55.630 0.0000000000
71327  6.096  1.406  54.773 0.0000000000
71328  5.585  1.462  54.141 0.0000000000
72447  4.961  2.443  53.143 0.0000000000
73564  5.349  3.321  53.430 0.0000000000
72448  4.776  2.453  52.324 0.0000000000
73576  4.635  3.371  50.945 0.0000000000
63623  23.581  -5.155  53.102 0.0000000000
61193  24.196  -7.880  40.353 0.0000000000
62383  30.478  -6.421  42.594 0.0000000000
62399  27.758  -6.406  41.166 0.0000000000
61190  27.033  -6.782  41.111 0.0000000000
61104  23.938  -7.380  44.406 0.0000000000
61034  23.228  -7.265  47.336 0.0000000000
61031  26.331  -7.288  47.314 0.0000000000
61032  25.317  -7.260  47.315 0.0000000000
61013  25.956  -7.161  48.198 0.0000000000
61033  24.289  -7.262  47.320 0.0000000000
62306  24.379  -6.621  50.693 0.0000000000
62307  23.688  -6.772  50.897 0.0000000000
60976  23.063  -6.961  50.707 0.0000000000
62282  23.097  -6.101  51.978 0.0000000000
54888  6.181  -12.441  55.289 0.0000000000
57290  6.594  -9.833  56.259 0.0000000000
55998  8.146  -10.862  56.439 0.0000000000
57287  8.843  -10.392  56.819 0.0000000000
58562  7.390  -9.558  56.879 0.0000000000
58563  6.844  -9.317  56.649 0.0000000000
64779  8.844  -4.491  57.850 0.0000000000
65858  9.316  -3.537  57.804 0.0000000000
58566  13.538  -9.387  55.527 0.0000000000
58558  13.152  -9.144  56.104 0.0000000000
59685  12.921  -8.690  56.774 0.0000000000
60951  14.099  -7.777  56.688 0.0000000000
59675  13.316  -8.082  57.012 0.0000000000
60935  11.771  -6.897  58.021 0.0000000000
64783  15.406  -4.664  57.915 0.0000000000
63587  14.221  -5.078  58.130 0.0000000000
65852  14.473  -3.413  58.305 0.0000000000
63598  13.797  -5.724  57.987 0.0000000000
62246  12.535  -6.189  58.103 0.0000000000
62247  11.635  -6.093  58.263 0.0000000000
63590  11.424  -5.286  58.456 0.0000000000
65855  11.737  -3.652  58.255 0.0000000000
64777  10.359  -4.459  58.268 0.0000000000
66919  9.997  -3.046  57.821 0.0000000000
66926  9.673  -2.566  57.634 0.0000000000
73532  10.741  3.223  56.961 0.0000000000
72413  13.348  2.307  57.098 0.0000000000
73530  12.806  3.144  57.045 0.0000000000
74700  12.276  3.828  56.733 0.0000000000
74709  11.732  4.347  56.324 0.0000000000
75997  11.159  4.823  55.929 0.0000000000
76006  11.418  5.354  55.424 0.0000000000
64813  22.646  -4.646  53.778 0.0000000000
59810  22.815  -8.395  39.897 0.0000000000
59826  22.258  -8.780  38.680 0.0000000000
58685  20.927  -9.302  38.753 0.0000000000
53861  12.300  -13.806  46.241 0.0000000000
52673  11.920  -14.719  45.871 0.0000000000
54902  4.984  -12.752  54.448 0.0000000000
58568  5.785  -9.485  55.674 0.0000000000
58573  4.654  -9.683  54.411 0.0000000000
59706  3.954  -9.288  51.993 0.0000000000
57396  3.959  -10.298  48.387 0.0000000000
66928  8.317  -2.484  56.997 0.0000000000
65871  7.489  -3.019  56.405 0.0000000000
65872  6.975  -3.540  56.165 0.0000000000
63619  4.987  -5.257  54.255 0.0000000000
67990  6.521  -1.355  53.837 0.0000000000
65893  5.916  -3.624  53.158 0.0000000000
64804  5.255  -4.594  53.604 0.0000000000
63620  4.754  -5.708  53.520 0.0000000000
62280  4.478  -6.598  52.839 0.0000000000
60982  4.286  -7.283  51.208 0.0000000000
62297  4.548  -6.419  51.090 0.0000000000
59715  4.181  -8.034  50.423 0.0000000000
59721  4.141  -8.680  49.648 0.0000000000
58599  4.141  -9.076  48.703 0.0000000000
58604  4.099  -9.654  47.736 0.0000000000
58613  4.043  -9.903  47.102 0.0000000000
58612  4.221  -9.258  46.954 0.0000000000
58623  4.458  -9.218  45.931 0.0000000000
64846  6.301  -4.958  47.616 0.0000000000
63678  6.124  -5.626  47.220 0.0000000000
63683  6.604  -5.559  46.290 0.0000000000
78688  7.901  6.788  52.877 0.0000000000
78698  8.509  7.847  51.659 0.0000000000
78689  7.456  6.780  52.896 0.0000000000
77423  7.156  6.718  52.887 0.0000000000
77424  6.605  6.373  52.734 0.0000000000
76073  5.750  5.597  51.918 0.0000000000
76054  5.516  5.062  52.301 0.0000000000
76074  5.299  5.038  51.667 0.0000000000
74757  4.909  4.289  51.340 0.0000000000
77469  5.653  6.308  49.750 0.0000000000
77470  5.247  5.783  49.271 0.0000000000
77454  5.319  5.702  50.039 0.0000000000
72464  4.468  2.351  49.585 0.0000000000
71357  4.406  1.381  48.222 0.0000000000
72473  4.477  2.257  47.797 0.0000000000
71361  4.398  1.384  47.280 0.0000000000
70190  4.384  0.473  47.700 0.0000000000
69064  4.373  -0.461  46.165 0.0000000000
68026  4.411  -1.414  45.607 0.0000000000
74799  4.681  4.096  44.956 0.0000000000
73601  4.496  3.274  45.428 0.0000000000
71367  4.400  1.426  45.311 0.0000000000
68029  4.363  -1.495  44.568 0.0000000000
54992  13.752  -12.172  46.036 0.0000000000
57325  15.019  -9.880  52.101 0.0000000000
57437  4.234  -9.762  46.219 0.0000000000
57460  4.051  -10.754  46.011 0.0000000000
58587  17.202  -9.010  51.056 0.0000000000
58598  4.267  -8.751  48.474 0.0000000000
59762  21.118  -8.092  42.496 0.0000000000
59773  22.077  -8.271  41.422 0.0000000000
59784  22.209  -8.359  41.016 0.0000000000
59799  20.905  -9.018  40.121 0.0000000000
59825  22.871  -8.450  39.087 0.0000000000
60934  12.460  -6.976  57.893 0.0000000000
61057  5.986  -6.862  46.265 0.0000000000
61195  22.768  -8.320  40.561 0.0000000000
62250  9.444  -5.770  58.079 0.0000000000
62278  19.475  -6.633  53.479 0.0000000000
62336  5.930  -6.068  46.988 0.0000000000
62337  5.668  -6.253  47.260 0.0000000000
62344  5.758  -6.595  46.728 0.0000000000
63586  14.893  -5.055  57.999 0.0000000000
63605  16.683  -5.743  56.756 0.0000000000
63626  20.432  -5.753  53.721 0.0000000000
63666  5.720  -5.101  49.346 0.0000000000
63672  6.090  -5.335  47.657 0.0000000000
63674  5.479  -5.835  48.350 0.0000000000
64797  6.053  -4.016  55.205 0.0000000000
64831  5.714  -4.275  50.846 0.0000000000
64838  5.545  -4.745  50.459 0.0000000000
66925  10.205  -2.586  57.771 0.0000000000
66940  6.588  -2.877  55.027 0.0000000000
66959  5.889  -1.760  52.133 0.0000000000
67977  7.516  -1.944  55.517 0.0000000000
74729  7.462  4.493  55.242 0.0000000000
77398  10.317  5.597  54.920 0.0000000000
77407  6.755  5.487  53.959 0.0000000000
77425  6.118  6.094  52.148 0.0000000000
78785  6.474  7.347  45.499 0.0000000000
