#!ascii label  , from subject MNI_FS2 vox2ras=TkReg
1080
57665  30.388  -10.208  32.352 0.0000000000
63854  38.500  -5.156  30.921 0.0000000000
80242  57.355  8.882  12.526 0.0000000000
71540  47.538  0.766  23.138 0.0000000000
66124  38.798  -2.826  23.446 0.0000000000
83978  67.250  11.317  -0.024 0.0000000000
77919  51.537  6.234  12.522 0.0000000000
76539  52.108  5.564  17.487 0.0000000000
57568  28.335  -10.761  37.560 0.0000000000
62600  32.618  -6.473  28.920 0.0000000000
61376  35.739  -7.453  27.929 0.0000000000
58756  34.853  -10.314  32.577 0.0000000000
85152  62.689  12.410  5.907 0.0000000000
63843  29.997  -6.009  33.035 0.0000000000
61290  25.079  -7.485  34.163 0.0000000000
82707  57.948  10.059  7.502 0.0000000000
56336  22.319  -12.058  35.895 0.0000000000
52726  20.310  -14.227  40.512 0.0000000000
71647  47.267  1.656  16.969 0.0000000000
70367  42.665  0.132  23.846 0.0000000000
68119  43.741  -1.549  28.907 0.0000000000
63893  41.045  -6.179  27.952 0.0000000000
76596  48.509  5.408  12.154 0.0000000000
77890  51.942  5.871  15.320 0.0000000000
76564  49.737  4.787  15.176 0.0000000000
77948  49.635  6.299  10.557 0.0000000000
57604  31.778  -11.183  35.524 0.0000000000
56297  31.156  -11.247  38.008 0.0000000000
57627  29.272  -10.384  34.461 0.0000000000
58795  30.331  -9.054  29.753 0.0000000000
58810  32.568  -9.301  29.079 0.0000000000
57663  32.698  -10.690  32.824 0.0000000000
57601  34.564  -11.328  35.405 0.0000000000
82645  59.475  10.216  12.235 0.0000000000
80263  55.290  8.579  10.374 0.0000000000
81454  57.325  9.758  10.039 0.0000000000
83905  60.195  11.298  9.494 0.0000000000
61241  24.521  -7.672  37.383 0.0000000000
58731  23.364  -9.999  34.532 0.0000000000
59838  22.289  -8.946  37.603 0.0000000000
57508  16.824  -10.952  41.634 0.0000000000
55075  18.308  -12.506  38.456 0.0000000000
53917  17.254  -14.121  40.192 0.0000000000
51483  15.921  -15.561  42.087 0.0000000000
51475  13.450  -15.211  43.574 0.0000000000
69259  39.359  -1.180  21.132 0.0000000000
69215  40.242  -0.946  24.014 0.0000000000
70330  42.349  -0.106  26.263 0.0000000000
67117  41.804  -2.464  26.399 0.0000000000
61337  37.675  -8.488  30.317 0.0000000000
61396  38.628  -7.477  27.732 0.0000000000
62555  41.007  -7.259  30.822 0.0000000000
63851  42.560  -6.074  31.240 0.0000000000
71582  47.714  0.956  20.272 0.0000000000
72708  50.185  2.466  20.425 0.0000000000
72677  50.381  2.184  22.954 0.0000000000
81558  67.726  9.200  -3.988 0.0000000000
81522  67.826  8.743  -1.010 0.0000000000
79105  55.254  7.831  12.926 0.0000000000
79087  54.593  7.292  15.472 0.0000000000
79135  52.312  7.299  10.232 0.0000000000
62558  35.129  -6.277  31.005 0.0000000000
63896  35.878  -6.410  28.587 0.0000000000
61378  33.664  -7.505  28.087 0.0000000000
58790  35.287  -9.402  29.920 0.0000000000
59880  38.029  -9.208  33.108 0.0000000000
82732  61.519  10.883  4.943 0.0000000000
85166  63.652  12.082  3.667 0.0000000000
86351  65.448  12.678  2.691 0.0000000000
83962  67.104  11.286  2.063 0.0000000000
59908  28.479  -8.004  30.608 0.0000000000
58760  27.029  -9.121  31.903 0.0000000000
63846  27.802  -5.905  33.221 0.0000000000
62562  31.400  -5.912  31.218 0.0000000000
83933  60.614  11.237  6.818 0.0000000000
57630  25.717  -10.885  34.083 0.0000000000
56348  24.669  -11.866  35.407 0.0000000000
55069  24.119  -12.541  38.819 0.0000000000
57554  19.771  -10.414  37.843 0.0000000000
53939  20.823  -13.663  38.083 0.0000000000
50174  11.413  -16.740  46.546 0.0000000000
73899  46.596  2.965  14.490 0.0000000000
69299  44.960  -0.405  20.271 0.0000000000
69277  42.290  -0.966  20.595 0.0000000000
70351  44.762  0.375  24.108 0.0000000000
71503  44.163  1.053  26.414 0.0000000000
71461  44.532  0.689  29.934 0.0000000000
68094  45.713  -1.658  31.746 0.0000000000
63932  36.828  -6.122  26.555 0.0000000000
63930  38.245  -6.048  25.644 0.0000000000
65023  40.449  -5.036  25.647 0.0000000000
64990  42.757  -4.275  28.528 0.0000000000
66026  44.829  -3.636  31.680 0.0000000000
73867  49.324  3.204  17.101 0.0000000000
75125  52.406  4.525  20.145 0.0000000000
76584  48.330  5.033  12.983 0.0000000000
75202  48.680  4.936  13.503 0.0000000000
75203  48.204  4.702  13.539 0.0000000000
76612  47.619  5.724  11.095 0.0000000000
57644  30.946  -10.557  33.571 0.0000000000
57605  30.904  -10.836  35.486 0.0000000000
57645  29.793  -10.303  33.446 0.0000000000
58779  29.964  -9.447  30.668 0.0000000000
58778  30.788  -9.810  30.622 0.0000000000
57664  31.601  -10.481  32.657 0.0000000000
57643  32.148  -10.852  33.854 0.0000000000
81431  58.247  9.565  12.305 0.0000000000
80253  55.733  8.539  11.309 0.0000000000
81445  56.019  8.983  10.431 0.0000000000
81433  56.981  9.107  11.564 0.0000000000
82661  58.576  9.974  11.539 0.0000000000
56223  15.590  -12.067  41.973 0.0000000000
55053  16.148  -12.593  40.587 0.0000000000
53906  15.422  -13.706  41.288 0.0000000000
52720  16.324  -14.843  41.130 0.0000000000
52711  15.191  -14.703  41.703 0.0000000000
51484  14.811  -15.377  42.354 0.0000000000
69224  39.014  -1.225  22.680 0.0000000000
68187  39.776  -1.627  23.790 0.0000000000
68176  40.638  -1.644  25.073 0.0000000000
67134  40.447  -2.468  24.674 0.0000000000
63866  38.179  -4.993  29.749 0.0000000000
61322  38.863  -8.389  32.085 0.0000000000
61335  39.665  -7.767  30.570 0.0000000000
61309  40.482  -7.797  32.498 0.0000000000
62536  41.749  -7.103  32.466 0.0000000000
71549  47.641  0.798  22.148 0.0000000000
71561  48.868  1.531  22.081 0.0000000000
85183  66.595  11.794  0.405 0.0000000000
85191  66.833  11.872  -0.881 0.0000000000
83985  67.323  11.266  -1.124 0.0000000000
82785  67.565  10.431  -1.403 0.0000000000
82779  67.534  10.527  -0.352 0.0000000000
79115  53.323  7.002  12.516 0.0000000000
79098  54.558  7.281  14.400 0.0000000000
77917  53.069  6.585  13.469 0.0000000000
77878  52.088  5.808  16.122 0.0000000000
77888  53.270  6.482  16.331 0.0000000000
77876  53.291  6.436  17.295 0.0000000000
77933  50.708  6.259  11.459 0.0000000000
79125  52.244  6.846  11.432 0.0000000000
79124  53.486  7.587  11.027 0.0000000000
57550  29.973  -10.854  38.055 0.0000000000
57569  27.135  -11.165  37.755 0.0000000000
62579  34.255  -6.280  30.079 0.0000000000
62598  34.351  -6.405  29.163 0.0000000000
62619  33.189  -6.497  28.715 0.0000000000
58775  34.272  -10.105  31.282 0.0000000000
58791  34.475  -9.488  29.691 0.0000000000
58755  35.603  -10.005  32.137 0.0000000000
58754  36.615  -9.563  31.837 0.0000000000
58737  36.583  -9.945  33.020 0.0000000000
58729  35.920  -10.475  33.989 0.0000000000
72617  46.731  1.954  28.434 0.0000000000
83950  61.746  11.255  5.217 0.0000000000
83957  62.555  11.181  3.970 0.0000000000
85159  63.276  12.299  4.662 0.0000000000
86328  65.395  13.084  4.477 0.0000000000
86327  65.952  12.552  4.169 0.0000000000
86338  66.140  12.224  3.118 0.0000000000
63857  29.039  -6.085  31.905 0.0000000000
62566  27.650  -6.575  31.661 0.0000000000
63829  29.141  -5.785  33.497 0.0000000000
62563  30.438  -5.974  31.419 0.0000000000
62584  29.630  -6.233  30.705 0.0000000000
82723  59.583  10.103  5.438 0.0000000000
82706  58.905  10.494  7.467 0.0000000000
83915  61.003  11.818  9.027 0.0000000000
59894  25.542  -8.435  32.698 0.0000000000
58741  26.671  -9.793  32.742 0.0000000000
58743  24.918  -9.296  33.079 0.0000000000
57611  22.332  -10.683  35.193 0.0000000000
56362  24.162  -11.427  34.595 0.0000000000
56335  23.215  -12.197  35.896 0.0000000000
55080  24.722  -12.227  37.248 0.0000000000
55093  22.710  -12.662  36.535 0.0000000000
58678  19.548  -9.869  39.169 0.0000000000
53929  19.228  -13.885  39.081 0.0000000000
53940  19.680  -13.446  38.009 0.0000000000
53928  20.203  -13.964  38.927 0.0000000000
53926  22.089  -13.467  39.394 0.0000000000
70450  45.281  -0.110  18.417 0.0000000000
69237  40.696  -0.536  22.472 0.0000000000
69278  41.165  -1.189  20.549 0.0000000000
69235  43.192  -0.284  22.442 0.0000000000
69234  44.097  -0.192  22.269 0.0000000000
70366  43.443  0.189  23.686 0.0000000000
71515  44.679  0.896  25.567 0.0000000000
71516  43.656  0.725  25.587 0.0000000000
69186  42.748  -0.790  27.666 0.0000000000
70312  43.501  0.047  28.170 0.0000000000
69159  43.998  -0.821  29.319 0.0000000000
69137  44.955  -0.293  30.814 0.0000000000
68109  44.598  -1.774  30.328 0.0000000000
62616  35.574  -6.819  27.929 0.0000000000
62615  36.151  -6.547  27.339 0.0000000000
61398  36.444  -7.301  27.214 0.0000000000
62614  40.057  -7.027  28.407 0.0000000000
62635  38.204  -7.120  26.793 0.0000000000
63911  39.804  -6.274  26.606 0.0000000000
63929  39.599  -5.808  25.791 0.0000000000
63909  41.302  -5.184  26.789 0.0000000000
65006  41.876  -4.538  27.263 0.0000000000
63892  41.525  -5.481  27.655 0.0000000000
63822  44.181  -5.132  32.916 0.0000000000
64961  43.924  -4.704  31.452 0.0000000000
72761  47.401  2.174  16.283 0.0000000000
73879  48.450  3.053  16.260 0.0000000000
72752  48.486  2.338  17.460 0.0000000000
72707  50.918  2.766  21.198 0.0000000000
73825  51.202  3.441  20.078 0.0000000000
79238  67.729  7.249  -4.151 0.0000000000
76594  50.582  5.890  12.434 0.0000000000
77910  51.748  6.104  13.391 0.0000000000
76572  51.085  5.761  13.808 0.0000000000
76563  50.314  5.081  15.372 0.0000000000
76553  50.689  4.867  16.499 0.0000000000
76627  48.257  6.005  10.558 0.0000000000
76610  49.395  5.867  11.346 0.0000000000
57585  31.440  -11.127  36.423 0.0000000000
57586  30.498  -10.790  36.372 0.0000000000
57588  28.591  -10.623  36.507 0.0000000000
61358  30.795  -7.243  29.006 0.0000000000
59946  32.015  -8.490  28.609 0.0000000000
58811  31.643  -9.241  29.187 0.0000000000
58776  32.846  -10.184  30.918 0.0000000000
57662  33.678  -10.699  32.967 0.0000000000
57640  35.104  -10.650  33.763 0.0000000000
57642  33.266  -10.990  33.765 0.0000000000
57602  33.626  -11.436  35.578 0.0000000000
86307  63.097  13.302  7.064 0.0000000000
62509  30.066  -6.045  34.568 0.0000000000
80283  54.889  8.597  8.935 0.0000000000
81464  56.210  9.346  8.465 0.0000000000
81463  57.299  9.869  8.713 0.0000000000
82698  59.176  10.729  8.314 0.0000000000
82674  58.801  10.341  10.343 0.0000000000
82660  59.665  10.575  11.108 0.0000000000
61255  25.009  -7.263  35.862 0.0000000000
59872  24.098  -8.510  34.530 0.0000000000
59858  23.885  -8.236  35.789 0.0000000000
58705  22.694  -9.312  35.983 0.0000000000
57591  21.807  -10.355  35.943 0.0000000000
57523  18.149  -10.410  39.887 0.0000000000
56285  17.481  -11.677  39.664 0.0000000000
53930  17.944  -13.673  39.464 0.0000000000
52728  18.598  -14.460  40.377 0.0000000000
52718  18.491  -14.842  41.429 0.0000000000
69238  39.616  -0.919  22.113 0.0000000000
69222  41.001  -0.357  23.693 0.0000000000
70340  42.295  0.125  25.323 0.0000000000
69213  41.223  -0.566  25.266 0.0000000000
68163  41.977  -1.634  26.768 0.0000000000
67093  42.732  -2.450  27.645 0.0000000000
61354  37.069  -8.203  28.790 0.0000000000
61375  36.698  -7.885  28.049 0.0000000000
61352  38.788  -7.920  29.599 0.0000000000
61351  39.937  -7.432  29.490 0.0000000000
62594  40.860  -6.802  29.239 0.0000000000
63865  42.078  -6.133  30.118 0.0000000000
63852  41.969  -6.440  30.700 0.0000000000
63839  42.987  -6.185  32.479 0.0000000000
70448  47.042  1.003  18.371 0.0000000000
72741  48.766  2.071  18.724 0.0000000000
72710  48.617  1.628  20.168 0.0000000000
72692  50.286  2.274  21.811 0.0000000000
82802  67.564  10.161  -3.504 0.0000000000
81540  67.832  9.128  -2.796 0.0000000000
80244  55.944  8.289  12.417 0.0000000000
80222  57.388  8.642  13.809 0.0000000000
80234  55.982  8.107  13.561 0.0000000000
77899  53.277  6.485  15.336 0.0000000000
79076  54.566  7.357  16.554 0.0000000000
79148  50.215  6.978  9.555 0.0000000000
79147  51.408  7.268  9.421 0.0000000000
79146  52.350  7.591  9.234 0.0000000000
80265  53.933  7.995  10.092 0.0000000000
80245  55.245  8.181  11.858 0.0000000000
63856  36.799  -6.238  30.923 0.0000000000
63867  37.523  -5.722  30.019 0.0000000000
62577  35.913  -6.274  29.771 0.0000000000
62617  34.478  -6.884  28.407 0.0000000000
61377  34.726  -7.479  28.023 0.0000000000
61355  33.185  -8.109  28.168 0.0000000000
59943  34.605  -8.841  28.736 0.0000000000
59942  35.531  -8.717  28.983 0.0000000000
59923  36.771  -9.040  30.250 0.0000000000
59904  37.582  -8.988  31.447 0.0000000000
59888  39.003  -8.620  33.057 0.0000000000
83963  63.827  11.593  2.327 0.0000000000
85158  64.127  12.774  4.207 0.0000000000
85165  64.301  12.519  3.294 0.0000000000
86363  65.013  12.536  2.008 0.0000000000
86362  65.515  12.376  1.884 0.0000000000
86360  66.307  11.830  1.701 0.0000000000
83971  67.157  11.284  1.054 0.0000000000
82772  67.480  10.569  0.700 0.0000000000
58780  29.047  -8.992  30.670 0.0000000000
57667  28.407  -9.773  32.379 0.0000000000
59909  27.362  -8.246  31.412 0.0000000000
61312  26.628  -7.322  31.972 0.0000000000
62529  26.298  -6.339  33.527 0.0000000000
63816  28.258  -5.601  34.678 0.0000000000
62494  25.956  -6.269  35.459 0.0000000000
62462  25.839  -6.682  37.121 0.0000000000
63841  38.475  -5.535  32.093 0.0000000000
62537  36.843  -6.243  31.775 0.0000000000
62539  35.109  -6.363  32.036 0.0000000000
62560  33.286  -6.114  31.074 0.0000000000
62541  33.245  -6.366  32.041 0.0000000000
62582  31.479  -6.125  30.224 0.0000000000
61338  30.056  -7.039  29.470 0.0000000000
59927  29.425  -8.073  29.996 0.0000000000
82733  60.613  10.160  4.638 0.0000000000
82722  60.687  10.715  5.672 0.0000000000
83940  62.098  12.000  6.248 0.0000000000
82697  59.734  11.044  8.198 0.0000000000
83923  60.818  11.608  7.901 0.0000000000
85144  62.072  12.451  7.524 0.0000000000
58740  27.637  -9.829  32.581 0.0000000000
57628  28.125  -10.462  34.498 0.0000000000
57609  27.007  -10.967  35.728 0.0000000000
57631  24.594  -10.716  33.913 0.0000000000
56361  25.163  -11.474  34.635 0.0000000000
57590  26.798  -11.190  36.571 0.0000000000
56316  26.148  -11.617  37.594 0.0000000000
56300  25.199  -12.094  38.851 0.0000000000
58695  21.054  -9.624  37.646 0.0000000000
57593  20.453  -11.008  36.595 0.0000000000
55085  19.984  -12.530  37.051 0.0000000000
55094  21.743  -12.598  36.437 0.0000000000
55071  22.428  -13.207  38.279 0.0000000000
51464  12.664  -15.846  44.742 0.0000000000
73911  46.815  3.773  13.770 0.0000000000
70468  46.236  0.896  17.028 0.0000000000
70428  46.354  0.278  19.146 0.0000000000
70406  46.392  0.185  20.179 0.0000000000
70377  46.220  0.217  22.055 0.0000000000
69275  44.302  -0.488  20.884 0.0000000000
69232  45.082  -0.116  22.131 0.0000000000
70349  46.646  0.503  23.614 0.0000000000
71514  45.656  0.958  25.459 0.0000000000
71488  45.540  1.474  26.894 0.0000000000
72619  44.927  1.528  28.389 0.0000000000
71504  43.218  0.670  26.581 0.0000000000
71480  43.886  0.779  28.162 0.0000000000
71460  44.999  1.307  30.148 0.0000000000
70287  45.066  0.698  30.964 0.0000000000
69131  45.901  -0.649  31.898 0.0000000000
66111  37.878  -3.910  23.857 0.0000000000
63880  37.470  -5.319  28.786 0.0000000000
63894  37.169  -5.425  27.519 0.0000000000
63912  37.157  -5.514  26.670 0.0000000000
62636  37.082  -7.095  26.570 0.0000000000
62651  37.734  -6.535  26.223 0.0000000000
63945  37.810  -5.597  25.320 0.0000000000
63944  38.397  -5.546  24.893 0.0000000000
65051  39.280  -4.703  24.406 0.0000000000
66096  39.819  -4.201  24.556 0.0000000000
66080  41.519  -3.541  26.088 0.0000000000
66065  42.216  -3.446  27.159 0.0000000000
66050  43.582  -3.106  28.709 0.0000000000
63876  42.572  -5.146  29.306 0.0000000000
64976  43.582  -4.161  29.949 0.0000000000
66041  44.191  -3.218  30.123 0.0000000000
67066  45.425  -2.656  31.643 0.0000000000
73897  48.217  3.896  14.790 0.0000000000
75175  49.573  3.891  16.360 0.0000000000
75161  50.923  4.635  17.428 0.0000000000
72739  50.088  3.022  18.737 0.0000000000
73841  50.891  3.757  18.817 0.0000000000
75149  51.823  4.926  18.420 0.0000000000
81520  67.692  9.713  0.375 0.0000000000
75214  46.833  4.888  12.518 0.0000000000
76585  47.814  4.831  13.034 0.0000000000
75204  47.269  4.453  13.287 0.0000000000
76597  47.421  5.152  12.305 0.0000000000
58757  29.603  -9.752  31.493 0.0000000000
57682  30.386  -9.907  31.337 0.0000000000
81420  57.774  9.146  12.590 0.0000000000
81419  58.376  9.409  12.970 0.0000000000
81408  57.924  9.058  13.402 0.0000000000
80252  56.394  8.686  11.763 0.0000000000
81434  56.369  8.929  11.153 0.0000000000
81421  57.344  9.054  12.174 0.0000000000
81432  57.740  9.473  11.785 0.0000000000
55043  15.604  -12.644  41.254 0.0000000000
52721  15.686  -14.531  41.256 0.0000000000
53896  14.749  -13.858  41.947 0.0000000000
52712  14.457  -14.531  42.247 0.0000000000
67167  38.224  -2.585  23.145 0.0000000000
67166  38.796  -2.259  23.272 0.0000000000
67151  39.336  -2.402  23.596 0.0000000000
67150  39.937  -2.457  24.079 0.0000000000
61310  39.592  -8.275  32.914 0.0000000000
61321  39.623  -8.003  31.715 0.0000000000
61296  41.252  -7.578  33.113 0.0000000000
71548  48.224  1.175  22.574 0.0000000000
77918  52.412  6.452  12.869 0.0000000000
76551  51.892  5.592  16.720 0.0000000000
77877  52.581  6.014  16.785 0.0000000000
77867  52.775  5.999  17.777 0.0000000000
77866  53.409  6.329  18.125 0.0000000000
77859  53.034  5.952  18.467 0.0000000000
77920  50.948  6.156  12.084 0.0000000000
77932  51.444  6.440  11.699 0.0000000000
77931  52.036  6.536  12.155 0.0000000000
79116  52.514  6.696  12.242 0.0000000000
57567  29.306  -10.679  37.359 0.0000000000
57551  29.162  -10.749  38.368 0.0000000000
57552  28.218  -10.928  38.714 0.0000000000
62580  33.367  -6.139  30.054 0.0000000000
62599  33.539  -6.307  29.210 0.0000000000
58728  36.535  -10.293  34.231 0.0000000000
58738  35.655  -10.338  33.350 0.0000000000
72618  45.751  1.716  28.221 0.0000000000
83949  62.334  11.600  4.940 0.0000000000
85160  62.904  12.319  5.275 0.0000000000
85156  66.452  12.001  3.807 0.0000000000
62545  29.743  -6.048  32.223 0.0000000000
63858  28.716  -6.089  32.113 0.0000000000
63828  29.780  -5.936  33.528 0.0000000000
62544  30.318  -6.038  32.527 0.0000000000
62564  29.508  -6.059  31.665 0.0000000000
81470  56.898  9.519  7.335 0.0000000000
82716  57.712  9.762  6.658 0.0000000000
82715  58.648  10.095  6.432 0.0000000000
61303  25.432  -7.523  33.267 0.0000000000
59881  24.826  -8.308  33.615 0.0000000000
56351  22.088  -11.418  35.550 0.0000000000
56350  22.783  -11.600  35.183 0.0000000000
58668  19.434  -9.578  40.290 0.0000000000
52736  19.420  -14.142  39.646 0.0000000000
53915  19.807  -14.109  39.554 0.0000000000
53914  20.498  -14.116  39.903 0.0000000000
53913  21.400  -13.822  40.168 0.0000000000
69236  41.959  -0.213  22.858 0.0000000000
69257  41.538  -0.681  21.583 0.0000000000
70381  42.892  -0.034  23.212 0.0000000000
71531  43.582  0.556  24.820 0.0000000000
70353  43.146  0.368  24.359 0.0000000000
68135  43.364  -1.359  28.421 0.0000000000
69174  43.607  -0.716  28.665 0.0000000000
69158  44.348  -1.017  29.920 0.0000000000
68118  44.103  -1.693  29.591 0.0000000000
61399  35.902  -6.987  27.298 0.0000000000
62613  40.520  -6.617  28.165 0.0000000000
62634  39.617  -6.801  27.261 0.0000000000
62633  40.423  -6.399  27.589 0.0000000000
63910  40.529  -5.970  26.966 0.0000000000
72753  47.700  1.947  17.095 0.0000000000
76582  50.348  5.615  13.133 0.0000000000
76574  49.611  4.963  14.587 0.0000000000
75184  49.826  4.684  15.458 0.0000000000
77950  47.558  6.392  10.171 0.0000000000
76611  48.696  5.773  11.127 0.0000000000
76595  49.648  5.715  12.084 0.0000000000
57606  29.920  -10.574  35.459 0.0000000000
57587  29.564  -10.619  36.406 0.0000000000
57607  28.884  -10.483  35.493 0.0000000000
59926  30.249  -7.989  29.321 0.0000000000
59947  31.006  -8.430  28.933 0.0000000000
58812  31.002  -9.193  29.331 0.0000000000
57680  32.229  -10.374  31.783 0.0000000000
58777  31.755  -10.016  30.775 0.0000000000
57679  33.303  -10.446  32.016 0.0000000000
57624  32.178  -11.169  34.851 0.0000000000
57623  32.961  -11.243  34.694 0.0000000000
57603  32.675  -11.409  35.634 0.0000000000
80273  54.404  8.288  9.473 0.0000000000
80272  54.959  8.532  9.687 0.0000000000
81444  56.759  9.308  10.643 0.0000000000
81455  56.503  9.415  9.623 0.0000000000
82688  58.087  10.204  9.585 0.0000000000
61274  24.471  -7.767  35.349 0.0000000000
61256  24.423  -7.758  36.364 0.0000000000
59847  23.219  -8.526  36.724 0.0000000000
59848  22.406  -9.148  36.732 0.0000000000
58718  22.337  -9.947  35.685 0.0000000000
58706  22.070  -9.687  36.336 0.0000000000
57507  17.253  -10.682  41.132 0.0000000000
57524  17.543  -10.871  40.210 0.0000000000
53932  16.364  -13.178  40.220 0.0000000000
53931  16.832  -13.393  39.977 0.0000000000
53916  17.896  -14.241  40.172 0.0000000000
52729  17.782  -14.645  40.700 0.0000000000
51490  16.596  -15.378  41.705 0.0000000000
52709  17.694  -15.446  42.314 0.0000000000
51474  14.178  -15.643  43.286 0.0000000000
51463  13.365  -15.761  44.091 0.0000000000
69223  39.811  -0.854  23.212 0.0000000000
70356  41.153  -0.343  24.331 0.0000000000
69214  40.752  -0.716  24.673 0.0000000000
68175  41.127  -1.694  25.597 0.0000000000
68164  41.554  -1.672  26.164 0.0000000000
67106  42.224  -2.436  26.987 0.0000000000
61353  37.656  -8.290  29.622 0.0000000000
61334  40.492  -7.371  30.403 0.0000000000
61350  40.585  -7.173  29.854 0.0000000000
62576  41.040  -7.045  30.288 0.0000000000
62575  41.536  -6.617  30.203 0.0000000000
62554  41.654  -6.866  31.244 0.0000000000
62535  42.279  -6.553  32.026 0.0000000000
71599  47.660  1.089  19.394 0.0000000000
71598  48.217  1.423  19.879 0.0000000000
71581  48.360  1.386  20.705 0.0000000000
72678  49.514  1.801  22.643 0.0000000000
72693  49.493  1.907  21.443 0.0000000000
81526  67.752  9.499  -1.707 0.0000000000
81539  67.913  8.524  -2.462 0.0000000000
81525  67.888  8.640  -1.945 0.0000000000
79086  55.320  7.604  15.029 0.0000000000
77901  51.831  5.997  14.344 0.0000000000
77900  52.579  6.202  14.826 0.0000000000
79077  53.846  6.959  16.929 0.0000000000
79088  53.890  6.945  15.906 0.0000000000
77958  49.358  6.607  9.886 0.0000000000
79149  49.065  7.115  9.186 0.0000000000
79136  51.232  6.767  10.462 0.0000000000
79134  53.151  7.709  9.788 0.0000000000
79114  54.507  7.773  12.049 0.0000000000
79123  54.259  7.903  11.253 0.0000000000
79113  55.233  8.029  12.324 0.0000000000
62557  36.160  -6.294  30.879 0.0000000000
63868  36.727  -6.182  30.336 0.0000000000
62578  35.152  -6.317  29.978 0.0000000000
62618  33.667  -6.648  28.568 0.0000000000
59945  32.883  -8.659  28.391 0.0000000000
58808  34.055  -9.094  28.875 0.0000000000
59925  35.159  -9.189  29.396 0.0000000000
59924  35.906  -9.194  29.862 0.0000000000
59941  36.587  -8.606  29.303 0.0000000000
58753  37.230  -9.382  32.121 0.0000000000
59891  37.227  -9.279  31.739 0.0000000000
59890  37.731  -9.137  32.205 0.0000000000
59889  38.486  -8.769  32.611 0.0000000000
59879  38.668  -8.939  33.409 0.0000000000
57621  34.881  -11.040  34.556 0.0000000000
57600  35.543  -11.080  35.455 0.0000000000
82746  60.567  9.826  3.531 0.0000000000
83956  62.964  11.642  4.015 0.0000000000
83965  62.825  11.181  3.518 0.0000000000
83964  63.244  11.286  2.967 0.0000000000
85172  63.898  11.943  2.904 0.0000000000
86318  64.680  13.444  5.659 0.0000000000
86330  64.012  13.102  5.119 0.0000000000
86340  65.440  12.931  3.544 0.0000000000
86341  64.805  13.059  3.833 0.0000000000
86352  64.896  12.801  2.912 0.0000000000
85164  66.472  11.901  2.960 0.0000000000
86349  66.186  12.007  2.423 0.0000000000
85170  66.612  11.699  2.289 0.0000000000
85177  66.698  11.639  1.443 0.0000000000
58781  28.134  -8.925  31.214 0.0000000000
61324  27.819  -7.147  31.021 0.0000000000
62547  27.500  -6.217  32.459 0.0000000000
62567  27.027  -6.724  31.955 0.0000000000
62548  26.542  -6.604  32.595 0.0000000000
62528  27.062  -6.024  33.276 0.0000000000
62510  29.671  -5.856  34.979 0.0000000000
63801  28.006  -5.590  35.604 0.0000000000
63818  26.650  -5.826  35.077 0.0000000000
63803  26.597  -5.866  35.904 0.0000000000
62478  25.589  -6.719  36.196 0.0000000000
63842  37.666  -5.977  32.480 0.0000000000
62559  34.206  -6.201  31.061 0.0000000000
62542  32.324  -6.209  32.080 0.0000000000
62561  32.353  -6.027  31.113 0.0000000000
62602  30.811  -6.507  29.554 0.0000000000
62583  30.431  -6.223  30.290 0.0000000000
61340  29.070  -6.626  30.379 0.0000000000
61339  29.473  -6.784  29.968 0.0000000000
59907  28.958  -8.387  30.379 0.0000000000
80212  57.437  8.566  14.762 0.0000000000
82714  59.803  10.693  6.589 0.0000000000
83942  60.783  11.039  6.137 0.0000000000
83941  61.400  11.287  5.828 0.0000000000
82686  59.598  11.008  8.954 0.0000000000
85124  61.641  12.272  8.923 0.0000000000
83922  61.386  11.996  8.292 0.0000000000
85134  61.874  12.387  8.087 0.0000000000
85133  62.356  12.834  7.958 0.0000000000
58759  27.909  -9.383  31.869 0.0000000000
57648  26.265  -10.323  33.497 0.0000000000
57647  27.347  -10.284  33.516 0.0000000000
57629  26.866  -10.752  34.627 0.0000000000
59873  23.471  -9.347  34.655 0.0000000000
58730  23.993  -9.707  33.994 0.0000000000
56347  25.620  -11.664  35.607 0.0000000000
56346  26.372  -11.309  35.754 0.0000000000
56332  26.117  -11.542  36.524 0.0000000000
57570  26.549  -11.360  37.101 0.0000000000
56333  25.152  -12.013  36.619 0.0000000000
55081  24.164  -12.475  37.726 0.0000000000
56317  25.134  -12.073  37.841 0.0000000000
56318  24.665  -12.282  38.476 0.0000000000
56301  24.656  -12.319  39.189 0.0000000000
58686  20.209  -9.812  38.419 0.0000000000
58696  20.328  -10.172  37.579 0.0000000000
57571  20.676  -10.357  36.924 0.0000000000
57572  20.020  -10.831  37.147 0.0000000000
56284  18.070  -11.612  38.859 0.0000000000
56303  18.560  -11.870  38.150 0.0000000000
53947  20.268  -13.272  37.457 0.0000000000
55073  19.595  -12.991  37.465 0.0000000000
55095  20.876  -12.307  36.547 0.0000000000
55084  21.054  -13.150  37.087 0.0000000000
55083  22.140  -13.087  37.219 0.0000000000
55072  21.641  -13.396  37.816 0.0000000000
52683  12.342  -14.768  44.949 0.0000000000
51443  11.653  -15.727  46.159 0.0000000000
50173  11.966  -16.584  45.892 0.0000000000
72772  45.569  1.924  15.000 0.0000000000
70469  45.531  0.373  17.281 0.0000000000
70449  46.454  0.694  18.056 0.0000000000
69324  44.826  -0.436  19.363 0.0000000000
70429  45.620  -0.158  19.667 0.0000000000
70407  45.700  -0.134  20.660 0.0000000000
70389  46.370  0.162  21.138 0.0000000000
70390  45.644  -0.054  21.540 0.0000000000
69276  43.381  -0.709  20.713 0.0000000000
70379  44.573  -0.020  22.772 0.0000000000
69233  44.793  -0.150  22.177 0.0000000000
70364  45.120  0.157  23.292 0.0000000000
70363  45.996  0.275  22.984 0.0000000000
70350  45.681  0.396  23.913 0.0000000000
71528  46.218  0.695  24.588 0.0000000000
71529  45.224  0.639  24.767 0.0000000000
71502  45.117  1.210  26.269 0.0000000000
71489  44.673  1.366  27.097 0.0000000000
71478  45.189  1.549  27.674 0.0000000000
71517  42.865  0.445  25.768 0.0000000000
70303  43.919  0.038  28.964 0.0000000000
71472  43.937  0.506  28.594 0.0000000000
71471  44.350  1.061  29.095 0.0000000000
70288  44.746  0.257  30.505 0.0000000000
69136  45.283  -0.747  31.146 0.0000000000
68093  46.231  -1.484  32.445 0.0000000000
63881  36.459  -6.157  29.203 0.0000000000
63895  36.456  -6.166  28.002 0.0000000000
63913  36.607  -6.094  27.075 0.0000000000
61397  37.456  -7.547  27.384 0.0000000000
62650  38.808  -6.565  26.257 0.0000000000
63931  37.373  -5.741  25.966 0.0000000000
63943  39.254  -5.321  24.816 0.0000000000
65037  40.022  -4.810  25.004 0.0000000000
65036  40.620  -4.434  25.440 0.0000000000
66095  40.545  -3.591  24.999 0.0000000000
66081  40.969  -4.059  25.603 0.0000000000
65005  42.400  -4.109  27.856 0.0000000000
66066  41.789  -4.016  26.758 0.0000000000
66051  42.974  -3.376  28.111 0.0000000000
66043  43.279  -3.772  28.821 0.0000000000
63864  42.794  -5.318  30.049 0.0000000000
64968  44.233  -4.111  31.261 0.0000000000
64969  43.777  -4.391  30.624 0.0000000000
66035  43.924  -3.750  30.192 0.0000000000
66034  44.377  -3.535  30.739 0.0000000000
67067  44.910  -2.793  30.988 0.0000000000
73898  47.617  3.677  14.511 0.0000000000
73878  48.989  3.532  16.192 0.0000000000
75163  49.830  3.723  17.005 0.0000000000
75162  50.383  4.200  17.206 0.0000000000
73866  49.943  3.645  17.354 0.0000000000
72726  49.434  2.244  19.483 0.0000000000
72725  50.084  2.732  19.310 0.0000000000
73824  51.858  4.018  20.216 0.0000000000
75126  51.778  4.153  19.746 0.0000000000
75138  51.963  4.680  19.077 0.0000000000
79244  67.516  7.295  -5.161 0.0000000000
78041  67.022  6.313  -5.693 0.0000000000
76583  49.292  5.234  13.351 0.0000000000
75193  48.876  4.731  14.090 0.0000000000
57625  31.383  -10.880  34.626 0.0000000000
57626  30.370  -10.575  34.508 0.0000000000
57681  31.190  -10.168  31.580 0.0000000000
82646  58.812  9.783  12.607 0.0000000000
81443  57.427  9.602  11.000 0.0000000000
82675  57.981  10.026  10.645 0.0000000000
82662  57.908  9.805  11.259 0.0000000000
61257  23.980  -8.035  36.921 0.0000000000
61242  23.746  -8.038  37.701 0.0000000000
53919  15.731  -13.084  40.798 0.0000000000
53918  16.232  -13.805  40.522 0.0000000000
52730  16.980  -14.641  40.706 0.0000000000
53905  15.862  -14.250  40.974 0.0000000000
52710  15.829  -15.026  41.491 0.0000000000
51485  14.234  -15.078  42.569 0.0000000000
52701  13.897  -14.522  42.800 0.0000000000
68200  38.483  -1.930  22.724 0.0000000000
68199  39.145  -1.661  23.286 0.0000000000
68186  40.278  -1.616  24.407 0.0000000000
67133  40.921  -2.485  25.253 0.0000000000
61336  38.398  -8.276  30.850 0.0000000000
61320  40.697  -7.518  31.408 0.0000000000
61319  41.335  -7.283  31.834 0.0000000000
61308  41.131  -7.495  32.254 0.0000000000
62519  41.934  -7.239  33.608 0.0000000000
71563  47.725  0.850  21.194 0.0000000000
71562  48.281  1.241  21.667 0.0000000000
71547  48.779  1.417  22.883 0.0000000000
86370  66.124  11.915  1.056 0.0000000000
85184  65.887  11.997  0.211 0.0000000000
82793  67.586  10.277  -2.450 0.0000000000
81523  67.720  9.639  -0.671 0.0000000000
79106  54.457  7.391  13.275 0.0000000000
79107  53.758  6.933  13.810 0.0000000000
79099  53.894  6.890  14.871 0.0000000000
77889  52.638  6.131  15.780 0.0000000000
77947  50.445  6.441  10.750 0.0000000000
79137  50.483  6.680  10.233 0.0000000000
79126  51.508  6.617  11.166 0.0000000000
57549  30.578  -10.996  37.816 0.0000000000
57553  27.431  -11.296  39.090 0.0000000000
58792  33.310  -9.781  29.928 0.0000000000
58774  35.614  -9.610  30.791 0.0000000000
58773  36.368  -9.434  31.088 0.0000000000
58736  37.314  -9.497  32.703 0.0000000000
58727  37.644  -9.673  33.931 0.0000000000
72631  46.741  1.682  27.423 0.0000000000
82744  62.085  10.909  4.254 0.0000000000
82731  61.972  11.132  4.688 0.0000000000
83948  62.857  11.851  4.520 0.0000000000
86317  65.316  13.204  5.413 0.0000000000
86316  65.805  12.739  5.170 0.0000000000
86339  65.816  12.551  3.288 0.0000000000
86326  66.083  12.353  3.605 0.0000000000
83955  66.981  11.408  3.128 0.0000000000
61323  28.505  -6.844  30.565 0.0000000000
62565  28.518  -6.328  31.420 0.0000000000
62546  28.165  -6.225  32.062 0.0000000000
62543  31.403  -6.113  32.298 0.0000000000
62585  29.004  -6.304  30.869 0.0000000000
83934  60.014  11.039  7.139 0.0000000000
58761  26.107  -9.135  32.361 0.0000000000
58742  25.758  -9.708  32.881 0.0000000000
57649  25.278  -10.206  33.394 0.0000000000
57610  22.967  -10.439  34.696 0.0000000000
57632  23.570  -10.701  34.323 0.0000000000
57633  22.892  -11.016  34.635 0.0000000000
56349  23.714  -11.819  35.260 0.0000000000
56334  24.135  -12.149  36.102 0.0000000000
55092  23.643  -12.515  36.730 0.0000000000
55082  23.112  -12.877  37.466 0.0000000000
58687  19.523  -10.203  38.441 0.0000000000
53942  18.075  -13.045  38.786 0.0000000000
53941  18.639  -13.299  38.469 0.0000000000
53938  21.658  -13.589  38.529 0.0000000000
53927  21.164  -13.929  39.145 0.0000000000
70451  44.506  -0.312  18.018 0.0000000000
69258  40.410  -0.897  21.373 0.0000000000
69279  40.118  -1.335  20.445 0.0000000000
69256  42.689  -0.583  21.650 0.0000000000
69255  43.707  -0.445  21.606 0.0000000000
70380  43.751  -0.018  22.980 0.0000000000
70365  44.271  0.179  23.514 0.0000000000
70352  43.919  0.378  24.231 0.0000000000
69194  42.262  -0.767  27.048 0.0000000000
70322  42.915  0.069  27.349 0.0000000000
70313  43.050  -0.320  27.858 0.0000000000
70302  44.350  -0.059  29.775 0.0000000000
69144  45.029  -1.172  30.820 0.0000000000
68100  45.094  -1.807  30.997 0.0000000000
62638  35.976  -6.778  27.276 0.0000000000
62637  36.328  -6.667  26.803 0.0000000000
61395  39.444  -7.311  28.132 0.0000000000
62649  39.462  -6.406  26.450 0.0000000000
63928  40.720  -5.291  26.229 0.0000000000
63927  41.183  -4.920  26.352 0.0000000000
64991  42.191  -4.886  28.170 0.0000000000
63838  43.657  -5.409  32.076 0.0000000000
63850  43.377  -5.168  30.962 0.0000000000
63837  44.130  -4.932  32.371 0.0000000000
64954  44.106  -4.751  32.033 0.0000000000
64960  44.313  -4.313  31.785 0.0000000000
64952  45.174  -4.205  32.946 0.0000000000
72770  47.066  2.440  15.533 0.0000000000
73890  47.563  2.901  15.475 0.0000000000
73880  47.913  2.679  16.156 0.0000000000
72760  48.191  2.602  16.602 0.0000000000
72751  49.275  2.774  17.681 0.0000000000
73826  50.513  2.960  19.738 0.0000000000
73804  51.633  3.230  21.494 0.0000000000
80380  67.857  8.180  -3.516 0.0000000000
80387  67.689  8.250  -4.572 0.0000000000
76593  51.046  6.034  12.497 0.0000000000
76581  51.086  5.882  12.951 0.0000000000
76562  51.137  5.609  14.846 0.0000000000
76573  50.298  5.398  14.192 0.0000000000
76552  51.340  5.437  16.016 0.0000000000
76540  51.315  5.096  17.191 0.0000000000
77959  48.438  6.745  9.634 0.0000000000
77949  48.751  6.188  10.366 0.0000000000
76628  48.026  5.900  10.701 0.0000000000
77935  49.292  5.988  10.913 0.0000000000
77934  49.926  6.086  11.284 0.0000000000
56314  31.651  -11.325  37.360 0.0000000000
57565  30.936  -11.006  37.211 0.0000000000
57566  30.151  -10.807  37.210 0.0000000000
62601  31.572  -6.488  29.273 0.0000000000
61357  31.660  -7.380  28.558 0.0000000000
58794  31.267  -9.605  29.885 0.0000000000
58793  32.221  -9.762  29.926 0.0000000000
57678  34.112  -10.427  32.388 0.0000000000
58739  35.021  -10.466  33.198 0.0000000000
57661  34.492  -10.576  33.108 0.0000000000
57641  34.224  -10.902  33.774 0.0000000000
57622  33.918  -11.207  34.609 0.0000000000
85142  63.036  12.978  6.428 0.0000000000
85151  63.379  12.874  5.690 0.0000000000
86306  63.743  13.425  6.651 0.0000000000
62508  31.049  -6.601  34.618 0.0000000000
80294  54.727  8.622  8.119 0.0000000000
81465  55.370  8.917  8.312 0.0000000000
81456  55.575  8.957  9.408 0.0000000000
82699  58.364  10.360  8.471 0.0000000000
82687  58.916  10.585  9.267 0.0000000000
82673  59.553  10.811  9.932 0.0000000000
83893  60.177  11.097  10.436 0.0000000000
61273  24.977  -7.278  35.013 0.0000000000
59871  24.666  -8.029  34.222 0.0000000000
61291  24.653  -7.806  34.638 0.0000000000
59846  23.892  -8.141  36.445 0.0000000000
59859  23.341  -8.918  35.434 0.0000000000
58717  22.900  -9.792  35.130 0.0000000000
57612  21.667  -10.993  35.666 0.0000000000
57506  17.971  -10.187  40.711 0.0000000000
55063  16.942  -12.542  39.885 0.0000000000
55062  17.697  -12.520  39.087 0.0000000000
52737  18.965  -14.184  39.723 0.0000000000
52727  19.662  -14.303  40.251 0.0000000000
52719  17.446  -15.221  41.545 0.0000000000
69221  41.586  -0.184  23.478 0.0000000000
70368  41.846  -0.102  23.856 0.0000000000
70354  42.393  0.171  24.534 0.0000000000
70355  41.559  -0.182  24.728 0.0000000000
70341  41.762  -0.330  25.571 0.0000000000
70331  41.824  -0.535  26.017 0.0000000000
69205  40.920  -1.046  25.368 0.0000000000
69204  41.394  -0.911  25.822 0.0000000000
69195  41.798  -0.883  26.413 0.0000000000
68152  42.446  -1.599  27.381 0.0000000000
68136  42.940  -1.534  27.974 0.0000000000
67092  43.380  -2.266  28.367 0.0000000000
59963  36.557  -8.193  28.643 0.0000000000
61374  37.906  -7.887  28.511 0.0000000000
61373  39.098  -7.642  28.665 0.0000000000
61372  39.747  -7.348  28.719 0.0000000000
63878  41.100  -6.393  28.564 0.0000000000
62593  41.595  -6.359  29.623 0.0000000000
62553  42.172  -6.507  31.504 0.0000000000
71617  47.087  1.214  18.017 0.0000000000
71631  48.137  1.774  18.290 0.0000000000
71615  48.198  1.566  19.072 0.0000000000
72727  48.735  1.806  19.631 0.0000000000
72709  49.116  1.854  20.445 0.0000000000
71580  48.838  1.590  21.270 0.0000000000
72691  51.075  2.618  22.229 0.0000000000
80365  67.937  7.931  -2.297 0.0000000000
80232  57.383  8.732  12.974 0.0000000000
80233  56.741  8.407  13.217 0.0000000000
80223  56.728  8.299  14.195 0.0000000000
79097  55.266  7.694  13.967 0.0000000000
80224  56.008  7.995  14.602 0.0000000000
77909  52.485  6.306  13.870 0.0000000000
77908  53.201  6.530  14.353 0.0000000000
79075  55.312  7.683  16.106 0.0000000000
80274  53.722  8.039  9.219 0.0000000000
80264  54.613  8.265  10.255 0.0000000000
80255  54.218  8.014  10.762 0.0000000000
80254  54.836  8.191  11.132 0.0000000000
63855  37.468  -6.007  31.223 0.0000000000
62596  35.855  -6.326  29.236 0.0000000000
62597  35.321  -6.468  28.983 0.0000000000
61356  32.645  -7.610  28.224 0.0000000000
58809  33.487  -9.238  28.974 0.0000000000
59944  33.714  -8.585  28.351 0.0000000000
59966  34.310  -8.127  28.221 0.0000000000
59965  35.093  -8.148  28.326 0.0000000000
59964  35.991  -8.174  28.496 0.0000000000
59940  37.247  -8.683  30.031 0.0000000000
59905  36.925  -9.232  31.096 0.0000000000
59921  37.877  -8.644  31.205 0.0000000000
61311  38.990  -8.508  32.664 0.0000000000
61298  39.962  -8.431  33.993 0.0000000000
57620  35.824  -10.641  34.517 0.0000000000
71527  47.345  0.879  24.295 0.0000000000
83972  64.053  11.499  1.572 0.0000000000
86329  64.724  13.283  4.756 0.0000000000
85171  64.387  12.170  2.321 0.0000000000
85179  64.605  11.997  1.323 0.0000000000
85178  65.159  12.293  1.125 0.0000000000
86371  65.669  12.150  1.060 0.0000000000
86350  65.814  12.340  2.552 0.0000000000
86361  65.901  12.081  1.795 0.0000000000
86369  66.422  11.766  1.147 0.0000000000
57666  29.245  -9.941  32.451 0.0000000000
58758  28.712  -9.510  31.659 0.0000000000
59892  26.940  -8.571  31.719 0.0000000000
59910  26.900  -7.775  31.696 0.0000000000
59893  26.530  -8.266  31.990 0.0000000000
61313  26.016  -7.465  32.523 0.0000000000
62549  25.870  -6.850  33.065 0.0000000000
62530  25.651  -6.812  33.830 0.0000000000
63814  29.553  -5.848  34.011 0.0000000000
63830  28.413  -5.738  33.754 0.0000000000
63831  27.627  -5.756  33.970 0.0000000000
63800  28.835  -5.587  35.453 0.0000000000
63832  26.829  -5.887  34.163 0.0000000000
62511  26.104  -6.253  34.440 0.0000000000
62512  25.480  -6.766  34.708 0.0000000000
62495  25.384  -6.829  35.444 0.0000000000
61240  25.159  -7.238  36.828 0.0000000000
62444  26.053  -6.602  37.846 0.0000000000
61224  25.390  -7.192  38.060 0.0000000000
62538  36.016  -6.333  31.933 0.0000000000
62581  32.424  -6.118  30.083 0.0000000000
58796  29.667  -8.939  30.229 0.0000000000
82734  59.606  9.865  4.252 0.0000000000
82721  61.207  10.942  5.472 0.0000000000
82705  59.602  10.897  7.550 0.0000000000
83924  60.144  11.217  7.676 0.0000000000
83916  60.223  11.355  8.532 0.0000000000
83932  61.635  11.968  7.145 0.0000000000
83931  62.057  12.190  6.774 0.0000000000
85143  62.408  12.641  6.958 0.0000000000
57646  28.543  -10.147  33.333 0.0000000000
57608  27.848  -10.683  35.576 0.0000000000
57589  27.616  -10.863  36.616 0.0000000000
59882  24.350  -9.026  33.650 0.0000000000
57650  24.625  -9.888  33.550 0.0000000000
56360  26.076  -11.271  34.949 0.0000000000
56315  26.618  -11.408  37.971 0.0000000000
56298  26.568  -11.535  38.585 0.0000000000
56299  25.800  -11.847  38.462 0.0000000000
59839  21.707  -9.285  37.659 0.0000000000
58707  21.369  -9.984  36.639 0.0000000000
57592  21.078  -10.817  36.200 0.0000000000
56337  21.461  -11.709  36.027 0.0000000000
57522  18.808  -10.078  39.572 0.0000000000
57538  18.972  -10.389  38.764 0.0000000000
57555  19.186  -10.713  38.058 0.0000000000
55074  19.042  -12.594  37.686 0.0000000000
55086  19.420  -12.075  37.373 0.0000000000
56320  19.660  -11.592  37.215 0.0000000000
56319  20.171  -11.602  36.790 0.0000000000
55070  23.389  -12.851  38.459 0.0000000000
55061  22.879  -13.118  39.100 0.0000000000
52690  13.115  -14.655  43.886 0.0000000000
52691  12.731  -15.085  44.312 0.0000000000
50204  13.267  -16.497  44.830 0.0000000000
51453  12.086  -15.779  45.409 0.0000000000
75205  46.116  4.168  13.001 0.0000000000
72762  46.642  1.834  15.953 0.0000000000
71648  46.585  1.458  16.506 0.0000000000
71633  46.866  1.275  17.382 0.0000000000
70427  47.069  0.774  18.859 0.0000000000
70405  47.091  0.576  19.753 0.0000000000
70388  47.097  0.475  20.700 0.0000000000
70376  47.027  0.439  21.651 0.0000000000
70362  46.887  0.426  22.615 0.0000000000
69300  44.106  -0.608  19.903 0.0000000000
69254  44.519  -0.312  21.658 0.0000000000
69274  45.059  -0.314  21.149 0.0000000000
71513  46.639  1.012  25.330 0.0000000000
71501  46.041  1.205  26.159 0.0000000000
71487  46.370  1.460  26.777 0.0000000000
72632  45.913  1.594  27.406 0.0000000000
72605  45.730  1.852  29.258 0.0000000000
70339  42.952  0.496  25.061 0.0000000000
71490  43.808  1.009  27.335 0.0000000000
70321  43.468  0.545  27.661 0.0000000000
71479  44.438  1.274  27.980 0.0000000000
72606  45.099  1.640  28.891 0.0000000000
71470  44.996  1.538  29.382 0.0000000000
71449  45.655  1.337  31.174 0.0000000000
71439  45.770  0.833  31.766 0.0000000000
70275  45.073  0.050  31.019 0.0000000000
70267  46.007  0.273  32.133 0.0000000000
66125  38.160  -3.248  23.485 0.0000000000
65024  37.122  -4.731  26.101 0.0000000000
62652  37.009  -6.448  26.417 0.0000000000
65039  37.399  -4.910  25.013 0.0000000000
63955  38.719  -5.159  24.509 0.0000000000
65052  38.268  -4.702  24.261 0.0000000000
66110  39.302  -3.580  23.944 0.0000000000
66109  40.123  -3.042  24.367 0.0000000000
66094  41.183  -3.041  25.473 0.0000000000
66079  41.988  -2.985  26.636 0.0000000000
67083  43.872  -2.451  29.116 0.0000000000
63877  41.845  -5.787  28.949 0.0000000000
64978  42.512  -4.937  28.859 0.0000000000
63863  43.334  -4.903  30.422 0.0000000000
64970  43.328  -4.667  30.078 0.0000000000
64977  43.109  -4.496  29.369 0.0000000000
66042  43.784  -3.473  29.484 0.0000000000
67082  44.204  -2.559  29.835 0.0000000000
68101  44.797  -2.271  30.682 0.0000000000
66025  45.492  -3.298  32.215 0.0000000000
67061  46.002  -2.554  32.563 0.0000000000
67060  46.377  -1.998  32.924 0.0000000000
75195  47.607  4.100  14.012 0.0000000000
75194  48.196  4.246  14.308 0.0000000000
75186  48.525  4.043  14.942 0.0000000000
73889  48.456  3.674  15.413 0.0000000000
73888  49.066  3.861  15.805 0.0000000000
75174  50.029  4.490  16.014 0.0000000000
76541  50.819  4.723  17.098 0.0000000000
76531  51.751  5.118  17.956 0.0000000000
72740  49.534  2.667  18.398 0.0000000000
73856  49.610  3.008  17.810 0.0000000000
73842  50.499  3.234  19.136 0.0000000000
73855  50.173  3.469  18.084 0.0000000000
73854  50.714  3.941  18.268 0.0000000000
75150  51.192  4.448  18.155 0.0000000000
81519  67.834  8.792  0.038 0.0000000000
51491  16.170  -15.217  41.591 0.0000000000
52702  13.491  -14.625  43.352 0.0000000000
53948  19.857  -13.137  37.414 0.0000000000
55054  15.808  -12.760  40.859 0.0000000000
55064  16.516  -12.914  40.087 0.0000000000
55091  24.382  -12.314  36.864 0.0000000000
55096  20.425  -12.024  36.666 0.0000000000
56244  16.797  -11.195  41.169 0.0000000000
56302  19.066  -11.542  37.686 0.0000000000
56338  20.706  -11.591  36.398 0.0000000000
56359  26.570  -11.071  35.255 0.0000000000
56363  23.385  -11.391  34.686 0.0000000000
57540  17.860  -11.014  39.508 0.0000000000
57573  19.483  -10.976  37.525 0.0000000000
57639  35.628  -10.535  33.899 0.0000000000
58694  21.810  -9.422  37.092 0.0000000000
58744  24.436  -9.483  33.523 0.0000000000
58762  25.527  -9.163  32.676 0.0000000000
58782  27.592  -8.952  31.571 0.0000000000
59878  39.284  -8.686  33.681 0.0000000000
59903  38.144  -8.682  31.738 0.0000000000
59906  36.321  -9.324  30.614 0.0000000000
59922  37.489  -8.765  30.743 0.0000000000
59928  28.929  -7.255  30.192 0.0000000000
61325  27.170  -7.272  31.535 0.0000000000
61379  33.093  -6.845  28.360 0.0000000000
62556  36.824  -6.250  31.216 0.0000000000
62595  40.158  -7.177  28.957 0.0000000000
63787  26.626  -5.879  36.363 0.0000000000
63815  29.196  -5.697  34.517 0.0000000000
63844  29.411  -5.980  32.557 0.0000000000
63845  28.444  -5.936  32.775 0.0000000000
63882  35.838  -6.351  28.989 0.0000000000
63956  38.357  -5.165  24.553 0.0000000000
65021  41.494  -4.489  26.519 0.0000000000
65022  41.049  -4.577  25.950 0.0000000000
65038  38.066  -5.142  24.615 0.0000000000
66018  45.180  -3.854  32.433 0.0000000000
67074  44.559  -2.707  30.421 0.0000000000
67118  41.399  -2.485  25.805 0.0000000000
68108  44.881  -1.378  30.664 0.0000000000
69145  44.782  -0.766  30.499 0.0000000000
69175  43.165  -0.756  28.156 0.0000000000
69253  45.086  -0.179  21.842 0.0000000000
69351  44.084  -0.389  17.717 0.0000000000
70369  41.379  -0.263  24.170 0.0000000000
70378  45.330  0.002  22.358 0.0000000000
70382  42.335  -0.043  23.448 0.0000000000
71491  43.319  0.627  27.247 0.0000000000
71530  44.299  0.623  24.850 0.0000000000
71616  47.546  1.303  18.530 0.0000000000
71632  47.587  1.653  17.681 0.0000000000
71667  46.185  1.623  15.831 0.0000000000
73868  48.638  2.781  16.849 0.0000000000
73891  46.905  2.598  15.173 0.0000000000
73910  47.337  3.995  13.896 0.0000000000
75139  51.437  4.075  19.170 0.0000000000
75151  50.606  4.035  17.949 0.0000000000
75185  49.187  4.356  15.234 0.0000000000
77921  50.365  6.022  11.870 0.0000000000
77957  50.022  6.614  10.203 0.0000000000
80243  56.893  8.697  12.371 0.0000000000
82713  60.457  10.931  6.286 0.0000000000
83914  61.350  12.006  8.739 0.0000000000
