#!ascii label  , from subject MNI_FS2 vox2ras=TkReg
852
68815  32.575  -1.416  -40.234 0.2500000000
68816  31.577  -1.870  -40.296 0.2500000000
71121  32.591  0.587  -41.777 0.2500000000
71091  32.332  -0.013  -41.361 0.1250000000
71122  31.496  0.352  -41.951 0.3750000000
69948  32.784  -0.535  -40.705 0.2500000000
68836  32.235  -0.912  -40.620 0.2500000000
68838  30.860  -1.498  -40.730 0.7500000000
68837  31.720  -1.201  -40.675 0.3750000000
68817  30.585  -2.097  -40.235 0.8750000000
68818  29.603  -2.259  -40.143 0.8750000000
71092  31.780  -0.136  -41.425 0.3750000000
69974  31.402  -0.334  -41.420 0.3750000000
69975  30.694  -0.419  -41.592 0.8750000000
69950  31.145  -0.879  -41.134 0.7500000000
69952  29.198  -1.229  -41.204 1.0000000000
69951  30.240  -1.079  -41.200 0.8750000000
68840  28.721  -1.858  -40.554 1.0000000000
68839  29.864  -1.685  -40.688 0.8750000000
68841  27.550  -1.785  -40.583 1.0000000000
72232  32.230  0.967  -42.130 0.2500000000
71123  30.205  0.105  -42.100 0.8750000000
69978  27.605  -0.638  -41.650 1.0000000000
69977  28.630  -0.669  -41.706 1.0000000000
71124  29.143  -0.049  -42.193 1.0000000000
69954  26.844  -1.243  -41.063 1.0000000000
69953  28.081  -1.256  -41.146 1.0000000000
72231  32.882  1.222  -42.114 0.1250000000
71149  31.239  0.925  -42.475 0.6250000000
71151  29.630  0.601  -42.645 1.0000000000
71150  30.616  0.760  -42.534 0.8750000000
71127  26.412  -0.007  -42.009 1.0000000000
71126  27.197  -0.056  -42.107 1.0000000000
71125  28.125  -0.082  -42.168 1.0000000000
71093  26.096  -0.536  -41.546 1.0000000000
69979  26.820  -0.489  -41.669 1.0000000000
71095  24.353  -0.681  -41.431 1.0000000000
69955  25.743  -1.157  -41.059 1.0000000000
75823  31.761  4.336  -44.132 0.2500000000
72253  32.382  1.389  -42.323 0.2500000000
73358  31.564  2.071  -43.059 0.3750000000
72254  31.790  1.309  -42.470 0.5000000000
72256  30.097  1.312  -43.096 1.0000000000
72255  31.016  1.363  -42.849 0.6250000000
72258  28.114  1.099  -43.108 1.0000000000
72257  29.108  1.092  -43.164 1.0000000000
71128  25.610  0.169  -42.035 1.0000000000
71155  26.124  0.375  -42.271 1.0000000000
72259  26.993  1.105  -43.053 1.0000000000
72234  25.097  0.567  -42.282 1.0000000000
71129  24.679  0.008  -41.855 1.0000000000
72235  24.219  0.603  -42.246 1.0000000000
75824  30.722  4.034  -44.245 0.5000000000
74527  32.376  3.597  -43.716 0.3750000000
74528  31.303  3.159  -43.840 0.3750000000
73375  31.135  2.430  -43.502 0.5000000000
73376  30.472  2.502  -43.711 0.5000000000
73377  29.440  2.399  -43.869 0.8750000000
72272  29.482  1.668  -43.472 1.0000000000
72273  28.686  1.716  -43.560 1.0000000000
73362  25.412  1.735  -43.150 1.0000000000
73361  26.239  1.541  -43.230 1.0000000000
72262  23.800  1.365  -42.608 1.0000000000
72261  24.792  1.195  -42.653 1.0000000000
72236  23.359  0.656  -42.286 0.8750000000
75825  29.881  3.946  -44.507 0.6250000000
74530  28.932  3.431  -44.481 0.6250000000
73378  28.278  2.443  -44.014 1.0000000000
73382  24.108  2.824  -43.519 1.0000000000
73381  25.062  2.551  -43.579 1.0000000000
73380  26.137  2.295  -43.722 1.0000000000
73363  24.423  2.011  -43.057 1.0000000000
73364  23.328  2.288  -43.034 0.8750000000
72263  22.720  1.315  -42.606 0.8750000000
74546  28.676  4.060  -44.910 0.8750000000
74549  25.963  3.757  -44.729 1.0000000000
74531  27.686  3.097  -44.537 1.0000000000
74534  24.660  3.280  -43.994 1.0000000000
74550  24.985  3.760  -44.470 1.0000000000
73379  27.209  2.386  -43.968 1.0000000000
75826  23.705  4.165  -44.254 1.0000000000
74517  22.623  2.917  -43.465 1.0000000000
73383  23.346  3.086  -43.549 1.0000000000
74535  23.802  3.702  -44.007 1.0000000000
75838  30.282  4.630  -44.714 0.5000000000
75839  29.302  4.440  -44.930 0.8750000000
75840  28.426  4.529  -45.253 1.0000000000
77247  25.301  5.576  -45.734 1.0000000000
75842  26.316  4.521  -45.367 1.0000000000
75841  27.397  4.572  -45.486 1.0000000000
78493  22.346  5.928  -44.686 1.0000000000
77234  23.349  5.322  -44.815 1.0000000000
77213  21.443  5.376  -44.375 1.0000000000
77212  22.481  5.286  -44.562 1.0000000000
75845  23.440  4.751  -44.532 1.0000000000
75828  22.225  4.402  -44.222 1.0000000000
75827  23.219  4.416  -44.271 1.0000000000
74537  22.040  3.535  -43.859 0.8750000000
80862  27.795  7.965  -46.562 1.0000000000
80860  30.085  8.375  -45.864 0.3750000000
80863  26.869  7.647  -47.063 0.8750000000
78527  25.797  6.098  -46.243 1.0000000000
78510  22.639  6.329  -44.964 1.0000000000
80878  28.591  9.204  -46.480 0.8750000000
80881  26.318  8.389  -47.275 1.0000000000
80864  25.788  7.569  -47.166 1.0000000000
78529  23.831  6.748  -45.800 1.0000000000
78511  21.944  7.120  -44.696 1.0000000000
79685  21.786  7.870  -44.503 1.0000000000
79671  21.389  7.533  -44.273 1.0000000000
82080  28.358  9.561  -47.000 0.7500000000
80882  25.290  8.428  -47.250 1.0000000000
80866  23.887  8.047  -46.399 1.0000000000
80811  22.555  8.492  -42.024 1.0000000000
82047  22.016  9.232  -44.182 1.0000000000
80831  21.761  8.810  -43.932 1.0000000000
80884  23.752  8.691  -46.417 1.0000000000
80848  22.271  9.209  -45.038 1.0000000000
87927  26.735  14.800  -47.973 0.1250000000
88938  26.221  15.904  -47.397 0.1250000000
87941  26.179  13.923  -48.561 0.2500000000
87928  25.641  14.913  -48.169 0.1250000000
87942  25.046  14.116  -48.774 0.3750000000
88939  25.091  15.671  -47.786 0.2500000000
87929  24.604  14.858  -48.360 0.2500000000
87943  24.114  14.100  -48.725 0.3750000000
88940  24.135  15.554  -47.997 0.2500000000
88941  23.328  15.442  -48.197 0.2500000000
87930  23.687  14.533  -48.553 0.3750000000
87931  23.065  14.418  -48.675 0.3750000000
88942  22.742  15.293  -48.576 0.2500000000
68814  33.578  -1.602  -39.709 0.1250000000
69947  33.750  -0.325  -40.472 0.1250000000
74547  28.042  3.846  -45.030 0.8750000000
75844  24.083  4.389  -44.534 1.0000000000
68793  33.655  -1.965  -39.362 0.1250000000
67784  31.308  -2.518  -39.800 0.6250000000
67786  29.354  -2.783  -39.637 0.7500000000
71090  33.409  0.296  -41.262 0.1250000000
69923  33.353  -0.939  -40.209 0.1250000000
68820  27.979  -2.300  -40.040 1.0000000000
69925  26.187  -1.694  -40.574 1.0000000000
69956  24.855  -1.143  -40.961 1.0000000000
73357  32.643  2.024  -42.640 0.3750000000
74515  32.140  2.747  -43.365 0.2500000000
71130  23.649  -0.213  -41.809 0.8750000000
74518  21.886  2.759  -43.543 0.8750000000
80859  31.083  8.349  -45.971 0.1250000000
79695  30.551  7.486  -45.539 0.1250000000
77227  30.768  5.401  -44.856 0.3750000000
77229  28.951  5.307  -45.417 0.6250000000
80861  28.886  8.521  -46.127 0.5000000000
80879  28.014  8.905  -46.589 0.8750000000
79696  29.457  7.445  -45.756 0.3750000000
79698  27.414  6.952  -46.595 0.8750000000
78494  21.607  6.475  -44.532 1.0000000000
79672  20.574  7.861  -43.614 1.0000000000
79653  20.241  8.296  -42.838 1.0000000000
80880  27.252  8.541  -47.033 1.0000000000
82020  21.448  8.772  -42.612 1.0000000000
82092  27.252  9.847  -47.562 0.8750000000
82084  24.792  9.355  -47.291 1.0000000000
82067  22.811  9.727  -45.394 1.0000000000
141061  22.922  9.281  -42.687 1.0000000000
88922  27.199  16.321  -46.722 0.1250000000
87926  27.823  14.401  -47.850 0.1250000000
85730  26.703  12.364  -48.627 0.6250000000
86875  24.352  13.254  -48.926 0.5000000000
86876  23.496  13.483  -48.676 0.5000000000
89994  24.538  16.207  -47.329 0.2500000000
87944  23.716  14.071  -48.672 0.5000000000
86865  23.235  13.908  -48.668 0.5000000000
89995  23.618  16.167  -47.431 0.1250000000
88956  22.255  15.090  -48.976 0.2500000000
89996  22.718  16.262  -47.671 0.1250000000
67782  32.961  -1.938  -39.768 0.1250000000
67783  32.324  -2.235  -39.832 0.3750000000
67785  30.295  -2.685  -39.726 0.7500000000
68819  28.821  -2.400  -39.990 1.0000000000
69976  29.682  -0.587  -41.695 1.0000000000
68842  26.953  -1.755  -40.575 1.0000000000
71152  28.617  0.494  -42.681 1.0000000000
71153  27.613  0.489  -42.609 1.0000000000
71094  25.213  -0.533  -41.459 1.0000000000
73360  30.053  1.939  -43.521 0.8750000000
71154  26.683  0.450  -42.456 1.0000000000
72260  25.822  0.851  -42.610 1.0000000000
74529  30.133  3.232  -44.130 0.6250000000
72275  26.852  1.796  -43.524 1.0000000000
72274  27.689  1.750  -43.540 1.0000000000
71131  22.505  0.139  -42.280 0.8750000000
74532  26.600  3.047  -44.364 1.0000000000
74533  25.578  3.116  -44.134 1.0000000000
73365  22.309  2.171  -43.088 0.8750000000
75843  25.250  4.399  -45.031 1.0000000000
74548  26.999  3.735  -45.014 1.0000000000
74551  24.387  3.773  -44.253 1.0000000000
74536  22.872  3.688  -43.837 1.0000000000
77228  29.901  5.266  -45.137 0.6250000000
77230  28.102  5.085  -45.553 0.7500000000
77231  26.121  4.915  -45.522 1.0000000000
77246  26.372  5.259  -45.748 1.0000000000
77232  25.654  4.971  -45.469 1.0000000000
78508  24.449  5.807  -45.574 1.0000000000
77233  24.558  5.237  -45.331 1.0000000000
79697  28.389  7.253  -46.104 0.7500000000
77245  27.429  5.396  -45.834 1.0000000000
78528  24.668  6.231  -45.947 1.0000000000
78526  26.890  6.080  -46.289 1.0000000000
79700  25.212  6.815  -46.736 1.0000000000
79683  23.170  6.804  -45.470 1.0000000000
82082  26.782  9.163  -47.336 0.8750000000
79699  26.342  6.778  -46.824 1.0000000000
80865  24.731  7.708  -46.937 1.0000000000
79702  23.315  7.568  -45.786 1.0000000000
79684  22.428  7.451  -45.167 1.0000000000
79701  24.228  7.138  -46.344 1.0000000000
80833  20.750  8.500  -43.293 1.0000000000
80883  24.329  8.592  -46.872 1.0000000000
80868  22.437  8.626  -45.343 1.0000000000
82046  22.637  9.836  -43.798 1.0000000000
82083  25.847  9.157  -47.409 1.0000000000
88937  27.464  15.456  -47.405 0.1250000000
87940  27.080  14.005  -48.241 0.3750000000
86874  25.402  13.161  -48.979 0.7500000000
67756  33.289  -2.395  -39.204 0.2500000000
67755  34.430  -2.458  -38.539 0.1250000000
67757  32.060  -2.944  -39.330 0.6250000000
78507  29.622  5.916  -45.401 0.7500000000
77244  28.274  5.671  -45.733 0.8750000000
78523  29.927  6.657  -45.470 0.7500000000
78524  28.940  6.352  -45.718 0.8750000000
78525  27.899  6.273  -46.060 1.0000000000
82093  26.361  9.813  -47.608 1.0000000000
83269  23.209  10.358  -45.900 1.0000000000
86864  27.637  13.619  -48.223 0.3750000000
85731  25.805  12.259  -48.798 0.7500000000
86873  26.252  13.001  -48.843 0.5000000000
87932  22.524  13.997  -48.957 0.3750000000
65656  28.783  -5.297  -37.152 0.7500000000
66701  26.138  -4.445  -37.180 0.7500000000
64623  29.613  -5.327  -37.263 0.7500000000
65687  29.506  -4.926  -37.600 0.7500000000
66729  26.108  -3.887  -37.759 0.7500000000
65689  27.474  -4.490  -37.486 0.7500000000
66727  28.105  -4.012  -37.983 0.7500000000
66726  29.045  -4.226  -38.107 0.7500000000
66728  27.127  -3.796  -38.034 0.7500000000
66751  30.544  -3.736  -38.757 0.7500000000
67759  29.950  -3.277  -39.250 0.6250000000
66754  27.831  -3.529  -38.461 0.7500000000
67761  28.113  -3.164  -38.991 0.8750000000
67760  28.998  -3.276  -39.150 0.8750000000
67740  24.787  -3.355  -38.362 0.7500000000
67739  25.661  -3.334  -38.391 0.7500000000
67738  26.456  -3.398  -38.439 0.7500000000
67787  28.471  -2.771  -39.546 0.8750000000
67764  25.202  -2.869  -38.947 0.7500000000
67763  26.217  -2.812  -39.157 0.7500000000
68794  26.066  -2.377  -39.694 0.8750000000
68821  26.785  -2.206  -40.022 0.8750000000
68796  24.681  -2.505  -39.432 0.7500000000
68822  25.799  -2.062  -40.055 0.8750000000
68843  23.372  -1.785  -40.521 0.8750000000
69927  24.604  -1.636  -40.447 0.8750000000
69957  23.939  -1.329  -40.923 0.8750000000
71096  23.846  -0.813  -41.438 0.8750000000
69982  22.252  -1.116  -42.040 0.3750000000
69981  22.932  -0.831  -41.682 0.7500000000
68867  22.005  -1.795  -42.400 0.5000000000
71132  21.893  -0.260  -42.481 0.7500000000
69999  21.439  -0.671  -43.754 0.1250000000
69990  21.622  -0.688  -42.854 0.3750000000
71156  22.092  0.890  -42.618 0.6250000000
68897  21.835  -1.578  -44.228 0.1250000000
71164  21.239  0.082  -43.448 0.1250000000
71165  20.934  0.917  -43.712 0.1250000000
72265  21.199  1.579  -43.080 0.6250000000
71175  21.139  0.249  -44.220 0.1250000000
71189  20.890  1.142  -45.075 0.1250000000
72276  20.919  1.659  -43.607 0.1250000000
73367  21.105  2.103  -43.464 0.5000000000
73366  21.564  2.191  -43.282 0.6250000000
70012  21.466  -0.463  -44.675 0.1250000000
73385  20.984  2.424  -44.037 0.5000000000
74538  21.313  3.204  -43.976 0.5000000000
83284  28.283  10.008  -47.431 0.6250000000
83293  27.939  10.649  -47.808 0.5000000000
83294  26.792  10.449  -47.865 0.7500000000
75830  20.701  4.272  -44.356 0.6250000000
77214  20.571  5.397  -44.289 0.6250000000
78495  20.612  6.549  -44.221 0.7500000000
80813  20.734  8.445  -42.392 0.8750000000
80799  21.558  8.417  -41.372 0.8750000000
80814  20.079  8.153  -41.776 0.8750000000
80800  20.492  8.443  -41.269 0.8750000000
80787  22.467  8.341  -40.570 0.8750000000
77236  20.184  5.130  -44.665 0.3750000000
78496  19.993  6.515  -44.360 0.5000000000
79673  19.624  7.751  -43.763 0.6250000000
77237  19.742  5.812  -44.848 0.2500000000
77215  20.004  5.816  -44.514 0.3750000000
83308  27.498  11.284  -48.108 0.6250000000
83310  26.185  10.919  -48.192 0.7500000000
82095  24.818  10.092  -47.566 0.8750000000
141059  24.202  9.729  -41.350 0.7500000000
80778  22.601  9.017  -39.866 0.8750000000
79654  19.626  8.062  -42.328 0.6250000000
79641  19.225  7.932  -41.637 0.7500000000
80789  19.904  9.036  -40.318 0.7500000000
78512  19.705  6.372  -44.617 0.2500000000
84519  27.156  11.740  -48.311 0.6250000000
83295  25.944  10.417  -47.884 0.8750000000
83285  24.243  10.084  -47.201 0.8750000000
83286  23.708  10.461  -46.808 0.7500000000
83250  23.595  10.472  -43.363 0.8750000000
83214  21.408  10.128  -40.566 0.7500000000
80803  18.735  8.341  -40.554 0.5000000000
79656  17.373  7.894  -42.414 0.2500000000
79643  17.398  7.767  -41.674 0.5000000000
79655  18.342  7.946  -42.431 0.5000000000
79686  19.318  7.255  -44.383 0.2500000000
85729  27.477  12.410  -48.411 0.5000000000
84511  24.610  11.019  -48.044 0.7500000000
83298  24.049  10.598  -47.260 0.7500000000
84512  23.754  11.232  -47.445 0.7500000000
84498  23.307  11.029  -46.422 0.7500000000
84462  22.465  11.465  -44.193 0.7500000000
84479  23.026  10.976  -45.400 0.7500000000
84513  23.115  11.398  -46.899 0.7500000000
84449  23.823  11.371  -43.341 0.7500000000
84426  22.508  11.721  -41.452 0.7500000000
85648  23.061  12.333  -42.043 0.7500000000
84413  19.567  10.315  -40.910 0.5000000000
84430  18.780  11.468  -41.296 0.3750000000
84412  20.565  10.908  -41.151 0.6250000000
80818  16.070  8.372  -41.384 0.2500000000
83221  16.193  10.078  -40.053 0.3750000000
84414  18.160  10.904  -40.617 0.3750000000
85732  24.763  12.286  -48.753 0.6250000000
84522  24.294  11.653  -48.183 0.7500000000
85722  23.536  11.864  -47.742 0.7500000000
84499  22.654  11.453  -46.220 0.7500000000
84481  22.056  11.653  -45.024 0.7500000000
85663  21.528  11.806  -43.192 0.6250000000
85639  19.332  12.034  -41.939 0.3750000000
85638  20.220  11.829  -42.020 0.3750000000
83234  15.676  9.941  -42.292 0.1250000000
85655  16.876  12.157  -42.504 0.1250000000
84431  17.628  11.769  -41.111 0.2500000000
85733  23.728  12.359  -48.303 0.6250000000
85723  22.836  11.876  -47.471 0.6250000000
84500  22.294  11.600  -45.623 0.7500000000
85664  20.586  11.852  -43.335 0.3750000000
84463  21.816  11.719  -44.227 0.3750000000
84451  22.178  11.774  -43.593 0.7500000000
85653  18.921  12.226  -42.738 0.2500000000
85652  19.921  12.050  -42.663 0.3750000000
84441  21.358  11.676  -42.146 0.6250000000
83252  18.351  10.458  -44.426 0.1250000000
84453  18.049  11.299  -43.945 0.1250000000
83241  16.650  10.456  -43.151 0.1250000000
85712  21.858  11.770  -46.150 0.3750000000
85690  20.611  11.866  -45.337 0.2500000000
85675  21.219  11.771  -43.938 0.3750000000
84464  19.095  11.531  -45.151 0.1250000000
85665  19.645  11.956  -43.526 0.3750000000
82068  18.940  9.610  -45.833 0.1250000000
85666  18.568  11.986  -43.634 0.1250000000
86866  22.839  13.066  -48.584 0.3750000000
85734  23.154  12.767  -48.382 0.3750000000
85724  21.927  11.948  -47.671 0.3750000000
85725  21.157  11.938  -47.931 0.3750000000
85713  20.788  11.703  -46.592 0.3750000000
83325  20.705  10.443  -49.252 0.1250000000
85691  19.873  11.599  -45.630 0.1250000000
83287  19.598  10.272  -46.836 0.1250000000
87933  22.011  13.301  -49.044 0.2500000000
86868  21.543  12.594  -48.812 0.2500000000
86867  22.057  12.675  -48.680 0.3750000000
85735  20.957  12.073  -48.573 0.1250000000
84543  21.518  11.438  -50.433 0.1250000000
84501  20.301  11.457  -47.124 0.1250000000
86878  21.283  12.653  -49.028 0.1250000000
86881  21.518  12.945  -49.411 0.1250000000
86880  21.486  12.664  -49.745 0.1250000000
86887  21.703  13.084  -50.426 0.1250000000
84568  22.384  11.351  -51.976 0.1250000000
85767  22.179  12.564  -51.805 0.1250000000
87965  22.318  14.328  -51.356 0.1250000000
86900  22.831  13.310  -52.417 0.1250000000
86894  21.949  13.404  -51.226 0.1250000000
85779  24.016  12.610  -53.399 0.1250000000
84567  22.798  11.404  -52.444 0.1250000000
69958  23.148  -1.346  -41.057 0.6250000000
79642  18.655  7.883  -41.438 0.5000000000
84520  26.370  11.599  -48.455 0.6250000000
83311  25.647  10.795  -48.140 0.8750000000
83297  24.440  10.604  -47.588 0.7500000000
84461  23.198  11.101  -44.090 0.7500000000
83233  24.285  10.986  -42.906 0.7500000000
83220  23.979  10.415  -41.108 0.7500000000
141054  17.999  8.527  -39.580 0.5000000000
141052  17.917  9.553  -40.002 0.5000000000
141056  20.294  9.808  -40.614 0.7500000000
82005  16.776  8.822  -39.585 0.5000000000
84532  20.846  11.196  -49.290 0.1250000000
85766  22.764  12.169  -52.467 0.1250000000
71157  21.432  0.597  -42.811 0.5000000000
74539  20.746  3.364  -44.526 0.3750000000
80788  21.268  8.650  -40.598 0.7500000000
84514  20.531  11.417  -47.936 0.1250000000
77249  19.913  5.247  -45.282 0.1250000000
64612  27.161  -5.534  -36.474 0.7500000000
64611  28.184  -5.850  -36.463 0.7500000000
64609  30.538  -5.819  -36.900 0.7500000000
64622  30.140  -5.335  -37.323 0.7500000000
65659  25.740  -4.832  -36.726 0.7500000000
65657  27.779  -5.172  -37.037 0.7500000000
66703  24.819  -4.222  -37.276 0.7500000000
66725  30.061  -4.269  -38.186 0.7500000000
66730  25.191  -3.760  -37.731 0.6250000000
67765  24.398  -3.047  -39.014 0.6250000000
68824  23.965  -2.212  -39.982 0.6250000000
68844  22.772  -1.989  -40.673 0.5000000000
68845  22.347  -1.951  -41.294 0.3750000000
68880  21.710  -1.663  -43.192 0.1250000000
68910  22.328  -1.800  -45.115 0.1250000000
70025  21.796  -0.267  -45.530 0.1250000000
71188  21.223  0.589  -45.229 0.1250000000
72291  20.986  1.238  -45.340 0.1250000000
72292  20.757  1.755  -45.153 0.1250000000
73391  20.677  2.568  -44.743 0.1250000000
74552  20.426  3.471  -45.165 0.2500000000
75846  20.331  4.305  -44.904 0.2500000000
85728  28.234  12.426  -48.197 0.5000000000
78530  19.472  6.576  -45.021 0.1250000000
79687  18.747  8.105  -44.289 0.1250000000
82033  17.026  9.292  -43.111 0.1250000000
82048  18.275  9.611  -44.058 0.1250000000
86871  27.803  13.033  -48.398 0.3750000000
80885  19.453  8.717  -46.704 0.1250000000
80905  20.260  8.905  -48.576 0.1250000000
80892  19.800  8.642  -47.560 0.1250000000
83373  23.362  10.465  -52.656 0.1250000000
89993  25.444  16.258  -47.208 0.1250000000
87945  22.172  14.044  -49.329 0.2500000000
87949  21.905  13.686  -49.795 0.1250000000
88968  22.270  15.029  -50.992 0.1250000000
87973  23.005  14.486  -52.375 0.1250000000
85780  23.341  12.867  -52.930 0.1250000000
85778  24.544  12.215  -53.625 0.1250000000
75829  21.369  4.342  -44.187 0.7500000000
82079  29.197  9.566  -46.641 0.3750000000
79640  23.050  7.975  -41.107 0.8750000000
69926  25.351  -1.613  -40.508 0.8750000000
72264  21.845  1.482  -42.840 0.6250000000
82085  23.676  9.475  -46.550 0.8750000000
83251  22.877  10.483  -44.647 0.8750000000
141058  24.166  8.820  -41.474 0.8750000000
88959  22.040  14.982  -49.547 0.1250000000
65688  28.445  -4.705  -37.588 0.7500000000
65690  26.707  -4.303  -37.445 0.7500000000
65658  26.670  -5.006  -36.872 0.7500000000
65686  30.598  -4.775  -37.737 0.7500000000
66752  29.534  -3.763  -38.687 0.7500000000
66750  31.603  -3.604  -38.775 0.6250000000
66753  28.605  -3.664  -38.566 0.7500000000
67762  27.177  -3.156  -38.844 0.8750000000
67789  26.935  -2.708  -39.365 0.8750000000
68795  25.489  -2.405  -39.512 0.7500000000
68797  24.147  -2.754  -39.443 0.7500000000
68823  24.973  -1.995  -39.929 0.8750000000
68825  23.220  -2.255  -40.164 0.6250000000
69980  23.485  -0.927  -41.413 0.7500000000
68856  22.211  -2.029  -41.787 0.2500000000
69959  22.677  -1.464  -41.369 0.5000000000
68911  21.834  -1.030  -45.091 0.1250000000
71158  20.993  1.184  -43.242 0.5000000000
71176  20.862  1.045  -44.596 0.1250000000
72282  20.813  1.724  -44.285 0.1250000000
73384  21.280  2.493  -43.668 0.6250000000
80780  21.247  9.160  -40.144 0.7500000000
84521  25.301  11.305  -48.404 0.6250000000
82004  23.274  9.765  -40.401 0.7500000000
84460  23.902  10.972  -43.526 0.7500000000
84410  21.979  11.227  -41.038 0.7500000000
80790  17.582  7.922  -40.382 0.5000000000
80816  16.852  8.398  -42.699 0.1250000000
80815  17.722  8.099  -43.030 0.1250000000
79674  18.636  7.945  -43.553 0.2500000000
84480  22.587  11.329  -45.098 0.7500000000
84411  21.255  11.137  -41.162 0.6250000000
84429  19.860  11.408  -41.454 0.3750000000
83229  15.362  10.046  -40.718 0.1250000000
84416  15.922  11.082  -40.481 0.3750000000
85711  22.427  11.734  -46.610 0.3750000000
85640  18.289  12.112  -41.915 0.3750000000
84444  15.612  11.179  -41.920 0.1250000000
85667  17.450  11.967  -43.304 0.1250000000
84454  17.086  11.242  -43.376 0.1250000000
85676  20.470  11.822  -44.253 0.3750000000
85689  21.333  11.883  -44.822 0.3750000000
84465  18.615  11.140  -44.762 0.1250000000
82096  19.636  9.501  -47.214 0.1250000000
82069  18.679  9.625  -45.098 0.1250000000
86877  23.137  13.124  -48.551 0.3750000000
85677  19.555  11.740  -44.550 0.2500000000
84483  18.876  11.053  -45.414 0.1250000000
84502  19.699  10.985  -46.567 0.1250000000
84482  19.349  11.264  -45.877 0.1250000000
83313  20.018  10.242  -48.143 0.1250000000
83299  20.209  10.753  -48.060 0.1250000000
83324  21.189  10.524  -49.790 0.1250000000
83337  21.686  10.557  -50.702 0.1250000000
85714  19.929  11.503  -46.374 0.1250000000
82108  19.940  9.552  -48.105 0.1250000000
82121  21.128  9.713  -49.718 0.1250000000
87946  21.750  13.198  -49.278 0.2500000000
85739  21.053  12.152  -49.186 0.1250000000
84531  21.244  11.463  -49.834 0.1250000000
84555  21.846  11.482  -51.259 0.1250000000
87956  22.045  14.092  -50.676 0.1250000000
85755  21.642  12.375  -50.934 0.1250000000
84581  23.370  11.520  -52.852 0.1250000000
85738  21.192  11.943  -49.628 0.1250000000
87974  22.640  14.611  -51.834 0.1250000000
64613  26.667  -5.421  -36.472 0.7500000000
64610  29.440  -5.697  -36.861 0.7500000000
63429  29.944  -6.339  -36.383 0.7500000000
66724  31.105  -4.171  -38.216 0.5000000000
72305  21.227  1.486  -45.925 0.1250000000
80834  18.119  8.768  -43.526 0.1250000000
83348  22.443  10.003  -51.747 0.1250000000
83359  22.826  10.598  -52.291 0.1250000000
64621  31.103  -5.307  -37.378 0.5000000000
64574  27.238  -6.058  -35.970 0.6250000000
64575  26.427  -5.735  -36.060 0.6250000000
64614  24.157  -5.346  -36.375 0.3750000000
65660  24.807  -4.843  -36.667 0.6250000000
65693  23.050  -4.771  -37.561 0.2500000000
65691  24.342  -4.469  -37.189 0.3750000000
84509  28.647  11.590  -47.964 0.3750000000
66731  24.327  -3.937  -37.783 0.5000000000
67742  23.611  -3.653  -38.723 0.5000000000
67766  23.547  -3.195  -39.280 0.3750000000
67790  23.364  -2.613  -39.842 0.5000000000
63361  26.658  -6.749  -34.954 0.6250000000
64608  31.560  -5.808  -36.931 0.3750000000
63428  30.986  -6.353  -36.451 0.3750000000
63400  27.298  -6.562  -35.473 0.6250000000
64573  27.850  -6.328  -35.906 0.6250000000
63397  30.388  -6.921  -35.983 0.6250000000
63404  23.863  -6.260  -35.401 0.3750000000
64546  24.730  -6.136  -35.224 0.5000000000
63401  26.525  -6.312  -35.423 0.6250000000
64607  32.562  -5.705  -36.910 0.2500000000
64579  23.186  -5.867  -36.316 0.3750000000
64616  23.036  -5.446  -36.870 0.2500000000
67758  30.968  -3.159  -39.300 0.3750000000
66733  22.946  -4.393  -38.180 0.2500000000
66755  23.379  -3.728  -38.771 0.3750000000
67767  22.897  -3.437  -39.465 0.2500000000
67791  22.830  -2.862  -40.006 0.2500000000
67800  22.393  -2.654  -40.725 0.2500000000
74514  33.268  3.232  -43.168 0.1250000000
75837  31.059  4.762  -44.504 0.2500000000
67814  22.095  -2.651  -41.797 0.2500000000
78506  30.356  6.039  -45.201 0.2500000000
82066  29.820  9.134  -46.186 0.2500000000
86863  28.445  13.387  -48.042 0.2500000000
66749  32.696  -3.347  -38.683 0.2500000000
67741  24.028  -3.553  -38.572 0.5000000000
65619  25.351  -5.252  -36.244 0.6250000000
67801  22.219  -2.552  -41.293 0.2500000000
64620  32.091  -5.234  -37.369 0.3750000000
65685  31.625  -4.677  -37.755 0.3750000000
63430  28.908  -6.346  -36.225 0.6250000000
63402  25.875  -6.094  -35.434 0.6250000000
64576  25.578  -5.683  -35.831 0.5000000000
65662  23.475  -4.981  -37.034 0.2500000000
64615  23.592  -5.390  -36.567 0.2500000000
64630  22.393  -5.576  -37.892 0.2500000000
65692  23.767  -4.495  -37.417 0.3750000000
66732  23.481  -4.039  -38.210 0.3750000000
64577  24.640  -5.741  -35.785 0.5000000000
64578  23.745  -5.839  -36.009 0.3750000000
63427  32.008  -6.311  -36.470 0.3750000000
63399  28.227  -6.853  -35.590 0.6250000000
63403  24.383  -6.253  -35.189 0.3750000000
64545  25.201  -6.082  -35.232 0.5000000000
66756  22.909  -3.974  -38.846 0.2500000000
66775  22.480  -3.805  -39.800 0.2500000000
73356  33.737  2.398  -42.528 0.1250000000
62057  29.145  -8.014  -35.094 0.5000000000
63363  24.712  -6.481  -34.747 0.2500000000
62060  26.451  -7.255  -34.338 0.3750000000
62082  28.297  -7.362  -35.272 0.5000000000
60755  29.423  -8.600  -34.620 0.3750000000
62055  31.171  -8.139  -35.184 0.5000000000
62081  28.837  -7.425  -35.422 0.5000000000
62080  29.779  -7.501  -35.547 0.5000000000
63398  29.350  -6.911  -35.883 0.5000000000
59492  31.049  -9.881  -34.034 0.1250000000
60754  30.488  -8.754  -34.613 0.3750000000
62078  31.819  -7.544  -35.675 0.2500000000
57125  30.509  -11.221  -33.229 0.1250000000
60732  28.658  -9.049  -34.131 0.3750000000
63338  24.879  -6.931  -34.183 0.2500000000
62040  27.309  -8.190  -34.094 0.3750000000
62059  27.382  -7.672  -34.533 0.5000000000
57123  31.981  -11.163  -33.322 0.1250000000
60731  29.598  -9.299  -34.207 0.3750000000
60756  28.509  -8.387  -34.543 0.3750000000
59506  31.873  -9.229  -34.339 0.1250000000
62054  32.197  -8.095  -35.194 0.1250000000
63396  31.415  -6.924  -36.046 0.3750000000
63362  25.713  -6.634  -34.644 0.3750000000
63360  27.310  -7.073  -34.994 0.5000000000
63395  32.438  -6.881  -36.066 0.2500000000
63364  23.985  -6.623  -34.830 0.2500000000
62058  28.255  -7.789  -34.941 0.5000000000
62056  30.136  -8.111  -35.138 0.5000000000
60753  31.560  -8.659  -34.718 0.1250000000
62079  30.791  -7.543  -35.625 0.1250000000
58389  31.527  -10.588  -33.661 0.1250000000
60730  30.423  -9.409  -34.206 0.2500000000
59491  32.169  -9.854  -33.939 0.1250000000
58388  32.556  -10.492  -33.575 0.1250000000
59507  31.080  -9.162  -34.345 0.1250000000
57124  31.036  -11.234  -33.320 0.1250000000
58390  30.398  -10.766  -33.502 0.1250000000
62041  26.656  -7.943  -33.903 0.2500000000
60752  32.535  -8.610  -34.690 0.1250000000
59494  28.721  -9.942  -33.671 0.2500000000
60734  26.925  -8.544  -33.660 0.2500000000
66723  32.162  -4.049  -38.203 0.2500000000
63337  25.304  -7.165  -33.939 0.2500000000
58391  29.310  -10.640  -33.425 0.1250000000
59493  29.903  -10.017  -33.904 0.1250000000
60733  27.771  -8.687  -33.989 0.2500000000
59495  27.980  -9.364  -33.689 0.1250000000
65683  33.753  -4.528  -37.477 0.1250000000
83282  29.709  10.200  -47.293 0.1250000000
83292  29.144  10.797  -47.731 0.1250000000
83291  30.075  10.801  -47.843 0.1250000000
84507  30.403  11.518  -47.903 0.1250000000
85721  29.070  12.444  -47.945 0.1250000000
85719  30.711  12.170  -47.735 0.1250000000
85720  29.955  12.333  -47.802 0.1250000000
82078  30.231  9.715  -46.728 0.1250000000
86862  29.517  13.342  -47.732 0.1250000000
87910  30.158  14.504  -47.005 0.1250000000
82065  30.683  9.111  -46.264 0.1250000000
77226  31.731  5.437  -44.512 0.1250000000
63426  33.027  -6.199  -36.441 0.1250000000
65654  34.463  -4.905  -37.049 0.1250000000
79682  31.158  7.065  -45.281 0.1250000000
82064  31.536  9.064  -46.494 0.1250000000
83281  30.676  10.213  -47.476 0.1250000000
83280  31.843  10.279  -47.782 0.1250000000
85717  31.972  12.126  -47.812 0.1250000000
87909  31.024  14.310  -46.610 0.1250000000
88919  30.125  15.150  -46.594 0.1250000000
87911  29.438  14.670  -47.265 0.1250000000
66748  33.706  -3.067  -38.401 0.1250000000
84508  29.566  11.573  -47.871 0.1250000000
64619  32.964  -5.148  -37.324 0.1250000000
64606  33.651  -5.459  -36.892 0.1250000000
78505  31.238  6.314  -44.980 0.1250000000
66722  33.230  -3.845  -38.056 0.1250000000
65684  32.651  -4.598  -37.721 0.1250000000
65682  34.852  -4.177  -37.304 0.1250000000
83289  31.447  10.960  -48.280 0.1250000000
86861  30.390  12.980  -47.628 0.1250000000
85709  31.598  12.781  -47.398 0.1250000000
87924  29.628  14.122  -47.410 0.1250000000
86852  30.118  13.706  -47.404 0.1250000000
85708  32.504  12.592  -47.246 0.1250000000
63405  23.066  -6.425  -35.664 0.1250000000
63432  22.578  -6.313  -36.571 0.1250000000
64625  22.309  -5.976  -37.676 0.1250000000
65705  22.531  -4.949  -38.234 0.1250000000
65722  22.397  -4.515  -39.050 0.1250000000
65736  22.189  -4.671  -40.472 0.1250000000
66776  22.278  -4.198  -40.199 0.1250000000
65747  22.189  -4.349  -41.313 0.1250000000
66786  22.435  -3.193  -40.348 0.1250000000
65761  22.188  -4.128  -42.015 0.1250000000
66787  22.227  -3.496  -40.871 0.1250000000
66798  22.101  -3.445  -41.871 0.1250000000
62042  25.634  -7.766  -33.512 0.1250000000
62043  24.526  -7.596  -33.595 0.1250000000
62062  24.185  -7.061  -34.284 0.1250000000
63365  23.402  -6.694  -35.021 0.1250000000
62094  22.154  -7.058  -36.465 0.1250000000
63438  22.313  -6.246  -37.226 0.1250000000
63447  21.998  -6.632  -38.400 0.1250000000
64640  22.090  -5.762  -39.046 0.1250000000
65723  22.211  -4.813  -39.615 0.1250000000
64654  22.155  -5.633  -39.902 0.1250000000
64682  22.270  -4.841  -41.706 0.1250000000
66812  22.113  -3.497  -42.681 0.1250000000
67826  21.971  -2.606  -42.559 0.1250000000
64631  22.224  -5.814  -38.246 0.1250000000
62063  23.462  -7.113  -34.501 0.1250000000
62083  22.329  -7.242  -35.826 0.1250000000
65706  22.239  -5.159  -38.835 0.1250000000
65760  22.382  -4.572  -42.518 0.1250000000
62036  24.853  -8.071  -33.087 0.1250000000
62044  23.584  -7.634  -33.912 0.1250000000
63439  22.063  -6.632  -37.572 0.1250000000
66811  22.320  -3.830  -43.133 0.1250000000
60757  27.837  -8.146  -34.424 0.5000000000
62061  25.773  -7.174  -34.073 0.2500000000
63359  27.885  -7.357  -35.080 0.5000000000
63431  28.295  -6.344  -36.049 0.6250000000
64624  22.572  -5.594  -37.418 0.1250000000
65617  26.429  -5.378  -36.452 0.7500000000
65618  26.019  -5.323  -36.374 0.6250000000
65655  29.341  -5.319  -37.229 0.7500000000
65661  24.011  -4.901  -36.854 0.2500000000
66702  25.465  -4.302  -37.195 0.7500000000
67788  27.573  -2.711  -39.466 0.8750000000
69922  34.076  -0.827  -39.998 0.1250000000
69924  26.679  -1.742  -40.579 1.0000000000
69949  31.908  -0.568  -41.030 0.3750000000
71120  33.158  0.790  -41.762 0.1250000000
72233  25.503  0.535  -42.309 1.0000000000
73359  30.728  1.927  -43.299 0.5000000000
74516  31.550  2.580  -43.474 0.5000000000
74519  21.508  2.635  -43.624 0.7500000000
74526  32.987  3.851  -43.640 0.1250000000
75854  26.998  4.970  -45.743 1.0000000000
75855  26.772  4.803  -45.620 1.0000000000
77211  23.122  4.934  -44.522 1.0000000000
77235  22.710  5.714  -44.706 1.0000000000
77248  24.744  5.706  -45.648 1.0000000000
78509  23.812  6.065  -45.400 1.0000000000
78522  30.644  6.713  -45.284 0.3750000000
79633  24.122  8.320  -40.688 0.8750000000
79634  23.435  8.080  -40.639 0.8750000000
79639  23.712  8.112  -41.328 0.8750000000
79657  16.798  7.887  -42.074 0.2500000000
79703  22.618  8.149  -45.432 1.0000000000
80779  21.905  8.863  -40.178 0.8750000000
80785  24.164  9.082  -40.614 0.8750000000
80786  23.488  8.648  -40.125 0.8750000000
80791  16.447  8.338  -40.051 0.5000000000
80796  23.410  8.694  -42.034 1.0000000000
80797  23.073  8.262  -41.667 0.8750000000
80798  22.437  8.227  -41.457 0.8750000000
80801  19.391  8.192  -41.258 0.7500000000
80802  18.569  8.012  -40.863 0.5000000000
80804  16.596  7.907  -41.356 0.5000000000
80805  16.189  8.300  -40.748 0.2500000000
80810  22.993  8.505  -42.044 1.0000000000
80812  21.820  8.523  -42.048 1.0000000000
80817  16.235  8.349  -41.952 0.2500000000
80832  21.324  8.336  -43.780 1.0000000000
80835  17.410  8.583  -43.094 0.1250000000
80849  22.025  8.468  -44.799 1.0000000000
80850  21.751  8.351  -44.236 1.0000000000
80867  23.046  8.679  -45.865 1.0000000000
80891  20.112  8.358  -48.076 0.1250000000
80906  19.981  8.863  -48.104 0.1250000000
81997  22.322  9.602  -40.068 0.8750000000
81998  21.883  9.349  -39.999 0.7500000000
82011  24.365  10.375  -41.571 0.7500000000
82012  15.818  9.008  -40.243 0.2500000000
82018  22.742  8.789  -42.437 1.0000000000
82019  22.080  8.785  -42.580 1.0000000000
82021  16.659  8.871  -42.795 0.1250000000
82022  16.231  9.068  -42.491 0.1250000000
82023  15.528  9.047  -41.467 0.2500000000
82029  22.197  9.236  -43.197 1.0000000000
82030  21.566  9.004  -43.207 1.0000000000
82031  21.048  8.838  -43.082 1.0000000000
82032  17.778  9.507  -43.551 0.1250000000
82034  16.243  9.880  -42.784 0.1250000000
82081  27.605  9.306  -47.149 0.8750000000
82086  19.274  9.562  -46.388 0.1250000000
82091  27.916  9.841  -47.429 0.6250000000
82094  25.491  9.895  -47.633 0.8750000000
82107  20.217  9.622  -48.682 0.1250000000
82122  20.660  9.637  -49.221 0.1250000000
82135  21.484  9.678  -50.224 0.1250000000
83227  24.235  11.089  -41.772 0.7500000000
83228  23.727  11.522  -41.512 0.7500000000
83235  15.256  10.355  -41.655 0.1250000000
83240  17.602  10.298  -43.657 0.1250000000
83242  15.949  10.590  -42.733 0.1250000000
83243  15.562  10.676  -42.283 0.1250000000
83270  19.054  10.409  -45.933 0.1250000000
83271  18.681  10.574  -45.143 0.1250000000
83283  28.794  10.114  -47.331 0.6250000000
83290  30.899  10.788  -48.132 0.1250000000
83296  25.154  10.618  -47.959 0.8750000000
83300  19.859  10.217  -47.631 0.1250000000
83309  27.004  11.093  -48.145 0.7500000000
83312  20.314  10.370  -48.700 0.1250000000
83349  22.120  10.606  -51.448 0.1250000000
83360  22.440  10.644  -51.872 0.1250000000
83372  23.883  10.586  -52.943 0.1250000000
84409  23.118  11.043  -41.033 0.7500000000
84415  16.982  11.080  -40.296 0.3750000000
84417  15.544  10.632  -40.483 0.1250000000
84424  23.964  11.849  -41.901 0.7500000000
84425  23.278  11.971  -41.638 0.7500000000
84427  21.623  11.628  -41.707 0.6250000000
84428  20.758  11.527  -41.735 0.6250000000
84432  16.331  11.777  -41.390 0.1250000000
84433  15.277  11.078  -41.002 0.1250000000
84439  24.088  11.712  -42.668 0.7500000000
84440  23.542  12.192  -42.374 0.7500000000
84442  21.146  11.621  -42.012 0.6250000000
84443  16.199  11.618  -42.431 0.1250000000
84450  23.142  11.833  -43.280 0.7500000000
84452  21.682  11.761  -43.745 0.3750000000
84455  16.278  11.233  -43.000 0.1250000000
84456  15.832  11.119  -42.527 0.1250000000
84510  25.000  10.942  -48.213 0.7500000000
84515  20.029  10.864  -47.348 0.1250000000
84518  27.839  11.679  -48.146 0.6250000000
84523  23.822  11.801  -47.901 0.7500000000
84524  20.610  11.348  -48.621 0.1250000000
85634  23.065  12.221  -41.774 0.7500000000
85635  22.772  12.161  -41.783 0.7500000000
85636  22.237  11.966  -41.893 0.7500000000
85637  20.594  11.703  -42.066 0.3750000000
85641  17.353  12.112  -41.918 0.2500000000
85649  22.533  12.167  -42.267 0.7500000000
85650  21.798  11.851  -42.369 0.6250000000
85651  20.864  11.758  -42.407 0.6250000000
85654  17.871  12.295  -42.694 0.1250000000
85661  22.957  12.268  -42.617 0.7500000000
85662  22.365  12.035  -42.908 0.7500000000
85668  16.685  11.787  -43.016 0.1250000000
85678  18.727  11.636  -44.441 0.1250000000
85710  30.999  12.709  -47.548 0.1250000000
85718  31.361  12.128  -47.810 0.1250000000
85746  21.449  12.171  -50.158 0.1250000000
85794  24.296  13.525  -53.664 0.1250000000
86851  30.878  13.517  -47.193 0.1250000000
86872  27.049  13.221  -48.584 0.3750000000
86901  22.484  13.787  -51.844 0.1250000000
87950  21.734  13.268  -49.511 0.2500000000
141053  17.543  8.585  -39.453 0.5000000000
141055  17.964  7.783  -41.445 0.5000000000
141057  18.453  8.594  -40.007 0.5000000000
141060  24.306  10.300  -42.274 0.8750000000
141062  23.643  9.585  -42.395 0.7500000000
