#!ascii label  , from subject MNI_FS2 vox2ras=TkReg
363
18828  56.168  -49.366  -7.259 0.0000000000
7789  50.286  -62.307  -21.319 0.0000000000
11762  53.777  -56.710  -8.144 0.0000000000
11826  54.511  -55.651  -12.845 0.0000000000
7301  49.360  -62.817  -16.379 0.0000000000
8983  51.686  -59.798  -12.074 0.0000000000
7290  48.130  -60.943  -15.151 0.0000000000
9699  52.369  -59.706  -17.430 0.0000000000
11847  54.783  -55.736  -15.781 0.0000000000
14292  55.950  -52.740  -6.340 0.0000000000
11775  54.576  -55.805  -10.382 0.0000000000
9687  52.365  -59.001  -14.644 0.0000000000
7309  49.969  -62.949  -19.054 0.0000000000
5539  46.914  -66.787  -20.241 0.0000000000
18820  52.384  -48.751  -6.803 0.0000000000
15994  54.636  -51.808  -3.533 0.0000000000
11705  52.745  -55.817  -4.850 0.0000000000
17015  56.780  -50.244  -12.655 0.0000000000
7750  49.140  -61.020  -12.375 0.0000000000
8368  51.173  -61.411  -19.350 0.0000000000
9705  52.507  -59.582  -19.473 0.0000000000
12550  54.938  -54.749  -6.446 0.0000000000
12595  54.526  -55.841  -8.952 0.0000000000
8349  50.475  -60.382  -14.707 0.0000000000
9684  52.001  -59.331  -13.400 0.0000000000
8354  50.904  -60.906  -15.793 0.0000000000
8358  51.030  -61.381  -16.776 0.0000000000
7303  49.972  -62.664  -17.113 0.0000000000
5983  47.111  -66.474  -21.221 0.0000000000
14234  52.293  -53.255  -3.044 0.0000000000
13366  53.546  -54.053  -3.793 0.0000000000
12508  51.695  -54.937  -4.183 0.0000000000
13490  55.670  -53.966  -10.989 0.0000000000
14360  55.920  -53.407  -12.529 0.0000000000
11853  54.524  -56.388  -17.400 0.0000000000
13524  55.425  -54.208  -15.571 0.0000000000
10353  52.530  -58.679  -8.837 0.0000000000
9673  52.711  -58.809  -10.404 0.0000000000
8981  51.729  -59.864  -11.219 0.0000000000
8343  49.792  -60.416  -13.630 0.0000000000
7295  48.631  -62.109  -15.634 0.0000000000
11082  53.380  -57.737  -15.590 0.0000000000
11839  54.676  -55.730  -14.751 0.0000000000
11089  53.582  -57.741  -16.633 0.0000000000
10389  53.326  -58.277  -19.285 0.0000000000
6873  49.038  -63.908  -23.124 0.0000000000
16031  56.635  -51.242  -6.641 0.0000000000
14325  55.928  -53.401  -9.102 0.0000000000
11810  54.663  -55.654  -11.458 0.0000000000
11043  53.525  -57.470  -10.491 0.0000000000
11064  53.288  -57.543  -12.552 0.0000000000
11068  53.562  -57.046  -13.565 0.0000000000
9696  52.304  -59.548  -16.401 0.0000000000
8365  51.106  -61.535  -18.597 0.0000000000
7313  49.938  -62.953  -20.005 0.0000000000
6854  48.752  -64.626  -18.369 0.0000000000
6859  48.669  -64.841  -19.512 0.0000000000
6865  48.640  -64.733  -20.613 0.0000000000
6870  49.056  -63.968  -22.092 0.0000000000
18844  52.816  -48.183  -8.136 0.0000000000
18818  54.397  -49.169  -6.698 0.0000000000
17856  53.411  -50.198  -4.802 0.0000000000
17854  55.174  -50.467  -5.099 0.0000000000
15117  55.535  -52.509  -4.874 0.0000000000
13405  54.732  -54.594  -5.553 0.0000000000
11721  53.767  -55.627  -5.782 0.0000000000
10975  52.321  -57.212  -5.997 0.0000000000
10337  52.720  -57.823  -7.406 0.0000000000
14366  55.974  -52.475  -13.599 0.0000000000
18829  55.151  -48.905  -7.376 0.0000000000
19760  55.178  -48.095  -8.980 0.0000000000
18841  55.919  -48.601  -8.409 0.0000000000
7788  50.709  -61.813  -20.792 0.0000000000
8371  51.157  -61.308  -20.267 0.0000000000
12560  54.430  -55.569  -7.435 0.0000000000
12575  54.392  -55.881  -8.258 0.0000000000
11761  54.040  -56.475  -8.701 0.0000000000
7765  49.775  -61.621  -15.799 0.0000000000
8355  50.184  -61.132  -15.584 0.0000000000
7770  50.319  -61.897  -16.604 0.0000000000
7300  49.863  -62.428  -16.561 0.0000000000
5561  45.656  -67.695  -22.582 0.0000000000
13368  51.833  -54.333  -3.764 0.0000000000
13499  55.335  -54.694  -11.407 0.0000000000
14351  55.947  -53.443  -11.572 0.0000000000
13505  55.294  -54.747  -12.440 0.0000000000
11859  54.959  -55.691  -17.732 0.0000000000
9668  52.664  -58.765  -9.755 0.0000000000
8980  51.278  -60.334  -10.757 0.0000000000
7754  48.669  -60.539  -13.110 0.0000000000
8338  49.473  -60.566  -12.873 0.0000000000
8344  49.246  -60.511  -13.186 0.0000000000
7753  49.239  -60.404  -14.100 0.0000000000
9698  52.862  -59.072  -16.846 0.0000000000
10383  53.159  -58.411  -16.254 0.0000000000
9701  52.959  -59.089  -17.865 0.0000000000
9704  52.997  -59.029  -18.882 0.0000000000
9707  53.037  -58.974  -19.880 0.0000000000
15129  55.935  -52.198  -5.821 0.0000000000
15137  56.271  -52.168  -6.862 0.0000000000
14301  56.087  -52.881  -7.172 0.0000000000
13491  55.334  -54.632  -10.373 0.0000000000
11795  54.547  -55.853  -10.986 0.0000000000
9677  52.103  -59.451  -11.659 0.0000000000
10366  53.140  -58.165  -10.941 0.0000000000
9676  52.681  -58.843  -11.733 0.0000000000
9688  51.998  -59.296  -14.301 0.0000000000
10371  52.922  -58.254  -12.698 0.0000000000
10373  52.803  -58.376  -13.654 0.0000000000
11069  53.087  -57.787  -13.379 0.0000000000
10375  52.708  -58.564  -14.519 0.0000000000
9691  52.553  -58.856  -15.141 0.0000000000
9692  52.064  -59.401  -15.308 0.0000000000
7774  50.391  -62.293  -17.647 0.0000000000
8362  51.162  -61.400  -17.814 0.0000000000
7777  50.767  -61.909  -18.174 0.0000000000
7781  50.781  -61.953  -19.031 0.0000000000
7782  50.362  -62.430  -19.511 0.0000000000
4680  43.321  -68.087  -21.360 0.0000000000
5111  45.172  -67.876  -20.911 0.0000000000
5112  44.452  -67.947  -20.727 0.0000000000
5530  46.891  -66.803  -19.812 0.0000000000
6404  47.688  -65.817  -19.476 0.0000000000
6403  48.189  -65.309  -19.498 0.0000000000
5993  47.085  -66.386  -22.251 0.0000000000
6415  48.081  -65.239  -21.168 0.0000000000
6868  48.598  -64.654  -21.643 0.0000000000
6867  49.078  -64.077  -21.077 0.0000000000
6418  48.014  -65.179  -22.189 0.0000000000
18832  52.172  -48.299  -7.590 0.0000000000
18831  53.100  -48.559  -7.487 0.0000000000
18819  53.395  -48.977  -6.743 0.0000000000
15980  53.170  -52.046  -3.100 0.0000000000
16906  53.305  -50.719  -4.072 0.0000000000
16905  54.253  -51.038  -3.951 0.0000000000
17855  54.415  -50.266  -5.002 0.0000000000
16904  54.905  -51.251  -4.130 0.0000000000
16008  55.639  -51.681  -4.962 0.0000000000
15104  55.111  -52.601  -3.798 0.0000000000
13386  53.771  -54.534  -4.375 0.0000000000
13385  54.391  -54.217  -4.490 0.0000000000
12520  53.885  -54.751  -4.632 0.0000000000
12537  53.536  -55.536  -5.257 0.0000000000
10306  51.117  -58.008  -6.312 0.0000000000
10305  51.819  -57.729  -6.373 0.0000000000
10991  52.639  -57.371  -6.480 0.0000000000
12647  55.105  -55.128  -14.156 0.0000000000
13517  55.412  -54.379  -14.550 0.0000000000
15227  55.845  -51.785  -14.232 0.0000000000
9005  51.547  -60.912  -18.576 0.0000000000
9702  52.468  -59.636  -18.472 0.0000000000
13421  55.199  -54.167  -6.259 0.0000000000
13434  55.463  -53.971  -7.309 0.0000000000
12559  55.056  -54.806  -7.169 0.0000000000
11776  54.294  -56.200  -9.689 0.0000000000
8989  51.335  -59.930  -13.376 0.0000000000
8988  51.670  -59.699  -12.878 0.0000000000
8993  51.165  -60.022  -14.205 0.0000000000
9693  51.610  -59.674  -14.613 0.0000000000
8996  51.353  -60.138  -15.303 0.0000000000
8999  51.475  -60.570  -16.362 0.0000000000
8359  50.640  -61.392  -16.174 0.0000000000
7769  50.726  -61.734  -16.896 0.0000000000
7306  49.976  -62.852  -18.083 0.0000000000
5549  46.500  -67.080  -21.149 0.0000000000
5550  45.746  -67.564  -21.530 0.0000000000
5560  46.269  -67.186  -22.172 0.0000000000
15093  53.557  -52.700  -2.872 0.0000000000
15105  54.509  -52.678  -3.149 0.0000000000
13355  53.228  -53.738  -3.394 0.0000000000
12506  52.992  -54.572  -4.014 0.0000000000
12522  52.346  -55.471  -4.477 0.0000000000
15195  56.574  -51.746  -11.566 0.0000000000
15203  56.417  -51.890  -12.459 0.0000000000
12662  55.228  -55.042  -16.171 0.0000000000
14385  55.474  -53.785  -16.084 0.0000000000
10352  52.929  -58.028  -8.297 0.0000000000
11012  53.545  -57.199  -8.628 0.0000000000
9674  52.205  -59.361  -10.825 0.0000000000
8336  50.641  -60.517  -12.119 0.0000000000
8984  51.211  -60.112  -12.573 0.0000000000
8342  50.607  -60.234  -13.297 0.0000000000
7759  49.428  -60.950  -15.150 0.0000000000
11833  54.082  -56.304  -14.256 0.0000000000
11832  54.566  -55.694  -13.740 0.0000000000
11073  53.646  -57.013  -14.879 0.0000000000
11081  53.911  -57.075  -15.983 0.0000000000
11088  54.076  -57.085  -17.022 0.0000000000
10387  53.315  -58.357  -18.276 0.0000000000
11095  53.705  -57.630  -18.670 0.0000000000
11101  53.716  -57.515  -19.680 0.0000000000
7320  49.544  -63.153  -22.527 0.0000000000
16938  56.634  -50.483  -6.580 0.0000000000
17889  56.746  -49.792  -7.521 0.0000000000
16937  56.931  -50.543  -7.092 0.0000000000
11820  54.567  -55.661  -12.082 0.0000000000
11042  53.959  -56.851  -10.141 0.0000000000
10369  53.126  -58.074  -11.894 0.0000000000
11059  53.476  -57.482  -11.542 0.0000000000
11058  53.941  -56.869  -11.111 0.0000000000
11811  54.244  -56.137  -11.556 0.0000000000
11821  54.170  -56.035  -12.379 0.0000000000
11827  54.046  -56.197  -13.181 0.0000000000
11074  53.121  -57.828  -14.422 0.0000000000
9695  52.671  -58.961  -15.881 0.0000000000
9001  51.965  -60.180  -17.453 0.0000000000
9002  51.622  -60.712  -17.417 0.0000000000
7785  50.746  -61.883  -19.904 0.0000000000
7316  49.895  -62.884  -20.922 0.0000000000
6839  48.505  -62.941  -15.883 0.0000000000
5113  43.840  -67.567  -20.654 0.0000000000
6851  48.695  -64.242  -17.202 0.0000000000
6850  49.200  -63.637  -17.097 0.0000000000
6853  49.178  -63.921  -17.959 0.0000000000
7307  49.564  -63.448  -18.537 0.0000000000
6858  49.159  -64.108  -19.004 0.0000000000
6410  47.595  -65.818  -20.662 0.0000000000
6864  49.097  -64.134  -20.054 0.0000000000
7310  49.525  -63.512  -19.539 0.0000000000
7314  49.491  -63.488  -20.522 0.0000000000
7317  49.477  -63.388  -21.485 0.0000000000
20726  51.902  -47.168  -9.141 0.0000000000
19763  52.345  -47.743  -8.586 0.0000000000
19762  53.275  -47.888  -8.773 0.0000000000
18843  53.721  -48.294  -8.146 0.0000000000
18830  54.097  -48.707  -7.433 0.0000000000
18817  55.351  -49.553  -6.508 0.0000000000
16907  52.329  -50.755  -3.948 0.0000000000
17871  52.658  -49.607  -5.516 0.0000000000
17869  54.051  -49.837  -5.535 0.0000000000
17868  54.994  -49.954  -5.767 0.0000000000
17879  55.551  -49.970  -6.132 0.0000000000
16921  55.791  -51.095  -5.422 0.0000000000
16007  55.850  -51.663  -5.454 0.0000000000
15130  55.734  -52.601  -5.429 0.0000000000
14244  55.161  -53.179  -4.208 0.0000000000
14263  55.272  -53.398  -4.774 0.0000000000
13404  55.134  -53.959  -5.179 0.0000000000
13422  54.864  -54.702  -6.122 0.0000000000
12551  54.477  -55.178  -6.282 0.0000000000
11737  53.746  -56.061  -6.700 0.0000000000
11722  53.086  -56.302  -5.551 0.0000000000
11738  53.259  -56.773  -6.555 0.0000000000
11003  53.154  -57.490  -7.727 0.0000000000
13511  55.418  -54.444  -13.485 0.0000000000
14359  56.152  -52.604  -12.853 0.0000000000
16109  56.429  -51.237  -13.088 0.0000000000
14374  55.789  -52.886  -14.337 0.0000000000
15216  56.016  -51.883  -13.739 0.0000000000
5540  46.595  -67.011  -20.286 0.0000000000
5541  45.900  -67.354  -20.296 0.0000000000
5548  46.889  -66.789  -20.628 0.0000000000
5968  47.197  -66.452  -19.458 0.0000000000
5974  47.184  -66.424  -20.219 0.0000000000
5984  46.787  -66.853  -21.896 0.0000000000
6393  48.203  -65.025  -17.729 0.0000000000
6396  48.234  -65.253  -18.811 0.0000000000
6409  48.142  -65.294  -20.162 0.0000000000
6416  47.527  -65.788  -21.706 0.0000000000
7304  49.594  -63.285  -17.520 0.0000000000
7319  49.870  -62.777  -21.735 0.0000000000
7760  48.698  -60.570  -14.522 0.0000000000
7771  49.702  -62.133  -16.180 0.0000000000
7773  50.760  -61.805  -17.318 0.0000000000
7778  50.389  -62.416  -18.592 0.0000000000
7786  50.321  -62.382  -20.418 0.0000000000
8337  49.868  -60.650  -12.481 0.0000000000
8350  49.774  -60.549  -14.722 0.0000000000
8979  51.664  -59.761  -10.337 0.0000000000
8982  51.259  -60.291  -11.667 0.0000000000
8995  51.851  -59.981  -16.045 0.0000000000
8998  51.934  -60.121  -16.857 0.0000000000
9004  51.977  -60.210  -18.076 0.0000000000
9679  52.506  -58.841  -12.976 0.0000000000
9680  52.116  -59.325  -12.451 0.0000000000
9683  52.426  -58.910  -13.918 0.0000000000
9685  51.674  -59.677  -13.388 0.0000000000
9689  51.634  -59.664  -13.885 0.0000000000
10304  52.171  -57.569  -6.376 0.0000000000
10319  52.694  -57.686  -7.024 0.0000000000
10361  53.082  -58.166  -9.591 0.0000000000
10362  52.637  -58.749  -9.437 0.0000000000
10379  52.952  -58.406  -15.306 0.0000000000
10385  53.277  -58.408  -17.260 0.0000000000
10974  52.896  -57.070  -6.253 0.0000000000
10990  52.957  -57.417  -6.922 0.0000000000
11063  53.819  -56.760  -12.267 0.0000000000
11091  54.146  -57.028  -18.038 0.0000000000
11092  53.669  -57.705  -17.656 0.0000000000
11748  53.984  -56.265  -7.785 0.0000000000
11749  53.502  -56.863  -7.480 0.0000000000
11796  54.249  -56.281  -10.646 0.0000000000
11840  54.229  -56.360  -15.355 0.0000000000
11848  54.420  -56.411  -16.394 0.0000000000
11852  54.901  -55.740  -16.777 0.0000000000
12507  52.478  -54.811  -4.081 0.0000000000
12521  53.267  -55.132  -4.574 0.0000000000
12536  54.054  -55.062  -5.176 0.0000000000
12594  54.904  -55.387  -9.698 0.0000000000
12618  54.980  -55.380  -10.874 0.0000000000
12629  55.019  -55.290  -11.793 0.0000000000
12636  54.900  -55.328  -12.475 0.0000000000
12642  55.001  -55.193  -13.196 0.0000000000
12653  55.174  -55.073  -15.174 0.0000000000
12670  55.278  -55.031  -17.119 0.0000000000
13356  52.849  -53.779  -3.338 0.0000000000
13357  52.032  -53.801  -3.366 0.0000000000
13365  54.153  -53.919  -3.966 0.0000000000
13367  52.637  -54.252  -3.680 0.0000000000
13384  54.988  -53.862  -4.632 0.0000000000
13498  55.625  -54.060  -11.951 0.0000000000
13504  55.615  -54.098  -12.739 0.0000000000
13510  55.733  -53.775  -13.253 0.0000000000
13516  55.670  -53.722  -14.001 0.0000000000
13523  55.584  -53.675  -14.820 0.0000000000
13537  55.393  -54.295  -16.517 0.0000000000
14232  54.020  -53.145  -3.025 0.0000000000
14233  53.277  -53.386  -3.136 0.0000000000
14245  54.461  -53.485  -3.704 0.0000000000
14246  53.855  -53.529  -3.355 0.0000000000
14264  54.889  -53.654  -4.315 0.0000000000
14280  55.865  -52.680  -5.925 0.0000000000
14281  55.657  -53.095  -5.666 0.0000000000
14293  55.711  -53.385  -6.692 0.0000000000
14340  56.202  -53.103  -10.559 0.0000000000
14350  56.272  -52.654  -11.804 0.0000000000
14367  55.913  -53.151  -13.450 0.0000000000
14373  55.864  -52.360  -13.988 0.0000000000
14384  55.574  -53.221  -15.525 0.0000000000
15092  54.066  -52.693  -2.897 0.0000000000
15116  55.743  -52.004  -5.260 0.0000000000
15209  56.216  -52.016  -13.164 0.0000000000
15217  55.806  -52.230  -14.240 0.0000000000
15979  53.975  -52.224  -3.077 0.0000000000
15993  55.278  -51.802  -4.264 0.0000000000
15995  53.704  -51.494  -3.465 0.0000000000
16018  56.092  -51.379  -5.887 0.0000000000
16030  56.999  -50.932  -6.980 0.0000000000
16036  57.026  -51.022  -7.379 0.0000000000
16099  56.693  -51.038  -12.152 0.0000000000
16118  56.127  -51.196  -13.844 0.0000000000
16922  55.382  -51.060  -4.719 0.0000000000
16923  54.739  -50.712  -4.491 0.0000000000
16924  54.034  -50.567  -4.443 0.0000000000
16926  56.223  -50.747  -6.095 0.0000000000
17838  53.148  -50.413  -4.433 0.0000000000
17840  51.878  -50.259  -4.421 0.0000000000
17853  55.515  -50.757  -5.229 0.0000000000
17867  55.642  -50.427  -5.749 0.0000000000
17870  53.152  -49.688  -5.489 0.0000000000
17877  56.659  -50.083  -6.913 0.0000000000
17878  56.130  -49.964  -6.517 0.0000000000
17890  56.505  -49.753  -7.010 0.0000000000
17953  57.107  -49.310  -12.289 0.0000000000
18804  54.989  -49.709  -6.138 0.0000000000
18805  54.593  -49.597  -6.119 0.0000000000
18806  53.711  -49.413  -6.085 0.0000000000
18807  52.655  -49.291  -5.966 0.0000000000
18816  55.921  -49.604  -6.743 0.0000000000
18827  56.568  -49.441  -7.589 0.0000000000
18833  51.432  -48.139  -7.615 0.0000000000
18845  52.290  -48.050  -8.097 0.0000000000
19749  51.805  -47.939  -8.071 0.0000000000
