#Circular label: seed=[21622], extent=2.0mm
25
19434 46231.323242 -46719.280243 16794.290543 1.000000
19452 46002.704620 -46605.003357 16469.688416 0.000000
20442 45630.950928 -45927.131653 17257.072449 1.000000
20443 44607.593536 -45226.562500 17129.732132 1.000000
20458 45326.736450 -45674.652100 16647.436142 1.000000
20475 46235.805511 -47320.034027 16224.496841 1.000000
20476 45522.972107 -46183.555603 16126.497269 0.000000
21603 45054.473877 -45403.488159 16368.301392 0.000000
21604 44480.659485 -44844.547272 16675.443649 1.000000
21620 46635.559082 -47655.094147 16439.105988 1.000000
21621 45912.696838 -46804.794312 16180.171967 0.000000
21622 45692.638397 -46027.847290 16215.919495 0.000000
21623 45406.021118 -45745.059967 16230.279922 0.000000
22799 46324.264526 -46859.649658 16780.065536 1.000000
22800 45752.059937 -46093.399048 16618.400574 1.000000
22801 45284.832001 -45458.038330 16489.843369 0.000000
22802 44620.876312 -44980.209351 16521.917343 1.000000
22822 46085.571289 -46678.947449 16514.245987 1.000000
22823 45789.943695 -46344.802856 16376.548767 1.000000
22824 45432.231903 -45764.137268 16246.850967 0.000000
22825 45234.619141 -45548.397064 16292.375565 0.000000
24050 45535.556793 -45825.195312 17409.915924 1.000000
24076 45881.637573 -46145.614624 16952.329636 1.000000
24077 45280.292511 -45451.160431 16881.967545 1.000000
24078 44507.812500 -44792.758942 16860.847473 1.000000
