#Circular label: seed=[21622], extent=5.0mm
99
18434 47192.668915 -49812.980652 16808.135986 4.000000
18452 47105.289459 -50052.154541 15937.485695 4.000000
18453 47254.131317 -49610.454559 16246.139526 3.000000
19383 47113.788605 -47621.017456 19632.741928 4.000000
19384 46004.547119 -46611.064911 19740.777969 4.000000
19395 46483.234406 -46996.753693 18802.339554 3.000000
19396 45611.660004 -46223.949432 19074.832916 4.000000
19405 47309.169769 -48306.446075 18253.068924 4.000000
19406 46477.912903 -47191.181183 17999.122620 2.000000
19418 47291.484833 -48365.737915 17545.095444 3.000000
19419 46435.382843 -46963.947296 17370.574951 2.000000
19433 47169.315338 -48293.323517 16945.755005 3.000000
19434 46231.323242 -46719.280243 16794.290543 1.000000
19449 47552.139282 -50141.838074 15764.515877 4.000000
19450 47230.827332 -49313.575745 16341.798782 3.000000
19451 46761.604309 -48023.269653 16424.259186 2.000000
19452 46002.704620 -46605.003357 16469.688416 0.000000
20395 44563.446045 -45990.669250 19298.788071 4.000000
20414 46029.697418 -46514.511108 18267.982483 2.000000
20415 44761.207581 -45916.065216 18466.890335 3.000000
20416 43764.720917 -45444.980621 19023.820877 4.000000
20429 45841.876984 -46245.666504 17848.791122 2.000000
20430 44613.601685 -45620.563507 17682.847977 2.000000
20442 45630.950928 -45927.131653 17257.072449 1.000000
20443 44607.593536 -45226.562500 17129.732132 1.000000
20457 48358.680725 -49523.551941 16343.866348 4.000000
20458 45326.736450 -45674.652100 16647.436142 1.000000
20459 44535.133362 -45039.188385 16829.238892 2.000000
20473 47411.113739 -49441.463470 16200.555801 3.000000
20474 47012.973785 -48488.552094 16397.880554 2.000000
20475 46235.805511 -47320.034027 16224.496841 1.000000
20476 45522.972107 -46183.555603 16126.497269 0.000000
21539 43826.751709 -45329.723358 18040.266037 3.000000
21540 42846.324921 -44760.829926 18688.598633 4.000000
21561 43487.918854 -44865.856171 17628.717422 3.000000
21562 42412.670135 -44240.657806 17886.266708 4.000000
21579 48726.146698 -48556.304932 17653.018951 4.000000
21580 47450.790405 -48447.093964 17861.528397 4.000000
21581 43772.422791 -44578.857422 17073.549271 2.000000
21582 42886.203766 -44315.692902 17396.312714 3.000000
21600 48850.082397 -48946.441650 17080.917358 4.000000
21601 47473.033905 -48757.606506 17151.334763 3.000000
21602 46850.521088 -47563.621521 16823.226929 2.000000
21603 45054.473877 -45403.488159 16368.301392 0.000000
21604 44480.659485 -44844.547272 16675.443649 1.000000
21619 47416.519165 -49275.341034 16571.666718 3.000000
21620 46635.559082 -47655.094147 16439.105988 1.000000
21621 45912.696838 -46804.794312 16180.171967 0.000000
21622 45692.638397 -46027.847290 16215.919495 0.000000
21623 45406.021118 -45745.059967 16230.279922 0.000000
22728 46673.370361 -47101.509094 19279.552460 4.000000
22729 45794.986725 -46198.886871 18587.339401 3.000000
22751 47066.410065 -47919.437408 18422.622681 4.000000
22752 46089.107513 -46584.842682 18216.724396 3.000000
22774 47268.123627 -47773.857117 17557.172775 3.000000
22775 46385.364532 -46871.761322 17431.173325 2.000000
22776 42917.659760 -44022.922516 17265.077591 3.000000
22777 42306.522369 -43887.088776 17637.880325 4.000000
22798 46955.692291 -47463.432312 17114.358902 2.000000
22799 46324.264526 -46859.649658 16780.065536 1.000000
22800 45752.059937 -46093.399048 16618.400574 1.000000
22801 45284.832001 -45458.038330 16489.843369 0.000000
22802 44620.876312 -44980.209351 16521.917343 1.000000
22803 43585.052490 -44251.235962 16984.306335 2.000000
22822 46085.571289 -46678.947449 16514.245987 1.000000
22823 45789.943695 -46344.802856 16376.548767 1.000000
22824 45432.231903 -45764.137268 16246.850967 0.000000
22825 45234.619141 -45548.397064 16292.375565 0.000000
23987 45533.821106 -45868.442535 19760.166168 4.000000
23988 44238.544464 -44479.503632 19295.797348 4.000000
24006 46014.690399 -46607.730865 19684.488297 4.000000
24007 45441.631317 -45588.645935 18792.577744 3.000000
24008 44400.768280 -44365.379333 18695.606232 3.000000
24009 43782.608032 -43834.548950 18894.962311 4.000000
24027 45471.004486 -45328.784943 17997.142792 2.000000
24028 44345.172882 -44159.038544 17903.858185 3.000000
24029 43683.517456 -43677.116394 17550.941467 3.000000
24050 45535.556793 -45825.195312 17409.915924 1.000000
24051 44905.155182 -44741.653442 17315.711975 2.000000
24052 43816.246033 -43921.257019 17259.681702 3.000000
24053 43166.542053 -43699.150085 17190.584183 3.000000
24054 42851.245880 -43709.846497 17297.437668 3.000000
24055 42424.407959 -43655.647278 17608.440399 4.000000
24076 45881.637573 -46145.614624 16952.329636 1.000000
24077 45280.292511 -45451.160431 16881.967545 1.000000
24078 44507.812500 -44792.758942 16860.847473 1.000000
24079 43792.900085 -44189.170837 16909.536362 2.000000
24080 43330.791473 -43897.819519 17072.874069 3.000000
25315 44010.692596 -43807.781219 18202.840805 3.000000
25316 43398.849487 -43520.614624 18399.097443 4.000000
25317 42515.636444 -43065.605164 18126.502991 4.000000
25337 43795.150757 -43645.618439 18034.877777 3.000000
25338 43355.236053 -43489.330292 17839.952469 3.000000
25339 42685.337067 -43292.884827 17770.679474 4.000000
25340 42275.276184 -43174.602509 17842.336655 4.000000
25357 43251.457214 -43521.766663 17520.523071 3.000000
25358 42899.730682 -43505.405426 17531.558990 4.000000
25359 42496.505737 -43415.927887 17638.124466 4.000000
25360 42234.550476 -43423.427582 17725.996017 4.000000
