#Circular label: seed=[26284], extent=5.0mm
70
24978 36136.650085 -41711.616516 37820.415497 4.000000
24979 35573.814392 -40599.178314 37095.504761 2.000000
24992 36479.576111 -42131.401062 36324.050903 4.000000
24993 35876.018524 -40805.416107 36336.307526 2.000000
25008 36567.584991 -42792.583466 34801.712036 4.000000
25009 36008.831024 -41147.693634 35005.786896 2.000000
25024 36101.188660 -41571.868896 33520.469666 4.000000
26266 35336.429596 -40364.421844 39259.529114 4.000000
26273 35626.407623 -41359.828949 38989.078522 4.000000
26274 35155.761719 -40107.902527 37756.134033 2.000000
26275 34101.982117 -39542.873383 36735.263824 1.000000
26283 34913.455963 -40055.004120 36472.141266 1.000000
26284 33566.692352 -39661.247253 35700.271606 0.000000
26292 34845.161438 -40147.483826 35289.703369 1.000000
26293 33376.064301 -39685.829163 34428.966522 1.000000
26304 35021.335602 -40337.127686 33884.998322 2.000000
26305 33750.881195 -39451.568604 33246.284485 2.000000
26318 35618.289948 -40771.293640 31985.914230 4.000000
26319 34239.864349 -39146.190643 32106.479645 3.000000
26335 34379.398346 -38750.263214 31292.005539 4.000000
27532 35172.302246 -39592.704773 39787.017822 4.000000
27539 34570.610046 -39269.130707 38508.186340 3.000000
27540 33703.121185 -38833.625793 37601.741791 2.000000
27547 34048.923492 -39300.853729 37393.138885 1.000000
27548 33012.165070 -39035.762787 36510.440826 1.000000
27556 32215.221405 -39193.931580 34842.525482 1.000000
27557 31603.046417 -39004.669189 34391.704559 2.000000
27566 32239.788055 -39258.384705 33692.394257 2.000000
27567 31519.353867 -39067.176819 33930.027008 2.000000
27575 32624.134064 -39034.721375 32698.120117 3.000000
27576 31654.884338 -38943.519592 33098.526001 3.000000
27584 33314.994812 -38577.129364 31819.169998 4.000000
27585 32152.614594 -38585.128784 32209.308624 4.000000
28720 35127.239227 -38428.936005 39476.596832 4.000000
28733 34185.665131 -38333.255768 38419.082642 3.000000
28734 33272.018433 -38379.474640 37425.197601 2.000000
28745 32653.083801 -38454.605103 36615.379333 1.000000
28755 32179.382324 -38646.316528 35705.162048 2.000000
28756 31762.454987 -38832.588196 34780.033112 2.000000
28765 31832.654953 -38521.072388 34984.680176 2.000000
28766 31471.153259 -38729.747772 34241.481781 2.000000
28772 31366.624832 -38710.231781 33535.930634 3.000000
28783 31564.826965 -38413.330078 32718.536377 4.000000
29839 34136.863708 -37466.480255 38347.408295 3.000000
29840 32892.196655 -38092.247009 37213.165283 2.000000
29851 32885.276794 -37836.318970 37094.284058 2.000000
29852 32478.000641 -38233.238220 36459.915161 2.000000
29863 32531.387329 -38021.930695 36536.743164 3.000000
29864 32181.365967 -38213.130951 35916.477203 2.000000
29870 31672.904968 -38294.219971 34527.229309 3.000000
29871 31333.227158 -38527.912140 33925.155640 3.000000
29874 31428.173065 -37990.852356 33697.853088 4.000000
29875 31349.925995 -38326.229095 33532.299042 3.000000
29882 31465.440750 -37881.298065 33258.033752 4.000000
29883 31430.023193 -37997.100830 32962.291718 4.000000
30902 34046.386719 -37355.472565 38935.928345 4.000000
30914 34228.549957 -37150.703430 38406.181335 4.000000
30915 34020.511627 -37290.615082 38147.724152 4.000000
30930 34247.108459 -37439.697266 38301.998138 4.000000
30931 33555.698395 -37472.091675 37644.714355 4.000000
30932 32891.113281 -37752.647400 36966.060638 3.000000
30933 32379.806519 -38076.995850 36286.716461 3.000000
30948 33362.094879 -37504.837036 36416.965485 4.000000
30949 32610.439301 -37757.965088 36079.959869 3.000000
30950 32177.589417 -38041.458130 35744.342804 3.000000
30965 32515.804291 -37578.647614 34760.643005 4.000000
30966 31921.995163 -37927.619934 34675.453186 3.000000
30983 31764.135361 -37695.117950 33375.446320 4.000000
30984 31548.271179 -37788.364410 33030.929565 4.000000
31000 31655.504227 -37681.812286 32481.487274 4.000000
