#Circular label: seed=[30946], extent=5.0mm
50
28734 33272.018433 -38379.474640 37425.197601 4.000000
28745 32653.083801 -38454.605103 36615.379333 4.000000
28755 32179.382324 -38646.316528 35705.162048 4.000000
28765 31832.654953 -38521.072388 34984.680176 4.000000
29840 32892.196655 -38092.247009 37213.165283 4.000000
29851 32885.276794 -37836.318970 37094.284058 4.000000
29852 32478.000641 -38233.238220 36459.915161 4.000000
29863 32531.387329 -38021.930695 36536.743164 4.000000
29864 32181.365967 -38213.130951 35916.477203 3.000000
29870 31672.904968 -38294.219971 34527.229309 4.000000
30898 35998.477936 -35969.139099 40592.067719 4.000000
30899 35403.865814 -35917.282104 40196.235657 4.000000
30909 38495.773315 -37456.588745 39471.736908 4.000000
30910 37346.195221 -37307.735443 40133.426666 3.000000
30911 36194.595337 -36792.213440 40424.160004 4.000000
30912 35278.911591 -36887.016296 39814.311981 3.000000
30913 34843.025208 -36940.979004 39048.732758 3.000000
30914 34228.549957 -37150.703430 38406.181335 4.000000
30915 34020.511627 -37290.615082 38147.724152 4.000000
30926 39186.439514 -38169.391632 38277.679443 4.000000
30927 37719.333649 -38255.744934 38630.897522 3.000000
30928 36358.703613 -37978.954315 38911.037445 2.000000
30929 35079.277039 -37700.271606 38930.610657 1.000000
30930 34247.108459 -37439.697266 38301.998138 2.000000
30931 33555.698395 -37472.091675 37644.714355 3.000000
30932 32891.113281 -37752.647400 36966.060638 3.000000
30933 32379.806519 -38076.995850 36286.716461 4.000000
30943 39301.452637 -39121.520996 36511.234283 4.000000
30944 38021.476746 -39109.443665 36935.935974 2.000000
30945 36624.969482 -38677.806854 37085.979462 1.000000
30946 35341.033936 -38087.913513 37009.914398 0.000000
30947 34253.883362 -37653.926849 36765.388489 1.000000
30948 33362.094879 -37504.837036 36416.965485 2.000000
30949 32610.439301 -37757.965088 36079.959869 3.000000
30950 32177.589417 -38041.458130 35744.342804 3.000000
30960 38169.605255 -39568.752289 35145.450592 4.000000
30961 36848.987579 -39167.564392 35299.285889 3.000000
30962 35562.271118 -38424.808502 35227.416992 1.000000
30963 34372.047424 -37884.204865 35098.766327 2.000000
30964 33377.410889 -37557.273865 34929.687500 3.000000
30965 32515.804291 -37578.647614 34760.643005 4.000000
30966 31921.995163 -37927.619934 34675.453186 4.000000
30978 37006.000519 -39298.908234 33642.284393 4.000000
30979 35842.018127 -38607.242584 33727.397919 3.000000
30980 34542.747498 -37955.776215 33285.003662 3.000000
30981 33516.517639 -37557.819366 33558.841705 3.000000
30982 32631.782532 -37388.694763 33157.688141 4.000000
30996 35891.929626 -38710.186005 32433.742523 4.000000
30997 35226.406097 -38272.808075 32729.560852 4.000000
32025 33041.431427 -37361.446381 32711.483002 4.000000
