#Circular label: seed=[14404], extent=5.0mm
83
13411 -22427.928925 -52436.622620 35885.684967 4.000000
13420 -21853.481293 -53365.421295 35198.299408 4.000000
13421 -22758.895874 -53184.280396 35007.125854 4.000000
13422 -23443.304062 -53180.797577 34650.047302 3.000000
13427 -22793.695450 -53937.034607 33741.069794 4.000000
13428 -23678.379059 -53645.618439 33836.940765 3.000000
13441 -23829.393387 -54068.386078 32857.044220 4.000000
13442 -28645.713806 -52722.038269 32258.224487 4.000000
14378 -27433.380127 -50434.417725 35670.616150 2.000000
14379 -27700.387955 -50354.267120 35626.609802 2.000000
14380 -27915.754318 -50202.239990 35640.968323 2.000000
14388 -22287.700653 -51088.027954 36605.098724 4.000000
14389 -23316.387177 -51753.288269 36102.005005 3.000000
14390 -23966.733932 -51254.314423 36231.620789 3.000000
14391 -27226.396561 -50402.194977 35763.900757 2.000000
14392 -27418.146133 -50721.549988 35541.851044 2.000000
14393 -28232.694626 -50402.217865 35412.681580 2.000000
14394 -29214.174271 -50196.296692 35045.783997 3.000000
14395 -29775.371552 -50005.317688 34859.794617 4.000000
14401 -23485.866547 -52606.681824 35297.134399 3.000000
14402 -24322.160721 -52257.537842 35378.807068 2.000000
14403 -25474.462509 -51673.408508 35578.151703 0.000000
14404 -26250.423431 -51798.694611 35232.059479 0.000000
14405 -26984.243393 -51674.564362 34940.773010 0.000000
14406 -27746.118546 -51461.879730 34757.419586 1.000000
14407 -28665.061951 -51131.355286 34639.171600 2.000000
14408 -29825.189590 -50534.912109 34431.816101 3.000000
14409 -30731.500626 -50449.489594 33878.681183 4.000000
14412 -24368.652344 -53476.135254 33728.694916 2.000000
14413 -25289.382935 -52864.261627 34142.833710 1.000000
14414 -26296.415329 -52609.645844 33951.110840 1.000000
14415 -27110.143661 -52332.542419 33879.894257 2.000000
14416 -27892.721176 -52048.625946 33802.898407 2.000000
14417 -28791.950226 -51819.797516 33769.653320 3.000000
14418 -29994.163513 -51464.630127 33654.983521 4.000000
14432 -24416.835785 -53781.261444 32325.641632 4.000000
14433 -25367.076874 -53034.149170 32313.846588 3.000000
14434 -26360.662460 -52780.307770 32901.260376 2.000000
14435 -27078.479767 -52575.447083 32883.636475 3.000000
14436 -27692.434311 -52388.847351 32745.513916 3.000000
14437 -28338.243484 -52353.401184 32558.830261 4.000000
14457 -24746.402740 -52764.381409 31092.994690 4.000000
15317 -27499.103546 -50230.499268 35762.084961 2.000000
15318 -27713.262558 -50101.890564 35766.860962 2.000000
15319 -28016.550064 -49927.158356 35729.312897 2.000000
15320 -28264.415741 -49570.865631 35640.930176 3.000000
15326 -23049.190521 -50023.269653 36648.166656 4.000000
15327 -23702.175140 -50583.110809 36525.596619 3.000000
15328 -27281.600952 -50182.918549 35865.402222 2.000000
15329 -27090.757370 -50244.125366 35894.737244 1.000000
15330 -28341.184616 -49846.946716 35596.485138 3.000000
15331 -28790.523529 -49484.153748 35419.971466 3.000000
15332 -29613.853455 -49443.698883 34842.514038 4.000000
15338 -23679.491043 -49609.226227 36594.924927 4.000000
15339 -24318.675995 -50323.692322 36550.098419 3.000000
15340 -25220.937729 -50494.102478 36350.505829 2.000000
15341 -26178.049088 -50438.346863 36125.896454 1.000000
15342 -26910.301208 -50539.997101 35807.910919 1.000000
15343 -30096.422195 -49744.831085 34637.184143 4.000000
15353 -25742.809296 -52655.174255 32116.298676 3.000000
15354 -26128.765106 -52365.440369 31991.592407 3.000000
15355 -26624.425888 -52032.516479 31878.986359 4.000000
15356 -27057.100296 -51953.750610 31706.012726 4.000000
15357 -27045.839310 -51773.036957 31571.220398 4.000000
15373 -25178.987503 -52421.371460 30979.633331 4.000000
15374 -25786.174774 -52122.558594 30870.725632 4.000000
16216 -27489.084244 -50032.802582 35881.481171 2.000000
16217 -27632.934570 -49836.849213 35838.527679 2.000000
16218 -27895.460129 -49498.020172 35739.330292 3.000000
16219 -28300.901413 -49188.636780 35642.192841 3.000000
16228 -27298.202515 -49947.120667 35949.382782 2.000000
16229 -27368.862152 -49672.332764 35905.776978 2.000000
16230 -27875.284195 -48936.897278 35720.832825 3.000000
16231 -28624.710083 -48609.603882 35437.072754 4.000000
16232 -29290.451050 -48713.306427 34883.354187 4.000000
16242 -24047.973633 -48781.360626 36361.354828 4.000000
16243 -24954.639435 -49030.864716 36587.005615 3.000000
16244 -25900.833130 -49040.908813 36512.435913 3.000000
16245 -26982.990265 -48921.401978 35928.638458 3.000000
16246 -28063.570023 -47898.876190 35339.958191 4.000000
17167 -25363.815308 -48126.068115 35897.758484 4.000000
17168 -26188.783646 -47774.486542 35631.423950 4.000000
17169 -27135.641098 -47399.215698 35146.400452 4.000000
