#Circular label: seed=[88095], extent=5.0mm
73
85542 -39453.418732 8907.054901 29975.252151 4.000000
85554 -39971.183777 8573.427200 29436.021805 4.000000
85555 -40683.860779 8556.568146 29242.847443 3.000000
85565 -40412.158966 7978.326797 28608.572006 4.000000
85566 -41297.412872 8345.778465 28701.074600 3.000000
85567 -42090.244293 8421.323776 28413.120270 3.000000
85573 -40963.466644 7768.282413 28071.367264 4.000000
85574 -41663.997650 7850.822926 27742.294312 4.000000
85575 -42504.817963 8388.603210 27649.635315 4.000000
86777 -40065.719604 10238.255501 33768.959045 4.000000
86778 -40608.146667 10745.206833 33826.023102 3.000000
86790 -39483.661652 9862.829208 32174.083710 4.000000
86791 -40494.396210 10403.804779 32831.069946 3.000000
86792 -41019.710541 10511.966705 32577.705383 2.000000
86803 -38951.637268 9491.951942 31183.752060 4.000000
86804 -39841.316223 9804.592133 31476.329803 3.000000
86805 -40832.801819 10207.127571 31738.819122 2.000000
86806 -41507.919312 10328.786850 31822.547913 2.000000
86818 -39268.825531 9299.245834 30597.415924 4.000000
86819 -40313.961029 9391.344070 30432.363510 3.000000
86820 -41665.325165 9939.639091 31016.746521 1.000000
86821 -42427.413940 10055.097580 30868.059158 0.000000
86830 -40529.552460 8923.794746 29694.578171 3.000000
86831 -41253.482819 9138.313293 29717.493057 2.000000
86832 -42506.999969 9660.647392 30027.816772 1.000000
86833 -43387.233734 9799.061775 29524.671555 1.000000
86842 -42010.375977 8856.235504 29136.882782 2.000000
86843 -42824.558258 9056.249619 28730.941772 3.000000
86844 -43815.849304 9743.537903 28643.980026 2.000000
86852 -43285.701752 9055.196762 27600.698471 4.000000
86853 -43984.954834 9796.685219 27416.219711 3.000000
88056 -40986.316681 11654.901505 34898.090363 4.000000
88057 -41943.653107 12205.385208 34668.373108 4.000000
88058 -42488.300323 12604.065895 34664.775848 4.000000
88068 -40881.576538 10908.255577 33747.280121 3.000000
88069 -41453.048706 11050.569534 33400.268555 2.000000
88070 -42700.534821 11958.786964 33790.740967 3.000000
88071 -43426.551819 12201.395988 33584.987640 3.000000
88082 -41391.342163 10535.424232 32349.166870 2.000000
88083 -42261.734009 10690.402985 32231.052399 1.000000
88084 -43672.065735 11633.393288 32752.948761 2.000000
88085 -44415.973663 11963.271141 32475.677490 2.000000
88094 -42372.585297 10280.767441 31301.097870 0.000000
88095 -43209.300995 10485.687256 31148.513794 0.000000
88096 -44525.341034 11431.215286 31602.443695 1.000000
88097 -45068.984985 11639.919281 31171.337128 2.000000
88105 -43362.285614 10129.746437 30174.890518 1.000000
88106 -44384.632111 10659.282684 30072.996140 1.000000
88107 -44897.113800 11298.926353 30845.296860 2.000000
88115 -44741.607666 10674.984932 28466.342926 3.000000
88116 -45360.324860 11207.850456 28357.820511 4.000000
88125 -44593.292236 10450.215340 26951.536179 4.000000
88126 -45241.275787 11118.963242 27582.445145 4.000000
89272 -43765.956879 13784.525871 34498.077393 4.000000
89280 -42881.156921 12880.343437 34653.850555 4.000000
89281 -43474.178314 12838.503838 34215.476990 3.000000
89282 -44144.035339 13319.687843 33979.476929 4.000000
89289 -43875.576019 12496.752739 33565.902710 3.000000
89290 -44566.410065 12735.044479 33160.041809 3.000000
89291 -45187.263489 12907.866478 32610.103607 3.000000
89296 -44819.660187 12232.131958 32327.796936 2.000000
89297 -45312.217712 12260.890961 31745.431900 2.000000
89303 -45025.684357 11064.450264 30082.710266 2.000000
89304 -45477.756500 11715.696335 30494.129181 3.000000
89305 -46154.277802 12146.908760 29928.194046 4.000000
89314 -45084.247589 11050.443649 29663.084030 2.000000
89315 -45604.286194 11510.183334 29194.623947 3.000000
89316 -46471.572876 12345.090866 29244.459152 4.000000
89329 -45939.945221 11611.702919 28267.856598 4.000000
90478 -44608.524323 13846.275330 33724.796295 4.000000
90479 -45244.045258 14090.648651 33258.369446 4.000000
90484 -45716.346741 13427.726746 32331.138611 4.000000
90496 -45981.151581 12912.663460 31460.826874 3.000000
