#Circular label: seed=[110656], extent=5.0mm
69
108253 50061.206818 28641.786575 12455.850601 4.000000
108254 49288.345337 28825.544357 12587.588310 3.000000
108266 49021.205902 28135.410309 11895.703316 4.000000
108268 46922.248840 28960.823059 11711.072922 4.000000
109066 52092.689514 29450.336456 13996.665001 4.000000
109067 51361.248016 29652.084351 14073.541641 3.000000
109077 50897.003174 29212.442398 13398.194313 3.000000
109078 49686.653137 29313.219070 13022.475243 3.000000
109079 48528.820038 29422.266006 12772.582054 3.000000
109080 47742.225647 30240.993500 12761.402130 2.000000
109088 47999.866486 28637.090683 12354.328156 4.000000
109089 47298.114777 29595.973969 12268.422127 3.000000
109090 46348.155975 29627.496719 11725.519180 4.000000
109091 45441.413879 30317.916870 11651.567459 4.000000
109786 52402.027130 31181.264877 16853.021622 4.000000
109788 45680.683136 31920.066833 16029.294968 4.000000
109807 52295.814514 30999.774933 16293.161392 4.000000
109808 45461.902618 31843.248367 14959.109306 4.000000
109828 51876.579285 30643.018723 15281.821251 3.000000
109829 50557.418823 31195.405960 14758.409500 2.000000
109830 49906.780243 31602.003098 14635.483742 1.000000
109831 46076.354980 32398.498535 13695.049286 2.000000
109832 45493.057251 32081.802368 14079.199791 3.000000
109833 44648.353577 31593.099594 14107.415199 4.000000
109848 52703.887939 29747.665405 14487.545967 4.000000
109849 51963.783264 29953.170776 14565.163612 4.000000
109850 50639.453888 30225.282669 14144.618988 2.000000
109851 49336.631775 31309.661865 13963.334084 0.000000
109852 48072.341919 31708.662033 13392.292976 0.000000
109853 47205.665588 32133.346558 13064.834595 1.000000
109854 46327.926636 32306.129456 13116.142273 2.000000
109855 45340.938568 32054.946899 13130.394936 3.000000
109856 44512.817383 31780.065536 13256.961823 4.000000
109868 50112.575531 29716.445923 13516.373634 3.000000
109869 49389.553070 30147.657394 13433.741570 2.000000
109870 48269.084930 30672.622681 13239.510536 1.000000
109871 47194.683075 31136.621475 12552.697182 2.000000
109872 46262.660980 31807.470322 12430.297852 3.000000
109873 45357.089996 31832.017899 12532.865524 3.000000
109874 44351.593018 31658.319473 12518.450737 4.000000
109886 46683.658600 30378.768921 12204.070091 3.000000
109887 46182.979584 30887.683868 12063.109398 3.000000
109888 45350.482941 31255.645752 12069.995880 4.000000
109889 44640.972137 31430.234909 12150.106430 4.000000
110586 50346.118927 31681.535721 18285.264969 4.000000
110605 51155.006409 31528.661728 17301.050186 4.000000
110606 49995.506287 31731.092453 17115.552902 3.000000
110607 48909.030914 31968.803406 16965.999603 3.000000
110608 47870.811462 32360.683441 16874.708176 4.000000
110609 46796.531677 32483.936310 16737.733841 4.000000
110610 46144.077301 32306.575775 16203.010559 4.000000
110622 51516.281128 31283.449173 16271.331787 3.000000
110623 50702.922821 31557.256699 16145.500183 3.000000
110624 49660.633087 31884.826660 15932.979584 2.000000
110625 48673.637390 32238.815308 15821.777344 2.000000
110626 47702.461243 32428.043365 15775.157928 3.000000
110627 46816.139221 32499.233246 15769.654274 3.000000
110628 46094.619751 32308.147430 15749.458313 4.000000
110639 51283.180237 31156.276703 15578.329086 3.000000
110640 50501.255035 31523.477554 15322.010040 2.000000
110641 49397.277832 31951.105118 14726.850510 1.000000
110642 48441.226959 32342.124939 14713.160515 1.000000
110643 47560.176849 32517.436981 14718.235970 2.000000
110644 46593.364716 32480.010986 14669.877052 2.000000
110645 46042.682648 32277.198792 15007.909775 3.000000
110656 48698.318481 31936.664581 13905.379295 0.000000
110657 48165.817261 32252.410889 13822.331429 0.000000
110658 47389.091492 32504.295349 13764.853477 1.000000
110659 46754.676819 32542.057037 13906.803131 2.000000
