#Circular label: seed=[81422], extent=5.0mm
87
76177 -30311.599731 3859.540462 45513.820648 4.000000
76188 -30611.557007 3260.072947 44506.340027 4.000000
77506 -29541.414261 4838.270664 46508.487701 4.000000
77515 -30158.960342 4899.025440 46052.440643 4.000000
77523 -30681.133270 5086.996555 45649.139404 3.000000
77530 -31194.599152 4635.420322 45156.841278 3.000000
77531 -31846.511841 4840.521336 44728.294373 2.000000
77542 -31483.165741 3731.764555 44307.514191 4.000000
77543 -32261.539459 4378.018379 44225.215912 3.000000
77555 -31654.911041 3186.796427 43413.780212 4.000000
77556 -32649.070740 3827.322960 43443.054199 4.000000
77557 -33365.543365 3911.633492 43054.786682 4.000000
78865 -29223.567963 5548.401356 46752.185822 4.000000
78868 -28779.783249 8017.679214 45993.816376 4.000000
78869 -28859.580994 7857.339382 46077.774048 4.000000
78870 -29925.754547 5752.627373 46366.256714 3.000000
78871 -30227.981567 6321.824551 46075.984955 3.000000
78877 -28543.188095 8110.408783 45988.090515 4.000000
78878 -28777.338028 8102.778435 45897.480011 4.000000
78879 -30563.545227 6035.216808 46009.353638 3.000000
78880 -30449.874878 6700.187206 45946.537018 3.000000
78886 -31038.415909 6110.113144 45594.978333 2.000000
78887 -31683.349609 5963.755131 45160.346985 1.000000
78897 -32288.825989 5718.890190 44630.966187 1.000000
78911 -33033.443451 5473.796844 44272.716522 2.000000
78912 -33587.398529 5111.138821 43661.575317 3.000000
78925 -34147.556305 4879.575729 43056.106567 3.000000
78926 -34634.338379 4597.015381 42326.568604 4.000000
80145 -29509.138107 6214.493752 46556.205750 4.000000
80148 -29042.055130 7961.354733 45965.518951 4.000000
80149 -29913.583755 6423.631668 46263.244629 3.000000
80150 -30137.361526 6771.772861 46078.697205 3.000000
80154 -29120.326996 8184.574127 45792.995453 4.000000
80155 -30369.707108 7327.257156 45781.944275 2.000000
80156 -30333.951950 7060.407162 45858.325958 3.000000
80163 -29445.968628 8760.251999 45354.473114 3.000000
80164 -31086.221695 7525.400162 45340.278625 1.000000
80165 -31976.936340 6937.360287 44790.222168 0.000000
80177 -29276.981354 9703.763008 44746.963501 3.000000
80178 -32675.354004 6731.750965 44428.813934 0.000000
80179 -33060.203552 6986.566544 44178.951263 1.000000
80191 -33121.234894 6409.436703 44246.414185 1.000000
80192 -33430.553436 6462.508678 43940.101624 1.000000
80203 -34054.347992 6408.679008 43436.153412 2.000000
80204 -34734.783173 6212.051868 42796.131134 3.000000
80205 -35159.633636 5643.553257 42283.466339 4.000000
80217 -35159.885406 6498.824596 42263.778687 4.000000
81403 -29263.023376 6752.171993 46503.486633 4.000000
81404 -29636.041641 6573.386192 46356.746674 4.000000
81408 -29173.736572 7480.894566 46208.164215 4.000000
81409 -29791.139603 6971.292973 46231.086731 3.000000
81410 -30130.386353 7047.278881 45991.714478 3.000000
81414 -29431.360245 7820.847511 45913.311005 3.000000
81415 -29955.133438 7698.061466 45920.932770 3.000000
81416 -30157.518387 7274.786472 45897.720337 3.000000
81420 -30495.609283 8932.463646 44805.706024 2.000000
81421 -31707.220078 8074.932098 44723.297119 0.000000
81422 -32297.729492 7470.833302 44552.738190 0.000000
81434 -29976.505280 10149.830818 44347.370148 3.000000
81435 -31313.938141 9227.775574 44221.183777 2.000000
81436 -32580.867767 8034.572601 44128.738403 0.000000
81437 -33165.534973 7261.229515 43956.310272 1.000000
81450 -30420.787811 10367.814064 44025.886536 3.000000
81451 -30733.053207 9995.789528 44080.963135 3.000000
81452 -33182.415009 8587.200165 43405.941010 1.000000
81453 -33473.052979 7507.807255 43632.873535 1.000000
81465 -33410.720825 8795.483589 43046.257019 2.000000
81466 -34124.248505 8063.305855 42858.764648 3.000000
81467 -34824.077606 7091.996193 42452.529907 4.000000
81477 -34410.614014 8789.223671 41799.476624 4.000000
81478 -35180.976868 7423.778057 41852.149963 4.000000
82778 -29588.972092 7404.458523 46117.652893 3.000000
82779 -29757.944107 7307.230473 46053.611755 3.000000
82780 -29957.120895 7230.129719 46010.604858 3.000000
82781 -29502.159119 7601.504326 45991.920471 3.000000
82782 -29746.387482 7581.070900 45967.342377 3.000000
82783 -29995.494843 7454.790592 45928.085327 3.000000
82794 -29229.255676 10705.181122 44113.250732 4.000000
82795 -31676.027298 9354.634285 43865.001678 2.000000
82796 -31952.518463 8941.754341 43955.150604 1.000000
82807 -29680.484772 10954.678535 43765.823364 4.000000
82808 -31219.192505 10072.423935 43687.255859 3.000000
82809 -32263.664246 9144.709587 43667.255402 2.000000
82821 -30676.630020 11360.483170 42728.519440 4.000000
82822 -32740.493774 9621.998787 42796.371460 3.000000
82823 -33780.261993 9140.086174 42337.966919 4.000000
82836 -33459.796906 9793.768883 41677.028656 4.000000
