#Circular label: seed=[109712], extent=5.0mm
49
105893 -21889.751434 28404.504776 38567.981720 4.000000
105894 -23645.332336 28406.957626 38658.573151 4.000000
105895 -25082.115173 28304.258347 37873.744965 4.000000
106881 -21168.474197 29788.911819 38197.563171 4.000000
106882 -22772.207260 29589.033127 38651.931763 3.000000
106883 -24431.224823 29371.526718 38401.840210 3.000000
106892 -25642.099380 29044.075012 37262.882233 4.000000
107905 -21128.011703 30589.101791 38129.245758 4.000000
107906 -21883.110046 30764.022827 38482.734680 3.000000
107907 -23685.104370 30713.005066 38485.725403 2.000000
107908 -24076.618195 31380.201340 38318.748474 1.000000
107917 -20556.964874 30634.151459 37451.793671 4.000000
107918 -21093.040466 31044.851303 38034.740448 3.000000
107919 -25259.969711 30107.702255 37939.590454 2.000000
107920 -24838.768005 31132.925034 38166.683197 1.000000
107929 -26151.062012 29625.221252 36576.004028 3.000000
107930 -25925.119400 30737.602234 37312.335968 2.000000
107941 -26691.999435 30089.578629 35815.391541 4.000000
108875 -22572.551727 31458.671570 38438.106537 2.000000
108876 -23435.821533 31703.514099 38377.639771 1.000000
108877 -24288.618088 31885.711670 38248.764038 0.000000
108882 -20878.789902 31237.239838 37598.682404 4.000000
108883 -21464.508057 31717.395782 37900.321960 3.000000
108884 -25349.733353 31846.044540 37828.842163 1.000000
108893 -20479.026794 31410.409927 36912.750244 4.000000
108894 -20700.422287 32373.065948 36922.710419 4.000000
108895 -26643.592834 31549.816132 36728.015900 2.000000
108896 -27567.331314 31794.820786 35712.154388 4.000000
109710 -22554.691315 32098.953247 38255.973816 1.000000
109711 -23393.005371 32470.386505 38257.240295 1.000000
109712 -24444.589615 32572.628021 38112.854004 0.000000
109718 -22087.247849 32803.859711 37795.650482 2.000000
109719 -23547.613144 33363.597870 37997.592926 1.000000
109720 -25384.859085 33027.046204 37616.504669 1.000000
109728 -20940.420151 33449.054718 37052.932739 4.000000
109729 -26931.156158 32930.473328 36593.029022 3.000000
109730 -28130.559921 32691.196442 35477.462769 4.000000
110514 -22212.949753 33722.774506 37571.773529 2.000000
110515 -23030.511856 34180.706024 37591.369629 2.000000
110516 -24257.114410 34015.277863 37557.624817 2.000000
110526 -21620.019913 34556.232452 37098.682404 3.000000
110527 -23633.047104 34857.990265 37292.167664 3.000000
110528 -25585.220337 34356.613159 36993.076324 2.000000
110529 -27421.445847 34130.310059 36100.494385 4.000000
111324 -21261.590958 35302.486420 36563.392639 4.000000
111325 -22667.709351 35565.261841 36973.987579 4.000000
111326 -24630.044937 35787.261963 36505.096436 4.000000
111327 -26312.225342 35212.188721 36285.289764 3.000000
111340 -26050.172806 35979.362488 35717.201233 4.000000
