#Circular label: seed=[139783], extent=5.0mm
76
66940 -36760.196686 -4152.578354 44513.378143 4.000000
66941 -37636.844635 -3492.417574 44124.874115 3.000000
66955 -38094.066620 -4305.098057 43406.154633 4.000000
66956 -38887.462616 -4062.458515 43145.378113 3.000000
66966 -39040.794373 -4702.275753 42509.300232 4.000000
66967 -39670.684814 -4057.916641 42594.387054 3.000000
66968 -39838.672638 -3389.388561 42841.613770 2.000000
66977 -39967.342377 -4895.033360 41762.256622 4.000000
66978 -40540.008545 -3624.344110 42222.408295 3.000000
66979 -41123.691559 -3019.675970 41958.217621 4.000000
66990 -41441.181183 -3547.339201 41370.502472 4.000000
68256 -36224.540710 -2679.781914 45248.821259 4.000000
68257 -38863.979340 -930.508196 43663.600922 0.000000
68267 -37060.405731 -2713.678598 44564.548492 3.000000
68268 -38384.109497 -2431.460857 43809.501648 2.000000
68281 -38655.635834 -3604.788780 43434.352875 3.000000
68292 -39234.161377 -4083.912373 42896.907806 3.000000
68293 -39252.105713 -3389.838696 43249.973297 3.000000
68294 -39746.616364 -2345.913887 43203.266144 1.000000
68309 -40796.535492 -2341.430426 42367.053986 2.000000
68310 -41458.133698 -2418.156385 41723.541260 3.000000
68321 -42269.481659 -2795.536280 40899.723053 4.000000
69519 -38510.467529 -133.044839 43585.174561 1.000000
69520 -39163.089752 -52.627549 43331.348419 0.000000
69535 -35896.385193 -753.680825 44767.414093 3.000000
69536 -37762.241364 -466.431171 43904.026031 1.000000
69537 -39490.329742 -543.704808 43240.329742 0.000000
69551 -39986.141205 -1195.123315 43028.247833 1.000000
69552 -39515.346527 -995.801747 43338.478088 0.000000
69567 -40443.058014 -1251.315355 42702.888489 1.000000
69585 -41114.292145 -1282.553196 42163.841248 2.000000
69586 -41743.522644 -1405.951500 41547.199249 3.000000
69601 -42479.896545 -1321.751714 40938.800812 4.000000
70777 -38617.858887 169.834897 43474.819183 1.000000
70790 -35318.756104 1292.822719 43640.567780 4.000000
70791 -36827.434540 812.566161 43664.371490 3.000000
70792 -38091.407776 512.193322 43499.965668 1.000000
70793 -39586.456299 -372.456878 43096.900940 1.000000
70794 -39680.713654 -654.494226 43124.729156 0.000000
70808 -36147.571564 1964.255810 42802.776337 4.000000
70809 -37777.847290 1626.897335 42963.172913 2.000000
70810 -40131.465912 -623.970568 42770.278931 1.000000
70811 -39868.598938 -754.981101 42997.249603 1.000000
70826 -36701.095581 2289.572477 41807.304382 4.000000
70827 -37878.406525 2419.997215 41914.180756 4.000000
70828 -38997.673035 1546.236038 42448.356628 2.000000
70829 -40430.446625 260.664672 42351.249695 2.000000
70830 -40849.967957 711.295247 41774.139404 3.000000
70846 -41256.137848 -581.254721 41915.470123 3.000000
70847 -41545.967102 25.178898 41553.211212 3.000000
70862 -42465.293884 -14.044491 40818.138123 4.000000
72112 -38604.724884 393.602103 43380.191803 1.000000
72113 -39767.158508 -494.455725 42956.958771 1.000000
72123 -39933.895111 -500.946641 42854.351044 1.000000
72133 -38740.520477 2430.587769 41741.222382 3.000000
72134 -39703.029633 1851.217866 41859.111786 3.000000
72135 -40424.903870 1322.874188 41783.943176 3.000000
72136 -40957.347870 1193.470120 41508.716583 3.000000
72144 -37962.638855 2773.248672 40939.380646 4.000000
72145 -39106.151581 2764.411211 41132.568359 4.000000
72146 -39423.015594 2869.494200 40914.016724 4.000000
72147 -41562.805176 1150.881171 41143.199921 4.000000
73476 -40098.430634 1843.250275 41633.140564 4.000000
73477 -40376.220703 1893.969774 41461.696625 4.000000
73478 -40818.027496 1893.394709 41242.752075 4.000000
73492 -39873.107910 2251.679420 41461.555481 4.000000
73493 -39988.006592 2658.394337 41055.580139 4.000000
139783 -39212.829590 -660.992563 43466.842651 0.000000
139784 -39163.570404 -2761.043310 43465.087891 2.000000
139785 -39119.342804 -2216.422558 43527.622223 1.000000
139786 -39175.205231 -1794.274569 43578.754425 1.000000
139787 -38766.933441 916.022420 42955.825806 1.000000
139788 -39430.953979 516.863048 42776.161194 1.000000
139789 -39757.362366 -163.744673 42893.226624 1.000000
139790 -38480.655670 728.468716 43242.008209 1.000000
139791 -39475.318909 -143.397212 43082.607269 1.000000
