#Circular label: seed=[139776], extent=5.0mm
72
64112 -32512.672424 -6153.028011 45580.570221 4.000000
64113 -32777.950287 -5800.512314 45506.065369 4.000000
64126 -32867.370605 -6026.742458 44993.137360 4.000000
65498 -32011.821747 -5451.864719 47033.065796 4.000000
65512 -32428.997040 -5508.835793 46381.546021 4.000000
65513 -32797.595978 -5254.799843 46116.371155 4.000000
65528 -32701.290131 -5615.867615 45839.183807 4.000000
65529 -33143.531799 -5461.590290 45650.623322 3.000000
65530 -33790.161133 -5431.930542 45461.902618 3.000000
65542 -33416.576385 -5846.914291 44859.912872 4.000000
65543 -34149.559021 -5696.544170 44819.404602 4.000000
65544 -34673.236847 -5730.023384 44395.820618 4.000000
66874 -32156.772614 -4870.159149 47107.818604 4.000000
66875 -32105.522156 -4067.098141 47354.492188 3.000000
66876 -32761.795044 -3665.385008 47029.186249 3.000000
66888 -32305.480957 -5131.139755 46803.504944 4.000000
66889 -32667.995453 -4780.481815 46575.897217 3.000000
66890 -32939.292908 -4112.217903 46770.137787 3.000000
66903 -33095.958710 -5010.474205 46123.516083 3.000000
66904 -33797.603607 -4670.060158 46126.712799 2.000000
66905 -34867.214203 -4292.159081 45868.629456 2.000000
66906 -35251.556396 -3574.347019 45859.630585 1.000000
66907 -35442.592621 -2780.351877 45729.103088 0.000000
66922 -34215.187073 -5260.293484 45469.417572 3.000000
66923 -34865.295410 -5198.914528 45171.356201 3.000000
66924 -35640.586853 -4440.388680 45254.066467 2.000000
66925 -35934.909821 -3601.013184 45412.528992 1.000000
66938 -35099.231720 -5587.043762 44364.181519 4.000000
66939 -35784.812927 -5377.256870 44127.685547 3.000000
66940 -36760.196686 -4152.578354 44513.378143 3.000000
66941 -37636.844635 -3492.417574 44124.874115 3.000000
66953 -36030.456543 -5651.297092 43184.539795 4.000000
66955 -38094.066620 -4305.098057 43406.154633 4.000000
68222 -31518.121719 -2865.729570 47461.761475 4.000000
68223 -32648.349762 -3101.628304 47187.240601 3.000000
68234 -33353.748322 -3534.722805 46729.198456 2.000000
68245 -34380.550385 -3230.366945 46385.330200 1.000000
68256 -36224.540710 -2679.781914 45248.821259 1.000000
68267 -37060.405731 -2713.678598 44564.548492 2.000000
68268 -38384.109497 -2431.460857 43809.501648 4.000000
69478 -31741.970062 -1882.213712 47028.182983 4.000000
69479 -32418.037415 -2281.549692 47039.913177 3.000000
69480 -33454.891205 -2427.363157 46674.343109 1.000000
69489 -31367.090225 -1222.209811 46548.469543 4.000000
69490 -32653.316498 -1274.215817 46497.211456 2.000000
69501 -30995.618820 -524.462998 45775.768280 4.000000
69502 -31834.705353 -603.790045 46135.974884 4.000000
69518 -32740.783691 792.919815 44105.022430 4.000000
69533 -33332.195282 1196.670771 43713.226318 4.000000
69534 -34360.778809 793.677866 44313.766479 4.000000
69535 -35896.385193 -753.680825 44767.414093 2.000000
69536 -37762.241364 -466.431171 43904.026031 4.000000
70743 -33417.163849 -647.432089 46048.759460 2.000000
70744 -34380.496979 -1407.476783 46047.924042 1.000000
70757 -31694.543839 -301.134080 45588.134766 4.000000
70758 -32577.003479 -263.530552 45730.861664 3.000000
70759 -33980.823517 -43.298516 45435.317993 2.000000
70773 -31315.610886 -206.812561 45223.144531 4.000000
70774 -31808.507919 85.161179 45062.004089 4.000000
70775 -32729.595184 470.261902 44973.770142 4.000000
70776 -33441.932678 705.487370 44569.160461 3.000000
70790 -35318.756104 1292.822719 43640.567780 4.000000
70791 -36827.434540 812.566161 43664.371490 4.000000
139774 -35288.040161 -2364.480734 45799.644470 0.000000
139775 -34968.772888 -2811.533689 46127.918243 0.000000
139776 -35018.260956 -2312.626600 46012.386322 0.000000
139777 -34861.846924 -2523.358822 46130.226135 0.000000
139778 -35384.185791 -2025.411367 45622.211456 0.000000
139779 -34401.699066 -2685.391665 46375.736237 0.000000
139780 -34613.052368 -2465.207577 46238.895416 0.000000
139781 -34782.413483 -609.583437 45532.192230 2.000000
139782 -34251.869202 -2406.934500 46425.613403 0.000000
