#Circular label: seed=[77475], extent=5.0mm
101
72016 -21754.179001 515.280545 50141.956329 4.000000
72017 -22717.864990 1013.858318 49870.433807 3.000000
72018 -23565.183640 1320.136428 49647.579193 3.000000
72019 -24063.621521 1586.977243 49576.042175 3.000000
72034 -22497.350693 57.880722 49745.079041 4.000000
72035 -23332.998276 341.275513 49549.766541 4.000000
72036 -24497.064590 856.248677 49271.156311 4.000000
72037 -25154.901505 1309.731364 48885.295868 4.000000
72051 -25571.538925 795.706630 48491.970062 4.000000
72052 -26228.641510 1258.849978 48286.052704 4.000000
73344 -21054.391861 1765.722871 50412.281036 4.000000
73345 -22067.369461 1855.958819 50124.916077 3.000000
73346 -22946.569443 2033.214092 49871.883392 2.000000
73347 -23678.518295 2150.876522 49687.675476 2.000000
73359 -24323.579788 2088.361502 49499.946594 2.000000
73360 -25087.905884 2071.406364 49078.701019 3.000000
73361 -25452.661514 2625.444174 48845.863342 3.000000
73372 -25463.573456 1549.892426 48735.477448 3.000000
73373 -26038.984299 2056.942225 48528.350830 4.000000
73374 -26642.656326 2557.834387 48267.063141 4.000000
73386 -26577.108383 1496.194839 48087.261200 4.000000
74749 -20367.418289 2870.920420 50210.002899 3.000000
74750 -21416.046143 2887.294292 50106.693268 3.000000
74751 -22340.242386 2893.862963 49889.972687 2.000000
74752 -23151.870728 2949.679613 49753.238678 1.000000
74753 -23861.701965 2948.632479 49627.422333 1.000000
74759 -19529.523849 5192.012310 48726.394653 4.000000
74760 -19906.103134 5223.451138 48749.664307 3.000000
74761 -24484.874725 3009.409428 49417.854309 2.000000
74762 -25044.622421 3198.997974 49096.485138 2.000000
74763 -25627.759933 3199.658871 48755.649567 3.000000
74771 -19055.698395 5359.422207 48201.499939 4.000000
74772 -19876.787186 5480.556011 48222.808838 3.000000
74773 -20249.624252 5628.662586 47904.880524 3.000000
74774 -26316.200256 3147.799969 48480.388641 3.000000
74775 -27007.444382 3058.422565 48025.653839 4.000000
74787 -19444.595337 5429.069519 47319.301605 4.000000
74788 -19967.756271 5567.892551 47472.270966 4.000000
74803 -19865.253448 5511.269569 46537.368774 4.000000
76122 -18592.290878 3748.349667 49825.569153 4.000000
76123 -19646.356583 3871.649265 49757.785797 3.000000
76124 -20762.779236 3996.803999 49731.319427 2.000000
76125 -21762.994766 3792.062759 49752.674103 2.000000
76126 -22579.608917 3779.901743 49675.304413 1.000000
76127 -23349.893570 3837.172031 49560.459137 0.000000
76128 -23984.907150 3642.192125 49491.851807 1.000000
76132 -18870.210648 4850.080967 49153.228760 4.000000
76133 -19964.452744 4801.763058 49196.586609 3.000000
76134 -20750.770569 4937.938213 49208.606720 2.000000
76135 -23722.629547 4266.354084 49368.179321 0.000000
76136 -24357.545853 4098.596096 49275.131226 1.000000
76137 -25082.832336 4137.184620 48928.153992 2.000000
76138 -25819.618225 4058.374882 48664.623260 2.000000
76143 -20249.862671 5232.796669 48780.845642 3.000000
76144 -20714.979172 5465.612411 48443.893433 3.000000
76145 -21143.333435 5693.045616 48071.216583 2.000000
76146 -26605.104446 3993.417740 48362.037659 3.000000
76147 -27436.817169 3891.459942 47801.803589 4.000000
76152 -20487.838745 5720.423222 47467.575073 3.000000
76153 -21156.072617 6002.660751 47426.815033 3.000000
76154 -21538.436890 6287.285805 47218.959808 3.000000
76164 -20461.626053 5778.012276 46461.536407 4.000000
76165 -21015.220642 6105.045795 46401.851654 4.000000
76166 -21574.644089 6418.282509 46756.607056 3.000000
77472 -21358.015060 4508.544922 49494.232178 1.000000
77473 -22008.848190 4513.468266 49467.876434 1.000000
77474 -22696.367264 4538.421631 49394.424438 0.000000
77475 -23236.665726 4599.437714 49305.202484 0.000000
77479 -21414.030075 5071.564198 49117.721558 2.000000
77480 -22063.758850 5119.783401 49063.297272 1.000000
77481 -22703.865051 5156.424999 48972.919464 0.000000
77482 -23503.984451 5029.569149 48981.666565 0.000000
77483 -24318.441391 5103.222847 48807.098389 1.000000
77484 -25207.248688 5025.815964 48635.589600 2.000000
77485 -26029.848099 4786.630630 48502.502441 3.000000
77489 -21465.513229 5434.603691 48637.897491 2.000000
77490 -21871.816635 5665.936947 48393.547058 1.000000
77491 -22604.967117 5802.714825 48451.068878 1.000000
77492 -23346.906662 5963.699818 48395.835876 1.000000
77493 -24314.611435 6101.580620 48226.310730 2.000000
77494 -25618.110657 5753.088951 48219.482422 3.000000
77495 -26766.654968 5004.309177 48131.481171 4.000000
77500 -21877.933502 6049.414635 47820.812225 2.000000
77501 -22247.587204 6360.091209 47562.557220 2.000000
77502 -23003.128052 6662.959576 47489.974976 2.000000
77503 -23758.375168 6937.657356 47222.824097 3.000000
77504 -23918.031693 7255.427361 46803.218842 4.000000
77510 -21333.778381 6233.361721 46043.449402 4.000000
77511 -21947.690964 6578.272820 46434.562683 3.000000
77512 -22626.512527 7021.027088 46382.514954 4.000000
77513 -23269.250870 7444.832325 46270.122528 4.000000
77514 -23823.417664 7489.217758 46508.716583 4.000000
78856 -24819.227219 6555.472374 47709.938049 3.000000
78857 -25607.772827 6452.790737 47723.663330 4.000000
78858 -26407.737732 6050.155163 47800.876617 4.000000
78861 -24449.371338 7070.137501 47197.029114 4.000000
78862 -24312.984467 7405.199051 46761.764526 4.000000
80136 -25135.734558 7005.133152 47381.866455 4.000000
80137 -26069.437027 6937.166214 47406.650543 4.000000
80140 -24750.967026 7269.017696 47066.085815 4.000000
80141 -25098.110199 7608.081341 46798.755646 4.000000
