#Circular label: seed=[89160], extent=5.0mm
48
85406 -17756.589890 10786.691666 45015.727997 4.000000
86656 -14579.232216 11498.260498 46375.122070 4.000000
86661 -16429.538727 11601.846695 45355.495453 3.000000
86662 -17703.886032 12196.692467 45373.325348 3.000000
86663 -18987.766266 12575.704575 45367.637634 3.000000
86664 -20173.559189 12508.464813 45120.151520 4.000000
86673 -16709.451675 11100.995064 44888.103485 4.000000
86674 -17797.380447 11471.138000 45149.780273 3.000000
86675 -18903.541565 11678.082466 45278.274536 4.000000
87931 -13509.840965 13275.425911 47393.806458 4.000000
87932 -14481.263161 13636.327744 46981.586456 3.000000
87936 -14349.413872 12394.741058 46884.330750 4.000000
87937 -15489.793777 13370.742798 46489.856720 2.000000
87938 -16796.257019 13740.843773 46005.424500 1.000000
87939 -17798.341751 14078.141212 45584.129333 0.000000
87945 -15171.133041 12008.958817 46355.567932 4.000000
87946 -16088.584900 12355.900764 45981.006622 3.000000
87947 -17324.178696 12919.659615 45712.753296 2.000000
87948 -18775.238037 13784.837723 45380.134583 2.000000
87949 -20264.190674 13882.918358 44621.753693 3.000000
87950 -21151.840210 13305.771828 44264.560699 4.000000
87958 -21263.879776 14223.875046 43370.964050 4.000000
89156 -13914.824486 14467.240334 47136.581421 3.000000
89157 -15059.353828 14684.202194 46678.062439 2.000000
89159 -16266.925812 14841.565132 46101.364136 1.000000
89160 -17431.871414 14972.609520 45541.053772 0.000000
89161 -18510.149002 15148.909569 44951.953888 1.000000
89166 -19934.900284 15466.861725 43863.361359 3.000000
89167 -20693.902969 14741.363525 43663.269043 4.000000
89177 -20970.273972 15175.610542 42584.598541 4.000000
90348 -13237.025261 15395.321846 46921.604156 4.000000
90349 -14384.872437 15483.692169 46727.615356 3.000000
90356 -14009.666443 16495.794296 46440.307617 4.000000
90357 -15527.228355 16252.853394 45955.635071 2.000000
90358 -16978.109360 16056.503296 45377.914429 1.000000
90359 -17917.558670 15954.604149 44848.037720 1.000000
90367 -16578.094482 16974.979401 44908.462524 2.000000
90368 -17619.022369 16981.969833 44229.515076 2.000000
90369 -18763.706207 16426.347733 43996.990204 2.000000
90379 -18312.631607 17312.667847 42821.899414 4.000000
90380 -19381.992340 16754.442215 42454.368591 4.000000
91542 -14674.616814 17337.085724 45664.772034 4.000000
91550 -14491.889000 18247.961044 44908.496857 4.000000
91551 -15713.244438 17714.515686 44705.356598 3.000000
91552 -16781.593323 17661.888123 44068.397522 3.000000
91560 -15347.720146 18844.242096 44081.680298 4.000000
91561 -16357.879639 18526.567459 43324.058533 4.000000
91562 -17320.560455 17837.205887 43035.503387 4.000000
