#Circular label: seed=[77493], extent=5.0mm
115
72019 -24063.621521 1586.977243 49576.042175 4.000000
73347 -23678.518295 2150.876522 49687.675476 4.000000
73359 -24323.579788 2088.361502 49499.946594 4.000000
73360 -25087.905884 2071.406364 49078.701019 4.000000
73361 -25452.661514 2625.444174 48845.863342 4.000000
73373 -26038.984299 2056.942225 48528.350830 4.000000
73374 -26642.656326 2557.834387 48267.063141 4.000000
74751 -22340.242386 2893.862963 49889.972687 4.000000
74752 -23151.870728 2949.679613 49753.238678 4.000000
74753 -23861.701965 2948.632479 49627.422333 3.000000
74760 -19906.103134 5223.451138 48749.664307 4.000000
74761 -24484.874725 3009.409428 49417.854309 3.000000
74762 -25044.622421 3198.997974 49096.485138 3.000000
74763 -25627.759933 3199.658871 48755.649567 3.000000
74772 -19876.787186 5480.556011 48222.808838 4.000000
74773 -20249.624252 5628.662586 47904.880524 4.000000
74774 -26316.200256 3147.799969 48480.388641 3.000000
74775 -27007.444382 3058.422565 48025.653839 4.000000
74788 -19967.756271 5567.892551 47472.270966 4.000000
76125 -21762.994766 3792.062759 49752.674103 4.000000
76126 -22579.608917 3779.901743 49675.304413 3.000000
76127 -23349.893570 3837.172031 49560.459137 3.000000
76128 -23984.907150 3642.192125 49491.851807 2.000000
76134 -20750.770569 4937.938213 49208.606720 4.000000
76135 -23722.629547 4266.354084 49368.179321 2.000000
76136 -24357.545853 4098.596096 49275.131226 2.000000
76137 -25082.832336 4137.184620 48928.153992 2.000000
76138 -25819.618225 4058.374882 48664.623260 2.000000
76143 -20249.862671 5232.796669 48780.845642 4.000000
76144 -20714.979172 5465.612411 48443.893433 3.000000
76145 -21143.333435 5693.045616 48071.216583 3.000000
76146 -26605.104446 3993.417740 48362.037659 3.000000
76147 -27436.817169 3891.459942 47801.803589 4.000000
76148 -28027.616501 4143.013477 47503.013611 4.000000
76152 -20487.838745 5720.423222 47467.575073 4.000000
76153 -21156.072617 6002.660751 47426.815033 3.000000
76154 -21538.436890 6287.285805 47218.959808 3.000000
76155 -28086.248398 3580.733299 47417.976379 4.000000
76164 -20461.626053 5778.012276 46461.536407 4.000000
76165 -21015.220642 6105.045795 46401.851654 4.000000
76166 -21574.644089 6418.282509 46756.607056 3.000000
76176 -20822.624207 5916.991234 45369.270325 4.000000
77472 -21358.015060 4508.544922 49494.232178 4.000000
77473 -22008.848190 4513.468266 49467.876434 3.000000
77474 -22696.367264 4538.421631 49394.424438 3.000000
77475 -23236.665726 4599.437714 49305.202484 2.000000
77479 -21414.030075 5071.564198 49117.721558 3.000000
77480 -22063.758850 5119.783401 49063.297272 3.000000
77481 -22703.865051 5156.424999 48972.919464 2.000000
77482 -23503.984451 5029.569149 48981.666565 1.000000
77483 -24318.441391 5103.222847 48807.098389 1.000000
77484 -25207.248688 5025.815964 48635.589600 1.000000
77485 -26029.848099 4786.630630 48502.502441 2.000000
77489 -21465.513229 5434.603691 48637.897491 3.000000
77490 -21871.816635 5665.936947 48393.547058 2.000000
77491 -22604.967117 5802.714825 48451.068878 1.000000
77492 -23346.906662 5963.699818 48395.835876 0.000000
77493 -24314.611435 6101.580620 48226.310730 0.000000
77494 -25618.110657 5753.088951 48219.482422 1.000000
77495 -26766.654968 5004.309177 48131.481171 2.000000
77496 -27625.778198 4758.365154 47687.526703 3.000000
77497 -28281.795502 4705.346107 47358.860016 4.000000
77500 -21877.933502 6049.414635 47820.812225 2.000000
77501 -22247.587204 6360.091209 47562.557220 2.000000
77502 -23003.128052 6662.959576 47489.974976 1.000000
77503 -23758.375168 6937.657356 47222.824097 1.000000
77504 -23918.031693 7255.427361 46803.218842 1.000000
77510 -21333.778381 6233.361721 46043.449402 3.000000
77511 -21947.690964 6578.272820 46434.562683 3.000000
77512 -22626.512527 7021.027088 46382.514954 2.000000
77513 -23269.250870 7444.832325 46270.122528 2.000000
77514 -23823.417664 7489.217758 46508.716583 2.000000
77519 -21258.506775 6236.677647 45337.734222 4.000000
77520 -21791.324615 6629.400253 45344.116211 4.000000
77521 -22434.772491 7116.129398 45163.864136 4.000000
77522 -22972.665787 7490.648270 45596.450806 3.000000
78856 -24819.227219 6555.472374 47709.938049 0.000000
78857 -25607.772827 6452.790737 47723.663330 1.000000
78858 -26407.737732 6050.155163 47800.876617 2.000000
78859 -27301.509857 5623.138905 47652.851105 3.000000
78860 -27906.690598 5261.408806 47489.864349 4.000000
78861 -24449.371338 7070.137501 47197.029114 1.000000
78862 -24312.984467 7405.199051 46761.764526 2.000000
78863 -27815.765381 5770.508289 47411.880493 3.000000
78864 -28423.429489 5523.470402 47160.583496 4.000000
78866 -23252.801895 7645.709038 45805.984497 3.000000
78867 -23849.668503 7824.661732 46145.027161 2.000000
78874 -22410.190582 7276.907921 44520.908356 4.000000
78875 -23076.961517 7607.194424 45014.232635 3.000000
78876 -23843.666077 8098.059654 45404.144287 3.000000
80136 -25135.734558 7005.133152 47381.866455 1.000000
80137 -26069.437027 6937.166214 47406.650543 2.000000
80138 -27064.550400 6486.487389 47422.512054 3.000000
80139 -27517.444611 6067.812920 47434.478760 3.000000
80140 -24750.967026 7269.017696 47066.085815 2.000000
80141 -25098.110199 7608.081341 46798.755646 2.000000
80142 -27359.399796 6756.585121 47178.039551 3.000000
80143 -27868.501663 6397.632122 47168.819427 4.000000
80146 -24649.051666 8278.555870 45957.180023 3.000000
80151 -23536.634445 8085.937500 44717.704773 4.000000
80152 -24259.412766 8454.958916 45055.492401 4.000000
81398 -26793.552399 7033.406734 47186.752319 3.000000
81399 -27141.096115 6881.063938 47176.933289 3.000000
81400 -26322.429657 7546.566963 46881.023407 3.000000
81401 -27351.320267 7200.469017 46885.841370 3.000000
81402 -28440.052032 7000.537395 46689.956665 4.000000
81405 -25771.818161 8229.394913 46343.978882 3.000000
81406 -26869.462967 8072.190285 46484.317780 4.000000
81407 -28012.783051 7815.480709 46358.577728 4.000000
81411 -25342.460632 8726.015091 45535.255432 4.000000
81412 -26407.331467 8639.106750 45989.803314 4.000000
81413 -27328.865051 8523.855209 46048.210144 4.000000
81417 -25497.274399 9114.988327 45164.115906 4.000000
81418 -26241.424561 9040.674210 45513.050079 4.000000
81419 -26880.310059 8864.126205 45777.000427 4.000000
