#Circular label: seed=[81450], extent=5.0mm
82
78868 -28779.783249 8017.679214 45993.816376 4.000000
78869 -28859.580994 7857.339382 46077.774048 3.000000
78877 -28543.188095 8110.408783 45988.090515 4.000000
78878 -28777.338028 8102.778435 45897.480011 3.000000
80147 -28592.264175 7923.445702 46127.372742 4.000000
80148 -29042.055130 7961.354733 45965.518951 3.000000
80153 -28255.512238 8263.007164 45916.114807 4.000000
80154 -29120.326996 8184.574127 45792.995453 3.000000
80155 -30369.707108 7327.257156 45781.944275 4.000000
80156 -30333.951950 7060.407162 45858.325958 4.000000
80162 -27514.743805 9116.789818 45527.870178 3.000000
80163 -29445.968628 8760.251999 45354.473114 2.000000
80164 -31086.221695 7525.400162 45340.278625 3.000000
80165 -31976.936340 6937.360287 44790.222168 3.000000
80175 -26407.867432 9944.453239 44503.234863 4.000000
80176 -28025.402069 9909.525871 44881.965637 2.000000
80177 -29276.981354 9703.763008 44746.963501 1.000000
80178 -32675.354004 6731.750965 44428.813934 4.000000
80179 -33060.203552 6986.566544 44178.951263 4.000000
80191 -33121.234894 6409.436703 44246.414185 4.000000
81407 -28012.783051 7815.480709 46358.577728 4.000000
81408 -29173.736572 7480.894566 46208.164215 4.000000
81410 -30130.386353 7047.278881 45991.714478 4.000000
81413 -27328.865051 8523.855209 46048.210144 4.000000
81414 -29431.360245 7820.847511 45913.311005 3.000000
81415 -29955.133438 7698.061466 45920.932770 4.000000
81416 -30157.518387 7274.786472 45897.720337 4.000000
81419 -26880.310059 8864.126205 45777.000427 4.000000
81420 -30495.609283 8932.463646 44805.706024 1.000000
81421 -31707.220078 8074.932098 44723.297119 2.000000
81422 -32297.729492 7470.833302 44552.738190 3.000000
81432 -27012.052536 10563.674927 44070.594788 3.000000
81433 -28465.888977 10606.757164 44255.222321 2.000000
81434 -29976.505280 10149.830818 44347.370148 0.000000
81435 -31313.938141 9227.775574 44221.183777 1.000000
81436 -32580.867767 8034.572601 44128.738403 3.000000
81437 -33165.534973 7261.229515 43956.310272 4.000000
81448 -26404.178619 10931.040764 43008.987427 4.000000
81449 -27459.278107 10907.713890 43754.970551 3.000000
81450 -30420.787811 10367.814064 44025.886536 0.000000
81451 -30733.053207 9995.789528 44080.963135 0.000000
81452 -33182.415009 8587.200165 43405.941010 3.000000
81453 -33473.052979 7507.807255 43632.873535 4.000000
81465 -33410.720825 8795.483589 43046.257019 3.000000
81466 -34124.248505 8063.305855 42858.764648 4.000000
81477 -34410.614014 8789.223671 41799.476624 4.000000
82778 -29588.972092 7404.458523 46117.652893 4.000000
82779 -29757.944107 7307.230473 46053.611755 4.000000
82780 -29957.120895 7230.129719 46010.604858 4.000000
82781 -29502.159119 7601.504326 45991.920471 4.000000
82782 -29746.387482 7581.070900 45967.342377 4.000000
82783 -29995.494843 7454.790592 45928.085327 4.000000
82793 -28823.692322 10913.759232 43912.197113 1.000000
82794 -29229.255676 10705.181122 44113.250732 1.000000
82795 -31676.027298 9354.634285 43865.001678 1.000000
82796 -31952.518463 8941.754341 43955.150604 2.000000
82805 -27010.498047 11432.568550 42898.960114 3.000000
82806 -27992.656708 11308.847427 43520.027161 2.000000
82807 -29680.484772 10954.678535 43765.823364 0.000000
82808 -31219.192505 10072.423935 43687.255859 0.000000
82809 -32263.664246 9144.709587 43667.255402 2.000000
82818 -26335.641861 11381.060600 42283.760071 4.000000
82819 -27464.349747 11871.337891 42634.395599 3.000000
82820 -28893.825531 11754.982948 43019.687653 2.000000
82821 -30676.630020 11360.483170 42728.519440 2.000000
82822 -32740.493774 9621.998787 42796.371460 2.000000
82823 -33780.261993 9140.086174 42337.966919 3.000000
82834 -30991.031647 11836.589813 41962.608337 3.000000
82835 -32069.091797 11141.057968 41552.330017 4.000000
82836 -33459.796906 9793.768883 41677.028656 4.000000
84086 -27691.078186 12193.300247 42454.154968 3.000000
84087 -28217.706680 12235.920906 42538.711548 3.000000
84088 -29298.303604 12154.804230 42518.032074 3.000000
84100 -27417.673111 12371.350288 42196.113586 4.000000
84101 -28620.197296 12643.505096 42190.315247 3.000000
84102 -30032.369614 12437.438965 41965.560913 3.000000
84103 -31057.935715 12104.127884 41515.579224 3.000000
84113 -30500.097275 12616.058350 41207.084656 4.000000
84114 -31498.485565 12095.404625 40804.389954 4.000000
85418 -27674.152374 12942.000389 41815.364838 4.000000
85419 -29043.128967 13058.494568 41725.074768 4.000000
85420 -29813.434601 12850.422859 41471.794128 4.000000
