#Circular label: seed=[90444], extent=5.0mm
54
85489 -39641.342163 10326.117516 36539.070129 4.000000
86740 -37792.942047 10979.809761 38196.216583 4.000000
86741 -38525.562286 10600.091934 37697.013855 4.000000
86753 -37220.462799 11987.591743 38301.391602 4.000000
86754 -38717.964172 11270.829201 37641.616821 3.000000
86755 -39777.812958 11079.149246 36714.584351 4.000000
86766 -40190.204620 10678.619385 35473.636627 4.000000
88031 -36477.046967 13167.569160 38249.797821 4.000000
88032 -37910.614014 12834.646225 38173.618317 3.000000
88033 -39205.741882 12401.710510 37539.051056 2.000000
88045 -40175.251007 11916.876793 36580.593109 3.000000
88046 -40596.065521 12166.093826 36023.422241 3.000000
88055 -40478.427887 11266.386986 35383.132935 4.000000
88056 -40986.316681 11654.901505 34898.090363 4.000000
88057 -41943.653107 12205.385208 34668.373108 4.000000
89240 -35719.581604 14308.382034 37767.009735 4.000000
89241 -37106.342316 14229.757309 38059.001923 3.000000
89242 -38488.960266 13905.796051 37869.506836 1.000000
89243 -39835.044861 13504.422188 37299.594879 1.000000
89244 -40220.287323 14249.153137 37064.460754 0.000000
89255 -40418.529510 12703.748703 36680.221558 2.000000
89256 -40910.411835 13372.390747 36451.072693 2.000000
89257 -41708.774567 14124.236107 36082.489014 3.000000
89258 -42088.695526 14537.021637 35851.322174 3.000000
89268 -41172.313690 12528.900146 35727.180481 3.000000
89269 -41569.355011 12835.537910 35614.654541 3.000000
89270 -42423.278809 13587.740898 35397.983551 4.000000
90440 -34925.987244 15545.745850 37537.574768 4.000000
90441 -36285.873413 15535.221100 37534.622192 3.000000
90442 -37689.838409 15453.121185 37549.285889 2.000000
90443 -38907.726288 14914.409637 37471.878052 0.000000
90444 -39712.860107 14788.453102 37283.740997 0.000000
90453 -38441.818237 15983.185768 37271.316528 1.000000
90454 -39215.614319 15854.679108 37120.323181 1.000000
90455 -40206.298828 15389.576912 36887.580872 0.000000
90456 -41174.285889 15297.184944 36533.103943 1.000000
90457 -41876.602173 15337.106705 36167.675018 2.000000
90464 -42390.655518 15127.978325 35742.702484 3.000000
90465 -43044.658661 14841.178894 35382.072449 4.000000
91621 -36776.309967 16837.617874 37144.084930 3.000000
91622 -37782.730103 16721.872330 36983.230591 3.000000
91630 -38514.385223 16905.527115 36799.911499 2.000000
91631 -39406.608582 17071.109772 36567.424774 2.000000
91632 -40534.400940 16917.505264 36384.490967 2.000000
91633 -41512.794495 16579.931259 36214.546204 3.000000
91634 -42185.050964 16266.206741 35939.895630 3.000000
91641 -42792.072296 16213.472366 35549.327850 4.000000
92885 -37326.862335 17835.268021 36632.114410 4.000000
92886 -37979.854584 17455.770493 36657.375336 3.000000
92899 -38291.370392 18405.908585 36245.326996 4.000000
92900 -39635.139465 18793.228149 35516.307831 4.000000
92901 -41049.930573 18078.439713 35701.747894 3.000000
92902 -41960.243225 17338.573456 35712.242126 4.000000
92903 -42399.238586 16840.780258 35681.194305 4.000000
