#Circular label: seed=[81407], extent=5.0mm
110
76146 -26605.104446 3993.417740 48362.037659 4.000000
76147 -27436.817169 3891.459942 47801.803589 4.000000
76148 -28027.616501 4143.013477 47503.013611 4.000000
76155 -28086.248398 3580.733299 47417.976379 4.000000
76156 -28609.386444 3882.645607 47087.448120 4.000000
76157 -29161.989212 4197.900295 46655.925751 4.000000
76167 -29077.407837 3623.943090 46599.407196 4.000000
76168 -29651.296616 3930.001020 46259.620667 4.000000
77484 -25207.248688 5025.815964 48635.589600 4.000000
77485 -26029.848099 4786.630630 48502.502441 4.000000
77493 -24314.611435 6101.580620 48226.310730 4.000000
77494 -25618.110657 5753.088951 48219.482422 3.000000
77495 -26766.654968 5004.309177 48131.481171 3.000000
77496 -27625.778198 4758.365154 47687.526703 3.000000
77497 -28281.795502 4705.346107 47358.860016 3.000000
77503 -23758.375168 6937.657356 47222.824097 4.000000
77504 -23918.031693 7255.427361 46803.218842 4.000000
77505 -28884.923935 4773.819447 46913.143158 3.000000
77506 -29541.414261 4838.270664 46508.487701 3.000000
77514 -23823.417664 7489.217758 46508.716583 4.000000
77515 -30158.960342 4899.025440 46052.440643 4.000000
77523 -30681.133270 5086.996555 45649.139404 4.000000
78856 -24819.227219 6555.472374 47709.938049 3.000000
78857 -25607.772827 6452.790737 47723.663330 3.000000
78858 -26407.737732 6050.155163 47800.876617 2.000000
78859 -27301.509857 5623.138905 47652.851105 2.000000
78860 -27906.690598 5261.408806 47489.864349 3.000000
78861 -24449.371338 7070.137501 47197.029114 4.000000
78862 -24312.984467 7405.199051 46761.764526 4.000000
78863 -27815.765381 5770.508289 47411.880493 2.000000
78864 -28423.429489 5523.470402 47160.583496 2.000000
78865 -29223.567963 5548.401356 46752.185822 2.000000
78867 -23849.668503 7824.661732 46145.027161 4.000000
78868 -28779.783249 8017.679214 45993.816376 0.000000
78869 -28859.580994 7857.339382 46077.774048 0.000000
78870 -29925.754547 5752.627373 46366.256714 3.000000
78871 -30227.981567 6321.824551 46075.984955 2.000000
78876 -23843.666077 8098.059654 45404.144287 4.000000
78877 -28543.188095 8110.408783 45988.090515 0.000000
78878 -28777.338028 8102.778435 45897.480011 1.000000
78879 -30563.545227 6035.216808 46009.353638 3.000000
78880 -30449.874878 6700.187206 45946.537018 2.000000
78886 -31038.415909 6110.113144 45594.978333 4.000000
80136 -25135.734558 7005.133152 47381.866455 3.000000
80137 -26069.437027 6937.166214 47406.650543 2.000000
80138 -27064.550400 6486.487389 47422.512054 1.000000
80139 -27517.444611 6067.812920 47434.478760 2.000000
80140 -24750.967026 7269.017696 47066.085815 3.000000
80141 -25098.110199 7608.081341 46798.755646 3.000000
80142 -27359.399796 6756.585121 47178.039551 1.000000
80143 -27868.501663 6397.632122 47168.819427 1.000000
80144 -28807.977676 6237.858772 46812.084198 1.000000
80145 -29509.138107 6214.493752 46556.205750 2.000000
80146 -24649.051666 8278.555870 45957.180023 3.000000
80147 -28592.264175 7923.445702 46127.372742 0.000000
80148 -29042.055130 7961.354733 45965.518951 1.000000
80149 -29913.583755 6423.631668 46263.244629 2.000000
80150 -30137.361526 6771.772861 46078.697205 2.000000
80152 -24259.412766 8454.958916 45055.492401 4.000000
80153 -28255.512238 8263.007164 45916.114807 0.000000
80154 -29120.326996 8184.574127 45792.995453 1.000000
80155 -30369.707108 7327.257156 45781.944275 2.000000
80156 -30333.951950 7060.407162 45858.325958 2.000000
80160 -24680.866241 8979.455948 44560.733795 4.000000
80161 -25812.015533 9435.856819 44903.118134 3.000000
80162 -27514.743805 9116.789818 45527.870178 1.000000
80163 -29445.968628 8760.251999 45354.473114 2.000000
80164 -31086.221695 7525.400162 45340.278625 3.000000
80165 -31976.936340 6937.360287 44790.222168 4.000000
80175 -26407.867432 9944.453239 44503.234863 3.000000
80176 -28025.402069 9909.525871 44881.965637 2.000000
80177 -29276.981354 9703.763008 44746.963501 3.000000
81398 -26793.552399 7033.406734 47186.752319 1.000000
81399 -27141.096115 6881.063938 47176.933289 1.000000
81400 -26322.429657 7546.566963 46881.023407 2.000000
81401 -27351.320267 7200.469017 46885.841370 1.000000
81402 -28440.052032 7000.537395 46689.956665 0.000000
81403 -29263.023376 6752.171993 46503.486633 1.000000
81404 -29636.041641 6573.386192 46356.746674 2.000000
81405 -25771.818161 8229.394913 46343.978882 2.000000
81406 -26869.462967 8072.190285 46484.317780 1.000000
81407 -28012.783051 7815.480709 46358.577728 0.000000
81408 -29173.736572 7480.894566 46208.164215 1.000000
81409 -29791.139603 6971.292973 46231.086731 2.000000
81410 -30130.386353 7047.278881 45991.714478 2.000000
81411 -25342.460632 8726.015091 45535.255432 3.000000
81412 -26407.331467 8639.106750 45989.803314 1.000000
81413 -27328.865051 8523.855209 46048.210144 1.000000
81414 -29431.360245 7820.847511 45913.311005 1.000000
81415 -29955.133438 7698.061466 45920.932770 2.000000
81416 -30157.518387 7274.786472 45897.720337 2.000000
81417 -25497.274399 9114.988327 45164.115906 3.000000
81418 -26241.424561 9040.674210 45513.050079 2.000000
81419 -26880.310059 8864.126205 45777.000427 1.000000
81420 -30495.609283 8932.463646 44805.706024 3.000000
81421 -31707.220078 8074.932098 44723.297119 4.000000
81432 -27012.052536 10563.674927 44070.594788 4.000000
81433 -28465.888977 10606.757164 44255.222321 4.000000
81434 -29976.505280 10149.830818 44347.370148 4.000000
81435 -31313.938141 9227.775574 44221.183777 4.000000
81450 -30420.787811 10367.814064 44025.886536 4.000000
82778 -29588.972092 7404.458523 46117.652893 1.000000
82779 -29757.944107 7307.230473 46053.611755 1.000000
82780 -29957.120895 7230.129719 46010.604858 2.000000
82781 -29502.159119 7601.504326 45991.920471 1.000000
82782 -29746.387482 7581.070900 45967.342377 1.000000
82783 -29995.494843 7454.790592 45928.085327 2.000000
82793 -28823.692322 10913.759232 43912.197113 4.000000
82794 -29229.255676 10705.181122 44113.250732 4.000000
82795 -31676.027298 9354.634285 43865.001678 4.000000
