#!ascii label  , from subject fsaverage_star vox2ras=TkReg
902
335  23.249  -12.170  -27.968 0.0000000000
336  26.170  -14.510  -31.673 0.0000000000
337  25.817  -5.363  -34.244 0.0000000000
602  26.757  2.374  -35.911 0.0000000000
816  22.682  -7.753  -30.751 0.0000000000
817  25.431  -5.854  -31.923 0.0000000000
1368  31.850  -11.921  -31.555 0.0000000000
1757  20.859  -10.957  -28.889 0.0000000000
1758  24.960  -9.490  -33.272 0.0000000000
1759  31.360  -6.744  -32.938 0.0000000000
2444  26.318  -2.555  -30.706 0.0000000000
2445  26.305  -1.339  -34.964 0.0000000000
2736  26.170  -8.568  -30.988 0.0000000000
3886  21.218  -13.118  -27.467 0.0000000000
3887  21.196  -10.664  -27.864 0.0000000000
3888  23.898  -6.623  -32.881 0.0000000000
3889  22.912  -8.074  -32.183 0.0000000000
3890  25.266  -7.320  -33.897 0.0000000000
3891  28.093  -8.363  -32.994 0.0000000000
3892  28.099  -5.921  -33.592 0.0000000000
5463  27.384  4.066  -35.266 0.0000000000
5464  28.579  2.383  -31.517 0.0000000000
5465  27.007  1.459  -31.963 0.0000000000
5467  25.474  0.304  -32.663 0.0000000000
5468  25.026  -1.517  -32.956 0.0000000000
5469  26.434  0.566  -35.755 0.0000000000
5543  23.997  -15.521  -30.231 0.0000000000
6075  25.043  -11.603  -29.033 0.0000000000
6076  22.315  -9.405  -28.968 0.0000000000
6077  24.177  -9.118  -30.130 0.0000000000
6078  24.224  -7.064  -31.658 0.0000000000
6079  24.649  -5.203  -33.190 0.0000000000
7024  27.504  4.998  -38.163 0.0000000000
7025  28.211  2.988  -37.711 0.0000000000
7070  28.851  -13.244  -31.683 0.0000000000
7071  30.105  -15.927  -30.587 0.0000000000
7072  32.481  -14.501  -30.933 0.0000000000
7934  25.220  -18.764  -23.990 0.0000000000
7938  21.514  -13.807  -28.700 0.0000000000
7939  22.465  -12.425  -30.547 0.0000000000
7940  21.466  -8.902  -29.880 0.0000000000
7941  22.208  -9.930  -31.270 0.0000000000
7942  25.225  -11.877  -32.499 0.0000000000
7943  28.297  -10.854  -32.434 0.0000000000
7944  31.646  -9.350  -32.164 0.0000000000
9887  31.386  -2.720  -27.205 0.0000000000
9891  25.915  -4.111  -31.587 0.0000000000
9892  24.874  -3.450  -33.282 0.0000000000
9893  26.164  -3.388  -34.531 0.0000000000
9894  28.966  0.786  -36.323 0.0000000000
9895  29.123  -1.311  -34.971 0.0000000000
9896  28.790  -3.599  -33.949 0.0000000000
11563  24.904  -14.322  -27.483 0.0000000000
11564  24.510  -14.981  -26.847 0.0000000000
11565  22.874  -12.951  -27.421 0.0000000000
11566  21.690  -12.062  -27.425 0.0000000000
11567  22.020  -11.221  -27.834 0.0000000000
11568  24.764  -6.046  -33.706 0.0000000000
11569  24.423  -6.887  -33.536 0.0000000000
11570  25.531  -6.331  -34.053 0.0000000000
11571  26.710  -6.732  -33.884 0.0000000000
11572  26.822  -5.610  -34.087 0.0000000000
13143  26.986  3.246  -35.647 0.0000000000
13144  27.372  2.624  -33.801 0.0000000000
13145  26.725  2.017  -34.101 0.0000000000
13146  26.168  0.944  -32.303 0.0000000000
13147  26.155  1.330  -34.467 0.0000000000
13148  25.674  0.484  -34.355 0.0000000000
13149  26.550  1.485  -35.919 0.0000000000
13223  25.006  -15.087  -31.147 0.0000000000
13224  25.985  -16.614  -30.656 0.0000000000
13225  27.035  -15.945  -31.106 0.0000000000
13966  24.486  -10.310  -29.485 0.0000000000
13967  25.552  -10.190  -30.009 0.0000000000
13968  25.762  -7.180  -31.505 0.0000000000
13969  25.056  -7.714  -31.302 0.0000000000
13970  24.869  -6.474  -31.934 0.0000000000
13971  24.401  -6.031  -32.525 0.0000000000
13972  24.775  -5.375  -32.528 0.0000000000
15623  30.355  -12.552  -31.481 0.0000000000
15624  30.878  -13.890  -31.103 0.0000000000
15625  32.159  -13.276  -31.329 0.0000000000
17411  23.991  -16.590  -25.520 0.0000000000
17413  23.759  -17.428  -24.839 0.0000000000
17418  20.772  -11.925  -28.122 0.0000000000
17419  21.116  -13.303  -28.021 0.0000000000
17420  20.994  -12.315  -28.744 0.0000000000
17421  21.724  -12.968  -29.478 0.0000000000
17422  21.345  -11.539  -29.636 0.0000000000
17423  22.308  -8.398  -29.730 0.0000000000
17424  21.683  -8.960  -29.320 0.0000000000
17425  21.956  -8.190  -30.283 0.0000000000
17426  23.716  -8.711  -32.921 0.0000000000
17427  22.469  -8.897  -31.784 0.0000000000
17428  23.482  -9.727  -32.479 0.0000000000
17429  23.421  -10.883  -32.038 0.0000000000
17430  24.929  -10.636  -32.897 0.0000000000
17431  26.759  -11.445  -32.695 0.0000000000
17432  26.583  -10.237  -33.091 0.0000000000
17433  29.711  -7.514  -32.632 0.0000000000
17434  29.890  -8.785  -32.249 0.0000000000
17435  31.492  -8.014  -32.458 0.0000000000
17436  32.924  -8.934  -33.311 0.0000000000
22150  29.390  4.356  -32.692 0.0000000000
22155  29.806  -1.694  -27.662 0.0000000000
22156  31.079  -3.083  -28.007 0.0000000000
22157  29.441  -2.154  -28.343 0.0000000000
22158  26.778  -2.002  -30.062 0.0000000000
22159  28.606  -3.048  -29.750 0.0000000000
22160  28.137  -3.556  -30.348 0.0000000000
22162  27.596  -4.159  -30.854 0.0000000000
22163  27.303  -4.952  -31.227 0.0000000000
22164  26.190  -3.363  -31.205 0.0000000000
22165  25.327  -1.401  -34.234 0.0000000000
22166  24.937  -2.526  -33.118 0.0000000000
22167  25.229  -2.382  -34.240 0.0000000000
22168  25.243  -3.363  -34.140 0.0000000000
22169  26.225  -2.381  -34.764 0.0000000000
22170  29.357  3.021  -38.122 0.0000000000
22171  28.684  1.899  -37.009 0.0000000000
22172  29.914  1.968  -37.240 0.0000000000
22174  30.493  -0.371  -35.734 0.0000000000
22175  30.548  -1.489  -34.993 0.0000000000
22176  29.012  -2.445  -34.353 0.0000000000
22177  30.483  -2.681  -34.284 0.0000000000
22178  30.303  -3.854  -33.662 0.0000000000
22396  31.842  -16.651  -30.084 0.0000000000
23359  26.501  -6.592  -31.533 0.0000000000
25424  24.189  -15.762  -26.161 0.0000000000
25425  22.672  -14.904  -26.338 0.0000000000
25426  21.893  -14.566  -26.761 0.0000000000
25427  21.746  -13.280  -27.058 0.0000000000
25428  21.036  -11.804  -27.651 0.0000000000
25429  20.832  -10.642  -28.311 0.0000000000
25430  23.238  -7.175  -31.845 0.0000000000
25431  22.525  -7.700  -31.390 0.0000000000
25432  23.411  -7.311  -32.626 0.0000000000
25433  24.025  -7.752  -33.347 0.0000000000
25434  25.154  -8.400  -33.628 0.0000000000
25435  26.592  -9.089  -33.389 0.0000000000
25436  26.573  -7.887  -33.655 0.0000000000
25437  28.060  -7.127  -33.283 0.0000000000
25438  29.609  -6.244  -33.017 0.0000000000
28265  27.867  4.890  -34.849 0.0000000000
28266  28.668  3.883  -33.277 0.0000000000
28267  27.979  3.277  -33.603 0.0000000000
28272  26.022  -0.388  -30.643 0.0000000000
28273  25.566  -1.068  -31.211 0.0000000000
28274  25.371  -1.936  -31.589 0.0000000000
28275  25.066  -0.536  -32.792 0.0000000000
28276  25.437  -0.443  -34.321 0.0000000000
28277  26.271  -0.413  -35.313 0.0000000000
28409  23.346  -16.091  -29.249 0.0000000000
28411  25.113  -17.167  -29.885 0.0000000000
29535  23.952  -11.674  -28.518 0.0000000000
29536  22.538  -10.575  -28.341 0.0000000000
29537  23.415  -10.379  -28.938 0.0000000000
29538  23.194  -9.210  -29.544 0.0000000000
29539  23.240  -8.256  -30.296 0.0000000000
29540  25.284  -9.057  -30.579 0.0000000000
29541  24.242  -8.128  -30.874 0.0000000000
29542  23.492  -7.440  -31.233 0.0000000000
29543  23.872  -6.675  -32.161 0.0000000000
29544  24.346  -5.925  -33.101 0.0000000000
29545  25.004  -5.198  -33.817 0.0000000000
31748  27.277  5.559  -36.324 0.0000000000
31749  27.154  4.574  -36.838 0.0000000000
31750  27.125  3.690  -37.218 0.0000000000
31751  27.311  2.651  -37.096 0.0000000000
31752  27.738  4.028  -38.198 0.0000000000
31753  28.718  4.065  -38.848 0.0000000000
31856  27.609  -13.933  -31.799 0.0000000000
31857  28.224  -15.241  -31.259 0.0000000000
31858  29.524  -14.584  -31.154 0.0000000000
31859  31.224  -15.203  -30.681 0.0000000000
31860  32.812  -15.908  -30.373 0.0000000000
31862  33.764  -15.439  -30.958 0.0000000000
34153  24.769  -19.415  -23.357 0.0000000000
34162  22.187  -15.320  -28.447 0.0000000000
34163  22.453  -14.521  -29.439 0.0000000000
34164  23.059  -13.950  -30.399 0.0000000000
34165  24.199  -13.542  -31.407 0.0000000000
34166  21.721  -9.907  -28.393 0.0000000000
34167  21.174  -9.636  -28.702 0.0000000000
34168  21.043  -9.846  -29.319 0.0000000000
34169  21.979  -8.374  -30.987 0.0000000000
34170  21.608  -9.279  -30.583 0.0000000000
34171  21.385  -10.350  -29.981 0.0000000000
34172  22.159  -11.105  -30.810 0.0000000000
34173  23.663  -12.156  -31.655 0.0000000000
34174  25.528  -13.147  -32.088 0.0000000000
34175  27.067  -12.664  -32.280 0.0000000000
34176  28.632  -12.034  -32.030 0.0000000000
34177  30.106  -11.314  -31.784 0.0000000000
34178  28.205  -9.594  -32.731 0.0000000000
34179  29.973  -10.055  -31.969 0.0000000000
34180  31.699  -10.641  -31.802 0.0000000000
34181  33.008  -10.180  -32.808 0.0000000000
39894  29.386  2.762  -31.173 0.0000000000
39903  29.036  -2.548  -29.076 0.0000000000
39910  26.954  -5.747  -31.398 0.0000000000
39911  25.654  -4.981  -31.868 0.0000000000
39912  25.233  -2.798  -31.988 0.0000000000
39913  25.114  -3.708  -32.234 0.0000000000
39914  24.950  -4.551  -32.458 0.0000000000
39915  24.797  -4.352  -33.310 0.0000000000
39916  25.175  -4.324  -34.019 0.0000000000
39917  26.012  -4.368  -34.360 0.0000000000
39918  27.490  1.640  -36.699 0.0000000000
39919  27.581  0.607  -36.202 0.0000000000
39920  27.623  -0.313  -35.671 0.0000000000
39921  30.281  0.780  -36.521 0.0000000000
39922  29.110  -0.243  -35.650 0.0000000000
39923  27.604  -1.310  -35.118 0.0000000000
39924  27.562  -2.377  -34.697 0.0000000000
39925  27.324  -3.463  -34.435 0.0000000000
39926  27.121  -4.581  -34.212 0.0000000000
39927  28.505  -4.790  -33.718 0.0000000000
39928  29.959  -5.071  -33.287 0.0000000000
39929  31.560  -5.595  -33.422 0.0000000000
40189  29.123  -16.682  -30.574 0.0000000000
42281  24.335  -12.939  -28.072 0.0000000000
42283  24.024  -13.253  -27.799 0.0000000000
42284  23.765  -13.641  -27.432 0.0000000000
42285  23.095  -12.583  -27.709 0.0000000000
42287  22.557  -11.632  -27.865 0.0000000000
42288  25.338  -5.695  -34.062 0.0000000000
42289  25.088  -6.161  -33.898 0.0000000000
42290  25.753  -5.863  -34.174 0.0000000000
42291  26.234  -6.030  -34.158 0.0000000000
42292  26.263  -5.480  -34.229 0.0000000000
43863  26.848  2.828  -35.879 0.0000000000
43864  26.881  2.581  -34.951 0.0000000000
43865  26.675  2.213  -35.057 0.0000000000
43866  26.430  1.666  -34.293 0.0000000000
43867  26.456  1.842  -35.189 0.0000000000
43868  26.295  1.399  -35.265 0.0000000000
43869  26.677  1.919  -35.917 0.0000000000
43943  25.418  -14.747  -31.342 0.0000000000
43944  26.018  -15.555  -31.193 0.0000000000
43945  26.545  -15.263  -31.369 0.0000000000
44686  25.822  -10.852  -29.765 0.0000000000
44688  25.622  -6.516  -31.716 0.0000000000
44689  25.269  -6.803  -31.706 0.0000000000
44690  25.179  -6.211  -31.920 0.0000000000
44691  24.844  -5.912  -32.221 0.0000000000
44692  25.082  -5.596  -32.187 0.0000000000
46343  31.089  -12.220  -31.469 0.0000000000
46344  31.271  -12.908  -31.342 0.0000000000
46345  32.041  -12.538  -31.368 0.0000000000
48131  23.207  -16.233  -25.643 0.0000000000
48132  23.903  -17.050  -25.141 0.0000000000
48134  23.095  -17.221  -25.038 0.0000000000
48138  20.775  -11.443  -28.502 0.0000000000
48139  20.818  -12.102  -28.406 0.0000000000
48140  20.895  -11.607  -28.825 0.0000000000
48141  21.132  -11.892  -29.196 0.0000000000
48142  21.044  -11.214  -29.242 0.0000000000
48143  22.436  -8.055  -30.201 0.0000000000
48144  22.092  -8.253  -29.981 0.0000000000
48145  22.283  -7.927  -30.456 0.0000000000
48146  24.317  -9.114  -33.168 0.0000000000
48147  23.540  -9.178  -32.681 0.0000000000
48148  24.272  -9.637  -32.917 0.0000000000
48149  24.201  -10.226  -32.811 0.0000000000
48150  24.967  -10.068  -33.079 0.0000000000
48151  25.744  -10.501  -33.110 0.0000000000
48152  25.718  -9.864  -33.270 0.0000000000
48153  30.606  -7.113  -32.717 0.0000000000
48154  30.617  -7.725  -32.367 0.0000000000
48155  31.502  -7.416  -32.774 0.0000000000
48156  32.259  -7.809  -33.054 0.0000000000
48157  32.042  -7.124  -33.204 0.0000000000
52873  28.663  -0.304  -28.127 0.0000000000
52874  29.315  -0.901  -27.663 0.0000000000
52875  29.063  -1.187  -27.832 0.0000000000
52876  29.634  -1.929  -28.005 0.0000000000
52878  26.553  -2.279  -30.371 0.0000000000
52880  27.228  -3.058  -30.441 0.0000000000
52881  27.886  -3.833  -30.654 0.0000000000
52882  26.934  -3.318  -30.824 0.0000000000
52883  26.847  -3.735  -30.994 0.0000000000
52884  26.225  -2.955  -30.995 0.0000000000
52885  25.735  -1.397  -34.687 0.0000000000
52886  25.305  -1.893  -34.185 0.0000000000
52887  25.720  -1.840  -34.619 0.0000000000
52888  25.681  -2.368  -34.573 0.0000000000
52889  26.245  -1.827  -34.896 0.0000000000
52890  29.947  2.860  -38.347 0.0000000000
52891  29.666  2.502  -37.714 0.0000000000
52892  30.260  2.339  -37.910 0.0000000000
52894  31.177  -1.111  -35.530 0.0000000000
52895  31.135  -1.715  -35.183 0.0000000000
52896  30.513  -2.080  -34.661 0.0000000000
52897  31.147  -2.285  -34.834 0.0000000000
52898  31.137  -2.902  -34.443 0.0000000000
54291  26.720  -7.287  -31.371 0.0000000000
54292  27.171  -7.024  -31.349 0.0000000000
57731  23.534  -14.394  -26.847 0.0000000000
57732  24.344  -15.360  -26.476 0.0000000000
57733  23.426  -14.843  -26.534 0.0000000000
57734  23.348  -15.291  -26.219 0.0000000000
57737  22.162  -13.505  -26.965 0.0000000000
57738  21.432  -11.387  -27.652 0.0000000000
57739  21.315  -11.885  -27.517 0.0000000000
57740  21.097  -11.232  -27.754 0.0000000000
57741  20.843  -11.194  -27.923 0.0000000000
57742  20.978  -10.611  -28.076 0.0000000000
57743  23.553  -6.926  -32.398 0.0000000000
57744  23.274  -7.196  -32.230 0.0000000000
57745  23.672  -7.006  -32.746 0.0000000000
57746  24.793  -7.070  -33.803 0.0000000000
57747  24.245  -7.304  -33.474 0.0000000000
57748  24.673  -7.549  -33.669 0.0000000000
57749  24.578  -8.080  -33.553 0.0000000000
57750  25.207  -7.864  -33.772 0.0000000000
57751  25.876  -8.177  -33.703 0.0000000000
57752  25.876  -7.601  -33.835 0.0000000000
57753  27.359  -6.340  -33.750 0.0000000000
57754  27.395  -6.950  -33.621 0.0000000000
57755  28.068  -6.515  -33.454 0.0000000000
57756  28.840  -6.695  -33.136 0.0000000000
57757  28.804  -6.071  -33.270 0.0000000000
62468  27.621  4.495  -35.090 0.0000000000
62469  27.953  4.075  -34.325 0.0000000000
62470  27.658  3.717  -34.502 0.0000000000
62471  27.204  2.020  -32.915 0.0000000000
62472  27.598  2.297  -32.865 0.0000000000
62473  27.417  1.694  -31.841 0.0000000000
62474  27.616  1.291  -30.743 0.0000000000
62475  27.227  1.063  -30.807 0.0000000000
62477  26.793  0.867  -31.066 0.0000000000
62478  25.806  0.617  -32.416 0.0000000000
62479  25.968  0.327  -31.417 0.0000000000
62480  25.664  0.022  -31.614 0.0000000000
62481  25.751  -0.663  -30.972 0.0000000000
62482  25.402  -0.260  -31.877 0.0000000000
62483  25.267  -0.777  -31.945 0.0000000000
62484  25.280  -0.107  -32.697 0.0000000000
62485  26.001  0.529  -35.099 0.0000000000
62486  25.515  0.028  -34.367 0.0000000000
62487  25.813  0.044  -35.022 0.0000000000
62488  25.787  -0.430  -34.942 0.0000000000
62489  26.338  0.081  -35.517 0.0000000000
62708  23.705  -15.808  -29.744 0.0000000000
62709  24.238  -16.671  -29.632 0.0000000000
62710  24.624  -16.376  -30.099 0.0000000000
62711  27.069  -17.088  -30.647 0.0000000000
62712  26.615  -17.375  -30.347 0.0000000000
64935  24.452  -11.639  -28.813 0.0000000000
64936  23.656  -11.029  -28.728 0.0000000000
64937  24.188  -10.966  -28.959 0.0000000000
64938  24.334  -9.666  -29.771 0.0000000000
64939  23.814  -9.743  -29.486 0.0000000000
64940  23.705  -9.150  -29.830 0.0000000000
64941  23.176  -8.693  -29.907 0.0000000000
64942  23.685  -8.678  -30.199 0.0000000000
64944  25.891  -9.501  -30.481 0.0000000000
64945  25.736  -8.816  -30.823 0.0000000000
64946  24.602  -7.366  -31.468 0.0000000000
64947  24.682  -7.944  -31.049 0.0000000000
64948  24.212  -7.562  -31.199 0.0000000000
64949  23.803  -7.728  -31.058 0.0000000000
64950  23.855  -7.244  -31.426 0.0000000000
64951  23.615  -7.012  -31.698 0.0000000000
64952  23.974  -6.810  -31.898 0.0000000000
64953  24.524  -5.564  -32.875 0.0000000000
64954  24.324  -5.942  -32.818 0.0000000000
64955  24.568  -5.518  -33.174 0.0000000000
64956  24.729  -5.552  -33.511 0.0000000000
64957  24.752  -5.169  -33.518 0.0000000000
69679  27.210  5.296  -37.282 0.0000000000
69680  27.252  4.810  -37.543 0.0000000000
69681  27.134  4.140  -37.052 0.0000000000
69682  27.290  4.322  -37.778 0.0000000000
69683  27.396  3.878  -37.743 0.0000000000
69684  27.588  4.490  -38.227 0.0000000000
69686  28.422  4.550  -39.035 0.0000000000
69687  28.876  4.456  -39.359 0.0000000000
69688  29.208  3.930  -39.148 0.0000000000
69908  28.290  -13.647  -31.747 0.0000000000
69909  28.565  -14.256  -31.487 0.0000000000
69910  29.207  -13.924  -31.434 0.0000000000
69911  31.772  -14.199  -30.966 0.0000000000
69912  31.136  -14.519  -30.925 0.0000000000
69913  31.955  -14.908  -30.724 0.0000000000
69914  32.022  -15.551  -30.524 0.0000000000
69915  32.645  -15.252  -30.681 0.0000000000
69922  33.836  -15.942  -30.547 0.0000000000
75280  24.930  -19.042  -23.721 0.0000000000
75293  21.559  -13.804  -27.160 0.0000000000
75295  21.398  -13.819  -27.411 0.0000000000
75296  21.258  -13.548  -28.351 0.0000000000
75297  21.390  -14.084  -28.004 0.0000000000
75298  21.527  -14.269  -28.288 0.0000000000
75299  21.814  -15.043  -28.079 0.0000000000
75300  21.835  -14.552  -28.608 0.0000000000
75301  22.278  -14.875  -28.961 0.0000000000
75302  21.861  -14.102  -29.045 0.0000000000
75303  21.976  -12.624  -29.950 0.0000000000
75304  22.304  -13.417  -29.966 0.0000000000
75305  22.767  -13.210  -30.413 0.0000000000
75306  23.649  -13.790  -30.936 0.0000000000
75307  23.243  -12.961  -30.981 0.0000000000
75308  22.413  -9.976  -28.645 0.0000000000
75309  22.070  -10.188  -28.357 0.0000000000
75311  21.514  -8.883  -29.541 0.0000000000
75312  21.424  -9.265  -29.013 0.0000000000
75313  21.280  -9.259  -29.252 0.0000000000
75314  21.075  -9.706  -28.996 0.0000000000
75315  21.178  -9.350  -29.568 0.0000000000
75316  22.700  -7.865  -31.799 0.0000000000
75317  22.238  -8.022  -31.180 0.0000000000
75318  22.350  -8.186  -31.520 0.0000000000
75319  22.314  -9.398  -31.511 0.0000000000
75320  21.995  -9.049  -31.126 0.0000000000
75321  21.820  -9.564  -30.892 0.0000000000
75322  21.444  -9.808  -30.302 0.0000000000
75323  21.755  -10.128  -30.683 0.0000000000
75324  21.710  -10.697  -30.368 0.0000000000
75325  22.181  -10.516  -31.046 0.0000000000
75326  24.243  -11.368  -32.305 0.0000000000
75327  23.475  -11.480  -31.847 0.0000000000
75328  24.394  -12.035  -32.189 0.0000000000
75329  24.642  -12.711  -32.010 0.0000000000
75330  25.384  -12.528  -32.334 0.0000000000
75331  26.386  -12.961  -32.286 0.0000000000
75332  26.083  -12.307  -32.547 0.0000000000
75333  27.514  -11.156  -32.582 0.0000000000
75334  27.706  -11.745  -32.352 0.0000000000
75335  28.472  -11.441  -32.193 0.0000000000
75336  29.432  -11.710  -31.819 0.0000000000
75337  29.181  -11.066  -32.070 0.0000000000
75338  27.404  -8.766  -33.207 0.0000000000
75339  27.344  -9.350  -33.076 0.0000000000
75340  28.083  -8.940  -32.854 0.0000000000
75341  30.751  -9.010  -32.078 0.0000000000
75342  29.900  -9.458  -32.217 0.0000000000
75343  30.801  -9.689  -31.947 0.0000000000
75344  30.866  -10.318  -31.799 0.0000000000
75345  31.753  -10.011  -31.993 0.0000000000
75346  32.465  -10.362  -32.198 0.0000000000
75347  32.461  -9.739  -32.401 0.0000000000
89491  28.698  3.102  -32.481 0.0000000000
89492  29.073  3.322  -32.244 0.0000000000
89493  28.969  2.602  -31.436 0.0000000000
89501  30.834  -2.078  -27.026 0.0000000000
89503  31.592  -2.574  -26.733 0.0000000000
89508  30.922  -3.286  -28.420 0.0000000000
89514  28.345  -1.832  -28.815 0.0000000000
89516  29.299  -3.818  -30.004 0.0000000000
89517  29.528  -3.566  -29.662 0.0000000000
89530  26.578  -4.495  -31.387 0.0000000000
89531  27.111  -5.363  -31.299 0.0000000000
89532  26.411  -4.929  -31.488 0.0000000000
89533  26.290  -5.339  -31.612 0.0000000000
89534  25.846  -4.599  -31.724 0.0000000000
89535  25.109  -1.705  -32.207 0.0000000000
89536  25.322  -2.438  -31.739 0.0000000000
89537  25.075  -2.225  -32.355 0.0000000000
89538  24.890  -3.010  -33.202 0.0000000000
89539  24.963  -3.097  -32.578 0.0000000000
89540  24.944  -3.571  -32.726 0.0000000000
89541  25.024  -4.140  -32.377 0.0000000000
89542  24.874  -4.033  -32.813 0.0000000000
89543  24.784  -4.429  -32.886 0.0000000000
89544  24.878  -3.960  -33.277 0.0000000000
89545  25.626  -3.348  -34.430 0.0000000000
89546  25.248  -3.873  -34.082 0.0000000000
89547  25.597  -3.852  -34.330 0.0000000000
89548  25.534  -4.296  -34.258 0.0000000000
89549  26.030  -3.873  -34.476 0.0000000000
89550  27.748  2.826  -37.492 0.0000000000
89551  27.362  2.133  -36.965 0.0000000000
89552  27.893  2.290  -37.191 0.0000000000
89553  28.810  1.310  -36.699 0.0000000000
89554  28.163  1.239  -36.606 0.0000000000
89555  28.304  0.700  -36.281 0.0000000000
89556  27.665  0.169  -35.931 0.0000000000
89557  28.368  0.225  -35.979 0.0000000000
89559  30.742  1.232  -37.092 0.0000000000
89560  30.939  0.634  -36.728 0.0000000000
89561  29.898  -0.826  -35.281 0.0000000000
89562  29.826  -0.277  -35.654 0.0000000000
89563  29.119  -0.776  -35.316 0.0000000000
89564  28.425  -0.765  -35.375 0.0000000000
89565  28.365  -1.303  -35.045 0.0000000000
89566  27.600  -1.796  -34.907 0.0000000000
89567  28.340  -1.819  -34.773 0.0000000000
89568  28.947  -3.025  -34.149 0.0000000000
89569  28.172  -2.963  -34.373 0.0000000000
89570  28.057  -3.525  -34.222 0.0000000000
89571  27.225  -4.012  -34.325 0.0000000000
89572  27.931  -4.093  -34.086 0.0000000000
89573  27.823  -4.679  -33.966 0.0000000000
89574  28.627  -4.183  -33.822 0.0000000000
89575  31.067  -4.112  -33.771 0.0000000000
89576  30.175  -4.497  -33.448 0.0000000000
89577  30.943  -4.717  -33.491 0.0000000000
89578  30.785  -5.299  -33.267 0.0000000000
90226  29.184  -15.604  -30.945 0.0000000000
90227  28.595  -15.949  -30.931 0.0000000000
90228  29.568  -16.299  -30.566 0.0000000000
93457  23.689  -19.960  -22.999 0.0000000000
94543  24.640  -14.630  -27.185 0.0000000000
94544  23.606  -13.971  -27.171 0.0000000000
94545  22.718  -13.327  -27.184 0.0000000000
94546  22.170  -12.946  -27.199 0.0000000000
94547  22.244  -12.475  -27.413 0.0000000000
94548  21.834  -11.636  -27.603 0.0000000000
94549  21.566  -10.880  -27.831 0.0000000000
94550  24.366  -6.368  -33.326 0.0000000000
94551  24.124  -6.741  -33.225 0.0000000000
94552  24.606  -6.465  -33.654 0.0000000000
94553  24.964  -6.624  -33.841 0.0000000000
94554  25.420  -6.824  -33.930 0.0000000000
94555  25.967  -7.063  -33.916 0.0000000000
94556  26.085  -6.527  -34.032 0.0000000000
94557  26.743  -6.166  -34.008 0.0000000000
94558  27.434  -5.761  -33.873 0.0000000000
97385  27.197  3.648  -35.438 0.0000000000
97386  27.405  3.331  -34.561 0.0000000000
97387  27.108  2.975  -34.769 0.0000000000
97388  27.025  2.316  -33.921 0.0000000000
97389  26.823  1.766  -33.089 0.0000000000
97390  26.574  1.203  -32.121 0.0000000000
97391  26.444  1.483  -33.263 0.0000000000
97392  26.069  1.183  -33.381 0.0000000000
97393  25.775  0.802  -33.473 0.0000000000
97394  25.446  0.439  -33.521 0.0000000000
97395  25.885  0.924  -34.389 0.0000000000
97396  26.119  0.994  -35.216 0.0000000000
97397  26.524  1.033  -35.821 0.0000000000
97529  24.482  -15.291  -30.697 0.0000000000
97530  24.958  -16.091  -30.509 0.0000000000
97531  25.461  -15.821  -30.905 0.0000000000
97532  26.505  -16.319  -30.971 0.0000000000
97533  27.536  -16.683  -30.772 0.0000000000
98866  24.717  -10.932  -29.288 0.0000000000
98867  25.305  -10.948  -29.500 0.0000000000
98868  25.039  -10.227  -29.757 0.0000000000
98869  24.749  -9.610  -30.105 0.0000000000
98870  25.948  -7.883  -31.300 0.0000000000
98871  25.580  -8.119  -31.149 0.0000000000
98872  25.374  -7.465  -31.449 0.0000000000
98873  24.862  -7.064  -31.598 0.0000000000
98874  24.556  -6.838  -31.816 0.0000000000
98875  24.320  -6.601  -32.078 0.0000000000
98876  24.579  -6.210  -32.188 0.0000000000
98877  24.627  -5.696  -32.543 0.0000000000
98878  24.659  -5.272  -32.861 0.0000000000
101849  29.587  -12.926  -31.593 0.0000000000
101850  29.917  -13.585  -31.365 0.0000000000
101851  30.555  -13.200  -31.312 0.0000000000
101852  31.594  -13.537  -31.125 0.0000000000
101853  32.400  -13.931  -31.143 0.0000000000
105067  24.967  -17.036  -25.450 0.0000000000
105069  24.766  -17.392  -25.096 0.0000000000
105070  24.546  -17.688  -24.754 0.0000000000
105071  24.426  -18.078  -24.417 0.0000000000
105073  23.646  -17.813  -24.571 0.0000000000
105080  20.911  -12.495  -27.732 0.0000000000
105081  21.126  -13.174  -27.730 0.0000000000
105082  20.883  -12.621  -28.047 0.0000000000
105083  21.026  -12.793  -28.382 0.0000000000
105084  21.225  -13.048  -28.707 0.0000000000
105085  21.511  -13.361  -29.076 0.0000000000
105086  21.268  -12.604  -29.048 0.0000000000
105087  21.513  -12.225  -29.569 0.0000000000
105088  21.830  -11.944  -30.044 0.0000000000
105089  22.295  -8.946  -29.374 0.0000000000
105090  21.954  -9.122  -29.139 0.0000000000
105091  21.964  -8.689  -29.524 0.0000000000
105092  21.773  -8.549  -29.802 0.0000000000
105093  21.698  -8.546  -30.118 0.0000000000
105094  23.203  -8.338  -32.543 0.0000000000
105095  22.688  -8.470  -32.002 0.0000000000
105096  23.051  -8.800  -32.349 0.0000000000
105097  22.896  -9.269  -32.134 0.0000000000
105098  22.708  -9.741  -31.860 0.0000000000
105099  22.724  -10.366  -31.680 0.0000000000
105100  23.360  -10.232  -32.234 0.0000000000
105101  24.133  -10.741  -32.521 0.0000000000
105102  24.964  -11.239  -32.699 0.0000000000
105103  25.869  -11.660  -32.668 0.0000000000
105104  25.786  -11.054  -32.836 0.0000000000
105105  26.655  -10.860  -32.907 0.0000000000
105106  27.463  -10.582  -32.792 0.0000000000
105107  28.819  -7.926  -32.809 0.0000000000
105108  28.975  -8.596  -32.623 0.0000000000
105109  29.781  -8.153  -32.492 0.0000000000
105110  30.722  -8.388  -32.290 0.0000000000
105111  31.616  -8.630  -32.251 0.0000000000
105112  32.386  -9.079  -32.616 0.0000000000
105113  32.265  -8.412  -32.772 0.0000000000
105114  32.714  -8.257  -33.511 0.0000000000
113598  29.870  3.648  -31.678 0.0000000000
113606  30.053  -1.514  -27.317 0.0000000000
113607  30.633  -2.225  -27.485 0.0000000000
113608  31.231  -2.894  -27.665 0.0000000000
113609  30.508  -2.445  -27.859 0.0000000000
113610  30.302  -2.627  -28.246 0.0000000000
113611  30.085  -2.801  -28.653 0.0000000000
113612  27.026  -1.709  -29.741 0.0000000000
113613  27.907  -2.280  -29.521 0.0000000000
113614  27.701  -2.538  -29.829 0.0000000000
113615  28.376  -3.285  -30.082 0.0000000000
113616  29.016  -4.081  -30.249 0.0000000000
113618  28.796  -4.378  -30.473 0.0000000000
113619  28.466  -4.678  -30.704 0.0000000000
113620  28.228  -4.975  -30.883 0.0000000000
113621  28.025  -5.385  -31.029 0.0000000000
113622  27.464  -4.526  -31.077 0.0000000000
113623  26.727  -4.108  -31.246 0.0000000000
113624  26.054  -3.744  -31.398 0.0000000000
113625  25.093  -1.430  -33.640 0.0000000000
113626  24.952  -2.045  -33.052 0.0000000000
113627  25.036  -1.980  -33.658 0.0000000000
113628  25.004  -2.453  -33.675 0.0000000000
113629  24.987  -2.952  -33.722 0.0000000000
113630  24.974  -3.399  -33.741 0.0000000000
113631  25.216  -2.911  -34.162 0.0000000000
113632  25.595  -2.900  -34.486 0.0000000000
113633  26.167  -2.882  -34.636 0.0000000000
113634  28.761  3.091  -37.891 0.0000000000
113635  28.462  2.452  -37.372 0.0000000000
113636  29.045  2.539  -37.528 0.0000000000
113637  29.305  1.971  -37.099 0.0000000000
113638  29.528  1.355  -36.732 0.0000000000
113640  31.006  0.030  -36.377 0.0000000000
113641  31.084  -0.565  -35.912 0.0000000000
113642  30.579  -0.937  -35.346 0.0000000000
113643  29.865  -1.365  -34.924 0.0000000000
113644  29.046  -1.881  -34.660 0.0000000000
113645  29.794  -1.969  -34.619 0.0000000000
113646  29.790  -2.534  -34.240 0.0000000000
113647  29.705  -3.122  -33.970 0.0000000000
113648  29.545  -3.706  -33.754 0.0000000000
113649  30.407  -3.262  -33.935 0.0000000000
113650  31.081  -3.516  -34.097 0.0000000000
114040  30.919  -16.274  -30.375 0.0000000000
114041  30.517  -16.674  -30.284 0.0000000000
115942  26.566  -8.315  -31.135 0.0000000000
115943  26.353  -7.590  -31.364 0.0000000000
115944  26.150  -6.884  -31.537 0.0000000000
115945  25.870  -6.173  -31.709 0.0000000000
120760  25.430  -15.960  -26.461 0.0000000000
120761  25.307  -16.346  -26.143 0.0000000000
120762  25.192  -16.705  -25.796 0.0000000000
120763  24.142  -16.181  -25.823 0.0000000000
120765  22.657  -15.469  -26.088 0.0000000000
120766  22.201  -15.271  -26.311 0.0000000000
120768  21.853  -13.914  -26.930 0.0000000000
120769  21.402  -13.116  -27.242 0.0000000000
120770  21.647  -12.588  -27.288 0.0000000000
120771  21.306  -12.453  -27.357 0.0000000000
120772  21.046  -12.425  -27.509 0.0000000000
120773  20.825  -11.812  -27.861 0.0000000000
120774  20.773  -11.291  -28.196 0.0000000000
120775  20.756  -10.738  -28.597 0.0000000000
120776  22.940  -7.454  -31.305 0.0000000000
120777  22.579  -7.685  -31.066 0.0000000000
120778  22.930  -7.455  -31.698 0.0000000000
120779  22.981  -7.531  -32.070 0.0000000000
120780  23.118  -7.695  -32.415 0.0000000000
120781  23.885  -7.134  -33.140 0.0000000000
120782  23.655  -7.494  -33.014 0.0000000000
120783  23.418  -7.929  -32.783 0.0000000000
120784  23.850  -8.229  -33.089 0.0000000000
120785  24.364  -8.556  -33.317 0.0000000000
120786  25.037  -8.942  -33.484 0.0000000000
120787  25.755  -9.294  -33.418 0.0000000000
120788  25.805  -8.735  -33.580 0.0000000000
120789  26.657  -8.500  -33.493 0.0000000000
120790  27.279  -8.123  -33.350 0.0000000000
120791  26.704  -7.334  -33.730 0.0000000000
120792  27.415  -7.563  -33.458 0.0000000000
120793  28.117  -7.757  -33.146 0.0000000000
120794  28.860  -7.317  -32.945 0.0000000000
120795  29.665  -6.874  -32.823 0.0000000000
120796  30.512  -6.458  -32.858 0.0000000000
127393  28.251  4.411  -34.087 0.0000000000
127394  28.309  3.615  -33.486 0.0000000000
127395  28.308  2.814  -32.592 0.0000000000
127396  27.703  2.967  -33.688 0.0000000000
127397  27.985  2.539  -32.727 0.0000000000
127399  28.025  1.526  -30.640 0.0000000000
127400  27.830  0.847  -29.677 0.0000000000
127402  27.956  -0.676  -28.596 0.0000000000
127403  27.419  -0.097  -29.244 0.0000000000
127406  26.366  0.634  -31.266 0.0000000000
127407  26.309  -0.107  -30.386 0.0000000000
127409  26.297  -1.153  -30.222 0.0000000000
127411  25.900  -1.871  -30.782 0.0000000000
127412  25.780  -2.231  -31.074 0.0000000000
127413  25.457  -1.492  -31.372 0.0000000000
127414  25.200  -1.207  -32.108 0.0000000000
127415  25.084  -1.028  -32.888 0.0000000000
127416  25.314  -0.018  -33.521 0.0000000000
127417  25.197  -0.473  -33.593 0.0000000000
127418  25.124  -0.929  -33.634 0.0000000000
127419  25.340  -0.895  -34.219 0.0000000000
127420  25.743  -0.871  -34.750 0.0000000000
127421  26.293  -0.842  -35.151 0.0000000000
127727  23.126  -16.488  -28.755 0.0000000000
127729  23.827  -16.957  -29.139 0.0000000000
127732  25.595  -16.926  -30.327 0.0000000000
130634  24.702  -12.754  -28.326 0.0000000000
130635  23.613  -11.953  -28.282 0.0000000000
130636  22.850  -11.329  -28.168 0.0000000000
130637  23.175  -11.083  -28.421 0.0000000000
130638  22.937  -10.421  -28.639 0.0000000000
130639  22.796  -9.863  -28.925 0.0000000000
130640  23.976  -10.361  -29.262 0.0000000000
130641  23.270  -9.764  -29.277 0.0000000000
130642  22.713  -9.286  -29.317 0.0000000000
130643  22.633  -8.693  -29.627 0.0000000000
130644  22.750  -8.331  -30.038 0.0000000000
130645  22.861  -7.922  -30.455 0.0000000000
130646  26.071  -10.119  -30.230 0.0000000000
130647  25.383  -9.619  -30.297 0.0000000000
130648  24.769  -9.119  -30.353 0.0000000000
130649  25.172  -8.375  -30.949 0.0000000000
130650  24.718  -8.552  -30.715 0.0000000000
130651  24.189  -8.594  -30.410 0.0000000000
130652  23.730  -8.163  -30.605 0.0000000000
130653  23.373  -7.859  -30.785 0.0000000000
130654  23.090  -7.605  -31.008 0.0000000000
130655  23.321  -7.266  -31.507 0.0000000000
130656  23.521  -6.917  -32.056 0.0000000000
130657  23.851  -6.619  -32.474 0.0000000000
130658  24.165  -6.403  -32.354 0.0000000000
130659  24.135  -6.312  -32.625 0.0000000000
130660  24.211  -6.318  -32.972 0.0000000000
130661  24.520  -5.979  -33.453 0.0000000000
130662  24.978  -5.624  -33.830 0.0000000000
130663  25.379  -5.270  -34.071 0.0000000000
136641  27.506  5.252  -35.626 0.0000000000
136642  27.311  4.822  -35.907 0.0000000000
136644  27.187  5.067  -36.654 0.0000000000
136645  27.198  4.345  -36.109 0.0000000000
136646  27.101  3.903  -36.269 0.0000000000
136647  26.977  3.457  -36.505 0.0000000000
136648  26.968  2.997  -36.580 0.0000000000
136649  26.928  2.510  -36.589 0.0000000000
136650  27.194  3.170  -37.136 0.0000000000
136651  27.562  3.353  -37.636 0.0000000000
136652  27.999  3.511  -37.951 0.0000000000
136653  28.000  4.537  -38.653 0.0000000000
136654  28.208  4.093  -38.531 0.0000000000
136655  28.487  3.586  -38.239 0.0000000000
136656  29.044  3.553  -38.532 0.0000000000
136657  29.590  3.426  -38.804 0.0000000000
136934  26.917  -14.248  -31.784 0.0000000000
136935  27.194  -14.905  -31.513 0.0000000000
136936  27.840  -14.594  -31.534 0.0000000000
136937  28.782  -14.915  -31.228 0.0000000000
136938  29.685  -15.213  -30.936 0.0000000000
136939  30.181  -14.178  -31.102 0.0000000000
136940  30.386  -14.894  -30.870 0.0000000000
136941  30.576  -15.564  -30.649 0.0000000000
136942  31.459  -15.922  -30.396 0.0000000000
136943  32.284  -16.254  -30.257 0.0000000000
136944  33.018  -16.535  -30.086 0.0000000000
136946  32.956  -13.705  -31.357 0.0000000000
136947  33.078  -14.290  -31.153 0.0000000000
136949  33.710  -14.750  -31.202 0.0000000000
136950  33.099  -14.984  -30.932 0.0000000000
136951  33.296  -15.600  -30.657 0.0000000000
136952  33.475  -16.234  -30.293 0.0000000000
136953  33.626  -16.847  -29.941 0.0000000000
143529  24.533  -19.719  -23.052 0.0000000000
143531  23.868  -19.179  -23.500 0.0000000000
143533  23.353  -19.535  -23.552 0.0000000000
143549  21.350  -13.935  -27.697 0.0000000000
143554  22.561  -16.079  -28.381 0.0000000000
143555  22.713  -15.675  -28.864 0.0000000000
143556  22.915  -15.315  -29.368 0.0000000000
143557  23.173  -14.991  -29.858 0.0000000000
143558  22.016  -13.750  -29.481 0.0000000000
143559  22.654  -14.200  -29.877 0.0000000000
143560  23.544  -14.732  -30.357 0.0000000000
143561  23.978  -14.529  -30.778 0.0000000000
143562  24.481  -14.259  -31.272 0.0000000000
143563  25.168  -14.059  -31.604 0.0000000000
143564  22.236  -10.825  -28.082 0.0000000000
143565  21.789  -10.461  -28.051 0.0000000000
143566  21.441  -10.228  -28.097 0.0000000000
143567  21.574  -9.365  -28.831 0.0000000000
143568  21.384  -9.696  -28.484 0.0000000000
143569  21.182  -10.107  -28.260 0.0000000000
143570  20.982  -10.072  -28.517 0.0000000000
143571  20.871  -10.146  -28.789 0.0000000000
143572  20.918  -10.337  -29.052 0.0000000000
143573  22.209  -7.933  -30.811 0.0000000000
143574  21.904  -8.227  -30.662 0.0000000000
143575  21.679  -8.606  -30.413 0.0000000000
143576  22.145  -8.581  -31.332 0.0000000000
143577  21.758  -8.745  -30.742 0.0000000000
143578  21.490  -9.054  -30.246 0.0000000000
143579  21.272  -9.558  -29.947 0.0000000000
143580  21.140  -10.037  -29.660 0.0000000000
143581  21.078  -10.590  -29.384 0.0000000000
143582  21.350  -10.901  -29.792 0.0000000000
143583  21.745  -11.269  -30.222 0.0000000000
143584  22.270  -11.701  -30.619 0.0000000000
143585  22.729  -10.939  -31.417 0.0000000000
143586  22.882  -11.652  -31.300 0.0000000000
143587  23.073  -12.304  -31.129 0.0000000000
143588  23.956  -12.869  -31.566 0.0000000000
143589  24.856  -13.338  -31.811 0.0000000000
143590  25.743  -13.783  -31.915 0.0000000000
143591  26.596  -13.581  -32.005 0.0000000000
143592  27.328  -13.312  -32.046 0.0000000000
143593  28.028  -12.989  -31.982 0.0000000000
143594  26.861  -12.025  -32.499 0.0000000000
143595  27.731  -12.320  -32.237 0.0000000000
143596  28.750  -12.673  -31.891 0.0000000000
143597  29.491  -12.283  -31.734 0.0000000000
143598  30.199  -11.954  -31.599 0.0000000000
143599  31.029  -11.581  -31.589 0.0000000000
143600  26.572  -9.659  -33.241 0.0000000000
143601  27.400  -9.981  -32.945 0.0000000000
143602  28.255  -10.210  -32.559 0.0000000000
143603  29.001  -9.195  -32.499 0.0000000000
143604  29.094  -9.821  -32.327 0.0000000000
143605  29.164  -10.468  -32.196 0.0000000000
143606  30.069  -10.730  -31.866 0.0000000000
143607  30.959  -10.978  -31.714 0.0000000000
143608  31.855  -11.259  -31.699 0.0000000000
143609  32.469  -11.067  -32.067 0.0000000000
143612  32.992  -9.586  -33.060 0.0000000000
160638  29.030  4.125  -32.937 0.0000000000
160639  29.463  3.512  -31.943 0.0000000000
160640  29.783  2.876  -30.893 0.0000000000
160642  29.635  2.242  -30.091 0.0000000000
160666  29.200  -2.332  -28.748 0.0000000000
160667  29.930  -3.063  -28.968 0.0000000000
160668  28.823  -2.803  -29.453 0.0000000000
160669  29.734  -3.331  -29.343 0.0000000000
160686  27.793  -5.787  -31.108 0.0000000000
160687  27.640  -6.183  -31.192 0.0000000000
160688  27.426  -6.625  -31.272 0.0000000000
160689  26.715  -6.173  -31.510 0.0000000000
160690  26.095  -5.773  -31.692 0.0000000000
160691  25.545  -5.412  -31.887 0.0000000000
160693  25.657  -3.049  -31.531 0.0000000000
160694  25.576  -3.487  -31.715 0.0000000000
160695  25.002  -2.635  -32.566 0.0000000000
160696  25.211  -3.279  -32.100 0.0000000000
160697  25.367  -3.847  -31.858 0.0000000000
160698  25.386  -4.336  -32.015 0.0000000000
160699  25.242  -4.735  -32.119 0.0000000000
160700  25.091  -5.121  -32.133 0.0000000000
160701  24.868  -4.958  -32.505 0.0000000000
160702  24.749  -4.843  -32.898 0.0000000000
160703  24.720  -4.771  -33.289 0.0000000000
160704  24.997  -3.906  -33.725 0.0000000000
160705  24.937  -4.326  -33.691 0.0000000000
160706  24.844  -4.751  -33.601 0.0000000000
160707  25.126  -4.743  -33.921 0.0000000000
160708  25.500  -4.767  -34.186 0.0000000000
160709  25.939  -4.853  -34.293 0.0000000000
160710  26.997  2.001  -36.512 0.0000000000
160711  26.991  1.551  -36.401 0.0000000000
160712  26.979  1.060  -36.236 0.0000000000
160713  28.038  1.765  -36.923 0.0000000000
160714  27.508  1.142  -36.461 0.0000000000
160715  26.971  0.566  -36.047 0.0000000000
160716  26.983  0.102  -35.817 0.0000000000
160717  26.918  -0.362  -35.541 0.0000000000
160718  26.963  -0.825  -35.363 0.0000000000
160719  30.565  1.823  -37.408 0.0000000000
160720  30.169  1.364  -36.896 0.0000000000
160721  29.641  0.805  -36.401 0.0000000000
160722  30.413  0.195  -36.136 0.0000000000
160723  29.787  0.272  -35.982 0.0000000000
160724  29.067  0.276  -35.981 0.0000000000
160725  28.368  -0.278  -35.678 0.0000000000
160726  27.681  -0.785  -35.390 0.0000000000
160727  26.958  -1.305  -35.111 0.0000000000
160728  26.910  -1.803  -34.952 0.0000000000
160729  26.834  -2.376  -34.838 0.0000000000
160730  26.795  -2.893  -34.659 0.0000000000
160731  28.293  -2.405  -34.526 0.0000000000
160732  27.488  -2.932  -34.585 0.0000000000
160733  26.705  -3.415  -34.541 0.0000000000
160734  26.570  -3.943  -34.478 0.0000000000
160735  26.555  -4.466  -34.348 0.0000000000
160736  26.426  -4.968  -34.268 0.0000000000
160737  26.990  -5.094  -34.141 0.0000000000
160738  27.614  -5.212  -33.925 0.0000000000
160739  28.286  -5.319  -33.611 0.0000000000
160740  29.398  -4.328  -33.561 0.0000000000
160741  29.196  -4.917  -33.474 0.0000000000
160742  29.044  -5.463  -33.341 0.0000000000
160743  29.861  -5.636  -33.124 0.0000000000
160744  30.707  -5.871  -33.029 0.0000000000
160745  31.510  -6.178  -33.165 0.0000000000
161521  27.617  -15.631  -31.259 0.0000000000
161522  28.063  -16.314  -30.906 0.0000000000
161523  28.562  -17.068  -30.470 0.0000000000
