#!ascii label  , from subject fsaverage_star vox2ras=TkReg
1742
39  31.030  -41.118  -9.030 0.0000000000
85  17.464  -38.322  -7.215 0.0000000000
152  22.797  -20.268  -24.089 0.0000000000
441  21.598  -41.229  -9.733 0.0000000000
609  22.244  -30.894  -12.864 0.0000000000
612  26.750  -29.807  -20.047 0.0000000000
613  32.728  -24.288  -22.677 0.0000000000
825  35.630  -39.482  -10.676 0.0000000000
975  18.428  -39.582  -9.477 0.0000000000
1363  25.790  -23.359  -19.559 0.0000000000
1364  23.162  -25.918  -17.883 0.0000000000
1365  23.795  -24.909  -22.888 0.0000000000
1366  30.182  -27.067  -21.049 0.0000000000
1367  26.823  -23.048  -26.373 0.0000000000
1369  33.131  -17.237  -29.864 0.0000000000
1521  16.130  -38.945  -4.697 0.0000000000
1755  22.638  -16.026  -25.826 0.0000000000
1756  22.917  -16.898  -28.267 0.0000000000
1989  25.940  -41.507  -8.867 0.0000000000
2460  20.386  -35.991  -7.233 0.0000000000
2461  19.166  -34.351  -10.038 0.0000000000
2462  20.174  -34.883  -12.949 0.0000000000
2463  24.685  -35.811  -13.820 0.0000000000
2471  22.095  -30.569  -17.405 0.0000000000
2472  30.542  -34.917  -14.296 0.0000000000
2473  34.385  -32.787  -15.438 0.0000000000
2474  36.615  -29.926  -17.755 0.0000000000
2476  29.937  -20.328  -28.568 0.0000000000
2477  34.907  -21.091  -24.602 0.0000000000
2741  29.784  -43.953  -6.996 0.0000000000
2743  33.005  -43.343  -7.564 0.0000000000
2744  35.253  -42.780  -8.754 0.0000000000
2745  33.535  -40.371  -9.509 0.0000000000
2891  19.273  -41.447  -6.601 0.0000000000
2893  19.076  -42.296  -7.699 0.0000000000
2895  18.091  -38.811  -8.461 0.0000000000
3281  24.394  -20.081  -22.719 0.0000000000
3283  23.582  -21.604  -21.667 0.0000000000
3284  22.961  -23.340  -20.898 0.0000000000
3285  23.002  -22.406  -23.496 0.0000000000
3286  25.159  -24.063  -24.717 0.0000000000
3287  23.615  -21.367  -25.520 0.0000000000
3885  22.713  -13.877  -26.882 0.0000000000
4364  24.721  -44.720  -7.434 0.0000000000
4365  23.668  -41.453  -9.099 0.0000000000
5506  19.669  -34.914  -8.555 0.0000000000
5509  20.792  -32.587  -11.294 0.0000000000
5510  20.338  -32.413  -13.158 0.0000000000
5511  22.162  -35.536  -13.637 0.0000000000
5512  20.968  -32.756  -14.872 0.0000000000
5531  23.245  -27.922  -20.115 0.0000000000
5532  22.205  -27.994  -17.657 0.0000000000
5533  24.303  -30.642  -19.092 0.0000000000
5534  25.833  -32.818  -16.914 0.0000000000
5535  28.740  -31.927  -17.131 0.0000000000
5536  32.717  -34.032  -14.721 0.0000000000
5537  30.923  -30.922  -17.625 0.0000000000
5538  31.549  -25.765  -21.801 0.0000000000
5539  33.634  -28.244  -18.993 0.0000000000
5540  34.654  -26.742  -19.798 0.0000000000
5541  37.243  -28.548  -19.220 0.0000000000
5542  35.575  -25.223  -20.886 0.0000000000
5544  26.251  -18.804  -29.349 0.0000000000
5545  28.057  -17.400  -30.383 0.0000000000
5547  33.959  -19.279  -27.477 0.0000000000
6093  37.037  -38.631  -12.281 0.0000000000
6363  19.779  -40.570  -9.904 0.0000000000
7063  24.502  -24.442  -18.472 0.0000000000
7064  22.824  -25.477  -20.560 0.0000000000
7065  25.152  -27.435  -21.943 0.0000000000
7066  28.580  -28.504  -20.469 0.0000000000
7067  26.856  -26.620  -23.299 0.0000000000
7068  28.584  -25.430  -24.313 0.0000000000
7069  30.077  -24.086  -25.173 0.0000000000
7388  18.317  -41.364  -5.420 0.0000000000
7389  16.672  -38.382  -6.046 0.0000000000
7935  22.709  -18.091  -24.908 0.0000000000
7936  22.630  -18.663  -26.243 0.0000000000
7937  21.872  -16.033  -26.811 0.0000000000
8552  27.158  -44.360  -7.094 0.0000000000
8553  28.436  -41.533  -8.840 0.0000000000
9926  17.971  -38.077  -4.263 0.0000000000
9927  17.843  -37.064  -5.680 0.0000000000
9936  17.858  -36.312  -7.168 0.0000000000
9937  17.935  -36.106  -8.584 0.0000000000
9938  18.182  -36.297  -9.931 0.0000000000
9939  19.066  -36.822  -11.139 0.0000000000
9940  21.705  -33.611  -9.978 0.0000000000
9941  19.161  -34.272  -11.543 0.0000000000
9942  21.070  -37.648  -11.606 0.0000000000
9943  23.475  -38.284  -11.363 0.0000000000
9944  25.889  -38.709  -11.158 0.0000000000
9945  28.331  -38.736  -11.243 0.0000000000
9967  24.878  -27.258  -15.856 0.0000000000
9968  22.972  -28.431  -15.175 0.0000000000
9969  21.374  -30.384  -15.167 0.0000000000
9970  23.099  -33.076  -16.249 0.0000000000
9971  27.602  -35.483  -13.977 0.0000000000
9972  31.291  -38.102  -11.520 0.0000000000
9973  33.584  -37.207  -12.013 0.0000000000
9974  35.508  -36.121  -12.909 0.0000000000
9975  36.873  -34.956  -14.249 0.0000000000
9976  32.429  -29.677  -18.265 0.0000000000
9977  35.664  -31.417  -16.456 0.0000000000
9978  37.692  -33.660  -15.999 0.0000000000
9982  24.722  -20.130  -27.650 0.0000000000
9983  28.484  -21.762  -27.657 0.0000000000
9984  31.354  -22.551  -25.983 0.0000000000
9985  31.575  -18.827  -29.270 0.0000000000
9986  32.553  -20.913  -26.768 0.0000000000
9987  33.822  -22.640  -23.580 0.0000000000
10421  30.499  -42.494  -7.945 0.0000000000
10422  31.449  -43.676  -7.153 0.0000000000
10423  32.088  -42.207  -8.175 0.0000000000
10424  33.364  -41.893  -8.543 0.0000000000
10425  32.336  -40.773  -9.236 0.0000000000
10571  18.247  -39.821  -6.923 0.0000000000
10572  19.433  -41.852  -7.220 0.0000000000
10573  18.639  -40.137  -7.580 0.0000000000
10574  18.634  -40.495  -8.134 0.0000000000
10575  17.826  -38.510  -7.871 0.0000000000
10961  23.232  -19.978  -23.338 0.0000000000
10962  23.949  -20.793  -22.223 0.0000000000
10963  23.080  -20.948  -22.923 0.0000000000
10964  22.963  -21.888  -22.568 0.0000000000
10965  22.845  -21.281  -23.733 0.0000000000
10966  23.238  -21.906  -24.456 0.0000000000
10967  22.945  -20.718  -24.758 0.0000000000
12041  21.418  -43.002  -9.360 0.0000000000
12043  22.348  -43.139  -9.009 0.0000000000
12044  23.286  -43.158  -8.560 0.0000000000
12045  22.600  -41.331  -9.470 0.0000000000
13189  21.518  -31.732  -12.067 0.0000000000
13190  21.102  -31.464  -12.991 0.0000000000
13191  20.500  -32.520  -14.061 0.0000000000
13192  20.896  -31.451  -13.957 0.0000000000
13211  24.765  -29.130  -20.474 0.0000000000
13212  23.649  -29.307  -19.666 0.0000000000
13213  25.546  -30.337  -19.639 0.0000000000
13214  26.419  -31.391  -18.446 0.0000000000
13215  27.760  -30.828  -18.647 0.0000000000
13216  29.931  -31.463  -17.371 0.0000000000
13217  28.828  -30.259  -18.831 0.0000000000
13218  32.237  -25.020  -22.214 0.0000000000
13219  33.100  -26.150  -20.696 0.0000000000
13220  33.598  -25.405  -21.158 0.0000000000
13221  35.117  -25.974  -20.329 0.0000000000
13222  34.126  -24.645  -21.625 0.0000000000
13991  35.519  -41.155  -9.675 0.0000000000
13993  36.377  -40.713  -10.526 0.0000000000
13995  36.442  -39.115  -11.409 0.0000000000
14441  18.609  -41.238  -8.884 0.0000000000
14443  19.062  -41.758  -9.220 0.0000000000
14444  19.758  -42.266  -9.475 0.0000000000
14445  19.036  -40.080  -9.758 0.0000000000
15610  25.176  -23.852  -18.968 0.0000000000
15611  22.896  -24.040  -21.926 0.0000000000
15612  22.820  -24.347  -20.649 0.0000000000
15613  23.157  -25.253  -21.724 0.0000000000
15614  23.516  -26.466  -21.442 0.0000000000
15615  24.398  -26.196  -22.467 0.0000000000
15616  25.965  -27.069  -22.641 0.0000000000
15617  25.222  -25.810  -23.368 0.0000000000
15618  25.962  -23.560  -25.596 0.0000000000
15619  26.893  -24.908  -24.887 0.0000000000
15620  27.818  -24.354  -25.521 0.0000000000
15621  29.393  -24.750  -24.755 0.0000000000
15622  28.564  -23.820  -26.108 0.0000000000
16243  16.698  -39.962  -5.263 0.0000000000
16244  17.141  -39.779  -5.831 0.0000000000
16245  16.396  -38.677  -5.317 0.0000000000
17414  23.586  -18.229  -24.240 0.0000000000
17415  22.624  -17.021  -25.376 0.0000000000
17416  22.206  -17.078  -25.897 0.0000000000
17417  22.015  -15.888  -26.245 0.0000000000
18851  25.488  -43.057  -8.017 0.0000000000
18852  25.888  -44.521  -7.213 0.0000000000
18853  26.661  -42.960  -7.933 0.0000000000
18854  27.925  -42.864  -7.884 0.0000000000
18855  27.210  -41.531  -8.840 0.0000000000
22251  17.897  -37.506  -4.984 0.0000000000
22252  19.502  -37.791  -4.900 0.0000000000
22273  20.706  -36.706  -6.541 0.0000000000
22274  19.059  -36.423  -6.463 0.0000000000
22275  18.932  -35.965  -7.145 0.0000000000
22276  17.854  -36.181  -7.867 0.0000000000
22277  18.734  -35.576  -7.816 0.0000000000
22278  19.298  -34.540  -9.295 0.0000000000
22279  18.507  -35.218  -9.269 0.0000000000
22280  18.528  -35.185  -10.055 0.0000000000
22281  18.520  -36.529  -10.592 0.0000000000
22282  18.655  -35.290  -10.797 0.0000000000
22286  19.736  -33.423  -12.377 0.0000000000
22287  19.738  -33.302  -11.470 0.0000000000
22288  19.486  -34.493  -12.275 0.0000000000
22289  19.593  -35.798  -12.053 0.0000000000
22290  20.472  -36.177  -12.413 0.0000000000
22291  22.207  -37.982  -11.529 0.0000000000
22292  21.642  -36.543  -12.578 0.0000000000
22293  23.462  -35.759  -13.774 0.0000000000
22294  24.246  -37.131  -12.486 0.0000000000
22295  25.463  -37.235  -12.487 0.0000000000
22296  27.065  -38.752  -11.209 0.0000000000
22297  26.693  -37.242  -12.543 0.0000000000
22351  24.813  -25.875  -17.080 0.0000000000
22353  23.968  -26.389  -16.704 0.0000000000
22354  21.997  -29.262  -17.626 0.0000000000
22355  22.349  -28.104  -16.429 0.0000000000
22356  21.805  -29.224  -16.439 0.0000000000
22357  22.000  -29.304  -15.166 0.0000000000
22358  21.491  -30.414  -16.299 0.0000000000
22359  21.626  -31.714  -16.126 0.0000000000
22360  22.461  -31.804  -16.950 0.0000000000
22361  28.251  -33.638  -15.520 0.0000000000
22362  26.809  -33.952  -15.429 0.0000000000
22363  29.104  -35.221  -14.114 0.0000000000
22364  29.658  -36.869  -12.744 0.0000000000
22365  31.082  -36.516  -12.889 0.0000000000
22366  32.465  -37.670  -11.739 0.0000000000
22367  32.268  -36.098  -13.100 0.0000000000
22368  33.573  -33.425  -15.060 0.0000000000
22369  34.216  -35.064  -13.667 0.0000000000
22370  35.069  -34.475  -14.116 0.0000000000
22371  36.262  -35.586  -13.503 0.0000000000
22372  35.809  -33.846  -14.625 0.0000000000
22373  29.408  -27.785  -20.732 0.0000000000
22374  30.534  -28.954  -19.302 0.0000000000
22375  31.232  -28.294  -19.591 0.0000000000
22376  35.200  -29.031  -18.186 0.0000000000
22377  34.741  -29.755  -17.698 0.0000000000
22378  36.171  -30.669  -17.058 0.0000000000
22379  36.873  -32.497  -16.002 0.0000000000
22380  37.289  -31.781  -16.872 0.0000000000
22382  37.593  -31.117  -17.699 0.0000000000
22388  22.699  -17.801  -27.267 0.0000000000
22389  23.364  -19.301  -26.964 0.0000000000
22390  23.772  -18.588  -28.021 0.0000000000
22391  28.214  -19.619  -29.082 0.0000000000
22392  27.374  -20.300  -28.542 0.0000000000
22393  29.181  -21.060  -28.154 0.0000000000
22394  30.063  -22.353  -27.096 0.0000000000
22395  30.765  -21.675  -27.557 0.0000000000
22397  30.798  -17.386  -29.944 0.0000000000
22398  32.277  -18.029  -29.510 0.0000000000
22399  34.313  -20.085  -26.004 0.0000000000
22400  33.237  -20.075  -27.150 0.0000000000
22401  33.628  -20.835  -25.557 0.0000000000
22402  33.123  -21.611  -25.098 0.0000000000
22403  34.345  -21.836  -24.078 0.0000000000
22404  35.180  -23.091  -22.737 0.0000000000
22405  35.706  -22.398  -23.375 0.0000000000
23370  34.801  -44.386  -7.882 0.0000000000
23371  34.233  -43.074  -8.122 0.0000000000
23372  34.497  -41.539  -9.035 0.0000000000
23373  34.688  -39.912  -9.993 0.0000000000
23641  18.590  -42.557  -8.013 0.0000000000
23642  18.512  -40.874  -8.538 0.0000000000
23643  18.199  -39.145  -9.015 0.0000000000
24340  25.140  -21.764  -21.097 0.0000000000
24341  24.533  -22.336  -20.537 0.0000000000
24342  23.945  -23.025  -20.070 0.0000000000
24343  23.270  -22.432  -21.211 0.0000000000
24344  22.846  -22.897  -22.185 0.0000000000
24345  23.269  -23.615  -23.226 0.0000000000
24346  24.428  -24.509  -23.849 0.0000000000
24347  23.747  -23.188  -24.239 0.0000000000
24348  24.292  -22.699  -25.193 0.0000000000
24349  24.962  -22.193  -26.126 0.0000000000
26288  24.368  -43.113  -8.180 0.0000000000
26289  24.776  -41.453  -8.944 0.0000000000
28342  20.021  -35.450  -7.877 0.0000000000
28343  21.709  -35.745  -7.976 0.0000000000
28344  21.127  -34.912  -8.653 0.0000000000
28345  20.614  -34.251  -9.301 0.0000000000
28348  22.165  -32.253  -11.281 0.0000000000
28349  20.389  -32.336  -12.215 0.0000000000
28350  19.951  -33.566  -13.229 0.0000000000
28351  21.071  -35.260  -13.414 0.0000000000
28352  20.594  -33.879  -13.894 0.0000000000
28353  21.482  -34.096  -14.462 0.0000000000
28354  22.437  -34.278  -14.874 0.0000000000
28387  22.545  -26.765  -19.058 0.0000000000
28388  22.622  -26.875  -17.727 0.0000000000
28389  22.519  -27.959  -18.912 0.0000000000
28390  22.703  -29.374  -18.716 0.0000000000
28391  23.079  -30.657  -18.320 0.0000000000
28392  23.678  -31.887  -17.631 0.0000000000
28393  25.077  -31.753  -18.122 0.0000000000
28394  27.300  -32.397  -17.030 0.0000000000
28395  29.765  -33.286  -15.673 0.0000000000
28396  31.672  -34.501  -14.485 0.0000000000
28397  30.909  -32.926  -15.874 0.0000000000
28398  31.916  -32.381  -16.190 0.0000000000
28399  32.770  -31.816  -16.505 0.0000000000
28400  30.945  -26.427  -21.368 0.0000000000
28401  31.929  -27.594  -19.919 0.0000000000
28402  32.503  -26.900  -20.296 0.0000000000
28403  34.139  -27.497  -19.376 0.0000000000
28404  35.683  -28.212  -18.765 0.0000000000
28405  36.938  -29.220  -18.477 0.0000000000
28406  36.085  -27.500  -19.341 0.0000000000
28407  36.465  -26.816  -19.978 0.0000000000
28410  24.368  -17.814  -28.981 0.0000000000
28412  27.046  -18.121  -29.973 0.0000000000
28413  29.025  -18.862  -29.479 0.0000000000
28415  33.556  -18.424  -28.882 0.0000000000
29577  37.544  -38.094  -13.264 0.0000000000
30206  20.536  -42.655  -9.498 0.0000000000
30207  20.666  -40.978  -9.888 0.0000000000
31839  23.795  -25.145  -18.137 0.0000000000
31840  23.529  -23.808  -19.683 0.0000000000
31841  23.131  -24.709  -19.433 0.0000000000
31842  22.771  -25.636  -19.211 0.0000000000
31843  22.931  -26.644  -20.288 0.0000000000
31844  24.080  -27.714  -21.037 0.0000000000
31845  25.907  -28.663  -21.127 0.0000000000
31846  27.706  -29.187  -20.287 0.0000000000
31847  26.805  -28.196  -21.608 0.0000000000
31848  27.718  -27.560  -22.028 0.0000000000
31849  28.527  -26.905  -22.342 0.0000000000
31850  26.071  -25.423  -24.134 0.0000000000
31851  27.732  -26.053  -23.872 0.0000000000
31852  29.372  -26.195  -22.676 0.0000000000
31853  30.107  -25.485  -23.021 0.0000000000
31854  30.773  -24.784  -23.418 0.0000000000
31855  31.423  -24.033  -23.820 0.0000000000
32671  18.825  -41.297  -5.992 0.0000000000
32672  17.622  -39.667  -6.377 0.0000000000
32673  17.003  -38.211  -6.630 0.0000000000
34154  23.380  -19.096  -23.796 0.0000000000
34155  22.769  -19.177  -24.474 0.0000000000
34156  22.702  -19.452  -25.223 0.0000000000
34157  22.461  -18.316  -25.527 0.0000000000
34158  22.219  -17.330  -26.536 0.0000000000
34159  22.143  -16.303  -27.535 0.0000000000
34160  21.492  -14.550  -27.288 0.0000000000
34161  21.607  -14.832  -27.805 0.0000000000
35923  28.469  -44.131  -7.027 0.0000000000
35924  29.184  -42.715  -7.889 0.0000000000
35925  29.717  -41.350  -8.941 0.0000000000
39999  15.554  -40.144  -1.332 0.0000000000
40013  17.984  -38.589  -3.589 0.0000000000
40014  16.704  -38.213  -4.444 0.0000000000
40015  16.831  -37.807  -5.110 0.0000000000
40016  17.012  -37.492  -5.827 0.0000000000
40017  17.112  -37.259  -6.511 0.0000000000
40042  19.313  -37.091  -5.711 0.0000000000
40043  17.812  -36.606  -6.477 0.0000000000
40044  17.270  -37.111  -7.189 0.0000000000
40045  17.511  -37.145  -7.902 0.0000000000
40046  17.733  -37.295  -8.607 0.0000000000
40047  17.897  -37.457  -9.202 0.0000000000
40048  18.581  -35.295  -8.522 0.0000000000
40049  18.001  -36.216  -9.300 0.0000000000
40050  18.169  -37.779  -9.771 0.0000000000
40051  18.672  -38.197  -10.232 0.0000000000
40052  19.385  -38.659  -10.519 0.0000000000
40053  20.356  -39.045  -10.672 0.0000000000
40055  22.379  -34.467  -9.363 0.0000000000
40056  20.222  -33.761  -9.980 0.0000000000
40057  21.207  -32.989  -10.560 0.0000000000
40058  19.968  -33.439  -10.647 0.0000000000
40059  19.094  -34.260  -10.801 0.0000000000
40060  18.970  -35.446  -11.481 0.0000000000
40061  19.922  -37.240  -11.507 0.0000000000
40062  21.385  -39.327  -10.639 0.0000000000
40063  22.549  -39.609  -10.376 0.0000000000
40064  23.688  -39.783  -10.131 0.0000000000
40065  24.822  -39.886  -10.019 0.0000000000
40066  22.956  -36.878  -12.608 0.0000000000
40067  24.709  -38.532  -11.222 0.0000000000
40068  25.982  -40.077  -9.900 0.0000000000
40069  27.176  -40.180  -9.949 0.0000000000
40070  28.499  -40.160  -9.996 0.0000000000
40071  29.828  -39.978  -10.107 0.0000000000
40134  23.434  -30.419  -13.118 0.0000000000
40138  23.126  -27.169  -16.496 0.0000000000
40139  23.927  -27.720  -15.476 0.0000000000
40141  23.759  -29.085  -14.195 0.0000000000
40142  22.587  -29.681  -13.997 0.0000000000
40143  21.581  -30.470  -13.996 0.0000000000
40144  21.014  -31.532  -15.065 0.0000000000
40145  21.838  -32.936  -15.664 0.0000000000
40146  23.808  -34.389  -15.177 0.0000000000
40147  24.495  -33.049  -16.682 0.0000000000
40148  25.280  -34.183  -15.339 0.0000000000
40149  26.141  -35.678  -13.878 0.0000000000
40150  28.161  -37.138  -12.604 0.0000000000
40151  29.840  -38.475  -11.377 0.0000000000
40152  31.321  -39.651  -10.267 0.0000000000
40153  32.533  -39.251  -10.467 0.0000000000
40154  33.680  -38.770  -10.764 0.0000000000
40155  34.753  -38.301  -11.190 0.0000000000
40156  33.252  -35.606  -13.324 0.0000000000
40157  34.599  -36.689  -12.368 0.0000000000
40158  35.707  -37.820  -11.772 0.0000000000
40159  36.445  -37.312  -12.481 0.0000000000
40160  37.069  -36.760  -13.284 0.0000000000
40161  37.497  -36.171  -14.162 0.0000000000
40162  29.752  -29.661  -19.003 0.0000000000
40163  31.738  -30.346  -17.930 0.0000000000
40164  33.475  -31.169  -16.890 0.0000000000
40165  33.042  -28.977  -18.603 0.0000000000
40166  34.134  -30.471  -17.277 0.0000000000
40167  35.082  -32.111  -15.895 0.0000000000
40168  36.411  -33.159  -15.283 0.0000000000
40169  37.334  -34.342  -15.066 0.0000000000
40170  37.827  -35.590  -15.177 0.0000000000
40180  23.094  -20.009  -25.847 0.0000000000
40181  24.112  -20.751  -26.589 0.0000000000
40182  25.731  -21.621  -27.086 0.0000000000
40183  25.451  -19.477  -28.542 0.0000000000
40184  26.545  -20.975  -27.886 0.0000000000
40185  27.620  -22.448  -27.069 0.0000000000
40186  29.385  -23.104  -26.610 0.0000000000
40187  30.751  -23.348  -25.571 0.0000000000
40188  31.981  -23.307  -24.263 0.0000000000
40190  29.884  -18.170  -29.719 0.0000000000
40191  30.769  -19.562  -28.963 0.0000000000
40192  32.835  -19.233  -28.581 0.0000000000
40193  32.118  -20.083  -28.333 0.0000000000
40194  31.460  -20.924  -27.933 0.0000000000
40195  31.917  -21.686  -26.363 0.0000000000
40196  32.513  -22.479  -24.689 0.0000000000
40197  33.282  -23.451  -23.124 0.0000000000
40198  34.587  -23.879  -22.165 0.0000000000
40199  36.061  -24.549  -21.526 0.0000000000
41141  30.774  -41.818  -8.529 0.0000000000
41142  31.302  -42.387  -8.040 0.0000000000
41143  31.573  -41.662  -8.604 0.0000000000
41144  32.245  -41.542  -8.664 0.0000000000
41145  31.694  -40.939  -9.142 0.0000000000
41291  17.817  -39.046  -7.056 0.0000000000
41292  18.512  -39.963  -7.249 0.0000000000
41293  18.068  -39.232  -7.421 0.0000000000
41294  18.220  -39.379  -7.753 0.0000000000
41295  17.658  -38.394  -7.531 0.0000000000
41681  22.941  -20.077  -23.684 0.0000000000
41682  23.129  -20.448  -23.137 0.0000000000
41683  22.914  -20.620  -23.502 0.0000000000
41684  22.895  -21.079  -23.328 0.0000000000
41685  22.827  -20.761  -23.897 0.0000000000
41686  22.869  -20.995  -24.224 0.0000000000
41687  22.818  -20.473  -24.408 0.0000000000
42286  22.391  -12.061  -27.644 0.0000000000
42761  21.585  -42.155  -9.480 0.0000000000
42762  21.881  -43.098  -9.196 0.0000000000
42763  22.017  -42.201  -9.364 0.0000000000
42764  22.531  -42.255  -9.149 0.0000000000
42765  22.095  -41.302  -9.615 0.0000000000
43908  22.583  -31.169  -12.452 0.0000000000
43909  21.906  -31.319  -12.462 0.0000000000
43910  21.540  -31.083  -12.924 0.0000000000
43911  20.992  -31.432  -13.454 0.0000000000
43912  21.380  -31.031  -13.404 0.0000000000
43931  25.709  -29.532  -20.403 0.0000000000
43932  25.125  -29.776  -20.108 0.0000000000
43933  26.151  -30.093  -19.855 0.0000000000
43934  26.629  -30.634  -19.227 0.0000000000
43935  27.262  -30.334  -19.355 0.0000000000
43936  28.323  -30.546  -18.738 0.0000000000
43937  27.708  -30.034  -19.475 0.0000000000
43938  32.500  -24.652  -22.435 0.0000000000
43939  32.853  -25.226  -21.655 0.0000000000
43940  33.138  -24.838  -21.880 0.0000000000
43941  33.841  -25.048  -21.385 0.0000000000
43942  33.444  -24.439  -22.115 0.0000000000
44711  35.601  -40.292  -10.171 0.0000000000
44712  35.975  -40.937  -10.099 0.0000000000
44713  36.034  -40.086  -10.563 0.0000000000
44714  36.430  -39.886  -10.992 0.0000000000
44715  36.054  -39.292  -11.057 0.0000000000
45161  18.566  -40.403  -9.177 0.0000000000
45162  18.773  -41.478  -9.050 0.0000000000
45163  18.778  -40.647  -9.330 0.0000000000
45164  19.017  -40.833  -9.465 0.0000000000
45165  18.703  -39.816  -9.641 0.0000000000
46330  25.392  -23.588  -19.272 0.0000000000
46331  23.189  -24.437  -22.424 0.0000000000
46332  23.036  -24.633  -21.849 0.0000000000
46333  23.441  -25.081  -22.336 0.0000000000
46334  23.671  -25.728  -22.150 0.0000000000
46335  24.064  -25.529  -22.697 0.0000000000
46336  24.810  -26.040  -22.937 0.0000000000
46337  24.459  -25.354  -23.168 0.0000000000
46338  26.407  -23.296  -25.991 0.0000000000
46339  26.854  -24.011  -25.635 0.0000000000
46340  27.295  -23.724  -25.936 0.0000000000
46341  28.196  -24.086  -25.818 0.0000000000
46342  27.732  -23.425  -26.280 0.0000000000
46961  16.144  -39.514  -4.723 0.0000000000
46962  16.469  -40.050  -4.970 0.0000000000
46963  16.278  -39.371  -4.994 0.0000000000
46964  16.473  -39.290  -5.330 0.0000000000
46965  16.275  -38.809  -5.007 0.0000000000
48133  23.189  -16.781  -25.294 0.0000000000
48135  22.614  -16.547  -25.549 0.0000000000
48136  22.302  -16.516  -25.806 0.0000000000
48137  22.279  -15.916  -26.018 0.0000000000
49571  25.747  -42.257  -8.421 0.0000000000
49572  26.057  -43.013  -7.961 0.0000000000
49573  26.337  -42.261  -8.381 0.0000000000
49574  26.920  -42.258  -8.352 0.0000000000
49575  26.533  -41.516  -8.843 0.0000000000
52991  21.361  -36.552  -6.999 0.0000000000
52993  20.552  -36.336  -6.890 0.0000000000
52994  19.768  -36.219  -6.816 0.0000000000
52995  19.623  -35.906  -7.169 0.0000000000
52996  18.832  -35.770  -7.477 0.0000000000
52997  19.455  -35.637  -7.530 0.0000000000
52998  19.190  -34.414  -9.683 0.0000000000
52999  18.823  -34.742  -9.679 0.0000000000
53000  18.794  -34.739  -10.085 0.0000000000
53001  18.583  -35.204  -10.445 0.0000000000
53002  18.799  -34.730  -10.476 0.0000000000
53006  19.752  -34.075  -12.782 0.0000000000
53007  19.564  -33.933  -12.343 0.0000000000
53008  19.800  -34.687  -12.633 0.0000000000
53009  19.870  -35.327  -12.469 0.0000000000
53010  20.309  -35.519  -12.702 0.0000000000
53011  20.991  -36.328  -12.524 0.0000000000
53012  20.775  -35.694  -12.893 0.0000000000
53013  24.092  -35.805  -13.797 0.0000000000
53014  24.503  -36.504  -13.143 0.0000000000
53015  25.129  -36.552  -13.129 0.0000000000
53016  26.087  -37.248  -12.511 0.0000000000
53017  25.719  -36.529  -13.176 0.0000000000
53071  23.922  -25.770  -17.401 0.0000000000
53072  24.351  -26.110  -16.858 0.0000000000
53073  23.501  -26.123  -17.267 0.0000000000
53074  21.985  -29.939  -17.604 0.0000000000
53075  21.851  -29.228  -17.037 0.0000000000
53076  21.754  -29.880  -17.049 0.0000000000
53077  21.629  -29.825  -16.416 0.0000000000
53078  21.760  -30.507  -16.901 0.0000000000
53079  21.848  -31.110  -16.707 0.0000000000
53080  22.250  -31.155  -17.182 0.0000000000
53081  29.444  -34.216  -14.888 0.0000000000
53082  28.695  -34.365  -14.809 0.0000000000
53083  29.829  -35.073  -14.212 0.0000000000
53084  30.142  -35.928  -13.486 0.0000000000
53085  30.860  -35.717  -13.604 0.0000000000
53086  31.699  -36.319  -12.983 0.0000000000
53087  31.434  -35.513  -13.705 0.0000000000
53088  33.984  -33.124  -15.238 0.0000000000
53089  34.320  -33.951  -14.544 0.0000000000
53090  34.730  -33.622  -14.768 0.0000000000
53091  35.459  -34.177  -14.355 0.0000000000
53092  35.122  -33.324  -14.970 0.0000000000
53093  29.818  -27.416  -20.861 0.0000000000
53094  30.340  -27.986  -20.093 0.0000000000
53095  30.689  -27.633  -20.255 0.0000000000
53096  35.941  -29.456  -17.920 0.0000000000
53097  35.718  -29.840  -17.626 0.0000000000
53098  36.408  -30.310  -17.401 0.0000000000
53099  36.792  -31.209  -16.913 0.0000000000
53100  36.997  -30.880  -17.269 0.0000000000
53101  37.471  -31.407  -17.334 0.0000000000
53102  37.147  -30.525  -17.642 0.0000000000
53108  22.785  -17.331  -27.768 0.0000000000
53109  23.177  -18.157  -27.627 0.0000000000
53110  23.331  -17.715  -28.143 0.0000000000
53111  29.084  -19.994  -28.821 0.0000000000
53112  28.700  -20.344  -28.594 0.0000000000
53113  29.584  -20.697  -28.407 0.0000000000
53114  30.080  -21.421  -27.939 0.0000000000
53115  30.382  -21.039  -28.124 0.0000000000
53116  32.512  -16.964  -29.887 0.0000000000
53117  32.060  -17.348  -29.871 0.0000000000
53118  32.669  -17.696  -29.719 0.0000000000
53119  34.531  -20.557  -25.302 0.0000000000
53120  33.907  -20.430  -25.777 0.0000000000
53121  34.289  -20.893  -25.025 0.0000000000
53122  34.020  -21.276  -24.772 0.0000000000
53123  34.616  -21.466  -24.323 0.0000000000
53124  35.068  -22.066  -23.685 0.0000000000
53125  35.280  -21.707  -23.994 0.0000000000
54301  29.420  -44.654  -6.653 0.0000000000
54303  30.250  -44.540  -6.654 0.0000000000
54304  32.244  -43.512  -7.325 0.0000000000
54305  31.838  -44.289  -6.844 0.0000000000
54306  32.652  -44.125  -7.062 0.0000000000
54308  33.411  -43.992  -7.359 0.0000000000
54309  33.990  -43.872  -7.647 0.0000000000
54310  33.637  -43.202  -7.816 0.0000000000
54311  33.477  -41.157  -8.979 0.0000000000
54312  33.950  -41.717  -8.770 0.0000000000
54313  34.054  -40.956  -9.194 0.0000000000
54314  34.605  -40.739  -9.479 0.0000000000
54315  34.122  -40.131  -9.740 0.0000000000
54751  19.710  -42.349  -6.466 0.0000000000
54753  19.706  -42.634  -6.774 0.0000000000
54754  19.308  -42.083  -7.501 0.0000000000
54755  19.393  -43.029  -7.296 0.0000000000
54756  19.056  -43.213  -7.509 0.0000000000
54758  18.684  -43.289  -7.592 0.0000000000
54759  18.390  -43.347  -7.700 0.0000000000
54760  18.788  -42.437  -7.820 0.0000000000
54761  18.353  -39.678  -8.311 0.0000000000
54762  18.548  -40.684  -8.326 0.0000000000
54763  18.369  -39.866  -8.577 0.0000000000
54764  18.360  -40.038  -8.826 0.0000000000
54765  18.174  -39.002  -8.750 0.0000000000
55921  25.243  -20.290  -22.592 0.0000000000
55923  25.010  -20.614  -22.241 0.0000000000
55924  23.780  -21.204  -21.895 0.0000000000
55925  24.502  -21.287  -21.617 0.0000000000
55926  24.228  -21.600  -21.340 0.0000000000
55927  24.801  -22.067  -20.796 0.0000000000
55928  24.014  -21.991  -21.042 0.0000000000
55929  23.809  -22.335  -20.805 0.0000000000
55930  23.445  -22.000  -21.445 0.0000000000
55931  22.897  -22.109  -23.001 0.0000000000
55932  22.898  -22.356  -22.418 0.0000000000
55933  22.908  -22.641  -22.885 0.0000000000
55934  22.968  -23.235  -22.703 0.0000000000
55935  23.124  -23.014  -23.389 0.0000000000
55936  23.508  -23.402  -23.734 0.0000000000
55937  23.270  -22.758  -23.901 0.0000000000
55938  23.393  -21.626  -24.998 0.0000000000
55939  23.645  -22.292  -24.832 0.0000000000
55940  23.897  -22.035  -25.318 0.0000000000
55941  24.555  -22.469  -25.629 0.0000000000
55942  24.176  -21.770  -25.826 0.0000000000
57735  22.702  -14.412  -26.603 0.0000000000
57736  22.218  -14.140  -26.705 0.0000000000
59171  23.492  -42.248  -8.771 0.0000000000
59172  23.809  -43.150  -8.345 0.0000000000
59173  24.029  -42.283  -8.622 0.0000000000
59174  24.593  -42.282  -8.527 0.0000000000
59175  24.255  -41.493  -8.988 0.0000000000
62600  21.976  -35.056  -8.740 0.0000000000
62601  20.881  -34.542  -8.986 0.0000000000
62602  21.709  -34.648  -9.042 0.0000000000
62605  22.936  -32.266  -11.336 0.0000000000
62606  20.720  -31.926  -12.612 0.0000000000
62607  20.895  -31.994  -12.145 0.0000000000
62608  20.335  -32.384  -12.697 0.0000000000
62609  20.053  -32.872  -12.754 0.0000000000
62610  20.141  -32.949  -13.194 0.0000000000
62611  20.256  -33.755  -13.573 0.0000000000
62612  20.266  -33.077  -13.642 0.0000000000
62613  20.713  -32.644  -14.482 0.0000000000
62614  20.815  -33.255  -14.378 0.0000000000
62615  21.194  -33.407  -14.767 0.0000000000
62616  21.951  -34.197  -14.679 0.0000000000
62617  21.579  -33.510  -15.067 0.0000000000
62671  22.749  -27.326  -19.621 0.0000000000
62672  22.513  -27.362  -19.022 0.0000000000
62673  22.855  -27.973  -19.556 0.0000000000
62674  23.937  -30.010  -19.410 0.0000000000
62675  23.188  -29.386  -19.203 0.0000000000
62676  23.329  -30.029  -18.989 0.0000000000
62677  22.810  -29.987  -18.508 0.0000000000
62678  23.670  -30.650  -18.702 0.0000000000
62679  24.027  -31.318  -18.385 0.0000000000
62680  24.653  -31.184  -18.667 0.0000000000
62681  27.558  -31.610  -17.828 0.0000000000
62682  26.874  -31.860  -17.772 0.0000000000
62683  28.014  -32.165  -17.081 0.0000000000
62684  28.523  -32.753  -16.373 0.0000000000
62685  29.270  -32.527  -16.438 0.0000000000
62686  30.337  -33.102  -15.775 0.0000000000
62687  29.828  -32.346  -16.525 0.0000000000
62688  30.448  -31.216  -17.477 0.0000000000
62689  30.954  -31.933  -16.763 0.0000000000
62690  31.433  -31.656  -16.909 0.0000000000
62691  32.356  -32.088  -16.361 0.0000000000
62692  31.867  -31.386  -17.046 0.0000000000
62693  31.230  -26.106  -21.586 0.0000000000
62694  31.743  -26.616  -20.808 0.0000000000
62695  32.081  -26.278  -21.002 0.0000000000
62696  33.903  -26.451  -20.200 0.0000000000
62697  33.646  -26.824  -19.996 0.0000000000
62698  34.401  -27.143  -19.564 0.0000000000
62699  34.940  -27.852  -19.013 0.0000000000
62700  35.201  -27.455  -19.252 0.0000000000
62701  35.862  -27.866  -19.040 0.0000000000
62702  35.377  -27.092  -19.496 0.0000000000
62703  35.370  -25.596  -20.625 0.0000000000
62704  35.792  -26.385  -20.101 0.0000000000
62705  36.023  -26.023  -20.389 0.0000000000
62706  36.638  -26.488  -20.324 0.0000000000
62707  36.264  -25.674  -20.736 0.0000000000
62713  27.550  -17.799  -30.222 0.0000000000
62714  28.110  -18.492  -29.780 0.0000000000
62715  28.519  -18.166  -29.962 0.0000000000
65011  35.032  -43.598  -8.316 0.0000000000
65012  35.267  -44.256  -8.277 0.0000000000
65013  35.486  -43.448  -8.691 0.0000000000
65021  37.040  -39.488  -11.848 0.0000000000
65025  37.350  -38.354  -12.798 0.0000000000
66371  19.841  -41.403  -9.595 0.0000000000
66372  20.131  -42.467  -9.490 0.0000000000
66373  20.234  -41.700  -9.648 0.0000000000
66374  20.709  -41.845  -9.645 0.0000000000
66375  20.213  -40.785  -9.915 0.0000000000
69866  25.422  -24.643  -18.264 0.0000000000
69868  25.023  -24.885  -17.997 0.0000000000
69869  24.731  -25.152  -17.739 0.0000000000
69870  24.155  -24.757  -18.288 0.0000000000
69871  23.381  -23.123  -20.434 0.0000000000
69872  23.761  -23.396  -19.833 0.0000000000
69873  23.206  -23.561  -20.277 0.0000000000
69874  22.802  -24.959  -20.616 0.0000000000
69875  22.927  -24.538  -20.078 0.0000000000
69876  22.790  -25.060  -20.018 0.0000000000
69877  22.911  -25.168  -19.328 0.0000000000
69878  22.772  -25.564  -19.871 0.0000000000
69879  22.734  -26.121  -19.810 0.0000000000
69880  22.879  -26.068  -20.458 0.0000000000
69881  24.223  -26.945  -21.758 0.0000000000
69882  23.791  -27.079  -21.254 0.0000000000
69883  24.593  -27.586  -21.481 0.0000000000
69884  24.943  -28.252  -21.176 0.0000000000
69885  25.481  -28.057  -21.577 0.0000000000
69886  26.336  -28.422  -21.378 0.0000000000
69887  25.937  -27.860  -21.860 0.0000000000
69888  26.367  -26.874  -22.966 0.0000000000
69889  26.787  -27.436  -22.457 0.0000000000
69890  27.219  -27.127  -22.695 0.0000000000
69891  28.129  -27.240  -22.216 0.0000000000
69892  27.666  -26.843  -22.937 0.0000000000
69893  24.796  -24.308  -24.291 0.0000000000
69894  25.179  -24.955  -24.028 0.0000000000
69895  25.593  -24.736  -24.472 0.0000000000
69896  27.781  -25.251  -24.769 0.0000000000
69897  27.352  -25.526  -24.460 0.0000000000
69898  28.161  -25.752  -24.107 0.0000000000
69899  28.533  -26.175  -23.346 0.0000000000
69900  28.910  -25.832  -23.527 0.0000000000
69901  29.738  -25.849  -22.854 0.0000000000
69902  29.276  -25.484  -23.738 0.0000000000
69903  29.756  -24.448  -24.949 0.0000000000
69904  30.052  -24.800  -24.118 0.0000000000
69905  30.412  -24.424  -24.312 0.0000000000
69906  31.102  -24.426  -23.625 0.0000000000
69907  30.722  -24.065  -24.506 0.0000000000
71764  18.064  -41.433  -5.158 0.0000000000
71766  18.992  -42.174  -5.191 0.0000000000
71768  19.267  -42.147  -5.493 0.0000000000
71769  19.480  -42.152  -5.807 0.0000000000
71770  18.572  -41.319  -5.698 0.0000000000
71771  16.829  -39.044  -5.991 0.0000000000
71772  17.373  -39.700  -6.112 0.0000000000
71773  16.965  -38.976  -6.251 0.0000000000
71774  17.203  -38.906  -6.517 0.0000000000
71775  16.847  -38.291  -6.361 0.0000000000
75281  23.036  -18.097  -24.526 0.0000000000
75282  23.442  -18.671  -23.967 0.0000000000
75283  23.041  -18.639  -24.290 0.0000000000
75284  23.013  -19.090  -24.126 0.0000000000
75285  22.744  -18.655  -24.650 0.0000000000
75286  22.590  -18.746  -25.005 0.0000000000
75287  22.528  -18.188  -25.221 0.0000000000
75288  22.006  -16.561  -26.364 0.0000000000
75289  22.148  -17.174  -26.202 0.0000000000
75290  22.036  -16.675  -26.672 0.0000000000
75291  22.139  -16.819  -27.032 0.0000000000
75292  21.939  -16.135  -27.193 0.0000000000
75294  21.669  -14.527  -27.011 0.0000000000
75310  21.969  -9.624  -28.702 0.0000000000
79593  24.906  -45.507  -7.098 0.0000000000
79594  26.508  -44.449  -7.150 0.0000000000
79595  26.070  -45.235  -6.879 0.0000000000
79596  26.692  -45.091  -6.809 0.0000000000
79598  27.325  -45.008  -6.751 0.0000000000
79599  27.992  -44.907  -6.711 0.0000000000
79600  27.843  -44.246  -7.044 0.0000000000
79601  28.158  -42.197  -8.336 0.0000000000
79602  28.545  -42.823  -7.877 0.0000000000
79603  28.816  -42.147  -8.355 0.0000000000
79604  29.462  -42.058  -8.404 0.0000000000
79605  29.070  -41.465  -8.905 0.0000000000
89746  14.552  -41.238  0.274 0.0000000000
89751  15.347  -40.356  -1.037 0.0000000000
89779  17.019  -39.174  -2.725 0.0000000000
89780  17.119  -38.986  -3.046 0.0000000000
89782  17.194  -38.787  -3.368 0.0000000000
89786  18.848  -38.500  -3.860 0.0000000000
89788  17.995  -38.348  -3.895 0.0000000000
89789  17.237  -38.311  -3.990 0.0000000000
89790  17.256  -38.063  -4.334 0.0000000000
89791  16.760  -37.983  -4.786 0.0000000000
89792  17.273  -37.830  -4.695 0.0000000000
89793  17.883  -37.290  -5.336 0.0000000000
89794  17.311  -37.411  -5.375 0.0000000000
89795  17.348  -37.241  -5.739 0.0000000000
89796  17.046  -37.366  -6.170 0.0000000000
89797  17.349  -37.059  -6.073 0.0000000000
89860  20.194  -37.288  -5.726 0.0000000000
89861  18.342  -36.224  -6.858 0.0000000000
89862  18.342  -36.439  -6.478 0.0000000000
89863  17.833  -36.432  -6.833 0.0000000000
89864  17.419  -36.741  -6.850 0.0000000000
89865  17.452  -36.626  -7.182 0.0000000000
89866  17.383  -37.119  -7.544 0.0000000000
89867  17.523  -36.629  -7.524 0.0000000000
89868  17.886  -36.132  -8.231 0.0000000000
89869  17.672  -36.615  -8.263 0.0000000000
89870  17.730  -36.671  -8.614 0.0000000000
89871  17.814  -37.381  -8.917 0.0000000000
89872  17.798  -36.754  -8.948 0.0000000000
89873  19.855  -35.195  -8.214 0.0000000000
89874  19.174  -35.223  -8.177 0.0000000000
89875  19.037  -35.060  -8.548 0.0000000000
89876  18.256  -35.685  -9.662 0.0000000000
89877  18.216  -35.676  -9.313 0.0000000000
89878  18.062  -36.277  -9.633 0.0000000000
89879  18.025  -36.932  -9.552 0.0000000000
89880  18.126  -36.964  -9.861 0.0000000000
89881  18.372  -37.938  -10.016 0.0000000000
89882  18.295  -37.123  -10.135 0.0000000000
89883  18.733  -36.652  -10.868 0.0000000000
89884  18.834  -37.445  -10.681 0.0000000000
89885  19.195  -37.640  -10.874 0.0000000000
89886  19.836  -38.902  -10.648 0.0000000000
89887  19.636  -37.881  -11.028 0.0000000000
89893  22.017  -34.017  -9.671 0.0000000000
89894  21.176  -33.914  -9.662 0.0000000000
89895  20.944  -33.647  -9.942 0.0000000000
89896  21.730  -32.607  -10.889 0.0000000000
89897  22.058  -32.968  -10.599 0.0000000000
89898  21.023  -32.788  -10.901 0.0000000000
89899  19.378  -33.736  -11.513 0.0000000000
89900  19.842  -33.346  -11.053 0.0000000000
89901  19.441  -33.757  -11.124 0.0000000000
89902  19.491  -33.810  -10.731 0.0000000000
89903  19.088  -34.246  -11.215 0.0000000000
89904  18.879  -34.798  -11.196 0.0000000000
89905  19.018  -34.850  -11.532 0.0000000000
89906  20.230  -36.680  -11.957 0.0000000000
89907  19.751  -36.469  -11.810 0.0000000000
89908  20.435  -37.419  -11.605 0.0000000000
89909  20.686  -38.284  -11.182 0.0000000000
89910  21.256  -38.467  -11.131 0.0000000000
89911  21.958  -39.508  -10.492 0.0000000000
89912  21.840  -38.660  -11.034 0.0000000000
89913  22.855  -38.152  -11.439 0.0000000000
89914  23.012  -38.866  -10.853 0.0000000000
89915  23.615  -38.987  -10.734 0.0000000000
89916  24.255  -39.808  -10.071 0.0000000000
89917  24.225  -39.080  -10.667 0.0000000000
89918  21.608  -35.410  -13.519 0.0000000000
89919  21.947  -36.104  -13.057 0.0000000000
89920  22.587  -36.276  -13.097 0.0000000000
89921  25.174  -37.872  -11.851 0.0000000000
89922  24.572  -37.853  -11.846 0.0000000000
89923  25.302  -38.641  -11.174 0.0000000000
89924  25.375  -39.314  -10.549 0.0000000000
89925  25.971  -39.437  -10.482 0.0000000000
89926  26.571  -40.140  -9.911 0.0000000000
89927  26.556  -39.471  -10.523 0.0000000000
89928  27.692  -38.754  -11.230 0.0000000000
89929  27.806  -39.525  -10.572 0.0000000000
89930  28.413  -39.468  -10.626 0.0000000000
89931  29.170  -40.094  -10.040 0.0000000000
89932  29.071  -39.360  -10.671 0.0000000000
90099  22.347  -27.411  -17.715 0.0000000000
90100  22.831  -26.995  -17.090 0.0000000000
90101  22.483  -27.449  -17.059 0.0000000000
90102  22.599  -28.205  -15.757 0.0000000000
90103  23.070  -27.820  -15.875 0.0000000000
90104  23.432  -28.100  -15.308 0.0000000000
90105  24.385  -28.194  -14.999 0.0000000000
90106  23.845  -28.436  -14.804 0.0000000000
90108  23.367  -28.725  -14.630 0.0000000000
90109  21.655  -29.827  -15.173 0.0000000000
90110  22.246  -29.448  -14.570 0.0000000000
90111  21.833  -29.887  -14.564 0.0000000000
90112  22.047  -30.044  -13.991 0.0000000000
90113  21.416  -30.409  -14.583 0.0000000000
90114  21.159  -30.914  -14.548 0.0000000000
90115  21.144  -30.935  -15.125 0.0000000000
90116  22.213  -32.405  -16.280 0.0000000000
90117  21.710  -32.311  -15.923 0.0000000000
90118  22.444  -33.026  -15.968 0.0000000000
90119  22.777  -33.682  -15.547 0.0000000000
90120  23.413  -33.693  -15.775 0.0000000000
90121  24.771  -32.405  -17.399 0.0000000000
90122  24.060  -32.461  -17.198 0.0000000000
90123  25.141  -32.959  -16.813 0.0000000000
90124  27.192  -34.665  -14.685 0.0000000000
90125  26.052  -34.074  -15.387 0.0000000000
90126  26.442  -34.784  -14.639 0.0000000000
90127  25.741  -34.901  -14.599 0.0000000000
90128  26.870  -35.607  -13.939 0.0000000000
90129  27.245  -36.417  -13.238 0.0000000000
90130  27.964  -36.286  -13.303 0.0000000000
90131  30.488  -37.532  -12.106 0.0000000000
90132  29.759  -37.667  -12.057 0.0000000000
90133  30.579  -38.307  -11.436 0.0000000000
90134  30.603  -39.076  -10.787 0.0000000000
90135  31.346  -38.886  -10.877 0.0000000000
90136  31.935  -39.460  -10.364 0.0000000000
90137  31.965  -38.727  -10.955 0.0000000000
90138  33.034  -37.446  -11.874 0.0000000000
90139  33.083  -38.241  -11.217 0.0000000000
90140  33.668  -38.004  -11.335 0.0000000000
90141  34.218  -38.553  -10.947 0.0000000000
90142  34.197  -37.746  -11.551 0.0000000000
90143  32.238  -34.299  -14.567 0.0000000000
90144  32.488  -35.065  -13.913 0.0000000000
90145  32.971  -34.835  -14.020 0.0000000000
90146  34.879  -35.609  -13.230 0.0000000000
90147  34.403  -35.890  -13.017 0.0000000000
90148  35.074  -36.405  -12.628 0.0000000000
90149  35.186  -37.254  -12.002 0.0000000000
90150  35.637  -36.988  -12.306 0.0000000000
90151  36.116  -37.554  -12.111 0.0000000000
90152  36.047  -36.714  -12.649 0.0000000000
90153  36.595  -35.277  -13.871 0.0000000000
90154  36.735  -36.133  -13.389 0.0000000000
90155  37.012  -35.823  -13.800 0.0000000000
90156  37.296  -36.462  -13.718 0.0000000000
90157  37.265  -35.531  -14.221 0.0000000000
90158  28.138  -28.852  -20.391 0.0000000000
90159  28.740  -29.376  -19.613 0.0000000000
90160  29.176  -29.028  -19.742 0.0000000000
90161  31.472  -29.306  -18.797 0.0000000000
90162  31.132  -29.646  -18.623 0.0000000000
90163  32.131  -30.030  -18.089 0.0000000000
90164  32.615  -30.745  -17.392 0.0000000000
90165  32.990  -30.398  -17.551 0.0000000000
90166  32.802  -27.882  -19.433 0.0000000000
90167  32.487  -28.261  -19.255 0.0000000000
90168  33.321  -28.646  -18.779 0.0000000000
90169  35.238  -30.575  -17.080 0.0000000000
90170  34.449  -30.115  -17.486 0.0000000000
90171  34.967  -30.917  -16.836 0.0000000000
90172  34.635  -31.266  -16.617 0.0000000000
90173  35.379  -31.776  -16.169 0.0000000000
90174  35.772  -32.593  -15.574 0.0000000000
90175  36.081  -32.259  -15.863 0.0000000000
90176  37.360  -33.040  -15.987 0.0000000000
90177  37.181  -33.388  -15.559 0.0000000000
90178  37.529  -34.011  -15.506 0.0000000000
90179  37.630  -34.965  -15.102 0.0000000000
90180  37.767  -34.672  -15.574 0.0000000000
90182  37.878  -34.389  -16.033 0.0000000000
90188  37.090  -28.876  -18.856 0.0000000000
90189  37.445  -29.770  -18.507 0.0000000000
90203  22.611  -19.053  -25.701 0.0000000000
90204  22.816  -19.686  -25.569 0.0000000000
90205  22.865  -19.314  -26.074 0.0000000000
90206  23.995  -19.692  -27.360 0.0000000000
90207  23.708  -20.016  -26.763 0.0000000000
90208  24.439  -20.450  -27.082 0.0000000000
90209  24.920  -21.218  -26.880 0.0000000000
90210  25.206  -20.902  -27.327 0.0000000000
90211  25.305  -18.330  -29.241 0.0000000000
90212  24.911  -18.692  -28.798 0.0000000000
90213  25.858  -19.159  -28.972 0.0000000000
90214  27.847  -21.035  -28.122 0.0000000000
90215  26.866  -20.660  -28.231 0.0000000000
90216  27.441  -21.387  -27.804 0.0000000000
90217  27.180  -21.706  -27.516 0.0000000000
90218  28.054  -22.105  -27.389 0.0000000000
90219  28.542  -22.781  -26.889 0.0000000000
90220  28.919  -22.454  -27.188 0.0000000000
90221  30.739  -22.524  -26.579 0.0000000000
90222  30.407  -22.929  -26.366 0.0000000000
90223  31.064  -22.961  -25.774 0.0000000000
90224  31.383  -23.317  -24.908 0.0000000000
90225  31.678  -22.916  -25.135 0.0000000000
90229  31.195  -18.108  -29.592 0.0000000000
90230  30.295  -17.757  -29.878 0.0000000000
90231  30.792  -18.461  -29.466 0.0000000000
90232  30.426  -18.874  -29.355 0.0000000000
90233  31.153  -19.197  -29.111 0.0000000000
90234  33.753  -18.915  -28.260 0.0000000000
90235  33.158  -18.912  -28.802 0.0000000000
90236  33.437  -19.330  -28.114 0.0000000000
90237  32.867  -20.482  -27.003 0.0000000000
90238  32.746  -20.093  -27.760 0.0000000000
90239  32.408  -20.526  -27.590 0.0000000000
90240  31.734  -20.514  -28.163 0.0000000000
90241  32.014  -20.918  -27.419 0.0000000000
90242  31.654  -21.378  -27.235 0.0000000000
90243  32.176  -21.289  -26.587 0.0000000000
90244  33.376  -22.101  -24.326 0.0000000000
90245  32.837  -22.041  -24.880 0.0000000000
90246  33.165  -22.511  -24.104 0.0000000000
90247  32.913  -22.926  -23.881 0.0000000000
90248  33.550  -23.035  -23.346 0.0000000000
90249  33.990  -23.588  -22.616 0.0000000000
90250  34.233  -23.191  -22.870 0.0000000000
90251  35.835  -23.469  -22.424 0.0000000000
90252  35.595  -23.782  -22.099 0.0000000000
90253  36.229  -24.204  -21.893 0.0000000000
92485  30.194  -43.205  -7.480 0.0000000000
92486  30.627  -43.812  -7.069 0.0000000000
92487  31.014  -43.080  -7.564 0.0000000000
92488  31.822  -42.958  -7.685 0.0000000000
92489  32.628  -42.774  -7.867 0.0000000000
92490  33.195  -42.603  -8.070 0.0000000000
92491  32.742  -42.047  -8.343 0.0000000000
92492  32.872  -41.352  -8.803 0.0000000000
92493  32.961  -40.638  -9.299 0.0000000000
92755  18.746  -40.599  -6.759 0.0000000000
92756  19.397  -41.664  -6.929 0.0000000000
92757  18.974  -40.775  -7.079 0.0000000000
92758  19.076  -40.959  -7.407 0.0000000000
92759  19.055  -41.160  -7.722 0.0000000000
92760  18.925  -41.334  -7.904 0.0000000000
92761  18.664  -40.313  -7.882 0.0000000000
92762  18.278  -39.480  -8.043 0.0000000000
92763  17.970  -38.649  -8.174 0.0000000000
93458  24.191  -20.423  -22.481 0.0000000000
93459  23.530  -20.365  -22.785 0.0000000000
93460  23.439  -20.805  -22.472 0.0000000000
93461  23.275  -21.271  -22.298 0.0000000000
93462  23.163  -21.692  -22.122 0.0000000000
93463  23.005  -21.402  -22.714 0.0000000000
93464  22.881  -21.604  -23.130 0.0000000000
93465  22.916  -21.844  -23.581 0.0000000000
93466  23.096  -22.154  -23.965 0.0000000000
93467  22.971  -21.571  -24.103 0.0000000000
93468  23.070  -21.292  -24.615 0.0000000000
93469  23.191  -21.016  -25.151 0.0000000000
95401  21.203  -43.765  -9.342 0.0000000000
95403  21.654  -43.930  -9.242 0.0000000000
95404  22.102  -43.982  -8.995 0.0000000000
95405  22.569  -44.002  -8.733 0.0000000000
95406  23.037  -44.005  -8.466 0.0000000000
95407  22.789  -43.150  -8.802 0.0000000000
95408  23.032  -42.275  -8.942 0.0000000000
95409  23.107  -41.393  -9.258 0.0000000000
97467  22.601  -31.874  -11.659 0.0000000000
97468  22.245  -31.578  -12.057 0.0000000000
97469  21.264  -31.556  -12.531 0.0000000000
97470  20.647  -31.926  -13.078 0.0000000000
97471  20.397  -32.453  -13.611 0.0000000000
97472  20.617  -31.928  -13.557 0.0000000000
97473  20.646  -31.937  -14.060 0.0000000000
97474  20.769  -32.024  -14.519 0.0000000000
97507  23.953  -28.532  -20.343 0.0000000000
97508  23.477  -28.622  -19.890 0.0000000000
97509  24.177  -29.236  -20.080 0.0000000000
97510  24.511  -29.889  -19.794 0.0000000000
97511  24.932  -30.524  -19.390 0.0000000000
97512  25.325  -31.041  -18.892 0.0000000000
97513  25.994  -30.863  -19.078 0.0000000000
97514  27.111  -31.145  -18.569 0.0000000000
97515  28.276  -31.337  -17.918 0.0000000000
97516  29.342  -31.687  -17.260 0.0000000000
97517  28.867  -31.073  -18.001 0.0000000000
97518  29.437  -30.820  -18.108 0.0000000000
97519  29.908  -30.566  -18.208 0.0000000000
97520  31.891  -25.392  -22.036 0.0000000000
97521  32.337  -25.927  -21.234 0.0000000000
97522  32.600  -25.575  -21.443 0.0000000000
97523  33.376  -25.741  -20.940 0.0000000000
97524  34.146  -26.047  -20.430 0.0000000000
97525  34.890  -26.375  -20.036 0.0000000000
97526  34.362  -25.646  -20.693 0.0000000000
97527  34.564  -25.299  -20.922 0.0000000000
97528  34.810  -24.963  -21.175 0.0000000000
98911  35.408  -41.938  -9.218 0.0000000000
98912  35.672  -42.630  -9.093 0.0000000000
98913  35.864  -41.732  -9.635 0.0000000000
98914  36.287  -41.531  -10.087 0.0000000000
98917  36.713  -40.486  -10.952 0.0000000000
98918  36.765  -39.686  -11.421 0.0000000000
98919  36.734  -38.886  -11.816 0.0000000000
99721  18.572  -42.049  -8.697 0.0000000000
99723  18.677  -42.231  -8.890 0.0000000000
99724  18.848  -42.439  -9.061 0.0000000000
99725  19.141  -42.667  -9.184 0.0000000000
99726  19.489  -42.917  -9.296 0.0000000000
99727  19.406  -42.035  -9.370 0.0000000000
99728  19.433  -41.106  -9.533 0.0000000000
99729  19.410  -40.357  -9.837 0.0000000000
101825  25.838  -24.396  -18.534 0.0000000000
101826  24.765  -24.092  -18.756 0.0000000000
101827  22.813  -23.662  -21.424 0.0000000000
101828  22.859  -23.851  -20.792 0.0000000000
101829  22.832  -24.209  -21.299 0.0000000000
101830  22.891  -24.801  -21.209 0.0000000000
101831  22.946  -25.375  -21.142 0.0000000000
101832  23.067  -25.974  -21.081 0.0000000000
101833  23.315  -25.863  -21.612 0.0000000000
101834  23.937  -26.326  -21.973 0.0000000000
101835  24.710  -26.799  -22.231 0.0000000000
101836  25.550  -27.264  -22.298 0.0000000000
101837  25.121  -26.651  -22.617 0.0000000000
101838  25.579  -26.467  -23.002 0.0000000000
101839  26.013  -26.248  -23.413 0.0000000000
101840  25.546  -23.812  -25.208 0.0000000000
101841  26.020  -24.518  -24.857 0.0000000000
101842  26.463  -24.256  -25.244 0.0000000000
101843  27.381  -24.629  -25.244 0.0000000000
101844  28.183  -24.951  -25.009 0.0000000000
101845  28.996  -25.100  -24.567 0.0000000000
101846  28.619  -24.632  -25.236 0.0000000000
101847  29.001  -24.325  -25.466 0.0000000000
101848  29.338  -24.020  -25.708 0.0000000000
102964  17.180  -40.726  -5.115 0.0000000000
102965  17.437  -40.635  -5.381 0.0000000000
102966  17.661  -40.559  -5.637 0.0000000000
102967  16.925  -39.879  -5.550 0.0000000000
102968  16.661  -39.183  -5.668 0.0000000000
102969  16.507  -38.501  -5.696 0.0000000000
105072  24.227  -18.398  -24.099 0.0000000000
105074  23.060  -17.660  -24.782 0.0000000000
105075  22.635  -17.552  -25.168 0.0000000000
105076  22.430  -17.553  -25.477 0.0000000000
105077  22.368  -17.051  -25.624 0.0000000000
105078  22.084  -16.490  -26.094 0.0000000000
105079  21.911  -15.943  -26.515 0.0000000000
107659  25.119  -43.847  -7.657 0.0000000000
107660  25.273  -44.621  -7.307 0.0000000000
107661  25.713  -43.781  -7.589 0.0000000000
107662  26.308  -43.721  -7.538 0.0000000000
107663  26.926  -43.664  -7.496 0.0000000000
107664  27.579  -43.600  -7.446 0.0000000000
107665  27.292  -42.908  -7.907 0.0000000000
107666  27.530  -42.211  -8.348 0.0000000000
107667  27.843  -41.539  -8.837 0.0000000000
113778  18.781  -38.177  -4.233 0.0000000000
113779  17.936  -37.793  -4.632 0.0000000000
113780  18.725  -37.885  -4.586 0.0000000000
113781  18.665  -37.592  -4.941 0.0000000000
113782  18.596  -37.295  -5.286 0.0000000000
113819  20.864  -37.087  -6.203 0.0000000000
113820  20.020  -36.870  -6.124 0.0000000000
113821  19.906  -36.542  -6.466 0.0000000000
113822  19.009  -36.169  -6.823 0.0000000000
113823  18.348  -36.077  -7.158 0.0000000000
113824  17.864  -36.244  -7.482 0.0000000000
113825  18.319  -35.952  -7.466 0.0000000000
113826  18.240  -35.829  -7.818 0.0000000000
113827  18.225  -35.719  -8.167 0.0000000000
113828  19.457  -34.706  -8.909 0.0000000000
113829  18.943  -34.931  -8.922 0.0000000000
113830  18.871  -34.821  -9.302 0.0000000000
113831  18.495  -35.198  -9.652 0.0000000000
113832  18.320  -35.721  -10.018 0.0000000000
113833  18.341  -36.414  -10.283 0.0000000000
113834  18.442  -35.786  -10.400 0.0000000000
113835  18.560  -35.875  -10.702 0.0000000000
113836  18.735  -35.978  -10.997 0.0000000000
113842  20.084  -32.847  -11.854 0.0000000000
113843  20.196  -32.923  -11.398 0.0000000000
113844  19.676  -33.339  -11.918 0.0000000000
113845  19.439  -33.814  -11.917 0.0000000000
113846  19.286  -34.359  -11.907 0.0000000000
113847  19.222  -34.957  -11.867 0.0000000000
113848  19.472  -35.127  -12.196 0.0000000000
113849  20.005  -35.996  -12.251 0.0000000000
113850  20.773  -36.880  -12.085 0.0000000000
113851  21.650  -37.827  -11.584 0.0000000000
113852  21.318  -37.056  -12.095 0.0000000000
113853  21.937  -37.239  -12.082 0.0000000000
113854  22.597  -37.432  -12.045 0.0000000000
113855  22.761  -35.647  -13.745 0.0000000000
113856  23.222  -36.375  -13.163 0.0000000000
113857  23.855  -36.440  -13.158 0.0000000000
113858  24.857  -37.199  -12.477 0.0000000000
113859  25.757  -37.950  -11.837 0.0000000000
113860  26.474  -38.732  -11.173 0.0000000000
113861  26.342  -38.009  -11.834 0.0000000000
113862  26.955  -38.008  -11.862 0.0000000000
113863  27.584  -38.017  -11.871 0.0000000000
113962  24.903  -26.571  -16.405 0.0000000000
113963  24.406  -26.758  -16.222 0.0000000000
113964  22.093  -28.630  -17.650 0.0000000000
113965  22.187  -28.019  -17.021 0.0000000000
113966  21.995  -28.627  -17.059 0.0000000000
113967  22.019  -28.637  -16.417 0.0000000000
113968  22.178  -28.697  -15.790 0.0000000000
113969  22.514  -28.845  -15.096 0.0000000000
113970  21.867  -29.246  -15.807 0.0000000000
113971  21.583  -29.811  -15.786 0.0000000000
113972  21.400  -30.383  -15.743 0.0000000000
113973  21.257  -31.003  -15.701 0.0000000000
113974  21.538  -31.063  -16.209 0.0000000000
113975  22.019  -31.771  -16.546 0.0000000000
113976  22.768  -32.478  -16.647 0.0000000000
113977  27.024  -33.176  -16.269 0.0000000000
113978  26.320  -33.359  -16.205 0.0000000000
113979  27.533  -33.812  -15.461 0.0000000000
113980  27.954  -34.511  -14.751 0.0000000000
113981  28.343  -35.358  -14.031 0.0000000000
113982  28.672  -36.187  -13.373 0.0000000000
113983  29.362  -36.070  -13.426 0.0000000000
113984  30.390  -36.715  -12.805 0.0000000000
113985  31.215  -37.291  -12.228 0.0000000000
113986  31.892  -37.892  -11.621 0.0000000000
113987  31.807  -37.106  -12.301 0.0000000000
113988  32.382  -36.911  -12.383 0.0000000000
113989  32.909  -36.686  -12.509 0.0000000000
113990  33.160  -33.738  -14.879 0.0000000000
113991  33.437  -34.569  -14.157 0.0000000000
113992  33.898  -34.261  -14.341 0.0000000000
113993  34.647  -34.758  -13.897 0.0000000000
113994  35.329  -35.320  -13.477 0.0000000000
113995  35.897  -35.878  -13.160 0.0000000000
113996  35.752  -35.027  -13.751 0.0000000000
113997  36.106  -34.706  -14.052 0.0000000000
113998  36.408  -34.385  -14.391 0.0000000000
113999  28.997  -28.140  -20.616 0.0000000000
114000  29.543  -28.673  -19.861 0.0000000000
114001  29.940  -28.332  -19.974 0.0000000000
114002  30.889  -28.622  -19.443 0.0000000000
114003  31.831  -28.959  -18.950 0.0000000000
114004  34.434  -28.634  -18.548 0.0000000000
114005  34.187  -28.984  -18.343 0.0000000000
114006  34.987  -29.404  -17.931 0.0000000000
114007  35.495  -30.212  -17.342 0.0000000000
114008  35.947  -31.037  -16.745 0.0000000000
114009  36.340  -31.912  -16.204 0.0000000000
114010  36.584  -31.567  -16.557 0.0000000000
114011  37.081  -32.167  -16.397 0.0000000000
114012  37.495  -32.711  -16.402 0.0000000000
114013  37.798  -33.362  -16.445 0.0000000000
114014  37.637  -32.393  -16.850 0.0000000000
114026  22.666  -18.226  -26.808 0.0000000000
114027  22.915  -18.954  -26.571 0.0000000000
114028  23.034  -18.562  -27.127 0.0000000000
114029  23.537  -18.957  -27.472 0.0000000000
114030  24.239  -19.380  -27.858 0.0000000000
114031  27.236  -19.258  -29.330 0.0000000000
114032  26.849  -19.583  -28.962 0.0000000000
114033  27.799  -19.947  -28.820 0.0000000000
114034  28.281  -20.712  -28.351 0.0000000000
114035  28.843  -21.428  -27.941 0.0000000000
114036  29.344  -22.103  -27.427 0.0000000000
114037  29.695  -21.759  -27.695 0.0000000000
114038  30.453  -22.043  -27.345 0.0000000000
114039  31.045  -22.108  -26.789 0.0000000000
114042  31.274  -17.014  -30.029 0.0000000000
114043  31.572  -17.720  -29.718 0.0000000000
114044  31.953  -18.410  -29.398 0.0000000000
114045  34.070  -19.639  -26.733 0.0000000000
114046  33.589  -19.689  -27.350 0.0000000000
114047  33.765  -20.011  -26.607 0.0000000000
114048  33.388  -20.466  -26.394 0.0000000000
114049  33.011  -20.881  -26.170 0.0000000000
114050  32.764  -21.268  -25.964 0.0000000000
114051  33.344  -21.217  -25.320 0.0000000000
114052  33.733  -21.696  -24.530 0.0000000000
114053  34.096  -22.240  -23.815 0.0000000000
114054  34.495  -22.825  -23.129 0.0000000000
114055  34.770  -22.450  -23.371 0.0000000000
114056  35.405  -22.735  -23.031 0.0000000000
114057  36.126  -23.183  -22.768 0.0000000000
115962  31.054  -44.421  -6.709 0.0000000000
115969  34.263  -44.547  -7.497 0.0000000000
115970  34.534  -43.737  -7.964 0.0000000000
115971  34.769  -42.939  -8.426 0.0000000000
115972  33.802  -42.459  -8.297 0.0000000000
115973  34.376  -42.309  -8.550 0.0000000000
115974  34.917  -42.134  -8.841 0.0000000000
115975  35.017  -41.353  -9.332 0.0000000000
115976  35.117  -40.520  -9.805 0.0000000000
115977  35.173  -39.687  -10.299 0.0000000000
116592  19.603  -42.850  -7.045 0.0000000000
116601  18.452  -42.680  -8.192 0.0000000000
116602  18.780  -41.540  -8.056 0.0000000000
116603  18.646  -41.738  -8.234 0.0000000000
116604  18.539  -41.893  -8.488 0.0000000000
116605  18.531  -41.055  -8.723 0.0000000000
116606  18.406  -40.166  -9.011 0.0000000000
116607  18.266  -39.323  -9.258 0.0000000000
118230  24.770  -20.939  -21.942 0.0000000000
118231  25.426  -21.479  -21.394 0.0000000000
118234  25.505  -22.591  -20.305 0.0000000000
118235  25.146  -22.805  -19.961 0.0000000000
118236  24.737  -23.081  -19.740 0.0000000000
118237  24.231  -22.683  -20.259 0.0000000000
118238  23.572  -22.730  -20.627 0.0000000000
118239  23.083  -22.892  -21.063 0.0000000000
118240  23.043  -22.142  -21.925 0.0000000000
118241  22.900  -22.630  -21.716 0.0000000000
118242  22.855  -23.141  -21.523 0.0000000000
118243  22.860  -23.486  -22.060 0.0000000000
118244  23.064  -23.844  -22.582 0.0000000000
118245  23.489  -24.265  -23.027 0.0000000000
118246  24.077  -24.695  -23.347 0.0000000000
118247  23.780  -24.060  -23.555 0.0000000000
118248  24.053  -23.825  -24.047 0.0000000000
118249  24.362  -23.597  -24.532 0.0000000000
118250  23.454  -22.527  -24.378 0.0000000000
118251  23.999  -22.925  -24.739 0.0000000000
118252  24.700  -23.363  -24.995 0.0000000000
118253  25.055  -23.124  -25.464 0.0000000000
118254  25.464  -22.880  -25.869 0.0000000000
118255  25.863  -22.625  -26.292 0.0000000000
119127  15.954  -39.099  -4.365 0.0000000000
120764  23.384  -15.850  -25.878 0.0000000000
120767  22.244  -14.722  -26.470 0.0000000000
122775  24.193  -44.807  -7.614 0.0000000000
122776  23.525  -44.037  -8.190 0.0000000000
122777  24.025  -43.990  -7.979 0.0000000000
122778  24.547  -43.922  -7.802 0.0000000000
122779  24.930  -43.090  -8.090 0.0000000000
122780  25.180  -42.261  -8.469 0.0000000000
122781  25.346  -41.477  -8.903 0.0000000000
127569  21.200  -36.182  -7.304 0.0000000000
127570  20.169  -35.662  -7.551 0.0000000000
127571  21.035  -35.856  -7.594 0.0000000000
127572  20.862  -35.578  -7.917 0.0000000000
127573  20.594  -35.208  -8.264 0.0000000000
127575  21.380  -35.318  -8.313 0.0000000000
127576  20.328  -34.865  -8.622 0.0000000000
127577  20.101  -34.570  -8.976 0.0000000000
127578  19.948  -34.350  -9.285 0.0000000000
127579  19.791  -34.168  -9.617 0.0000000000
127583  22.552  -32.615  -10.968 0.0000000000
127584  21.429  -32.339  -11.244 0.0000000000
127585  21.813  -31.962  -11.646 0.0000000000
127586  21.149  -32.137  -11.685 0.0000000000
127587  20.564  -32.430  -11.728 0.0000000000
127588  20.014  -32.857  -12.327 0.0000000000
127589  19.822  -33.495  -12.813 0.0000000000
127590  20.028  -34.236  -13.152 0.0000000000
127591  20.595  -35.078  -13.212 0.0000000000
127592  20.369  -34.368  -13.463 0.0000000000
127593  20.779  -34.532  -13.718 0.0000000000
127594  21.264  -34.708  -13.921 0.0000000000
127595  20.507  -33.144  -14.009 0.0000000000
127596  20.988  -33.967  -14.192 0.0000000000
127597  21.798  -34.842  -14.098 0.0000000000
127598  22.366  -34.955  -14.242 0.0000000000
127599  22.954  -35.041  -14.366 0.0000000000
127600  23.581  -35.064  -14.441 0.0000000000
127675  22.681  -26.268  -18.458 0.0000000000
127676  22.868  -26.385  -17.806 0.0000000000
127677  22.488  -26.810  -18.495 0.0000000000
127678  22.388  -27.387  -18.393 0.0000000000
127679  22.306  -27.984  -18.269 0.0000000000
127680  22.970  -28.608  -19.382 0.0000000000
127681  22.580  -28.711  -18.811 0.0000000000
127682  22.288  -28.675  -18.260 0.0000000000
127683  22.273  -29.306  -18.157 0.0000000000
127684  22.358  -29.968  -18.052 0.0000000000
127685  22.544  -30.637  -17.882 0.0000000000
127686  22.776  -31.226  -17.634 0.0000000000
127687  23.378  -31.315  -18.031 0.0000000000
127688  24.384  -31.855  -17.894 0.0000000000
127689  25.471  -32.288  -17.528 0.0000000000
127690  25.738  -31.583  -18.324 0.0000000000
127691  26.153  -32.079  -17.655 0.0000000000
127692  26.584  -32.622  -16.977 0.0000000000
127693  27.781  -32.971  -16.299 0.0000000000
127694  29.044  -33.473  -15.579 0.0000000000
127695  30.164  -34.052  -14.983 0.0000000000
127696  31.097  -34.706  -14.399 0.0000000000
127697  30.760  -33.910  -15.074 0.0000000000
127698  31.325  -33.730  -15.170 0.0000000000
127699  31.835  -33.509  -15.299 0.0000000000
127700  30.363  -32.146  -16.634 0.0000000000
127701  31.432  -32.680  -16.023 0.0000000000
127702  32.294  -33.267  -15.450 0.0000000000
127703  32.766  -32.934  -15.621 0.0000000000
127704  33.225  -32.606  -15.774 0.0000000000
127705  33.638  -32.291  -15.944 0.0000000000
127706  30.555  -26.743  -21.206 0.0000000000
127707  31.048  -27.280  -20.454 0.0000000000
127708  31.398  -26.949  -20.624 0.0000000000
127709  32.226  -27.247  -20.106 0.0000000000
127710  33.080  -27.540  -19.617 0.0000000000
127711  32.815  -26.535  -20.487 0.0000000000
127712  33.372  -27.197  -19.792 0.0000000000
127713  33.889  -27.868  -19.190 0.0000000000
127714  34.684  -28.248  -18.772 0.0000000000
127715  35.440  -28.614  -18.473 0.0000000000
127716  36.148  -29.081  -18.219 0.0000000000
127717  36.794  -29.555  -18.100 0.0000000000
127718  36.337  -28.708  -18.546 0.0000000000
127719  36.541  -28.334  -18.905 0.0000000000
127720  36.698  -27.970  -19.263 0.0000000000
127721  35.594  -26.723  -19.792 0.0000000000
127722  36.280  -27.126  -19.637 0.0000000000
127723  36.857  -27.638  -19.617 0.0000000000
127724  37.049  -27.320  -20.003 0.0000000000
127728  23.564  -17.324  -28.629 0.0000000000
127730  24.761  -17.471  -29.456 0.0000000000
127731  25.623  -18.004  -29.625 0.0000000000
127733  26.056  -17.684  -30.022 0.0000000000
127734  26.666  -18.510  -29.718 0.0000000000
127735  27.628  -18.863  -29.560 0.0000000000
127736  28.598  -19.247  -29.296 0.0000000000
127737  29.541  -19.592  -29.016 0.0000000000
127738  33.812  -17.437  -29.496 0.0000000000
127739  33.301  -17.901  -29.429 0.0000000000
127740  33.916  -18.031  -29.054 0.0000000000
127741  34.128  -18.492  -28.406 0.0000000000
127742  34.291  -18.893  -27.708 0.0000000000
127745  34.460  -19.284  -26.938 0.0000000000
127746  34.653  -19.734  -26.223 0.0000000000
127747  34.874  -20.189  -25.591 0.0000000000
127748  35.224  -20.759  -24.897 0.0000000000
127749  35.509  -21.384  -24.246 0.0000000000
132454  19.881  -43.179  -9.384 0.0000000000
132455  20.327  -43.442  -9.419 0.0000000000
132456  20.760  -43.610  -9.400 0.0000000000
132457  20.961  -42.826  -9.506 0.0000000000
132458  21.156  -42.012  -9.581 0.0000000000
132459  21.110  -41.115  -9.824 0.0000000000
136819  23.240  -31.006  -12.556 0.0000000000
136885  25.216  -25.628  -17.312 0.0000000000
136886  24.214  -25.433  -17.562 0.0000000000
136887  23.513  -25.525  -17.998 0.0000000000
136888  24.510  -23.389  -19.436 0.0000000000
136889  24.233  -23.710  -19.272 0.0000000000
136890  23.984  -24.088  -19.077 0.0000000000
136891  23.027  -24.021  -20.176 0.0000000000
136892  23.331  -24.219  -19.548 0.0000000000
136893  23.714  -24.472  -18.906 0.0000000000
136894  23.380  -24.898  -18.812 0.0000000000
136895  23.179  -25.322  -18.632 0.0000000000
136896  22.894  -25.770  -18.552 0.0000000000
136897  22.640  -26.191  -19.120 0.0000000000
136898  22.717  -26.702  -19.667 0.0000000000
136899  23.051  -27.250  -20.228 0.0000000000
136900  23.185  -26.584  -20.908 0.0000000000
136901  23.412  -27.177  -20.750 0.0000000000
136902  23.662  -27.835  -20.581 0.0000000000
136903  24.422  -28.399  -20.760 0.0000000000
136904  25.325  -28.917  -20.810 0.0000000000
136905  26.265  -29.273  -20.619 0.0000000000
136906  27.292  -29.520  -20.171 0.0000000000
136907  26.749  -29.002  -20.808 0.0000000000
136908  27.176  -28.711  -20.972 0.0000000000
136909  27.656  -28.369  -21.115 0.0000000000
136910  26.395  -27.642  -22.162 0.0000000000
136911  27.253  -27.889  -21.830 0.0000000000
136912  28.102  -28.037  -21.281 0.0000000000
136913  28.516  -27.678  -21.422 0.0000000000
136914  28.891  -27.327  -21.573 0.0000000000
136915  29.273  -26.983  -21.716 0.0000000000
136916  24.789  -25.161  -23.577 0.0000000000
136917  25.651  -25.613  -23.757 0.0000000000
136918  26.445  -26.021  -23.779 0.0000000000
136919  26.477  -25.162  -24.539 0.0000000000
136920  26.917  -25.782  -24.128 0.0000000000
136921  27.338  -26.339  -23.598 0.0000000000
136922  28.101  -26.534  -23.160 0.0000000000
136923  28.933  -26.554  -22.516 0.0000000000
136924  29.706  -26.605  -21.852 0.0000000000
136925  30.123  -26.266  -22.037 0.0000000000
136926  30.481  -25.951  -22.232 0.0000000000
136927  30.836  -25.608  -22.394 0.0000000000
136928  29.697  -25.116  -23.920 0.0000000000
136929  30.367  -25.143  -23.209 0.0000000000
136930  31.188  -25.249  -22.584 0.0000000000
136931  31.499  -24.879  -22.800 0.0000000000
136932  31.777  -24.518  -23.039 0.0000000000
136933  32.082  -24.140  -23.240 0.0000000000
139238  19.638  -42.206  -6.137 0.0000000000
139239  19.098  -41.334  -6.292 0.0000000000
139240  17.907  -40.491  -5.910 0.0000000000
139241  18.210  -40.467  -6.184 0.0000000000
139242  18.517  -40.495  -6.465 0.0000000000
139243  17.953  -39.727  -6.642 0.0000000000
139244  17.502  -38.888  -6.784 0.0000000000
139245  17.242  -38.257  -6.917 0.0000000000
143530  24.159  -18.848  -23.780 0.0000000000
143532  23.803  -19.562  -23.237 0.0000000000
143534  22.971  -19.569  -23.917 0.0000000000
143535  22.791  -19.694  -24.253 0.0000000000
143536  22.740  -19.833  -24.724 0.0000000000
143537  22.650  -19.264  -24.876 0.0000000000
143538  22.566  -18.872  -25.352 0.0000000000
143539  22.462  -18.437  -25.914 0.0000000000
143540  22.314  -17.663  -25.784 0.0000000000
143541  22.284  -17.828  -26.083 0.0000000000
143542  22.427  -18.025  -26.416 0.0000000000
143543  22.388  -17.540  -26.885 0.0000000000
143544  22.415  -17.043  -27.405 0.0000000000
143545  22.476  -16.581  -27.894 0.0000000000
143546  21.920  -15.205  -26.529 0.0000000000
143547  21.757  -15.246  -26.756 0.0000000000
143548  21.696  -15.310  -27.042 0.0000000000
143550  21.514  -14.675  -27.532 0.0000000000
143551  21.745  -15.420  -27.353 0.0000000000
143552  21.895  -15.610  -27.621 0.0000000000
143553  22.156  -15.791  -28.003 0.0000000000
148747  25.478  -45.384  -6.963 0.0000000000
148754  28.714  -44.749  -6.684 0.0000000000
148755  29.119  -44.038  -7.005 0.0000000000
148756  28.240  -43.507  -7.433 0.0000000000
148757  28.892  -43.400  -7.440 0.0000000000
148758  29.522  -43.317  -7.441 0.0000000000
148759  29.828  -42.603  -7.911 0.0000000000
148760  30.111  -41.948  -8.465 0.0000000000
148761  30.375  -41.221  -8.973 0.0000000000
160945  14.050  -41.442  0.097 0.0000000000
160946  14.176  -41.198  -0.235 0.0000000000
160952  15.025  -40.350  -1.479 0.0000000000
160984  16.920  -39.367  -2.428 0.0000000000
160987  16.132  -39.128  -3.638 0.0000000000
160989  16.236  -38.717  -4.259 0.0000000000
160995  17.946  -38.829  -3.269 0.0000000000
160996  17.221  -38.568  -3.677 0.0000000000
160997  16.671  -38.446  -4.135 0.0000000000
160998  16.337  -38.537  -4.571 0.0000000000
160999  16.430  -38.339  -4.872 0.0000000000
161000  16.531  -38.156  -5.206 0.0000000000
161001  16.642  -37.997  -5.574 0.0000000000
161002  17.276  -37.598  -5.018 0.0000000000
161003  16.916  -37.645  -5.458 0.0000000000
161004  16.763  -37.888  -5.941 0.0000000000
161005  16.864  -37.775  -6.258 0.0000000000
161006  16.969  -37.691  -6.554 0.0000000000
161007  17.124  -37.703  -6.882 0.0000000000
161081  19.399  -37.416  -5.306 0.0000000000
161082  18.497  -36.992  -5.686 0.0000000000
161083  19.170  -36.739  -6.088 0.0000000000
161084  18.405  -36.707  -6.082 0.0000000000
161085  17.801  -36.823  -6.054 0.0000000000
161086  17.389  -36.887  -6.478 0.0000000000
161087  17.209  -37.161  -6.872 0.0000000000
161088  17.294  -37.688  -7.220 0.0000000000
161089  17.439  -37.709  -7.551 0.0000000000
161090  17.560  -37.786  -7.901 0.0000000000
161091  17.765  -37.875  -8.227 0.0000000000
161092  17.600  -36.612  -7.895 0.0000000000
161093  17.647  -37.183  -8.266 0.0000000000
161094  17.891  -37.992  -8.554 0.0000000000
161095  17.962  -38.130  -8.877 0.0000000000
161096  18.012  -38.288  -9.173 0.0000000000
161097  18.121  -38.494  -9.407 0.0000000000
161098  19.312  -35.416  -7.849 0.0000000000
161099  18.653  -35.385  -8.150 0.0000000000
161100  18.198  -35.665  -8.539 0.0000000000
161101  18.534  -35.242  -8.893 0.0000000000
161102  18.178  -35.650  -8.930 0.0000000000
161103  17.974  -36.135  -8.947 0.0000000000
161104  17.897  -36.846  -9.262 0.0000000000
161105  18.018  -37.642  -9.500 0.0000000000
161106  18.271  -38.716  -9.639 0.0000000000
161107  18.461  -38.932  -9.900 0.0000000000
161108  18.831  -39.186  -10.049 0.0000000000
161109  19.218  -39.405  -10.145 0.0000000000
161110  18.523  -37.323  -10.396 0.0000000000
161111  18.994  -38.423  -10.379 0.0000000000
161112  19.611  -39.595  -10.199 0.0000000000
161113  20.084  -39.859  -10.258 0.0000000000
161114  20.550  -40.020  -10.268 0.0000000000
161115  21.025  -40.143  -10.232 0.0000000000
161122  21.458  -34.265  -9.332 0.0000000000
161123  20.392  -33.991  -9.664 0.0000000000
161124  19.648  -34.015  -9.971 0.0000000000
161126  22.322  -33.335  -10.320 0.0000000000
161127  21.441  -33.275  -10.261 0.0000000000
161128  20.334  -33.021  -10.978 0.0000000000
161129  20.500  -33.148  -10.596 0.0000000000
161130  20.714  -33.387  -10.256 0.0000000000
161131  20.087  -33.569  -10.273 0.0000000000
161132  19.539  -33.899  -10.331 0.0000000000
161133  19.124  -34.298  -10.403 0.0000000000
161134  18.827  -34.730  -10.850 0.0000000000
161135  18.780  -35.354  -11.146 0.0000000000
161136  18.974  -36.097  -11.300 0.0000000000
161137  19.227  -35.569  -11.804 0.0000000000
161138  19.333  -36.270  -11.616 0.0000000000
161139  19.465  -37.037  -11.344 0.0000000000
161140  20.164  -38.159  -11.146 0.0000000000
161141  20.862  -39.182  -10.678 0.0000000000
161142  21.562  -40.310  -10.130 0.0000000000
161143  22.011  -40.384  -10.003 0.0000000000
161144  22.507  -40.459  -9.867 0.0000000000
161145  23.085  -40.553  -9.726 0.0000000000
161146  22.412  -38.742  -10.979 0.0000000000
161147  23.124  -39.691  -10.262 0.0000000000
161148  23.681  -40.608  -9.599 0.0000000000
161149  24.270  -40.653  -9.507 0.0000000000
161150  24.861  -40.692  -9.448 0.0000000000
161151  25.424  -40.731  -9.436 0.0000000000
161152  21.342  -35.907  -13.006 0.0000000000
161153  22.308  -36.737  -12.608 0.0000000000
161154  23.256  -37.591  -11.992 0.0000000000
161155  23.608  -37.023  -12.530 0.0000000000
161156  23.926  -37.740  -11.916 0.0000000000
161157  24.088  -38.404  -11.292 0.0000000000
161158  24.803  -39.194  -10.613 0.0000000000
161159  25.399  -40.003  -9.969 0.0000000000
161160  25.998  -40.787  -9.391 0.0000000000
161161  26.563  -40.835  -9.354 0.0000000000
161162  27.159  -40.863  -9.351 0.0000000000
161163  27.820  -40.855  -9.383 0.0000000000
161164  27.175  -39.505  -10.549 0.0000000000
161165  27.814  -40.184  -9.976 0.0000000000
161166  28.475  -40.807  -9.435 0.0000000000
161167  29.089  -40.743  -9.483 0.0000000000
161168  29.756  -40.668  -9.497 0.0000000000
161169  30.421  -40.565  -9.553 0.0000000000
161358  22.767  -30.592  -13.014 0.0000000000
161368  23.165  -26.544  -17.174 0.0000000000
161369  23.526  -26.750  -16.598 0.0000000000
161370  23.953  -27.066  -16.082 0.0000000000
161371  22.718  -27.601  -16.471 0.0000000000
161372  23.484  -27.390  -15.976 0.0000000000
161373  24.375  -27.465  -15.659 0.0000000000
161380  22.778  -29.044  -14.562 0.0000000000
161381  23.116  -29.338  -14.096 0.0000000000
161382  23.526  -29.714  -13.638 0.0000000000
161383  22.979  -30.004  -13.522 0.0000000000
161384  22.365  -30.284  -13.487 0.0000000000
161385  21.805  -30.604  -13.413 0.0000000000
161386  21.231  -30.962  -13.977 0.0000000000
161387  20.873  -31.484  -14.564 0.0000000000
161388  20.977  -32.117  -15.012 0.0000000000
161389  21.283  -31.611  -15.625 0.0000000000
161390  21.279  -32.221  -15.466 0.0000000000
161391  21.349  -32.826  -15.299 0.0000000000
161392  22.177  -33.621  -15.313 0.0000000000
161393  23.078  -34.343  -15.068 0.0000000000
161394  24.321  -35.041  -14.499 0.0000000000
161395  23.025  -31.861  -17.322 0.0000000000
161396  23.395  -32.480  -16.945 0.0000000000
161397  23.798  -33.094  -16.490 0.0000000000
161398  25.590  -33.495  -16.129 0.0000000000
161399  24.775  -33.581  -16.092 0.0000000000
161400  24.131  -33.644  -15.949 0.0000000000
161401  24.517  -34.278  -15.285 0.0000000000
161402  25.046  -35.000  -14.540 0.0000000000
161403  25.391  -35.743  -13.855 0.0000000000
161404  26.484  -36.501  -13.205 0.0000000000
161405  27.421  -37.229  -12.569 0.0000000000
161406  28.315  -37.946  -11.910 0.0000000000
161407  28.907  -36.995  -12.686 0.0000000000
161408  29.041  -37.819  -11.974 0.0000000000
161409  29.052  -38.626  -11.308 0.0000000000
161410  29.858  -39.222  -10.724 0.0000000000
161411  30.598  -39.843  -10.164 0.0000000000
161412  31.203  -40.399  -9.653 0.0000000000
161413  31.849  -40.223  -9.752 0.0000000000
161414  32.440  -40.020  -9.842 0.0000000000
161415  33.051  -39.796  -9.976 0.0000000000
161416  32.534  -38.486  -11.088 0.0000000000
161417  33.119  -38.987  -10.613 0.0000000000
161418  33.658  -39.562  -10.147 0.0000000000
161419  34.240  -39.345  -10.341 0.0000000000
161420  34.759  -39.106  -10.612 0.0000000000
161421  35.241  -38.871  -10.912 0.0000000000
161422  31.991  -35.292  -13.791 0.0000000000
161423  32.773  -35.862  -13.208 0.0000000000
161424  33.481  -36.427  -12.662 0.0000000000
161425  33.754  -35.353  -13.472 0.0000000000
161426  33.969  -36.158  -12.831 0.0000000000
161427  34.082  -36.954  -12.159 0.0000000000
161428  34.703  -37.496  -11.774 0.0000000000
161429  35.252  -38.068  -11.467 0.0000000000
161430  35.674  -38.666  -11.216 0.0000000000
161431  36.082  -38.453  -11.567 0.0000000000
161432  36.451  -38.230  -11.929 0.0000000000
161433  36.784  -37.988  -12.309 0.0000000000
161434  36.419  -36.431  -13.015 0.0000000000
161435  36.771  -37.042  -12.875 0.0000000000
161436  37.088  -37.693  -12.786 0.0000000000
161437  37.325  -37.414  -13.249 0.0000000000
161438  37.517  -37.151  -13.702 0.0000000000
161439  37.676  -36.902  -14.164 0.0000000000
161440  28.219  -29.715  -19.567 0.0000000000
161441  29.321  -29.974  -18.898 0.0000000000
161442  30.348  -30.285  -18.330 0.0000000000
161443  30.147  -29.285  -19.164 0.0000000000
161444  30.764  -29.991  -18.448 0.0000000000
161445  31.336  -30.648  -17.782 0.0000000000
161446  32.270  -31.110  -17.204 0.0000000000
161447  33.134  -31.510  -16.681 0.0000000000
161448  33.972  -31.966  -16.159 0.0000000000
161449  31.569  -27.965  -19.745 0.0000000000
161450  32.149  -28.604  -19.099 0.0000000000
161451  32.753  -29.321  -18.436 0.0000000000
161452  33.909  -29.354  -18.121 0.0000000000
161453  33.639  -29.699  -17.926 0.0000000000
161454  33.342  -30.063  -17.718 0.0000000000
161455  33.822  -30.809  -17.080 0.0000000000
161456  34.309  -31.621  -16.381 0.0000000000
161457  34.751  -32.431  -15.667 0.0000000000
161458  35.460  -32.948  -15.279 0.0000000000
161459  36.108  -33.470  -14.947 0.0000000000
161460  36.680  -34.052  -14.752 0.0000000000
161461  36.663  -32.829  -15.642 0.0000000000
161462  36.937  -33.716  -15.131 0.0000000000
161463  37.119  -34.658  -14.650 0.0000000000
161464  37.470  -35.280  -14.628 0.0000000000
161465  37.676  -35.880  -14.650 0.0000000000
161476  37.294  -30.149  -18.058 0.0000000000
161494  22.825  -20.093  -24.982 0.0000000000
161495  22.975  -20.389  -25.236 0.0000000000
161496  23.346  -20.707  -25.670 0.0000000000
161497  23.223  -19.635  -26.455 0.0000000000
161498  23.513  -20.369  -26.240 0.0000000000
161499  23.844  -21.070  -26.042 0.0000000000
161500  24.534  -21.468  -26.364 0.0000000000
161501  25.401  -21.909  -26.604 0.0000000000
161502  26.258  -22.352  -26.708 0.0000000000
161503  24.079  -18.184  -28.497 0.0000000000
161504  24.528  -19.023  -28.334 0.0000000000
161505  25.102  -19.817  -28.117 0.0000000000
161506  26.485  -19.933  -28.638 0.0000000000
161507  26.055  -20.261  -28.280 0.0000000000
161508  25.660  -20.596  -27.819 0.0000000000
161509  26.110  -21.320  -27.492 0.0000000000
161510  26.699  -22.033  -27.138 0.0000000000
161511  27.187  -22.732  -26.699 0.0000000000
161512  28.177  -23.119  -26.592 0.0000000000
161513  28.977  -23.448  -26.356 0.0000000000
161514  29.711  -23.718  -25.942 0.0000000000
161515  29.791  -22.708  -26.838 0.0000000000
161516  30.144  -23.299  -26.138 0.0000000000
161517  30.375  -23.728  -25.389 0.0000000000
161518  30.980  -23.725  -24.729 0.0000000000
161519  31.701  -23.704  -24.028 0.0000000000
161520  32.359  -23.730  -23.439 0.0000000000
161524  29.961  -17.037  -30.227 0.0000000000
161525  29.448  -17.385  -30.128 0.0000000000
161526  28.967  -17.790  -30.106 0.0000000000
161527  29.475  -18.486  -29.637 0.0000000000
161528  29.957  -19.235  -29.171 0.0000000000
161529  30.336  -19.957  -28.790 0.0000000000
161530  32.963  -18.291  -29.289 0.0000000000
161531  32.578  -18.674  -29.149 0.0000000000
161532  32.204  -19.113  -29.038 0.0000000000
161533  33.043  -19.743  -27.948 0.0000000000
161534  32.507  -19.678  -28.515 0.0000000000
161535  31.831  -19.474  -28.865 0.0000000000
161536  31.479  -19.889  -28.713 0.0000000000
161537  31.076  -20.270  -28.536 0.0000000000
161538  30.694  -20.666  -28.360 0.0000000000
161539  31.105  -21.254  -27.749 0.0000000000
161540  31.370  -21.703  -26.985 0.0000000000
161541  31.666  -22.124  -26.180 0.0000000000
161542  32.530  -21.659  -25.713 0.0000000000
161543  32.207  -22.101  -25.562 0.0000000000
161544  31.947  -22.499  -25.339 0.0000000000
161545  32.278  -22.877  -24.462 0.0000000000
161546  32.642  -23.338  -23.649 0.0000000000
161547  33.019  -23.861  -22.903 0.0000000000
161548  33.710  -24.010  -22.373 0.0000000000
161549  34.339  -24.272  -21.899 0.0000000000
161550  35.051  -24.583  -21.454 0.0000000000
161551  34.868  -23.453  -22.464 0.0000000000
161552  35.301  -24.179  -21.763 0.0000000000
161553  35.832  -24.914  -21.191 0.0000000000
161554  36.487  -25.352  -21.099 0.0000000000
