#!ascii label  , from subject fsaverage_star vox2ras=TkReg
817
148  32.752  9.492  -36.930 0.0000000000
326  38.771  13.321  -31.468 0.0000000000
601  32.536  5.562  -31.228 0.0000000000
1338  34.238  15.290  -36.368 0.0000000000
1339  35.195  9.729  -32.966 0.0000000000
1340  29.350  11.281  -35.926 0.0000000000
1341  28.355  5.567  -34.328 0.0000000000
1342  28.826  6.678  -38.787 0.0000000000
1740  39.793  16.310  -33.916 0.0000000000
1741  38.108  11.508  -37.861 0.0000000000
2440  36.335  3.082  -27.302 0.0000000000
2441  33.603  0.124  -23.576 0.0000000000
2443  28.310  -0.506  -28.290 0.0000000000
3258  33.005  13.042  -37.175 0.0000000000
3259  31.491  13.394  -36.160 0.0000000000
3260  30.352  11.424  -37.494 0.0000000000
3261  28.364  9.370  -37.602 0.0000000000
3262  30.487  8.102  -37.892 0.0000000000
3263  30.925  5.328  -39.592 0.0000000000
3860  40.871  14.100  -35.333 0.0000000000
3861  38.618  14.614  -36.871 0.0000000000
3862  40.784  11.881  -37.904 0.0000000000
5455  39.119  9.409  -30.069 0.0000000000
5456  33.588  7.833  -32.370 0.0000000000
5457  36.175  5.873  -30.490 0.0000000000
5458  34.838  4.112  -29.535 0.0000000000
5459  34.889  1.526  -25.957 0.0000000000
5460  33.660  2.287  -27.855 0.0000000000
5462  31.862  3.072  -29.484 0.0000000000
5466  27.248  -1.427  -29.435 0.0000000000
7016  36.394  14.949  -33.966 0.0000000000
7017  36.906  11.498  -32.717 0.0000000000
7018  34.011  13.417  -34.474 0.0000000000
7019  31.846  11.542  -34.244 0.0000000000
7020  30.676  8.996  -33.737 0.0000000000
7021  30.308  6.162  -32.784 0.0000000000
7022  28.213  8.618  -35.420 0.0000000000
7023  27.426  6.977  -37.033 0.0000000000
7026  29.127  4.773  -39.702 0.0000000000
7900  38.915  16.299  -32.543 0.0000000000
7901  37.174  16.156  -35.522 0.0000000000
7902  35.779  14.580  -37.694 0.0000000000
7903  35.443  10.841  -36.912 0.0000000000
7905  37.477  8.170  -36.424 0.0000000000
9876  37.661  7.509  -30.580 0.0000000000
9877  37.670  4.539  -27.908 0.0000000000
9882  33.315  -1.349  -21.711 0.0000000000
9885  30.195  2.980  -30.638 0.0000000000
9886  29.757  0.341  -27.712 0.0000000000
10938  32.856  11.284  -37.148 0.0000000000
10939  31.600  12.213  -37.234 0.0000000000
10940  31.533  10.701  -37.423 0.0000000000
10941  30.286  9.932  -37.725 0.0000000000
10942  31.566  8.872  -37.424 0.0000000000
10943  31.590  7.002  -37.720 0.0000000000
10944  32.657  7.644  -36.953 0.0000000000
11539  41.661  13.450  -34.278 0.0000000000
11540  41.885  12.783  -36.081 0.0000000000
11541  40.960  13.219  -36.953 0.0000000000
11542  42.036  12.004  -37.381 0.0000000000
13135  38.991  11.338  -30.931 0.0000000000
13136  33.003  6.730  -31.863 0.0000000000
13137  34.356  5.725  -30.906 0.0000000000
13138  33.785  4.722  -30.277 0.0000000000
13139  34.230  3.245  -28.808 0.0000000000
13140  33.208  3.795  -29.556 0.0000000000
13141  32.842  2.643  -28.595 0.0000000000
13142  32.175  4.321  -30.443 0.0000000000
15533  35.281  15.509  -35.295 0.0000000000
15534  35.162  14.260  -34.402 0.0000000000
15535  33.827  14.767  -35.425 0.0000000000
15536  30.461  12.394  -36.063 0.0000000000
15537  31.442  12.816  -35.197 0.0000000000
15538  30.522  11.635  -34.971 0.0000000000
15539  31.172  10.343  -34.042 0.0000000000
15540  29.694  10.483  -34.846 0.0000000000
15541  29.286  9.061  -34.535 0.0000000000
15542  28.652  9.999  -35.776 0.0000000000
15543  28.461  8.064  -38.138 0.0000000000
15544  27.746  8.249  -37.446 0.0000000000
15545  27.879  7.093  -38.004 0.0000000000
15546  27.326  5.917  -37.706 0.0000000000
15547  28.104  5.939  -38.679 0.0000000000
15548  28.226  5.054  -38.999 0.0000000000
15549  28.962  5.729  -39.376 0.0000000000
17336  40.849  16.106  -33.077 0.0000000000
17338  40.595  16.585  -32.412 0.0000000000
17339  40.175  16.412  -31.737 0.0000000000
17340  39.352  16.685  -33.204 0.0000000000
17341  37.997  16.457  -33.938 0.0000000000
17342  38.509  16.384  -34.708 0.0000000000
17343  38.373  13.284  -37.820 0.0000000000
17344  37.292  14.729  -37.374 0.0000000000
17345  37.013  13.222  -37.938 0.0000000000
17346  35.528  12.941  -37.705 0.0000000000
17347  36.805  11.352  -37.408 0.0000000000
17348  36.580  9.520  -36.592 0.0000000000
17349  37.860  9.804  -37.155 0.0000000000
22126  36.118  10.626  -32.916 0.0000000000
22127  37.375  9.578  -31.854 0.0000000000
22128  36.603  8.620  -31.905 0.0000000000
22129  36.345  4.370  -28.887 0.0000000000
22130  37.022  5.159  -29.210 0.0000000000
22131  37.026  3.781  -27.672 0.0000000000
22132  37.455  3.174  -26.342 0.0000000000
22133  36.739  2.522  -25.967 0.0000000000
22135  36.081  1.843  -25.502 0.0000000000
22136  34.213  0.841  -24.909 0.0000000000
22137  34.530  0.758  -23.773 0.0000000000
22138  33.886  0.216  -22.537 0.0000000000
22142  33.293  -0.590  -22.560 0.0000000000
22148  29.263  5.993  -33.648 0.0000000000
22149  30.256  4.657  -31.987 0.0000000000
22151  28.191  1.085  -29.644 0.0000000000
22152  29.073  1.455  -29.315 0.0000000000
22153  29.043  -0.068  -27.954 0.0000000000
22154  30.327  -1.348  -27.007 0.0000000000
24296  33.421  14.442  -36.962 0.0000000000
24297  32.730  14.382  -36.290 0.0000000000
24298  32.041  13.481  -36.822 0.0000000000
24299  30.800  12.640  -36.909 0.0000000000
24300  29.614  11.619  -36.839 0.0000000000
24301  28.697  10.415  -36.772 0.0000000000
24302  29.255  10.402  -37.556 0.0000000000
24303  29.198  9.017  -37.989 0.0000000000
24304  29.525  7.397  -38.462 0.0000000000
24305  29.713  6.129  -39.197 0.0000000000
24306  30.741  6.496  -38.578 0.0000000000
24307  31.878  5.424  -38.857 0.0000000000
25379  41.231  15.015  -33.558 0.0000000000
25380  40.254  15.390  -34.496 0.0000000000
25381  39.076  15.580  -35.362 0.0000000000
25382  39.880  14.415  -36.155 0.0000000000
25383  39.680  13.363  -37.461 0.0000000000
25384  39.330  11.719  -37.948 0.0000000000
25385  39.075  10.023  -37.695 0.0000000000
25386  40.333  10.317  -37.957 0.0000000000
28251  39.159  7.436  -28.846 0.0000000000
28252  34.333  8.819  -32.788 0.0000000000
28253  35.761  7.705  -31.711 0.0000000000
28254  35.041  6.736  -31.459 0.0000000000
28255  35.525  4.952  -30.071 0.0000000000
28256  35.690  3.611  -28.465 0.0000000000
28257  35.595  2.296  -26.676 0.0000000000
28258  35.000  2.724  -27.734 0.0000000000
28259  34.346  1.875  -27.016 0.0000000000
28260  33.716  1.121  -25.862 0.0000000000
28261  33.284  0.322  -24.700 0.0000000000
28262  33.149  1.509  -26.797 0.0000000000
28263  32.464  1.686  -27.392 0.0000000000
28264  31.566  1.852  -28.090 0.0000000000
28268  27.798  1.962  -31.803 0.0000000000
28269  27.415  0.640  -29.843 0.0000000000
28270  27.755  -1.021  -28.735 0.0000000000
28271  26.676  0.177  -30.257 0.0000000000
31730  37.616  14.200  -32.625 0.0000000000
31731  37.824  12.307  -32.138 0.0000000000
31732  36.567  13.320  -33.304 0.0000000000
31733  35.563  12.540  -33.655 0.0000000000
31734  34.534  11.728  -33.726 0.0000000000
31735  32.541  13.838  -35.375 0.0000000000
31736  32.941  12.500  -34.371 0.0000000000
31737  33.620  10.647  -33.561 0.0000000000
31738  32.719  9.815  -33.390 0.0000000000
31739  32.028  8.662  -33.166 0.0000000000
31740  31.736  7.336  -32.657 0.0000000000
31741  31.434  6.004  -32.074 0.0000000000
31742  30.389  7.601  -33.356 0.0000000000
31743  29.145  7.594  -34.201 0.0000000000
31744  28.221  7.147  -34.982 0.0000000000
31745  27.902  9.229  -36.699 0.0000000000
31746  27.687  7.922  -36.235 0.0000000000
31747  27.593  6.493  -35.773 0.0000000000
31755  29.964  5.220  -39.916 0.0000000000
34051  39.907  14.064  -30.606 0.0000000000
34059  39.939  15.544  -31.103 0.0000000000
34060  38.779  15.011  -31.895 0.0000000000
34061  37.646  15.688  -33.250 0.0000000000
34062  36.646  15.957  -34.776 0.0000000000
34063  35.726  15.837  -36.111 0.0000000000
34064  37.779  15.643  -36.170 0.0000000000
34065  36.437  15.533  -36.864 0.0000000000
34066  34.892  15.115  -37.088 0.0000000000
34067  34.361  13.930  -37.508 0.0000000000
34068  34.154  12.120  -37.215 0.0000000000
34069  34.064  10.008  -36.726 0.0000000000
34070  33.830  8.203  -36.450 0.0000000000
34071  35.196  8.936  -36.366 0.0000000000
34072  36.176  7.644  -36.021 0.0000000000
34074  38.680  8.400  -36.911 0.0000000000
39864  38.162  10.427  -31.461 0.0000000000
39865  38.363  8.541  -30.496 0.0000000000
39866  38.428  6.589  -29.139 0.0000000000
39867  36.916  6.651  -30.623 0.0000000000
39868  37.748  5.896  -29.291 0.0000000000
39869  38.376  5.175  -27.960 0.0000000000
39876  35.272  1.215  -24.701 0.0000000000
39885  32.990  -0.613  -23.463 0.0000000000
39891  31.180  4.660  -31.305 0.0000000000
39892  31.014  3.160  -30.127 0.0000000000
39893  30.730  1.853  -28.648 0.0000000000
39895  29.922  1.722  -29.068 0.0000000000
39896  30.514  0.597  -27.398 0.0000000000
39897  30.899  -0.979  -26.441 0.0000000000
39898  31.794  -2.413  -26.360 0.0000000000
41658  32.798  10.444  -37.052 0.0000000000
41659  32.157  11.041  -37.215 0.0000000000
41660  32.134  10.140  -37.162 0.0000000000
41661  31.562  9.764  -37.370 0.0000000000
41662  32.168  9.182  -37.102 0.0000000000
41663  32.170  8.285  -37.132 0.0000000000
41664  32.693  8.606  -36.875 0.0000000000
42259  42.281  12.389  -35.590 0.0000000000
42261  42.014  12.472  -36.815 0.0000000000
43853  39.375  12.720  -30.814 0.0000000000
43854  39.403  11.693  -30.547 0.0000000000
43855  38.861  12.334  -31.225 0.0000000000
43856  32.740  6.202  -31.601 0.0000000000
43857  33.404  5.706  -31.020 0.0000000000
43858  33.140  5.262  -30.823 0.0000000000
43859  33.593  4.209  -29.972 0.0000000000
43860  32.902  4.656  -30.430 0.0000000000
43861  32.704  4.054  -29.948 0.0000000000
43862  32.365  4.953  -30.859 0.0000000000
46253  34.718  15.461  -35.899 0.0000000000
46254  34.531  15.138  -35.411 0.0000000000
46255  33.972  15.086  -35.949 0.0000000000
46256  29.868  11.899  -36.009 0.0000000000
46257  30.420  12.103  -35.553 0.0000000000
46258  29.876  11.539  -35.489 0.0000000000
46259  30.112  11.088  -34.924 0.0000000000
46260  29.461  10.938  -35.386 0.0000000000
46261  29.144  10.273  -35.276 0.0000000000
46262  29.003  10.636  -35.777 0.0000000000
46263  28.631  7.377  -38.423 0.0000000000
46264  28.207  7.570  -38.093 0.0000000000
46265  28.255  6.978  -38.410 0.0000000000
46266  28.018  6.535  -38.297 0.0000000000
46267  28.431  6.389  -38.721 0.0000000000
46268  28.491  5.870  -39.020 0.0000000000
46269  28.905  6.229  -39.032 0.0000000000
48056  40.397  16.235  -33.480 0.0000000000
48057  40.754  16.410  -32.712 0.0000000000
48058  40.217  16.545  -33.149 0.0000000000
48059  39.956  16.625  -32.837 0.0000000000
48060  39.582  16.583  -33.600 0.0000000000
48061  38.924  16.675  -34.029 0.0000000000
48062  39.149  16.335  -34.297 0.0000000000
48063  38.225  12.463  -37.974 0.0000000000
48064  37.665  13.351  -37.910 0.0000000000
48065  37.578  12.390  -37.915 0.0000000000
48066  36.899  12.339  -37.791 0.0000000000
48067  37.478  11.419  -37.651 0.0000000000
48068  37.348  10.573  -37.254 0.0000000000
48069  37.985  10.630  -37.520 0.0000000000
52846  35.627  10.233  -32.989 0.0000000000
52847  36.391  9.638  -32.478 0.0000000000
52848  35.938  9.176  -32.487 0.0000000000
52849  36.391  3.746  -28.175 0.0000000000
52850  36.691  4.104  -28.301 0.0000000000
52851  36.686  3.488  -27.546 0.0000000000
52852  36.904  3.155  -26.852 0.0000000000
52853  36.525  2.816  -26.578 0.0000000000
52854  36.393  2.153  -25.737 0.0000000000
52855  36.206  2.473  -26.389 0.0000000000
52856  33.904  0.509  -24.247 0.0000000000
52857  34.060  0.476  -23.720 0.0000000000
52858  33.756  0.174  -23.061 0.0000000000
52859  33.658  -0.003  -22.081 0.0000000000
52860  33.571  -0.151  -22.583 0.0000000000
52861  33.446  -0.471  -22.213 0.0000000000
52862  33.421  -0.231  -23.082 0.0000000000
52868  28.769  5.830  -33.991 0.0000000000
52869  29.252  5.180  -33.290 0.0000000000
52870  28.841  5.000  -33.618 0.0000000000
52871  28.151  0.302  -28.789 0.0000000000
52872  28.543  0.537  -28.721 0.0000000000
52877  28.768  -1.369  -28.187 0.0000000000
52879  27.421  -2.752  -30.178 0.0000000000
55853  33.158  13.836  -37.162 0.0000000000
55854  32.694  13.965  -36.909 0.0000000000
55855  32.493  13.318  -37.020 0.0000000000
55856  31.016  11.913  -37.398 0.0000000000
55857  31.158  12.484  -37.139 0.0000000000
55858  30.577  12.068  -37.228 0.0000000000
55859  30.197  12.120  -36.953 0.0000000000
55860  29.919  11.588  -37.268 0.0000000000
55861  29.377  11.019  -37.205 0.0000000000
55862  29.761  10.944  -37.523 0.0000000000
55863  30.345  9.056  -37.782 0.0000000000
55864  29.771  9.458  -37.845 0.0000000000
55865  29.828  8.596  -38.005 0.0000000000
55866  29.369  8.155  -38.167 0.0000000000
55867  29.983  7.755  -38.143 0.0000000000
55868  30.131  6.946  -38.530 0.0000000000
55869  30.596  7.262  -38.141 0.0000000000
55870  32.199  6.369  -37.667 0.0000000000
55871  31.689  6.189  -38.189 0.0000000000
55872  32.322  5.564  -38.306 0.0000000000
55873  32.493  4.950  -39.030 0.0000000000
57656  41.341  13.847  -34.848 0.0000000000
57657  41.392  14.257  -33.892 0.0000000000
57658  40.984  14.492  -34.514 0.0000000000
57659  40.754  15.229  -34.120 0.0000000000
57660  40.548  14.789  -34.935 0.0000000000
57661  40.049  14.920  -35.268 0.0000000000
57662  40.432  14.283  -35.782 0.0000000000
57663  40.893  12.612  -37.513 0.0000000000
57664  40.340  13.298  -37.197 0.0000000000
57665  40.219  12.690  -37.672 0.0000000000
57666  39.491  12.571  -37.822 0.0000000000
57667  40.038  11.879  -37.949 0.0000000000
57668  39.842  11.023  -38.001 0.0000000000
57669  40.552  11.143  -37.987 0.0000000000
62445  39.180  8.436  -29.499 0.0000000000
62446  33.911  8.383  -32.642 0.0000000000
62447  34.682  7.862  -32.211 0.0000000000
62448  34.311  7.365  -32.011 0.0000000000
62449  34.620  4.849  -30.242 0.0000000000
62450  34.999  5.344  -30.553 0.0000000000
62451  35.182  4.521  -29.796 0.0000000000
62452  35.646  4.204  -29.225 0.0000000000
62453  35.277  3.849  -29.023 0.0000000000
62454  35.340  3.226  -28.186 0.0000000000
62455  34.971  3.444  -28.705 0.0000000000
62456  33.935  2.766  -28.327 0.0000000000
62457  34.331  2.588  -27.949 0.0000000000
62458  34.004  2.083  -27.416 0.0000000000
62459  34.042  1.524  -26.440 0.0000000000
62460  33.712  1.695  -26.879 0.0000000000
62461  33.451  1.269  -26.314 0.0000000000
62462  33.416  1.831  -27.338 0.0000000000
62463  32.372  2.805  -28.945 0.0000000000
62464  32.635  2.183  -28.048 0.0000000000
62465  32.166  2.403  -28.543 0.0000000000
62466  31.987  1.825  -27.729 0.0000000000
62467  31.741  2.454  -28.803 0.0000000000
62476  27.031  0.456  -30.114 0.0000000000
69638  36.990  14.552  -33.306 0.0000000000
69639  37.075  13.693  -32.979 0.0000000000
69640  36.447  14.161  -33.629 0.0000000000
69641  34.567  13.888  -34.497 0.0000000000
69642  35.331  13.431  -33.970 0.0000000000
69643  34.798  13.062  -34.054 0.0000000000
69644  35.077  12.102  -33.723 0.0000000000
69645  34.264  12.605  -34.037 0.0000000000
69646  32.127  13.917  -36.178 0.0000000000
69647  32.592  14.175  -35.839 0.0000000000
69648  31.941  13.686  -35.758 0.0000000000
69649  31.566  12.276  -34.735 0.0000000000
69650  32.109  12.784  -34.770 0.0000000000
69651  32.423  12.030  -34.271 0.0000000000
69652  33.309  11.640  -33.925 0.0000000000
69653  32.712  11.204  -33.881 0.0000000000
69654  33.129  10.246  -33.487 0.0000000000
69655  32.251  10.698  -33.785 0.0000000000
69656  30.879  9.724  -33.912 0.0000000000
69657  31.610  9.542  -33.561 0.0000000000
69658  31.385  8.892  -33.401 0.0000000000
69659  31.918  7.993  -32.891 0.0000000000
69660  31.232  8.164  -33.206 0.0000000000
69661  31.042  7.534  -33.036 0.0000000000
69662  30.474  8.341  -33.567 0.0000000000
69663  28.780  8.878  -34.961 0.0000000000
69664  29.236  8.321  -34.353 0.0000000000
69665  28.624  8.188  -34.816 0.0000000000
69666  28.639  7.437  -34.624 0.0000000000
69667  28.187  7.939  -35.243 0.0000000000
69668  28.517  9.904  -37.204 0.0000000000
69669  28.306  9.853  -36.743 0.0000000000
69670  28.082  9.382  -37.182 0.0000000000
69671  27.640  7.598  -37.248 0.0000000000
69672  27.600  8.156  -36.813 0.0000000000
69673  27.518  7.488  -36.659 0.0000000000
69674  27.614  7.201  -36.011 0.0000000000
69675  27.424  6.738  -36.432 0.0000000000
69676  27.412  6.045  -36.065 0.0000000000
69677  27.291  6.287  -36.727 0.0000000000
69678  27.395  5.457  -37.922 0.0000000000
69685  28.667  4.963  -39.442 0.0000000000
69690  30.339  5.760  -39.386 0.0000000000
69691  29.861  5.678  -39.555 0.0000000000
69692  30.445  5.357  -39.741 0.0000000000
75056  39.602  16.369  -32.070 0.0000000000
75057  40.082  16.049  -31.336 0.0000000000
75058  39.394  15.975  -31.850 0.0000000000
75059  39.356  15.369  -31.583 0.0000000000
75060  38.839  15.774  -32.223 0.0000000000
75061  38.219  15.388  -32.538 0.0000000000
75062  38.324  16.059  -32.796 0.0000000000
75063  37.616  16.338  -34.715 0.0000000000
75064  37.307  16.197  -34.372 0.0000000000
75065  36.863  16.153  -35.146 0.0000000000
75066  36.189  15.969  -35.500 0.0000000000
75067  36.470  16.060  -35.842 0.0000000000
75068  38.775  15.112  -36.061 0.0000000000
75069  38.470  15.677  -35.776 0.0000000000
75070  38.153  15.149  -36.565 0.0000000000
75071  36.550  14.639  -37.594 0.0000000000
75072  36.858  15.141  -37.148 0.0000000000
75073  36.096  15.094  -37.358 0.0000000000
75074  35.681  15.362  -37.028 0.0000000000
75075  35.313  14.896  -37.370 0.0000000000
75076  34.591  14.632  -37.365 0.0000000000
75077  35.024  14.374  -37.610 0.0000000000
75078  35.478  11.925  -37.339 0.0000000000
75079  34.839  12.588  -37.432 0.0000000000
75080  34.819  11.512  -37.109 0.0000000000
75081  34.142  11.055  -37.010 0.0000000000
75082  34.735  10.479  -36.794 0.0000000000
75083  34.609  9.489  -36.553 0.0000000000
75084  35.342  9.805  -36.618 0.0000000000
75085  37.034  8.840  -36.458 0.0000000000
75086  36.356  8.525  -36.231 0.0000000000
75087  36.848  7.891  -36.154 0.0000000000
75090  39.505  9.327  -37.606 0.0000000000
75091  38.886  9.209  -37.331 0.0000000000
75092  39.345  8.465  -37.227 0.0000000000
89416  37.413  11.856  -32.449 0.0000000000
89417  38.028  11.330  -31.816 0.0000000000
89418  37.549  10.992  -32.151 0.0000000000
89419  37.520  8.558  -31.285 0.0000000000
89420  37.918  9.065  -31.200 0.0000000000
89421  38.051  7.967  -30.568 0.0000000000
89422  38.411  7.458  -29.745 0.0000000000
89423  38.095  7.023  -29.881 0.0000000000
89424  35.990  6.747  -31.096 0.0000000000
89425  36.361  7.223  -31.251 0.0000000000
89426  36.582  6.170  -30.547 0.0000000000
89427  37.353  4.828  -28.504 0.0000000000
89428  37.387  5.501  -29.257 0.0000000000
89429  37.711  5.205  -28.612 0.0000000000
89430  38.075  5.544  -28.586 0.0000000000
89431  38.018  4.887  -27.933 0.0000000000
89432  38.308  4.422  -27.267 0.0000000000
89433  37.943  4.138  -27.245 0.0000000000
89446  35.239  1.884  -26.282 0.0000000000
89447  35.479  1.609  -25.738 0.0000000000
89448  35.117  1.375  -25.379 0.0000000000
89463  33.451  -1.279  -21.289 0.0000000000
89469  33.093  -0.137  -24.070 0.0000000000
89483  30.876  6.132  -32.439 0.0000000000
89484  31.303  5.362  -31.709 0.0000000000
89485  30.751  5.428  -32.110 0.0000000000
89486  30.253  3.823  -31.412 0.0000000000
89487  30.630  3.908  -31.099 0.0000000000
89488  30.597  3.127  -30.434 0.0000000000
89489  30.894  2.501  -29.456 0.0000000000
89490  30.477  2.397  -29.625 0.0000000000
89494  29.364  0.912  -28.466 0.0000000000
89495  29.471  1.570  -29.200 0.0000000000
89496  29.771  1.072  -28.326 0.0000000000
89497  30.189  1.153  -28.151 0.0000000000
89498  30.150  0.497  -27.527 0.0000000000
89499  30.657  -0.220  -26.765 0.0000000000
89500  30.281  -0.294  -27.051 0.0000000000
89502  31.100  -1.916  -26.748 0.0000000000
89513  27.516  -1.254  -29.074 0.0000000000
89515  28.044  -1.965  -29.173 0.0000000000
93416  32.877  12.166  -37.174 0.0000000000
93417  32.316  12.617  -37.144 0.0000000000
93418  32.238  11.835  -37.230 0.0000000000
93419  31.502  11.537  -37.372 0.0000000000
93420  30.968  11.187  -37.533 0.0000000000
93421  30.299  10.783  -37.657 0.0000000000
93422  30.898  10.355  -37.584 0.0000000000
93423  30.941  9.462  -37.631 0.0000000000
93424  30.942  8.547  -37.660 0.0000000000
93425  31.013  7.563  -37.778 0.0000000000
93426  31.524  7.938  -37.435 0.0000000000
93427  32.121  7.349  -37.271 0.0000000000
93428  32.636  6.707  -37.147 0.0000000000
94499  41.733  13.086  -35.188 0.0000000000
94500  41.361  13.456  -35.736 0.0000000000
94501  40.952  13.705  -36.164 0.0000000000
94502  41.422  13.069  -36.496 0.0000000000
94503  41.463  12.602  -37.209 0.0000000000
94504  41.399  11.993  -37.723 0.0000000000
94505  41.265  11.307  -37.900 0.0000000000
97370  39.473  10.768  -30.192 0.0000000000
97371  39.040  10.383  -30.573 0.0000000000
97372  33.274  7.323  -32.191 0.0000000000
97373  34.017  6.784  -31.679 0.0000000000
97374  33.669  6.325  -31.491 0.0000000000
97375  34.060  5.284  -30.747 0.0000000000
97376  34.338  4.419  -29.934 0.0000000000
97377  34.526  3.707  -29.177 0.0000000000
97378  34.069  3.976  -29.669 0.0000000000
97379  33.806  3.488  -29.217 0.0000000000
97380  33.566  2.982  -28.743 0.0000000000
97381  33.307  2.398  -28.252 0.0000000000
97382  33.015  3.194  -29.128 0.0000000000
97383  32.508  3.447  -29.524 0.0000000000
97384  32.024  3.737  -29.975 0.0000000000
101687  35.837  15.315  -34.656 0.0000000000
101688  35.787  14.658  -34.258 0.0000000000
101689  35.107  15.006  -34.856 0.0000000000
101690  34.481  14.589  -34.928 0.0000000000
101691  33.825  14.147  -34.966 0.0000000000
101692  31.006  12.895  -36.088 0.0000000000
101693  31.408  13.178  -35.720 0.0000000000
101694  30.933  12.608  -35.630 0.0000000000
101695  30.939  12.242  -35.136 0.0000000000
101696  31.147  11.648  -34.604 0.0000000000
101697  31.473  10.950  -34.159 0.0000000000
101698  30.778  11.033  -34.487 0.0000000000
101699  30.453  10.470  -34.431 0.0000000000
101700  30.133  9.802  -34.288 0.0000000000
101701  29.910  9.127  -34.121 0.0000000000
101702  29.444  9.755  -34.697 0.0000000000
101703  28.861  9.576  -35.165 0.0000000000
101704  28.424  9.298  -35.617 0.0000000000
101705  28.346  8.729  -37.907 0.0000000000
101706  28.001  8.782  -37.594 0.0000000000
101707  28.068  8.180  -37.815 0.0000000000
101708  27.836  7.635  -37.713 0.0000000000
101709  27.618  7.094  -37.537 0.0000000000
101710  27.318  6.436  -37.345 0.0000000000
101711  27.600  6.534  -37.827 0.0000000000
101712  27.675  5.950  -38.212 0.0000000000
101713  27.716  5.495  -38.464 0.0000000000
101714  27.814  5.097  -38.583 0.0000000000
101715  28.069  5.506  -38.878 0.0000000000
101716  28.550  5.400  -39.224 0.0000000000
101717  29.017  5.245  -39.486 0.0000000000
101718  31.503  4.951  -39.818 0.0000000000
104932  41.460  16.008  -32.497 0.0000000000
104934  41.261  16.286  -32.259 0.0000000000
104935  41.140  16.483  -31.916 0.0000000000
104936  40.997  16.506  -31.593 0.0000000000
104937  40.760  16.392  -31.310 0.0000000000
104938  40.367  16.551  -32.060 0.0000000000
104939  39.782  16.628  -32.465 0.0000000000
104940  39.122  16.531  -32.812 0.0000000000
104941  38.468  16.414  -33.154 0.0000000000
104942  38.678  16.601  -33.556 0.0000000000
104943  38.236  16.541  -34.361 0.0000000000
104944  37.806  16.260  -35.141 0.0000000000
104945  38.485  14.002  -37.474 0.0000000000
104946  38.001  14.615  -37.177 0.0000000000
104947  37.847  14.097  -37.634 0.0000000000
104948  37.117  14.043  -37.806 0.0000000000
104949  36.357  13.963  -37.852 0.0000000000
104950  35.601  13.848  -37.790 0.0000000000
104951  36.233  13.151  -37.863 0.0000000000
104952  36.192  12.181  -37.625 0.0000000000
104953  36.127  11.141  -37.185 0.0000000000
104954  35.993  10.223  -36.757 0.0000000000
104955  36.703  10.434  -37.011 0.0000000000
104956  37.204  9.750  -36.852 0.0000000000
104957  37.699  8.951  -36.777 0.0000000000
113554  36.552  11.005  -32.814 0.0000000000
113555  37.174  10.540  -32.311 0.0000000000
113556  36.778  10.065  -32.378 0.0000000000
113557  36.956  9.099  -31.904 0.0000000000
113558  37.137  8.042  -31.268 0.0000000000
113559  36.310  5.021  -29.657 0.0000000000
113560  36.650  5.451  -29.880 0.0000000000
113561  36.679  4.790  -29.108 0.0000000000
113562  37.036  4.462  -28.454 0.0000000000
113563  37.358  4.089  -27.803 0.0000000000
113564  37.609  3.757  -27.161 0.0000000000
113565  37.256  3.436  -26.982 0.0000000000
113566  37.090  2.837  -26.187 0.0000000000
113567  36.898  2.298  -25.314 0.0000000000
113569  36.538  1.879  -25.071 0.0000000000
113570  36.190  1.657  -24.820 0.0000000000
113571  35.804  1.403  -24.511 0.0000000000
113572  34.553  1.163  -25.473 0.0000000000
113573  34.745  1.066  -24.875 0.0000000000
113574  34.418  0.784  -24.390 0.0000000000
113575  34.209  0.494  -23.201 0.0000000000
113576  33.942  0.475  -22.111 0.0000000000
113578  33.744  0.109  -21.620 0.0000000000
113584  33.290  -0.971  -22.119 0.0000000000
113594  29.745  6.093  -33.231 0.0000000000
113595  30.281  5.425  -32.466 0.0000000000
113596  29.817  5.369  -32.855 0.0000000000
113597  29.807  4.521  -32.336 0.0000000000
113599  28.384  1.743  -30.479 0.0000000000
113600  28.803  1.969  -30.391 0.0000000000
113601  28.623  1.295  -29.483 0.0000000000
113602  28.929  0.732  -28.579 0.0000000000
113603  29.395  0.083  -27.816 0.0000000000
113604  29.923  -0.481  -27.286 0.0000000000
113605  29.613  -0.675  -27.413 0.0000000000
118130  33.790  14.958  -36.682 0.0000000000
118131  33.454  14.851  -36.339 0.0000000000
118132  33.001  14.486  -36.675 0.0000000000
118133  32.361  13.976  -36.576 0.0000000000
118134  31.719  13.500  -36.529 0.0000000000
118135  31.771  12.868  -37.061 0.0000000000
118136  31.388  12.991  -36.877 0.0000000000
118137  31.156  13.051  -36.542 0.0000000000
118138  30.553  12.576  -36.546 0.0000000000
118139  29.990  12.107  -36.482 0.0000000000
118140  29.437  11.507  -36.370 0.0000000000
118141  28.985  10.872  -36.304 0.0000000000
118142  29.109  11.034  -36.810 0.0000000000
118143  28.903  10.485  -37.235 0.0000000000
118144  28.845  9.872  -37.593 0.0000000000
118145  29.715  10.260  -37.709 0.0000000000
118146  29.208  9.749  -37.794 0.0000000000
118147  28.722  9.204  -37.854 0.0000000000
118148  28.818  8.468  -38.111 0.0000000000
118149  28.963  7.794  -38.352 0.0000000000
118150  29.156  7.040  -38.650 0.0000000000
118151  29.260  6.385  -39.039 0.0000000000
118152  29.659  6.765  -38.788 0.0000000000
118153  30.231  6.331  -38.940 0.0000000000
118154  30.804  5.881  -39.081 0.0000000000
118155  31.117  6.740  -38.154 0.0000000000
118156  31.312  6.017  -38.631 0.0000000000
118157  31.403  5.481  -39.270 0.0000000000
118158  31.966  4.944  -39.484 0.0000000000
120656  41.700  14.820  -32.931 0.0000000000
120657  41.583  15.470  -32.664 0.0000000000
120658  41.041  15.634  -33.307 0.0000000000
120659  40.557  15.777  -33.789 0.0000000000
120660  40.021  15.928  -34.225 0.0000000000
120661  39.378  15.945  -34.654 0.0000000000
120662  39.631  15.482  -34.945 0.0000000000
120663  39.403  15.046  -35.763 0.0000000000
120664  39.219  14.576  -36.487 0.0000000000
120665  40.378  13.827  -36.565 0.0000000000
120666  39.760  13.984  -36.888 0.0000000000
120667  39.109  14.011  -37.174 0.0000000000
120668  38.973  13.353  -37.684 0.0000000000
120669  38.825  12.537  -37.922 0.0000000000
120670  38.715  11.543  -37.916 0.0000000000
120671  38.559  10.715  -37.750 0.0000000000
120672  39.183  10.836  -37.931 0.0000000000
120673  39.669  10.145  -37.850 0.0000000000
127360  34.722  9.314  -32.942 0.0000000000
127361  35.471  8.761  -32.455 0.0000000000
127362  35.079  8.305  -32.348 0.0000000000
127363  35.343  7.339  -31.658 0.0000000000
127364  35.616  6.350  -31.012 0.0000000000
127365  34.678  6.326  -31.279 0.0000000000
127366  35.317  5.837  -30.821 0.0000000000
127367  35.842  5.464  -30.301 0.0000000000
127368  35.960  4.619  -29.357 0.0000000000
127369  36.057  3.959  -28.708 0.0000000000
127370  36.035  3.319  -27.882 0.0000000000
127371  35.954  2.650  -26.997 0.0000000000
127372  35.668  2.951  -27.626 0.0000000000
127373  35.311  2.568  -27.232 0.0000000000
127374  34.963  2.077  -26.856 0.0000000000
127375  34.608  2.972  -28.307 0.0000000000
127376  34.671  2.326  -27.443 0.0000000000
127377  34.641  1.689  -26.489 0.0000000000
127378  34.315  1.265  -26.040 0.0000000000
127379  34.021  0.980  -25.437 0.0000000000
127380  33.660  0.580  -24.726 0.0000000000
127381  33.440  0.171  -24.132 0.0000000000
127382  33.447  0.742  -25.258 0.0000000000
127383  33.225  0.918  -25.770 0.0000000000
127384  32.932  1.024  -26.114 0.0000000000
127385  33.059  2.020  -27.707 0.0000000000
127386  32.819  1.594  -27.101 0.0000000000
127387  32.628  1.137  -26.405 0.0000000000
127389  31.830  1.269  -27.094 0.0000000000
127390  31.420  1.290  -27.416 0.0000000000
127391  28.068  5.282  -34.587 0.0000000000
127392  28.561  4.702  -33.814 0.0000000000
127398  28.183  2.125  -31.598 0.0000000000
127401  27.740  0.115  -28.992 0.0000000000
127404  27.122  -0.404  -29.332 0.0000000000
127405  26.783  -0.620  -29.625 0.0000000000
127408  26.558  -0.888  -29.898 0.0000000000
127410  26.089  -1.491  -30.541 0.0000000000
136592  38.202  13.752  -32.038 0.0000000000
136593  38.322  12.791  -31.802 0.0000000000
136594  37.677  13.244  -32.352 0.0000000000
136595  37.214  12.828  -32.783 0.0000000000
136596  36.723  12.376  -33.024 0.0000000000
136597  35.870  13.851  -33.869 0.0000000000
136598  36.056  12.895  -33.509 0.0000000000
136599  36.260  12.006  -33.194 0.0000000000
136600  35.866  11.581  -33.320 0.0000000000
136601  35.332  11.162  -33.348 0.0000000000
136602  34.875  10.744  -33.378 0.0000000000
136603  33.229  14.631  -35.890 0.0000000000
136604  33.129  14.274  -35.453 0.0000000000
136605  33.306  13.663  -34.902 0.0000000000
136606  31.926  13.354  -35.320 0.0000000000
136607  32.678  13.247  -34.893 0.0000000000
136608  33.470  12.980  -34.463 0.0000000000
136609  33.763  12.113  -34.004 0.0000000000
136610  34.104  11.196  -33.669 0.0000000000
136611  34.416  10.214  -33.321 0.0000000000
136612  33.979  9.745  -33.223 0.0000000000
136613  33.492  9.372  -33.147 0.0000000000
136614  33.153  8.829  -32.915 0.0000000000
136615  31.866  10.173  -33.720 0.0000000000
136616  32.324  9.292  -33.234 0.0000000000
136617  32.805  8.308  -32.774 0.0000000000
136618  32.557  7.703  -32.557 0.0000000000
136619  32.372  7.058  -32.298 0.0000000000
136620  32.174  6.437  -32.008 0.0000000000
136621  32.040  5.796  -31.658 0.0000000000
136622  31.564  6.655  -32.413 0.0000000000
136623  30.945  6.787  -32.754 0.0000000000
136624  30.350  6.933  -33.106 0.0000000000
136625  29.790  8.367  -33.908 0.0000000000
136626  29.747  7.654  -33.757 0.0000000000
136627  29.689  6.947  -33.580 0.0000000000
136628  29.151  6.771  -33.969 0.0000000000
136629  28.690  6.677  -34.374 0.0000000000
136630  28.305  6.391  -34.692 0.0000000000
136631  28.609  10.295  -36.204 0.0000000000
136632  28.212  9.661  -36.283 0.0000000000
136633  27.956  8.982  -36.094 0.0000000000
136634  27.746  8.800  -37.081 0.0000000000
136635  27.703  8.631  -36.465 0.0000000000
136636  27.838  8.351  -35.879 0.0000000000
136637  27.888  7.575  -35.617 0.0000000000
136638  27.882  6.852  -35.379 0.0000000000
136639  27.916  6.082  -35.068 0.0000000000
136640  27.692  5.675  -35.311 0.0000000000
136643  27.214  5.781  -36.992 0.0000000000
136659  29.344  5.982  -39.373 0.0000000000
136660  29.440  5.509  -39.603 0.0000000000
136661  29.507  5.032  -39.809 0.0000000000
143232  39.896  13.126  -30.390 0.0000000000
143233  39.364  13.688  -31.064 0.0000000000
143255  40.531  16.138  -31.037 0.0000000000
143256  40.435  15.646  -30.670 0.0000000000
143258  39.903  14.892  -30.892 0.0000000000
143259  39.345  14.569  -31.277 0.0000000000
143260  38.776  14.150  -31.658 0.0000000000
143261  38.169  14.624  -32.317 0.0000000000
143262  37.575  14.999  -33.021 0.0000000000
143263  36.999  15.279  -33.698 0.0000000000
143264  37.776  16.195  -33.598 0.0000000000
143265  37.126  15.880  -33.995 0.0000000000
143266  36.486  15.575  -34.363 0.0000000000
143267  35.983  15.734  -35.094 0.0000000000
143268  35.456  15.720  -35.734 0.0000000000
143269  34.942  15.533  -36.298 0.0000000000
143270  38.788  16.028  -35.032 0.0000000000
143271  38.105  16.054  -35.426 0.0000000000
143272  37.477  15.986  -35.843 0.0000000000
143273  37.535  15.169  -36.888 0.0000000000
143274  37.143  15.638  -36.563 0.0000000000
143275  36.737  15.921  -36.273 0.0000000000
143276  36.085  15.770  -36.515 0.0000000000
143277  35.271  15.525  -36.663 0.0000000000
143278  34.511  15.304  -36.709 0.0000000000
143279  34.166  14.885  -37.016 0.0000000000
143280  33.866  14.250  -37.209 0.0000000000
143281  33.634  13.559  -37.273 0.0000000000
143282  34.877  13.583  -37.699 0.0000000000
143283  34.183  13.148  -37.436 0.0000000000
143284  33.505  12.726  -37.282 0.0000000000
143285  33.495  11.669  -37.115 0.0000000000
143286  33.445  10.686  -36.978 0.0000000000
143287  33.389  9.741  -36.815 0.0000000000
143288  33.302  8.847  -36.672 0.0000000000
143289  33.947  9.120  -36.558 0.0000000000
143290  34.477  8.529  -36.368 0.0000000000
143291  35.022  7.968  -36.148 0.0000000000
143292  35.860  9.367  -36.441 0.0000000000
143293  35.721  8.221  -36.143 0.0000000000
143298  38.436  9.921  -37.442 0.0000000000
143299  38.282  9.054  -37.021 0.0000000000
143300  38.106  8.176  -36.599 0.0000000000
160548  38.420  11.828  -31.561 0.0000000000
160549  38.571  10.837  -31.253 0.0000000000
160550  38.681  9.915  -30.802 0.0000000000
160551  37.762  10.062  -31.685 0.0000000000
160552  38.276  9.539  -31.068 0.0000000000
160553  38.765  8.989  -30.322 0.0000000000
160554  38.784  8.009  -29.766 0.0000000000
160555  38.765  7.003  -28.967 0.0000000000
160556  38.758  6.198  -28.389 0.0000000000
160557  36.161  8.232  -31.896 0.0000000000
160558  36.773  7.610  -31.267 0.0000000000
160559  37.286  7.014  -30.626 0.0000000000
160560  37.043  5.850  -29.979 0.0000000000
160561  37.388  6.219  -29.981 0.0000000000
160562  37.749  6.607  -29.905 0.0000000000
160563  38.098  6.235  -29.205 0.0000000000
160564  38.408  5.834  -28.535 0.0000000000
160565  38.738  5.471  -27.812 0.0000000000
160566  38.668  4.708  -27.236 0.0000000000
160584  35.853  2.036  -26.102 0.0000000000
160585  35.651  1.469  -25.127 0.0000000000
160586  35.374  1.202  -24.057 0.0000000000
160587  34.890  0.931  -24.231 0.0000000000
160611  33.279  -0.173  -23.637 0.0000000000
160612  33.155  -0.602  -23.010 0.0000000000
160613  33.181  -1.022  -22.584 0.0000000000
160629  31.841  5.182  -31.297 0.0000000000
160630  31.670  4.582  -30.885 0.0000000000
160631  31.531  3.890  -30.429 0.0000000000
160632  30.722  4.658  -31.660 0.0000000000
160633  31.075  3.953  -30.772 0.0000000000
160634  31.433  3.149  -29.813 0.0000000000
160635  31.351  2.434  -29.096 0.0000000000
160636  31.118  1.891  -28.492 0.0000000000
160637  31.021  1.296  -27.716 0.0000000000
160641  29.212  2.072  -30.243 0.0000000000
160643  30.060  2.353  -29.898 0.0000000000
160644  30.312  1.823  -28.888 0.0000000000
160645  30.606  1.262  -27.952 0.0000000000
160646  30.926  0.697  -27.086 0.0000000000
160647  31.001  -0.103  -26.539 0.0000000000
160648  31.206  -0.860  -26.190 0.0000000000
160649  31.570  -1.623  -25.995 0.0000000000
160650  30.559  -1.122  -26.767 0.0000000000
160651  31.259  -1.735  -26.337 0.0000000000
160652  31.959  -2.277  -25.865 0.0000000000
160653  32.374  -2.804  -25.802 0.0000000000
160665  28.525  -1.606  -28.447 0.0000000000
160692  25.682  -2.662  -31.234 0.0000000000
160764  33.219  7.918  -36.668 0.0000000000
