#!ascii label  , from subject fsaverage_star vox2ras=TkReg
1638
132  4.716  -74.076  21.017 0.0000000000
285  6.409  -83.175  22.205 0.0000000000
286  9.750  -79.178  28.344 0.0000000000
552  6.206  -93.038  13.662 0.0000000000
553  5.049  -83.563  10.104 0.0000000000
556  14.401  -66.063  15.100 0.0000000000
765  6.824  -81.812  33.487 0.0000000000
1216  10.276  -88.647  14.456 0.0000000000
1217  3.974  -79.132  22.635 0.0000000000
1218  7.182  -83.614  16.475 0.0000000000
1219  6.345  -78.408  16.737 0.0000000000
1221  3.310  -73.110  15.494 0.0000000000
1227  20.445  -65.734  13.029 0.0000000000
1665  8.615  -85.892  21.058 0.0000000000
1666  6.260  -84.304  28.480 0.0000000000
1667  5.026  -79.797  28.212 0.0000000000
1668  6.927  -76.200  25.372 0.0000000000
2294  8.627  -93.171  8.908 0.0000000000
2295  5.730  -88.169  16.326 0.0000000000
2296  5.262  -88.571  10.731 0.0000000000
2302  13.980  -77.878  22.996 0.0000000000
2303  11.622  -73.213  21.282 0.0000000000
2305  16.872  -70.878  17.449 0.0000000000
2306  7.339  -68.992  17.466 0.0000000000
3134  12.744  -89.606  17.785 0.0000000000
3135  12.460  -89.565  14.386 0.0000000000
3136  11.522  -87.743  17.641 0.0000000000
3137  4.334  -76.358  22.019 0.0000000000
3138  5.523  -78.692  19.880 0.0000000000
3139  5.276  -75.827  19.193 0.0000000000
3140  4.255  -75.850  16.347 0.0000000000
3141  3.781  -73.132  18.671 0.0000000000
3148  19.844  -65.392  10.765 0.0000000000
3737  8.021  -80.187  31.015 0.0000000000
3738  5.618  -80.486  30.863 0.0000000000
3739  6.865  -78.870  29.132 0.0000000000
3740  5.424  -77.809  27.320 0.0000000000
3741  8.414  -77.855  26.771 0.0000000000
5087  8.001  -94.245  14.276 0.0000000000
5089  7.639  -95.578  12.369 0.0000000000
5090  9.511  -95.246  10.076 0.0000000000
5091  6.678  -93.485  11.005 0.0000000000
5092  7.231  -84.539  21.274 0.0000000000
5093  6.932  -86.890  18.494 0.0000000000
5094  5.273  -85.829  19.508 0.0000000000
5095  6.625  -83.600  12.696 0.0000000000
5096  6.453  -86.390  12.813 0.0000000000
5097  5.060  -85.982  10.158 0.0000000000
5098  5.448  -88.510  7.992 0.0000000000
5112  16.460  -76.308  21.245 0.0000000000
5113  12.576  -75.795  21.701 0.0000000000
5114  15.005  -74.554  19.716 0.0000000000
5118  18.670  -67.910  15.115 0.0000000000
5119  19.737  -69.819  16.029 0.0000000000
5120  15.927  -68.528  16.916 0.0000000000
5121  12.640  -69.823  18.092 0.0000000000
5122  10.694  -67.316  15.954 0.0000000000
5123  6.240  -67.363  14.812 0.0000000000
5124  10.147  -65.510  13.136 0.0000000000
5987  9.883  -81.695  33.234 0.0000000000
5988  11.415  -80.630  30.341 0.0000000000
6796  12.118  -92.885  13.573 0.0000000000
6797  9.996  -92.036  13.970 0.0000000000
6798  8.262  -91.067  14.137 0.0000000000
6799  4.978  -81.350  22.718 0.0000000000
6800  5.577  -83.650  19.684 0.0000000000
6801  5.456  -81.062  19.750 0.0000000000
6802  7.009  -80.919  16.714 0.0000000000
6803  5.569  -81.352  13.434 0.0000000000
6805  4.465  -79.020  13.814 0.0000000000
6806  3.784  -76.441  13.197 0.0000000000
6817  17.882  -65.676  14.118 0.0000000000
6818  14.052  -64.640  12.139 0.0000000000
6819  17.366  -64.944  11.508 0.0000000000
7727  7.804  -85.112  24.977 0.0000000000
7728  7.163  -83.077  25.408 0.0000000000
7729  5.590  -82.924  31.755 0.0000000000
7730  5.886  -81.922  28.687 0.0000000000
7731  5.935  -81.134  25.441 0.0000000000
7732  4.207  -79.413  25.642 0.0000000000
7733  4.276  -76.781  24.922 0.0000000000
7734  5.715  -74.975  23.204 0.0000000000
9441  9.232  -87.033  17.756 0.0000000000
9442  7.959  -88.372  15.561 0.0000000000
9443  6.699  -90.218  14.112 0.0000000000
9444  5.717  -86.051  16.328 0.0000000000
9445  5.789  -88.388  13.737 0.0000000000
9446  5.352  -91.160  12.010 0.0000000000
9447  5.838  -91.289  8.999 0.0000000000
9461  13.677  -79.849  27.623 0.0000000000
9464  11.877  -78.526  25.574 0.0000000000
9465  10.306  -76.999  24.083 0.0000000000
9466  9.138  -74.904  22.956 0.0000000000
9467  7.707  -73.469  21.368 0.0000000000
9473  17.961  -73.080  18.252 0.0000000000
9474  14.191  -71.775  19.685 0.0000000000
9475  9.819  -71.480  19.567 0.0000000000
9476  5.332  -71.348  19.533 0.0000000000
9477  3.650  -69.835  16.958 0.0000000000
10815  12.249  -88.589  17.806 0.0000000000
10816  11.577  -88.674  19.345 0.0000000000
10817  4.640  -75.113  21.522 0.0000000000
10818  4.893  -76.204  20.702 0.0000000000
10819  4.607  -74.840  20.235 0.0000000000
10820  4.395  -74.504  18.869 0.0000000000
10821  4.257  -73.580  19.987 0.0000000000
11417  8.886  -79.605  29.649 0.0000000000
11418  7.457  -79.468  30.066 0.0000000000
11419  8.317  -78.963  28.764 0.0000000000
11420  7.725  -78.351  27.927 0.0000000000
11421  9.131  -78.525  27.472 0.0000000000
12767  6.968  -93.706  14.085 0.0000000000
12768  7.391  -95.067  13.615 0.0000000000
12769  6.599  -94.321  12.993 0.0000000000
12770  7.014  -94.441  11.791 0.0000000000
12771  5.910  -93.388  12.401 0.0000000000
12772  6.669  -83.895  21.699 0.0000000000
12773  6.117  -85.308  20.217 0.0000000000
12774  5.821  -84.534  20.747 0.0000000000
12775  5.519  -83.655  11.346 0.0000000000
12776  5.806  -84.848  11.190 0.0000000000
12777  5.036  -84.712  10.089 0.0000000000
12778  4.936  -85.906  8.883 0.0000000000
12779  5.298  -84.580  8.918 0.0000000000
12781  5.799  -83.462  9.116 0.0000000000
12793  15.665  -75.616  20.249 0.0000000000
12794  17.152  -74.835  19.591 0.0000000000
12798  16.802  -66.881  15.608 0.0000000000
12799  17.302  -68.113  16.023 0.0000000000
12800  15.176  -67.246  16.118 0.0000000000
12801  13.397  -67.871  16.485 0.0000000000
12802  12.608  -66.608  15.383 0.0000000000
12803  10.168  -66.295  14.604 0.0000000000
12804  12.135  -65.684  13.964 0.0000000000
13819  11.715  -81.564  32.664 0.0000000000
13820  10.598  -81.125  31.682 0.0000000000
13821  12.428  -81.073  31.298 0.0000000000
15166  13.349  -91.756  13.919 0.0000000000
15167  11.409  -89.005  14.255 0.0000000000
15168  11.321  -90.845  13.683 0.0000000000
15169  10.270  -90.361  13.776 0.0000000000
15170  9.057  -91.528  14.176 0.0000000000
15171  9.284  -89.880  13.995 0.0000000000
15172  4.360  -80.311  22.760 0.0000000000
15173  4.920  -81.306  21.197 0.0000000000
15174  4.636  -80.173  21.200 0.0000000000
15175  6.329  -78.481  18.439 0.0000000000
15176  6.304  -79.737  18.470 0.0000000000
15177  6.731  -79.738  16.787 0.0000000000
15178  6.684  -81.146  14.977 0.0000000000
15179  6.149  -80.000  15.093 0.0000000000
15180  5.035  -80.214  13.721 0.0000000000
15181  5.407  -78.762  15.244 0.0000000000
15182  3.508  -74.569  15.903 0.0000000000
15183  3.690  -76.324  14.872 0.0000000000
15184  3.493  -74.849  14.477 0.0000000000
15185  4.211  -75.104  13.216 0.0000000000
15186  3.715  -73.417  14.157 0.0000000000
15200  21.128  -66.414  13.858 0.0000000000
15201  19.682  -66.700  14.151 0.0000000000
15202  19.125  -65.720  13.444 0.0000000000
15203  17.522  -65.084  12.939 0.0000000000
15204  18.750  -65.312  12.402 0.0000000000
15206  18.777  -65.267  9.637 0.0000000000
16967  6.609  -85.457  28.319 0.0000000000
16968  7.313  -85.876  26.492 0.0000000000
16969  6.961  -84.781  26.720 0.0000000000
16970  7.481  -84.025  25.227 0.0000000000
16971  6.720  -83.704  27.032 0.0000000000
16972  6.716  -82.831  34.400 0.0000000000
16973  6.017  -83.434  33.490 0.0000000000
16974  5.889  -82.213  32.940 0.0000000000
16975  5.266  -80.019  29.609 0.0000000000
16976  5.378  -81.195  29.882 0.0000000000
16977  5.473  -80.840  28.393 0.0000000000
16978  6.166  -81.416  26.976 0.0000000000
16979  5.376  -80.486  26.853 0.0000000000
16980  4.917  -80.331  25.588 0.0000000000
16981  4.660  -79.574  26.964 0.0000000000
16982  6.140  -76.911  26.354 0.0000000000
16983  4.831  -77.245  26.233 0.0000000000
16984  5.476  -76.197  25.377 0.0000000000
16985  4.891  -75.684  24.152 0.0000000000
16986  6.289  -75.455  24.368 0.0000000000
21032  9.232  -94.039  9.583 0.0000000000
21037  9.309  -86.701  21.100 0.0000000000
21038  9.853  -87.132  19.362 0.0000000000
21039  8.755  -86.526  19.398 0.0000000000
21040  6.261  -87.715  17.642 0.0000000000
21041  7.432  -87.721  17.095 0.0000000000
21042  6.761  -88.489  16.126 0.0000000000
21043  7.363  -89.359  14.753 0.0000000000
21044  6.465  -89.019  15.073 0.0000000000
21045  6.332  -83.548  18.259 0.0000000000
21046  5.587  -84.857  18.037 0.0000000000
21047  6.504  -84.953  16.361 0.0000000000
21048  5.636  -87.468  11.798 0.0000000000
21049  6.021  -87.401  13.479 0.0000000000
21050  5.705  -88.603  12.298 0.0000000000
21051  5.709  -89.697  12.629 0.0000000000
21052  5.405  -89.902  11.171 0.0000000000
21053  5.399  -91.274  10.488 0.0000000000
21054  5.255  -89.956  9.720 0.0000000000
21056  6.406  -89.947  7.708 0.0000000000
21088  14.674  -80.039  28.699 0.0000000000
21095  15.003  -78.437  23.975 0.0000000000
21096  13.826  -78.980  25.190 0.0000000000
21097  12.950  -78.301  24.195 0.0000000000
21098  11.048  -77.791  24.730 0.0000000000
21099  12.076  -77.492  23.349 0.0000000000
21100  12.079  -74.322  21.550 0.0000000000
21101  10.904  -75.106  22.367 0.0000000000
21102  10.411  -74.132  22.033 0.0000000000
21103  8.551  -74.166  22.272 0.0000000000
21104  9.611  -73.389  21.368 0.0000000000
21116  18.193  -70.388  16.466 0.0000000000
21117  20.342  -70.456  16.987 0.0000000000
21118  18.774  -71.375  17.061 0.0000000000
21120  17.341  -72.076  17.636 0.0000000000
21121  15.942  -72.609  18.604 0.0000000000
21122  15.504  -71.324  18.590 0.0000000000
21123  10.052  -69.323  17.875 0.0000000000
21124  11.173  -70.503  18.917 0.0000000000
21125  8.629  -70.191  18.503 0.0000000000
21126  7.574  -71.268  19.441 0.0000000000
21127  6.219  -70.049  18.353 0.0000000000
21128  4.343  -70.492  18.453 0.0000000000
21129  5.013  -69.141  17.183 0.0000000000
21131  4.849  -68.326  14.385 0.0000000000
24074  13.377  -90.062  16.370 0.0000000000
24075  13.376  -90.180  14.734 0.0000000000
24076  12.968  -88.970  16.037 0.0000000000
24077  12.092  -88.239  15.821 0.0000000000
24078  11.030  -87.672  15.844 0.0000000000
24079  4.058  -77.781  22.405 0.0000000000
24080  4.613  -78.919  21.116 0.0000000000
24081  4.729  -77.549  21.067 0.0000000000
24082  5.664  -77.297  19.665 0.0000000000
24083  6.018  -76.972  18.032 0.0000000000
24084  5.427  -77.055  16.570 0.0000000000
24085  5.022  -75.608  17.727 0.0000000000
24086  3.953  -74.373  17.509 0.0000000000
24087  3.354  -72.919  17.056 0.0000000000
24097  21.777  -65.369  12.908 0.0000000000
24098  19.961  -65.425  12.009 0.0000000000
24099  21.244  -65.272  11.879 0.0000000000
25158  6.174  -84.855  30.278 0.0000000000
25159  7.249  -80.933  32.353 0.0000000000
25160  6.125  -81.067  32.210 0.0000000000
25161  6.645  -80.164  31.235 0.0000000000
25162  6.037  -79.531  30.200 0.0000000000
25163  5.573  -79.082  29.091 0.0000000000
25164  5.038  -78.805  27.959 0.0000000000
25165  6.238  -78.333  28.241 0.0000000000
25166  6.908  -77.633  27.188 0.0000000000
25167  7.602  -76.944  26.065 0.0000000000
27589  9.091  -94.772  14.272 0.0000000000
27591  8.336  -95.788  13.782 0.0000000000
27592  8.237  -96.397  12.875 0.0000000000
27593  8.897  -96.720  11.557 0.0000000000
27594  9.623  -96.672  10.356 0.0000000000
27595  8.488  -95.511  11.166 0.0000000000
27596  8.130  -94.335  10.614 0.0000000000
27597  7.637  -93.398  9.737 0.0000000000
27598  7.920  -85.165  21.021 0.0000000000
27599  7.773  -86.070  19.440 0.0000000000
27600  6.917  -85.758  19.744 0.0000000000
27601  5.956  -86.580  19.056 0.0000000000
27602  5.288  -87.150  17.894 0.0000000000
27603  7.373  -83.580  14.451 0.0000000000
27604  7.163  -85.063  14.298 0.0000000000
27605  6.720  -85.141  12.447 0.0000000000
27606  5.802  -86.260  11.323 0.0000000000
27607  5.176  -87.307  10.371 0.0000000000
27608  5.093  -88.582  9.208 0.0000000000
27609  4.893  -87.196  9.023 0.0000000000
27610  5.525  -87.159  7.878 0.0000000000
27634  15.109  -77.216  22.007 0.0000000000
27635  13.150  -77.024  22.110 0.0000000000
27636  14.365  -76.386  21.143 0.0000000000
27637  13.692  -75.106  20.746 0.0000000000
27638  13.335  -73.675  20.616 0.0000000000
27644  20.719  -68.409  15.170 0.0000000000
27645  21.259  -68.944  16.169 0.0000000000
27646  19.120  -68.972  15.393 0.0000000000
27647  17.717  -69.332  16.194 0.0000000000
27648  16.443  -69.661  17.328 0.0000000000
27649  15.003  -70.200  18.272 0.0000000000
27650  14.275  -69.082  17.413 0.0000000000
27651  11.637  -68.557  17.055 0.0000000000
27652  8.865  -68.054  16.721 0.0000000000
27653  6.425  -67.978  16.179 0.0000000000
27654  8.209  -67.039  15.389 0.0000000000
27655  8.153  -66.381  14.017 0.0000000000
29328  7.863  -82.391  34.767 0.0000000000
29331  8.167  -81.663  33.539 0.0000000000
29332  8.793  -80.972  32.102 0.0000000000
29333  9.668  -80.355  30.630 0.0000000000
29334  10.521  -79.906  29.244 0.0000000000
31218  11.033  -94.057  13.822 0.0000000000
31219  12.334  -91.296  13.741 0.0000000000
31220  11.013  -92.518  13.801 0.0000000000
31221  9.973  -93.602  14.177 0.0000000000
31222  8.976  -93.200  14.315 0.0000000000
31223  7.981  -92.734  14.415 0.0000000000
31224  7.163  -92.220  14.277 0.0000000000
31225  5.810  -82.310  22.435 0.0000000000
31226  5.742  -83.609  21.020 0.0000000000
31227  5.488  -82.450  21.172 0.0000000000
31228  5.652  -82.339  19.686 0.0000000000
31229  6.497  -82.224  18.317 0.0000000000
31230  5.438  -79.921  19.825 0.0000000000
31231  6.385  -80.889  18.398 0.0000000000
31232  7.247  -82.179  16.656 0.0000000000
31233  7.161  -82.301  14.764 0.0000000000
31234  6.142  -82.466  13.049 0.0000000000
31235  5.058  -82.499  11.658 0.0000000000
31236  4.961  -82.360  10.274 0.0000000000
31237  4.733  -81.358  11.938 0.0000000000
31238  4.649  -80.164  12.138 0.0000000000
31240  4.476  -77.567  15.276 0.0000000000
31241  3.894  -77.854  13.526 0.0000000000
31265  20.181  -67.625  14.613 0.0000000000
31266  18.295  -66.784  14.879 0.0000000000
31267  16.215  -65.807  14.657 0.0000000000
31268  14.045  -65.272  13.658 0.0000000000
31269  15.939  -65.070  13.370 0.0000000000
31270  15.786  -64.628  11.816 0.0000000000
31271  15.979  -64.637  10.117 0.0000000000
31272  18.590  -65.259  11.057 0.0000000000
31273  17.437  -64.890  9.781 0.0000000000
33588  8.838  -86.394  22.872 0.0000000000
33590  8.115  -86.190  24.788 0.0000000000
33591  8.421  -85.419  23.110 0.0000000000
33592  7.958  -84.461  23.118 0.0000000000
33593  7.406  -83.666  23.369 0.0000000000
33594  7.025  -82.815  23.599 0.0000000000
33596  5.934  -84.132  32.142 0.0000000000
33597  5.826  -83.663  30.234 0.0000000000
33598  5.494  -81.629  31.415 0.0000000000
33599  5.575  -82.409  30.185 0.0000000000
33600  6.140  -83.132  28.648 0.0000000000
33601  6.599  -82.590  27.142 0.0000000000
33602  6.830  -82.021  25.459 0.0000000000
33603  6.374  -81.991  23.801 0.0000000000
33604  5.401  -81.221  24.052 0.0000000000
33605  4.561  -80.378  24.213 0.0000000000
33606  3.963  -79.260  24.208 0.0000000000
33607  4.465  -78.424  26.724 0.0000000000
33608  3.997  -78.167  25.466 0.0000000000
33609  3.823  -77.872  23.964 0.0000000000
33610  4.057  -76.498  23.485 0.0000000000
33611  4.672  -75.384  22.783 0.0000000000
33612  5.333  -74.521  21.992 0.0000000000
38559  10.872  -87.840  19.361 0.0000000000
38560  10.489  -87.220  17.622 0.0000000000
38561  9.821  -87.501  16.087 0.0000000000
38562  8.033  -86.929  18.068 0.0000000000
38563  8.619  -87.604  16.524 0.0000000000
38564  9.124  -88.397  14.886 0.0000000000
38565  8.350  -89.448  14.260 0.0000000000
38566  7.458  -90.734  14.252 0.0000000000
38567  6.473  -91.715  14.089 0.0000000000
38568  5.247  -84.843  19.611 0.0000000000
38569  5.074  -85.994  17.970 0.0000000000
38570  5.297  -87.196  16.277 0.0000000000
38571  6.475  -86.229  14.625 0.0000000000
38572  5.855  -87.218  14.839 0.0000000000
38573  5.816  -88.238  14.999 0.0000000000
38574  6.180  -89.313  13.951 0.0000000000
38575  5.854  -90.834  13.354 0.0000000000
38576  5.582  -92.178  13.088 0.0000000000
38577  5.577  -92.432  11.447 0.0000000000
38578  6.191  -92.426  9.960 0.0000000000
38579  6.971  -92.407  8.866 0.0000000000
38580  5.558  -89.899  8.406 0.0000000000
38581  6.591  -91.235  8.162 0.0000000000
38582  8.119  -92.268  8.297 0.0000000000
38619  13.565  -80.557  29.961 0.0000000000
38620  12.481  -80.262  28.936 0.0000000000
38621  11.587  -79.585  27.837 0.0000000000
38628  14.891  -79.318  26.316 0.0000000000
38629  12.703  -79.271  26.511 0.0000000000
38630  10.819  -78.801  26.988 0.0000000000
38631  10.074  -78.124  26.169 0.0000000000
38632  9.345  -77.402  25.457 0.0000000000
38633  8.566  -76.482  24.818 0.0000000000
38634  11.409  -76.430  22.719 0.0000000000
38635  9.671  -75.913  23.437 0.0000000000
38636  8.049  -75.525  24.119 0.0000000000
38637  7.447  -74.853  23.289 0.0000000000
38638  6.782  -74.269  22.275 0.0000000000
38639  5.915  -73.576  21.247 0.0000000000
38658  16.525  -73.859  18.867 0.0000000000
38659  14.598  -73.077  19.618 0.0000000000
38660  12.826  -72.404  20.468 0.0000000000
38661  13.571  -70.817  19.053 0.0000000000
38662  12.121  -71.547  19.712 0.0000000000
38663  10.826  -72.456  20.422 0.0000000000
38664  8.730  -72.480  20.449 0.0000000000
38665  6.582  -72.430  20.423 0.0000000000
38666  4.855  -72.748  20.447 0.0000000000
38667  4.062  -72.086  19.459 0.0000000000
38668  3.445  -71.469  17.981 0.0000000000
38669  3.234  -71.247  16.359 0.0000000000
38670  4.584  -68.547  15.750 0.0000000000
38671  3.764  -69.718  15.397 0.0000000000
38672  3.553  -71.441  14.881 0.0000000000
38676  12.202  -64.972  12.580 0.0000000000
41537  4.739  -74.593  21.278 0.0000000000
41538  4.653  -74.999  20.904 0.0000000000
41539  4.570  -74.420  20.686 0.0000000000
41540  4.415  -74.230  20.098 0.0000000000
41541  4.483  -73.830  20.504 0.0000000000
42137  9.328  -79.364  28.978 0.0000000000
42138  8.610  -79.244  29.182 0.0000000000
42139  9.038  -79.047  28.530 0.0000000000
42140  8.740  -78.750  28.125 0.0000000000
42141  9.444  -78.848  27.896 0.0000000000
43487  6.522  -93.339  13.879 0.0000000000
43488  6.675  -94.029  13.611 0.0000000000
43489  6.260  -93.699  13.316 0.0000000000
43490  6.239  -93.858  12.706 0.0000000000
43491  5.923  -93.321  13.069 0.0000000000
43492  6.509  -83.550  21.953 0.0000000000
43493  6.234  -84.245  21.195 0.0000000000
43494  6.141  -83.872  21.427 0.0000000000
43495  5.148  -83.631  10.707 0.0000000000
43496  5.250  -84.193  10.651 0.0000000000
43497  5.018  -84.127  10.080 0.0000000000
43498  5.015  -84.644  9.472 0.0000000000
43499  5.118  -84.039  9.492 0.0000000000
43500  5.535  -83.988  8.999 0.0000000000
43501  5.219  -83.460  9.543 0.0000000000
43518  15.661  -66.449  15.437 0.0000000000
43519  15.994  -67.053  15.865 0.0000000000
43520  14.795  -66.649  15.634 0.0000000000
43521  13.904  -66.918  15.808 0.0000000000
43522  13.532  -66.297  15.200 0.0000000000
43523  12.266  -66.139  14.722 0.0000000000
43524  13.186  -65.874  14.533 0.0000000000
44540  12.036  -81.351  31.954 0.0000000000
44541  13.018  -81.161  31.715 0.0000000000
45886  13.783  -91.297  14.494 0.0000000000
45887  10.881  -88.837  14.263 0.0000000000
45888  10.887  -89.717  13.906 0.0000000000
45889  10.334  -89.502  13.946 0.0000000000
45890  9.768  -90.114  13.884 0.0000000000
45891  9.803  -89.233  14.020 0.0000000000
45892  4.130  -79.744  22.711 0.0000000000
45893  4.429  -80.274  21.974 0.0000000000
45894  4.306  -79.690  21.909 0.0000000000
45895  6.483  -78.432  17.576 0.0000000000
45896  6.614  -79.098  17.699 0.0000000000
45897  6.587  -79.104  16.786 0.0000000000
45898  6.565  -79.866  15.903 0.0000000000
45899  6.299  -79.239  15.932 0.0000000000
45900  5.832  -79.402  15.182 0.0000000000
45901  5.927  -78.602  15.938 0.0000000000
45902  3.365  -73.854  15.686 0.0000000000
45903  3.429  -74.709  15.128 0.0000000000
45904  3.385  -74.034  14.969 0.0000000000
45905  3.568  -74.175  14.303 0.0000000000
45906  3.462  -73.283  14.770 0.0000000000
45918  21.432  -65.875  13.395 0.0000000000
45920  20.815  -66.067  13.472 0.0000000000
45921  20.119  -66.149  13.619 0.0000000000
45922  19.856  -65.776  13.260 0.0000000000
45923  18.973  -65.422  12.974 0.0000000000
45924  19.570  -65.519  12.743 0.0000000000
47687  6.416  -84.874  28.398 0.0000000000
47688  6.709  -85.107  27.457 0.0000000000
47689  6.542  -84.580  27.550 0.0000000000
47690  6.840  -84.227  26.885 0.0000000000
47691  6.465  -84.015  27.711 0.0000000000
47692  6.723  -82.324  33.966 0.0000000000
47693  6.172  -82.574  33.716 0.0000000000
47694  6.273  -81.979  33.273 0.0000000000
47695  5.183  -79.906  28.911 0.0000000000
47696  5.257  -80.428  29.047 0.0000000000
47697  5.230  -80.303  28.287 0.0000000000
47698  5.477  -80.594  27.538 0.0000000000
47699  5.146  -80.148  27.497 0.0000000000
47700  4.962  -80.051  26.882 0.0000000000
47701  4.875  -79.713  27.512 0.0000000000
47702  6.520  -76.530  25.863 0.0000000000
47703  5.817  -76.542  25.892 0.0000000000
47704  6.187  -76.152  25.383 0.0000000000
47705  5.820  -75.809  24.867 0.0000000000
47706  6.597  -75.790  24.859 0.0000000000
51752  8.890  -93.583  9.211 0.0000000000
51757  8.965  -86.257  21.086 0.0000000000
51758  9.091  -86.537  20.215 0.0000000000
51759  8.670  -86.182  20.169 0.0000000000
51760  5.954  -87.992  16.998 0.0000000000
51761  6.541  -88.112  16.878 0.0000000000
51762  6.252  -88.423  16.269 0.0000000000
51763  6.597  -88.782  15.585 0.0000000000
51764  6.125  -88.585  15.664 0.0000000000
51765  6.760  -83.589  17.402 0.0000000000
51766  6.470  -84.244  17.377 0.0000000000
51767  6.902  -84.313  16.453 0.0000000000
51768  5.409  -87.987  11.277 0.0000000000
51769  5.646  -88.035  12.073 0.0000000000
51770  5.513  -88.601  11.505 0.0000000000
51771  5.599  -89.213  11.709 0.0000000000
51772  5.394  -89.215  10.971 0.0000000000
51773  5.259  -89.906  10.450 0.0000000000
51774  5.159  -89.262  10.216 0.0000000000
51813  15.062  -77.931  22.962 0.0000000000
51814  15.587  -78.115  23.514 0.0000000000
51815  14.514  -78.190  23.455 0.0000000000
51816  13.951  -78.438  24.044 0.0000000000
51817  13.470  -78.097  23.575 0.0000000000
51818  12.505  -77.923  23.755 0.0000000000
51819  12.984  -77.711  23.136 0.0000000000
51820  11.895  -73.722  21.450 0.0000000000
51821  11.289  -74.174  21.817 0.0000000000
51822  11.042  -73.672  21.653 0.0000000000
51823  10.050  -73.743  21.754 0.0000000000
51824  10.619  -73.290  21.355 0.0000000000
51836  17.526  -70.646  16.946 0.0000000000
51837  18.487  -70.898  16.759 0.0000000000
51838  17.764  -71.219  17.113 0.0000000000
51839  18.054  -71.766  17.281 0.0000000000
51840  17.083  -71.488  17.491 0.0000000000
51841  16.393  -71.735  18.045 0.0000000000
51842  16.193  -71.109  18.004 0.0000000000
51843  8.729  -69.114  17.669 0.0000000000
51844  9.327  -69.714  18.212 0.0000000000
51845  8.017  -69.591  18.013 0.0000000000
51846  7.405  -70.109  18.411 0.0000000000
51847  6.702  -69.491  17.840 0.0000000000
51848  5.574  -69.593  17.804 0.0000000000
51849  6.116  -68.994  17.285 0.0000000000
55484  13.046  -89.772  17.043 0.0000000000
55485  13.209  -89.504  16.186 0.0000000000
55486  12.884  -89.219  16.919 0.0000000000
55487  11.939  -88.115  17.735 0.0000000000
55488  12.259  -88.300  16.830 0.0000000000
55489  11.815  -87.876  16.727 0.0000000000
55490  11.569  -87.929  15.798 0.0000000000
55491  11.326  -87.551  16.755 0.0000000000
55492  4.173  -77.076  22.234 0.0000000000
55493  4.335  -77.725  21.690 0.0000000000
55494  4.462  -76.969  21.536 0.0000000000
55495  5.167  -76.021  19.941 0.0000000000
55496  5.248  -76.743  20.189 0.0000000000
55497  5.544  -76.540  19.426 0.0000000000
55498  5.930  -77.075  18.902 0.0000000000
55499  5.692  -76.340  18.674 0.0000000000
55500  5.577  -76.260  17.865 0.0000000000
55501  5.227  -75.652  18.494 0.0000000000
55502  4.049  -73.826  18.835 0.0000000000
55503  4.209  -74.376  18.217 0.0000000000
55504  3.820  -73.714  18.122 0.0000000000
55505  3.601  -73.634  17.315 0.0000000000
55506  3.558  -72.976  17.896 0.0000000000
55523  21.453  -65.315  12.403 0.0000000000
57290  6.463  -85.397  30.208 0.0000000000
57291  6.307  -85.072  31.163 0.0000000000
57292  7.556  -80.534  31.693 0.0000000000
57293  6.887  -80.527  31.780 0.0000000000
57294  7.299  -80.166  31.170 0.0000000000
57295  7.188  -79.166  29.624 0.0000000000
57296  6.758  -79.463  30.190 0.0000000000
57297  6.460  -79.176  29.691 0.0000000000
57298  5.816  -79.302  29.627 0.0000000000
57299  6.176  -78.915  29.193 0.0000000000
57300  5.895  -78.699  28.696 0.0000000000
57301  6.581  -78.596  28.679 0.0000000000
57302  8.095  -78.132  27.365 0.0000000000
57303  7.345  -77.999  27.563 0.0000000000
57304  7.739  -77.712  27.020 0.0000000000
57305  7.244  -77.277  26.633 0.0000000000
57306  7.975  -77.395  26.429 0.0000000000
61342  8.540  -94.539  14.282 0.0000000000
61343  8.680  -95.254  14.200 0.0000000000
61344  8.106  -95.036  14.068 0.0000000000
61345  7.388  -95.462  12.970 0.0000000000
61346  7.770  -95.803  13.254 0.0000000000
61347  7.934  -96.056  12.651 0.0000000000
61348  8.472  -96.616  12.239 0.0000000000
61349  8.261  -96.134  12.013 0.0000000000
61350  8.693  -96.131  11.380 0.0000000000
61351  8.004  -95.569  11.770 0.0000000000
61352  6.825  -93.942  11.410 0.0000000000
61353  7.568  -94.428  11.187 0.0000000000
61354  7.371  -93.924  10.792 0.0000000000
61355  7.905  -93.869  10.193 0.0000000000
61356  7.121  -93.416  10.326 0.0000000000
61357  7.555  -84.835  21.114 0.0000000000
61358  7.402  -85.375  20.229 0.0000000000
61359  7.024  -85.126  20.435 0.0000000000
61360  5.639  -85.617  19.923 0.0000000000
61361  5.977  -85.907  19.674 0.0000000000
61362  5.535  -86.256  19.320 0.0000000000
61363  5.557  -86.948  18.593 0.0000000000
61364  5.162  -86.488  18.806 0.0000000000
61365  7.114  -83.573  13.519 0.0000000000
61366  7.129  -84.367  13.366 0.0000000000
61367  6.732  -84.339  12.515 0.0000000000
61368  5.384  -85.418  10.660 0.0000000000
61369  5.801  -85.527  11.182 0.0000000000
61370  5.393  -86.053  10.757 0.0000000000
61371  5.403  -86.737  10.905 0.0000000000
61372  5.105  -86.648  10.241 0.0000000000
61373  4.974  -87.243  9.678 0.0000000000
61374  4.918  -86.593  9.605 0.0000000000
61375  5.265  -85.877  8.259 0.0000000000
61376  5.172  -86.530  8.334 0.0000000000
61416  16.224  -77.037  22.160 0.0000000000
61417  15.761  -76.820  21.600 0.0000000000
61418  14.712  -76.860  21.534 0.0000000000
61419  15.331  -76.476  21.103 0.0000000000
61420  15.279  -75.145  19.952 0.0000000000
61421  14.598  -75.414  20.421 0.0000000000
61422  14.306  -74.826  20.229 0.0000000000
61423  13.471  -74.397  20.613 0.0000000000
61424  14.133  -74.126  20.066 0.0000000000
61433  19.639  -68.266  14.949 0.0000000000
61434  19.916  -68.721  15.203 0.0000000000
61435  18.898  -68.453  15.194 0.0000000000
61436  16.683  -68.318  16.504 0.0000000000
61437  17.531  -68.760  16.123 0.0000000000
61438  16.886  -68.940  16.673 0.0000000000
61439  17.068  -69.513  16.808 0.0000000000
61440  16.173  -69.118  17.162 0.0000000000
61441  15.433  -69.336  17.542 0.0000000000
61442  15.083  -68.774  17.190 0.0000000000
61443  12.057  -67.589  16.228 0.0000000000
61444  12.525  -68.216  16.734 0.0000000000
61445  11.165  -67.937  16.538 0.0000000000
61446  10.243  -68.261  16.905 0.0000000000
61447  9.756  -67.660  16.334 0.0000000000
61448  8.436  -67.468  16.082 0.0000000000
61449  9.405  -67.093  15.681 0.0000000000
61450  10.119  -65.881  13.882 0.0000000000
61451  9.105  -66.268  14.322 0.0000000000
61452  9.126  -65.962  13.590 0.0000000000
61453  8.339  -66.245  13.354 0.0000000000
61454  9.305  -65.801  12.880 0.0000000000
64498  8.735  -81.964  34.117 0.0000000000
64499  8.955  -81.657  33.418 0.0000000000
64500  8.442  -81.312  32.832 0.0000000000
64501  9.249  -81.372  32.672 0.0000000000
64502  11.005  -80.856  30.997 0.0000000000
64503  10.116  -80.793  31.170 0.0000000000
64504  10.546  -80.518  30.461 0.0000000000
64505  10.093  -80.119  29.931 0.0000000000
64506  10.976  -80.308  29.788 0.0000000000
68537  12.646  -93.028  13.462 0.0000000000
68539  12.086  -93.610  13.523 0.0000000000
68541  11.536  -93.495  13.691 0.0000000000
68542  12.966  -89.872  14.517 0.0000000000
68543  12.961  -90.687  14.042 0.0000000000
68544  12.464  -90.430  13.951 0.0000000000
68545  10.638  -91.449  13.778 0.0000000000
68546  11.105  -91.693  13.741 0.0000000000
68547  10.504  -92.274  13.897 0.0000000000
68548  10.483  -93.066  14.024 0.0000000000
68549  9.935  -92.846  14.100 0.0000000000
68550  9.465  -93.394  14.311 0.0000000000
68551  9.444  -92.611  14.199 0.0000000000
68552  8.661  -91.291  14.181 0.0000000000
68553  8.511  -92.187  14.367 0.0000000000
68554  8.056  -91.934  14.306 0.0000000000
68555  7.509  -92.460  14.326 0.0000000000
68556  7.644  -91.724  14.303 0.0000000000
68557  5.418  -81.817  22.590 0.0000000000
68558  5.635  -82.363  21.830 0.0000000000
68559  5.259  -81.864  21.932 0.0000000000
68560  5.090  -81.140  20.525 0.0000000000
68561  5.264  -81.781  20.447 0.0000000000
68562  5.532  -81.686  19.752 0.0000000000
68563  6.008  -82.277  18.999 0.0000000000
68564  5.940  -81.618  19.030 0.0000000000
68565  5.043  -78.792  20.500 0.0000000000
68566  5.010  -79.402  20.449 0.0000000000
68567  5.497  -79.337  19.866 0.0000000000
68568  6.727  -80.282  17.640 0.0000000000
68569  6.324  -80.297  18.445 0.0000000000
68570  6.799  -80.881  17.597 0.0000000000
68571  6.864  -81.490  17.585 0.0000000000
68572  7.126  -81.514  16.712 0.0000000000
68573  7.361  -82.187  15.739 0.0000000000
68574  7.169  -81.585  15.790 0.0000000000
68575  6.147  -81.311  14.129 0.0000000000
68576  6.412  -81.842  13.999 0.0000000000
68577  5.846  -81.944  13.227 0.0000000000
68578  5.553  -82.519  12.338 0.0000000000
68579  5.291  -81.945  12.554 0.0000000000
68580  4.882  -81.943  11.770 0.0000000000
68581  5.074  -81.401  12.692 0.0000000000
68582  4.759  -79.634  13.771 0.0000000000
68583  4.704  -80.216  12.971 0.0000000000
68584  4.542  -79.622  12.965 0.0000000000
68586  4.361  -79.001  12.955 0.0000000000
68587  4.866  -76.423  16.498 0.0000000000
68588  4.967  -77.306  15.977 0.0000000000
68589  4.381  -76.720  15.813 0.0000000000
68590  3.660  -76.413  14.036 0.0000000000
68591  3.824  -77.121  14.255 0.0000000000
68592  3.783  -77.184  13.339 0.0000000000
68641  21.230  -67.714  14.926 0.0000000000
68642  20.967  -67.402  14.583 0.0000000000
68643  18.756  -66.190  14.163 0.0000000000
68644  18.980  -66.731  14.496 0.0000000000
68645  18.091  -66.204  14.558 0.0000000000
68646  17.331  -66.248  14.908 0.0000000000
68647  17.083  -65.719  14.422 0.0000000000
68648  16.045  -65.405  14.034 0.0000000000
68649  16.937  -65.321  13.839 0.0000000000
68650  17.368  -65.004  12.285 0.0000000000
68651  16.695  -64.866  12.503 0.0000000000
68652  16.608  -64.752  11.726 0.0000000000
68653  15.872  -64.579  10.972 0.0000000000
68654  16.639  -64.698  10.840 0.0000000000
68655  19.819  -65.406  11.404 0.0000000000
68656  19.181  -65.362  11.550 0.0000000000
68657  19.184  -65.366  10.903 0.0000000000
68659  18.141  -65.126  9.709 0.0000000000
73945  7.577  -85.501  25.715 0.0000000000
73946  7.719  -86.059  25.623 0.0000000000
73947  7.981  -85.630  24.869 0.0000000000
73948  8.323  -85.770  23.984 0.0000000000
73949  8.142  -85.259  24.051 0.0000000000
73950  8.204  -84.934  23.086 0.0000000000
73951  7.957  -84.751  24.081 0.0000000000
73952  7.266  -83.558  25.337 0.0000000000
73953  7.536  -83.756  24.354 0.0000000000
73954  7.338  -83.307  24.465 0.0000000000
73955  7.216  -83.251  23.472 0.0000000000
73956  7.276  -82.825  24.531 0.0000000000
73960  5.758  -83.168  32.604 0.0000000000
73961  5.912  -83.774  32.858 0.0000000000
73962  5.751  -83.533  31.929 0.0000000000
73963  5.843  -83.908  31.148 0.0000000000
73964  5.672  -83.290  31.043 0.0000000000
73965  5.845  -80.768  31.515 0.0000000000
73966  5.739  -81.331  31.851 0.0000000000
73967  5.507  -81.049  31.113 0.0000000000
73968  5.584  -81.590  29.302 0.0000000000
73969  5.475  -81.790  30.063 0.0000000000
73970  5.725  -82.198  29.390 0.0000000000
73971  5.854  -82.823  29.402 0.0000000000
73972  6.043  -82.554  28.670 0.0000000000
73973  6.376  -82.884  27.909 0.0000000000
73974  6.241  -82.264  27.918 0.0000000000
73975  6.148  -81.229  26.213 0.0000000000
73976  6.521  -81.708  26.262 0.0000000000
73977  6.428  -81.539  25.431 0.0000000000
73978  6.658  -81.926  24.613 0.0000000000
73979  6.194  -81.502  24.649 0.0000000000
73980  5.891  -81.602  23.922 0.0000000000
73981  5.654  -81.154  24.728 0.0000000000
73982  4.487  -79.901  25.657 0.0000000000
73983  4.757  -80.375  24.908 0.0000000000
73984  4.350  -79.907  24.949 0.0000000000
73985  4.216  -79.843  24.230 0.0000000000
73986  4.060  -79.319  24.947 0.0000000000
73987  5.189  -78.281  27.700 0.0000000000
73988  4.736  -78.601  27.385 0.0000000000
73989  4.902  -78.057  27.111 0.0000000000
73990  4.471  -76.977  25.627 0.0000000000
73991  4.308  -77.632  25.934 0.0000000000
73992  4.089  -77.459  25.207 0.0000000000
73993  3.873  -78.037  24.685 0.0000000000
73994  3.925  -77.279  24.496 0.0000000000
73995  3.897  -77.167  23.756 0.0000000000
73996  4.128  -76.584  24.229 0.0000000000
73997  5.295  -75.298  23.674 0.0000000000
73998  4.756  -75.535  23.456 0.0000000000
73999  5.142  -75.096  23.031 0.0000000000
74000  5.023  -74.925  22.389 0.0000000000
74001  5.552  -74.755  22.583 0.0000000000
86137  9.582  -95.944  10.219 0.0000000000
86138  9.980  -96.622  9.783 0.0000000000
86139  10.007  -95.850  9.744 0.0000000000
86153  10.801  -88.276  20.187 0.0000000000
86154  10.417  -87.832  20.246 0.0000000000
86155  9.543  -87.000  18.496 0.0000000000
86156  10.181  -87.184  18.493 0.0000000000
86157  9.864  -87.114  17.668 0.0000000000
86158  10.157  -87.241  16.817 0.0000000000
86159  9.551  -87.235  16.932 0.0000000000
86160  7.321  -86.439  18.891 0.0000000000
86161  7.833  -86.544  18.771 0.0000000000
86162  7.457  -86.943  18.236 0.0000000000
86163  7.722  -88.029  16.337 0.0000000000
86164  8.005  -87.653  16.802 0.0000000000
86165  8.319  -87.957  15.986 0.0000000000
86166  8.909  -87.927  15.676 0.0000000000
86167  8.540  -88.379  15.193 0.0000000000
86168  8.718  -88.926  14.514 0.0000000000
86169  8.179  -88.869  14.835 0.0000000000
86170  7.074  -89.800  14.435 0.0000000000
86171  7.520  -90.015  14.358 0.0000000000
86172  7.081  -90.515  14.230 0.0000000000
86173  6.993  -91.267  14.227 0.0000000000
86174  6.612  -90.964  14.034 0.0000000000
86175  5.603  -83.690  20.383 0.0000000000
86176  5.490  -84.235  20.319 0.0000000000
86177  5.409  -84.264  19.631 0.0000000000
86178  5.611  -85.427  17.198 0.0000000000
86179  5.269  -85.418  17.985 0.0000000000
86180  5.286  -85.962  17.093 0.0000000000
86181  5.130  -86.564  17.033 0.0000000000
86182  5.414  -86.595  16.283 0.0000000000
86183  6.946  -85.753  13.379 0.0000000000
86184  6.844  -85.685  14.446 0.0000000000
86185  6.687  -86.374  13.613 0.0000000000
86186  5.777  -87.904  13.662 0.0000000000
86187  5.983  -87.300  14.188 0.0000000000
86188  5.780  -87.799  14.305 0.0000000000
86189  5.702  -87.737  14.926 0.0000000000
86190  5.788  -88.293  14.376 0.0000000000
86191  6.074  -88.765  14.452 0.0000000000
86192  5.942  -88.859  13.846 0.0000000000
86193  5.459  -90.469  12.264 0.0000000000
86194  5.721  -90.253  12.931 0.0000000000
86195  5.473  -91.023  12.772 0.0000000000
86196  5.654  -91.532  13.267 0.0000000000
86197  5.413  -91.691  12.528 0.0000000000
86198  5.478  -92.328  12.298 0.0000000000
86199  5.389  -91.804  11.738 0.0000000000
86200  5.513  -91.269  9.671 0.0000000000
86201  5.683  -91.924  10.185 0.0000000000
86202  5.986  -91.873  9.458 0.0000000000
86203  6.547  -92.403  9.327 0.0000000000
86204  6.353  -91.867  8.888 0.0000000000
86205  5.189  -88.528  8.544 0.0000000000
86206  5.265  -89.240  8.726 0.0000000000
86207  5.471  -89.177  8.161 0.0000000000
86209  6.474  -90.595  7.904 0.0000000000
86210  7.085  -91.237  7.925 0.0000000000
86211  7.307  -91.808  8.172 0.0000000000
86242  5.085  -81.791  10.400 0.0000000000
86303  14.058  -80.560  30.356 0.0000000000
86305  14.193  -79.970  28.198 0.0000000000
86306  13.627  -80.240  28.823 0.0000000000
86307  13.115  -80.031  28.292 0.0000000000
86308  12.024  -79.944  28.400 0.0000000000
86309  12.615  -79.782  27.719 0.0000000000
86327  15.434  -78.985  25.709 0.0000000000
86328  12.834  -78.768  25.358 0.0000000000
86329  13.280  -79.126  25.856 0.0000000000
86330  12.306  -78.878  26.058 0.0000000000
86331  11.718  -79.018  26.754 0.0000000000
86332  11.335  -78.646  26.295 0.0000000000
86333  10.428  -78.440  26.573 0.0000000000
86334  10.941  -78.302  25.834 0.0000000000
86335  10.681  -77.432  24.395 0.0000000000
86336  10.196  -77.602  25.092 0.0000000000
86337  9.803  -77.221  24.760 0.0000000000
86338  8.949  -76.995  25.130 0.0000000000
86339  9.388  -76.754  24.450 0.0000000000
86340  12.874  -76.444  21.874 0.0000000000
86341  12.284  -76.733  22.379 0.0000000000
86342  11.996  -76.116  22.172 0.0000000000
86343  10.032  -74.959  22.682 0.0000000000
86344  10.249  -75.519  22.866 0.0000000000
86345  9.377  -75.377  23.188 0.0000000000
86346  8.842  -75.733  23.778 0.0000000000
86347  8.559  -75.245  23.521 0.0000000000
86348  7.780  -75.183  23.748 0.0000000000
86349  8.295  -74.886  23.178 0.0000000000
86350  8.136  -73.852  21.849 0.0000000000
86351  7.639  -74.216  22.321 0.0000000000
86352  7.201  -73.890  21.798 0.0000000000
86353  6.381  -73.961  21.719 0.0000000000
86354  6.746  -73.491  21.319 0.0000000000
86386  20.521  -69.410  16.037 0.0000000000
86388  20.770  -69.658  16.591 0.0000000000
86396  18.703  -72.616  18.099 0.0000000000
86400  18.272  -73.462  18.682 0.0000000000
86401  17.562  -73.947  18.896 0.0000000000
86402  17.225  -73.479  18.505 0.0000000000
86403  15.074  -72.168  19.162 0.0000000000
86404  15.283  -72.872  19.097 0.0000000000
86405  14.412  -72.401  19.655 0.0000000000
86406  13.740  -72.658  20.127 0.0000000000
86407  13.498  -72.037  20.058 0.0000000000
86408  13.871  -70.031  18.206 0.0000000000
86409  14.277  -70.500  18.651 0.0000000000
86410  13.147  -70.330  18.611 0.0000000000
86411  10.492  -70.932  19.174 0.0000000000
86412  11.685  -71.076  19.296 0.0000000000
86413  10.996  -71.524  19.612 0.0000000000
86414  11.422  -71.978  20.046 0.0000000000
86415  10.341  -72.015  19.975 0.0000000000
86416  9.813  -72.512  20.385 0.0000000000
86417  9.292  -71.987  19.995 0.0000000000
86418  6.458  -71.260  19.437 0.0000000000
86419  7.065  -71.842  19.938 0.0000000000
86420  5.949  -71.873  19.961 0.0000000000
86421  5.634  -72.527  20.443 0.0000000000
86422  5.026  -72.042  20.049 0.0000000000
86423  4.416  -72.398  20.026 0.0000000000
86424  4.572  -71.698  19.596 0.0000000000
86425  3.871  -70.090  17.740 0.0000000000
86426  3.730  -70.920  18.332 0.0000000000
86427  3.462  -70.605  17.528 0.0000000000
86428  3.276  -71.294  17.176 0.0000000000
86429  3.390  -70.477  16.687 0.0000000000
86430  6.208  -67.598  15.468 0.0000000000
86431  5.384  -68.174  15.963 0.0000000000
86432  5.362  -67.935  15.247 0.0000000000
86433  4.402  -69.065  14.233 0.0000000000
86434  4.234  -68.990  14.848 0.0000000000
86435  3.956  -69.789  14.715 0.0000000000
86436  3.592  -70.517  15.143 0.0000000000
86437  3.865  -70.694  14.540 0.0000000000
86438  3.875  -71.678  14.309 0.0000000000
86445  13.988  -64.918  12.930 0.0000000000
86446  13.105  -65.081  13.107 0.0000000000
86447  13.145  -64.768  12.351 0.0000000000
93195  12.536  -89.076  17.750 0.0000000000
93196  12.155  -89.070  18.574 0.0000000000
93197  11.895  -88.634  18.562 0.0000000000
93198  11.623  -88.187  18.515 0.0000000000
93199  4.496  -75.696  21.775 0.0000000000
93200  4.571  -76.251  21.344 0.0000000000
93201  4.638  -75.588  21.125 0.0000000000
93202  4.784  -75.516  20.460 0.0000000000
93203  4.932  -75.325  19.686 0.0000000000
93204  4.879  -75.158  19.012 0.0000000000
93205  4.571  -74.686  19.549 0.0000000000
93206  4.248  -74.017  19.472 0.0000000000
93207  3.996  -73.320  19.415 0.0000000000
94279  8.438  -79.882  30.329 0.0000000000
94280  7.719  -79.825  30.538 0.0000000000
94281  8.160  -79.495  29.870 0.0000000000
94282  7.892  -79.200  29.426 0.0000000000
94283  7.589  -78.907  28.983 0.0000000000
94284  7.278  -78.599  28.540 0.0000000000
94285  8.018  -78.669  28.346 0.0000000000
94286  8.431  -78.444  27.720 0.0000000000
94287  8.803  -78.229  27.112 0.0000000000
96709  7.478  -93.944  14.225 0.0000000000
96710  7.621  -94.678  14.024 0.0000000000
96711  7.135  -94.362  13.856 0.0000000000
96712  6.971  -94.719  13.327 0.0000000000
96713  7.047  -95.008  12.661 0.0000000000
96714  7.299  -94.990  12.108 0.0000000000
96715  6.703  -94.427  12.376 0.0000000000
96716  6.385  -93.902  12.080 0.0000000000
96717  6.222  -93.474  11.682 0.0000000000
96718  6.911  -84.227  21.481 0.0000000000
96719  6.656  -84.881  20.665 0.0000000000
96720  6.375  -84.624  20.906 0.0000000000
96721  5.931  -84.952  20.493 0.0000000000
96722  5.507  -85.201  20.125 0.0000000000
96723  6.073  -83.640  12.007 0.0000000000
96724  6.243  -84.239  11.845 0.0000000000
96725  5.703  -84.229  11.259 0.0000000000
96726  5.367  -84.796  10.634 0.0000000000
96727  5.060  -85.339  10.115 0.0000000000
96728  4.913  -85.946  9.537 0.0000000000
96729  4.932  -85.284  9.490 0.0000000000
96730  5.078  -85.233  8.878 0.0000000000
96731  5.536  -85.162  8.328 0.0000000000
96733  5.863  -84.570  8.468 0.0000000000
96755  16.032  -75.997  20.708 0.0000000000
96756  16.806  -75.564  20.395 0.0000000000
96757  16.402  -75.263  19.888 0.0000000000
96758  16.057  -74.798  19.527 0.0000000000
96764  17.736  -67.382  15.518 0.0000000000
96765  17.963  -68.004  15.516 0.0000000000
96766  17.061  -67.518  15.924 0.0000000000
96767  16.345  -67.639  16.231 0.0000000000
96768  15.559  -67.889  16.502 0.0000000000
96769  14.700  -68.199  16.719 0.0000000000
96770  14.300  -67.565  16.309 0.0000000000
96771  12.976  -67.240  15.991 0.0000000000
96772  11.634  -66.971  15.632 0.0000000000
96773  10.345  -66.750  15.277 0.0000000000
96774  11.333  -66.439  14.982 0.0000000000
96775  11.187  -65.967  14.255 0.0000000000
96776  11.138  -65.553  13.512 0.0000000000
98603  10.792  -81.653  32.949 0.0000000000
98604  10.222  -81.426  32.450 0.0000000000
98605  11.135  -81.398  32.193 0.0000000000
98606  11.513  -81.135  31.494 0.0000000000
98607  11.887  -80.892  30.856 0.0000000000
101027  13.237  -92.505  13.582 0.0000000000
101028  12.741  -92.302  13.613 0.0000000000
101029  11.937  -89.271  14.302 0.0000000000
101030  11.942  -90.169  13.921 0.0000000000
101031  11.426  -89.901  13.895 0.0000000000
101032  10.834  -90.593  13.738 0.0000000000
101033  10.120  -91.200  13.812 0.0000000000
101034  9.498  -91.781  14.097 0.0000000000
101035  9.643  -90.951  13.900 0.0000000000
101036  9.206  -90.722  14.003 0.0000000000
101037  8.776  -90.473  14.049 0.0000000000
101038  4.643  -80.847  22.757 0.0000000000
101039  4.903  -81.349  21.982 0.0000000000
101040  4.624  -80.820  21.971 0.0000000000
101041  4.743  -80.743  21.208 0.0000000000
101042  4.975  -80.579  20.487 0.0000000000
101043  5.972  -78.596  19.227 0.0000000000
101044  5.931  -79.230  19.196 0.0000000000
101045  6.324  -79.141  18.488 0.0000000000
101046  6.633  -79.686  17.721 0.0000000000
101047  6.843  -80.332  16.756 0.0000000000
101048  6.950  -81.008  15.832 0.0000000000
101049  6.747  -80.431  15.878 0.0000000000
101050  6.437  -80.584  15.022 0.0000000000
101051  5.864  -80.675  14.336 0.0000000000
101052  5.303  -80.778  13.598 0.0000000000
101053  5.563  -80.122  14.384 0.0000000000
101054  5.226  -79.520  14.483 0.0000000000
101055  4.871  -78.918  14.594 0.0000000000
101056  3.768  -75.254  16.132 0.0000000000
101057  3.903  -76.097  15.648 0.0000000000
101058  3.579  -75.432  15.439 0.0000000000
101059  3.529  -75.563  14.668 0.0000000000
101060  3.596  -75.641  13.886 0.0000000000
101061  3.941  -75.749  13.166 0.0000000000
101062  3.741  -74.980  13.774 0.0000000000
101063  3.943  -74.298  13.715 0.0000000000
101064  4.201  -73.680  13.683 0.0000000000
101088  21.415  -66.774  14.238 0.0000000000
101089  20.676  -67.046  14.264 0.0000000000
101090  20.404  -66.587  13.950 0.0000000000
101091  19.415  -66.178  13.844 0.0000000000
101092  18.487  -65.664  13.766 0.0000000000
101093  17.676  -65.299  13.558 0.0000000000
101094  18.334  -65.326  13.246 0.0000000000
101095  18.158  -65.179  12.675 0.0000000000
101096  17.981  -65.137  12.028 0.0000000000
101097  19.922  -65.367  10.106 0.0000000000
101098  19.261  -65.367  10.225 0.0000000000
101099  19.403  -65.313  9.558 0.0000000000
104269  6.840  -86.064  28.239 0.0000000000
104270  7.170  -86.260  27.304 0.0000000000
104271  6.925  -85.684  27.383 0.0000000000
104272  7.127  -85.322  26.586 0.0000000000
104273  7.370  -84.980  25.853 0.0000000000
104274  7.637  -84.584  25.098 0.0000000000
104275  7.239  -84.410  26.012 0.0000000000
104276  7.095  -83.881  26.141 0.0000000000
104277  6.951  -83.372  26.257 0.0000000000
104278  6.784  -83.338  34.775 0.0000000000
104279  6.412  -83.645  34.358 0.0000000000
104280  6.249  -83.117  34.057 0.0000000000
104281  5.913  -82.822  33.233 0.0000000000
104282  5.647  -82.522  32.441 0.0000000000
104283  5.378  -80.219  30.299 0.0000000000
104284  5.331  -80.801  30.398 0.0000000000
104285  5.298  -80.595  29.757 0.0000000000
104286  5.431  -81.001  29.156 0.0000000000
104287  5.710  -81.384  28.530 0.0000000000
104288  6.062  -81.677  27.827 0.0000000000
104289  5.817  -81.113  27.670 0.0000000000
104290  5.792  -80.925  26.891 0.0000000000
104291  5.656  -80.840  26.196 0.0000000000
104292  5.412  -80.756  25.497 0.0000000000
104293  5.183  -80.402  26.224 0.0000000000
104294  4.755  -79.948  26.290 0.0000000000
104295  4.394  -79.484  26.347 0.0000000000
104296  5.779  -77.337  26.840 0.0000000000
104297  5.152  -77.526  26.774 0.0000000000
104298  5.446  -77.015  26.361 0.0000000000
104299  5.124  -76.701  25.830 0.0000000000
104300  4.784  -76.385  25.277 0.0000000000
104301  4.550  -76.159  24.589 0.0000000000
104302  5.126  -75.911  24.816 0.0000000000
104303  5.530  -75.517  24.324 0.0000000000
104304  5.991  -75.186  23.825 0.0000000000
111586  9.401  -94.617  9.918 0.0000000000
111587  9.996  -95.151  9.674 0.0000000000
111588  9.896  -94.489  9.523 0.0000000000
111595  9.650  -87.201  21.120 0.0000000000
111596  9.993  -87.385  20.265 0.0000000000
111597  9.542  -86.943  20.233 0.0000000000
111598  9.300  -86.809  19.364 0.0000000000
111599  8.927  -86.815  18.591 0.0000000000
111600  6.553  -87.333  18.134 0.0000000000
111601  7.147  -87.386  17.803 0.0000000000
111602  6.852  -87.750  17.390 0.0000000000
111603  7.132  -88.121  16.657 0.0000000000
111604  7.355  -88.435  15.882 0.0000000000
111605  7.641  -88.848  15.148 0.0000000000
111606  7.096  -88.864  15.411 0.0000000000
111607  6.888  -89.219  14.954 0.0000000000
111608  6.696  -89.511  14.495 0.0000000000
111609  5.884  -83.562  18.983 0.0000000000
111610  5.566  -84.253  18.847 0.0000000000
111611  5.972  -84.231  18.148 0.0000000000
111612  6.022  -84.913  17.254 0.0000000000
111613  6.092  -85.530  16.317 0.0000000000
111614  5.996  -86.941  12.286 0.0000000000
111615  6.246  -86.916  13.139 0.0000000000
111616  5.869  -87.473  12.684 0.0000000000
111617  5.801  -88.003  12.929 0.0000000000
111618  5.791  -88.517  13.051 0.0000000000
111619  5.827  -89.006  13.132 0.0000000000
111620  5.761  -89.126  12.427 0.0000000000
111621  5.611  -89.817  11.916 0.0000000000
111622  5.371  -90.559  11.555 0.0000000000
111623  5.335  -91.273  11.272 0.0000000000
111624  5.320  -90.572  10.768 0.0000000000
111625  5.316  -90.581  9.998 0.0000000000
111626  5.443  -90.631  9.309 0.0000000000
111627  5.890  -88.519  7.594 0.0000000000
111628  5.895  -89.262  7.760 0.0000000000
111689  14.754  -79.691  27.569 0.0000000000
111699  15.505  -78.573  24.578 0.0000000000
111700  14.931  -78.923  25.122 0.0000000000
111701  14.400  -78.749  24.568 0.0000000000
111702  13.385  -78.633  24.686 0.0000000000
111703  12.411  -78.437  24.863 0.0000000000
111704  11.477  -78.193  25.110 0.0000000000
111705  11.998  -78.075  24.415 0.0000000000
111706  11.564  -77.673  24.020 0.0000000000
111707  11.203  -77.250  23.696 0.0000000000
111708  12.268  -75.051  21.588 0.0000000000
111709  11.712  -75.430  22.029 0.0000000000
111710  11.522  -74.764  21.916 0.0000000000
111711  10.673  -74.576  22.225 0.0000000000
111712  9.803  -74.494  22.472 0.0000000000
111713  8.890  -74.499  22.644 0.0000000000
111714  9.488  -74.120  22.170 0.0000000000
111715  9.075  -73.812  21.804 0.0000000000
111716  8.638  -73.454  21.381 0.0000000000
111736  18.926  -70.154  16.153 0.0000000000
111737  20.031  -70.151  16.496 0.0000000000
111738  19.251  -70.559  16.538 0.0000000000
111739  19.573  -70.952  16.941 0.0000000000
111740  19.913  -71.233  17.465 0.0000000000
111742  19.104  -71.787  17.434 0.0000000000
111743  18.353  -72.251  17.621 0.0000000000
111744  17.630  -72.647  17.880 0.0000000000
111745  16.930  -72.975  18.247 0.0000000000
111746  16.641  -72.338  18.095 0.0000000000
111747  15.720  -71.941  18.620 0.0000000000
111748  14.846  -71.530  19.150 0.0000000000
111749  11.309  -69.592  18.015 0.0000000000
111750  11.876  -70.134  18.519 0.0000000000
111751  10.597  -69.923  18.400 0.0000000000
111752  9.906  -70.323  18.693 0.0000000000
111753  9.262  -70.810  19.038 0.0000000000
111754  8.689  -71.348  19.500 0.0000000000
111755  8.041  -70.717  18.948 0.0000000000
111756  6.898  -70.661  18.893 0.0000000000
111757  5.755  -70.705  18.944 0.0000000000
111758  4.852  -70.924  19.049 0.0000000000
111759  5.185  -70.223  18.424 0.0000000000
111760  4.614  -69.757  17.786 0.0000000000
111761  4.184  -69.362  17.121 0.0000000000
111762  6.355  -67.223  14.174 0.0000000000
111763  5.455  -67.772  14.582 0.0000000000
111764  5.643  -67.741  13.979 0.0000000000
111771  14.125  -64.597  11.339 0.0000000000
111772  13.211  -64.660  11.578 0.0000000000
117615  13.713  -90.525  14.986 0.0000000000
117616  13.485  -89.988  15.529 0.0000000000
117617  13.217  -89.549  15.310 0.0000000000
117618  12.833  -89.142  15.104 0.0000000000
117619  12.608  -88.743  16.896 0.0000000000
117620  12.600  -88.597  15.921 0.0000000000
117621  12.352  -88.746  14.922 0.0000000000
117622  11.806  -88.434  14.879 0.0000000000
117623  11.239  -88.231  14.969 0.0000000000
117624  10.672  -88.099  15.067 0.0000000000
117625  3.987  -78.466  22.550 0.0000000000
117626  4.253  -79.064  21.829 0.0000000000
117627  4.265  -78.413  21.747 0.0000000000
117628  4.655  -78.243  21.109 0.0000000000
117629  5.076  -78.104  20.512 0.0000000000
117630  4.859  -76.872  20.935 0.0000000000
117631  5.198  -77.442  20.388 0.0000000000
117632  5.564  -78.010  19.829 0.0000000000
117633  6.008  -77.852  19.099 0.0000000000
117634  6.263  -77.755  18.274 0.0000000000
117635  6.211  -77.698  17.401 0.0000000000
117636  5.920  -77.732  16.625 0.0000000000
117637  5.811  -76.962  17.247 0.0000000000
117638  5.286  -76.267  17.158 0.0000000000
117639  4.657  -75.690  17.036 0.0000000000
117640  4.693  -75.015  18.321 0.0000000000
117641  4.419  -75.022  17.592 0.0000000000
117642  4.111  -75.095  16.884 0.0000000000
117643  3.673  -74.449  16.683 0.0000000000
117644  3.410  -73.735  16.465 0.0000000000
117645  3.293  -72.979  16.249 0.0000000000
117667  21.108  -65.605  12.898 0.0000000000
117668  20.140  -65.528  12.543 0.0000000000
117669  20.847  -65.449  12.434 0.0000000000
117670  20.603  -65.393  11.894 0.0000000000
117671  20.510  -65.374  11.309 0.0000000000
117673  21.128  -65.228  11.298 0.0000000000
117674  20.480  -65.346  10.690 0.0000000000
117675  20.499  -65.337  10.058 0.0000000000
120142  6.658  -85.736  29.195 0.0000000000
120143  6.368  -85.161  29.318 0.0000000000
120144  6.174  -84.591  29.355 0.0000000000
120145  7.028  -81.369  32.975 0.0000000000
120146  6.439  -81.465  32.836 0.0000000000
120147  6.650  -80.985  32.364 0.0000000000
120148  6.350  -80.588  31.742 0.0000000000
120149  6.056  -80.239  31.168 0.0000000000
120150  7.011  -79.800  30.688 0.0000000000
120151  6.378  -79.817  30.703 0.0000000000
120152  5.793  -79.974  30.586 0.0000000000
120153  5.546  -79.736  30.003 0.0000000000
120154  5.317  -79.509  29.420 0.0000000000
120155  5.197  -79.412  28.753 0.0000000000
120156  4.976  -79.319  28.121 0.0000000000
120157  5.299  -78.937  28.554 0.0000000000
120158  5.517  -78.495  28.245 0.0000000000
120159  5.779  -78.075  27.818 0.0000000000
120160  6.971  -78.292  28.118 0.0000000000
120161  6.534  -77.981  27.725 0.0000000000
120162  6.098  -77.658  27.316 0.0000000000
120163  6.468  -77.243  26.787 0.0000000000
120164  6.858  -76.868  26.238 0.0000000000
120165  7.269  -76.574  25.717 0.0000000000
125815  9.599  -94.944  14.105 0.0000000000
125817  9.219  -95.468  14.138 0.0000000000
125818  8.921  -95.965  13.921 0.0000000000
125819  8.654  -96.424  13.473 0.0000000000
125820  7.816  -95.472  13.712 0.0000000000
125821  8.203  -96.119  13.410 0.0000000000
125822  8.568  -96.733  13.026 0.0000000000
125823  8.637  -96.993  12.409 0.0000000000
125824  8.938  -97.210  11.689 0.0000000000
125825  9.311  -97.319  11.048 0.0000000000
125827  9.253  -96.718  10.941 0.0000000000
125828  9.170  -96.042  10.806 0.0000000000
125829  9.047  -95.321  10.594 0.0000000000
125830  7.744  -94.964  11.518 0.0000000000
125831  8.308  -94.895  10.911 0.0000000000
125832  8.874  -94.753  10.370 0.0000000000
125833  8.675  -94.245  10.049 0.0000000000
125834  8.426  -93.756  9.658 0.0000000000
125835  8.096  -93.302  9.237 0.0000000000
125836  8.279  -85.526  20.996 0.0000000000
125837  8.256  -85.867  20.113 0.0000000000
125838  7.833  -85.617  20.111 0.0000000000
125839  7.343  -85.896  19.559 0.0000000000
125840  6.885  -86.326  19.160 0.0000000000
125841  6.404  -85.553  19.981 0.0000000000
125842  6.407  -86.148  19.416 0.0000000000
125843  6.429  -86.762  18.809 0.0000000000
125844  6.029  -87.205  18.389 0.0000000000
125845  5.672  -87.571  17.767 0.0000000000
125846  5.449  -87.712  17.057 0.0000000000
125847  7.413  -83.600  15.456 0.0000000000
125848  7.244  -84.342  15.361 0.0000000000
125849  7.318  -84.368  14.296 0.0000000000
125850  7.076  -85.090  13.317 0.0000000000
125851  6.628  -85.802  12.607 0.0000000000
125852  6.257  -84.963  11.780 0.0000000000
125853  6.234  -85.709  11.851 0.0000000000
125854  6.157  -86.376  12.045 0.0000000000
125855  5.704  -86.889  11.542 0.0000000000
125856  5.390  -87.411  11.085 0.0000000000
125857  5.209  -87.961  10.538 0.0000000000
125858  5.062  -88.590  9.989 0.0000000000
125859  5.075  -87.882  9.781 0.0000000000
125860  5.004  -87.892  9.078 0.0000000000
125861  5.145  -87.858  8.436 0.0000000000
125862  4.908  -86.584  8.926 0.0000000000
125863  5.143  -87.190  8.380 0.0000000000
125864  5.474  -87.844  7.891 0.0000000000
125919  15.584  -77.520  22.535 0.0000000000
125920  14.514  -77.600  22.472 0.0000000000
125921  13.479  -77.504  22.529 0.0000000000
125922  14.104  -77.185  22.002 0.0000000000
125923  13.791  -76.727  21.615 0.0000000000
125924  13.458  -76.123  21.395 0.0000000000
125925  14.965  -75.967  20.665 0.0000000000
125926  14.027  -75.769  20.908 0.0000000000
125927  13.133  -75.435  21.241 0.0000000000
125928  12.824  -74.690  21.155 0.0000000000
125929  12.700  -73.971  21.097 0.0000000000
125930  12.488  -73.342  21.028 0.0000000000
125944  21.052  -68.785  15.616 0.0000000000
125945  20.233  -69.133  15.558 0.0000000000
125946  19.437  -69.442  15.604 0.0000000000
125947  18.157  -68.592  15.611 0.0000000000
125948  18.363  -69.191  15.709 0.0000000000
125949  18.632  -69.673  15.872 0.0000000000
125950  17.908  -69.858  16.288 0.0000000000
125951  17.289  -70.039  16.791 0.0000000000
125952  16.698  -70.245  17.382 0.0000000000
125953  16.086  -70.502  18.015 0.0000000000
125954  15.739  -69.905  17.849 0.0000000000
125955  14.650  -69.643  17.891 0.0000000000
125956  13.453  -69.458  17.706 0.0000000000
125957  13.813  -68.478  16.902 0.0000000000
125958  12.960  -68.832  17.162 0.0000000000
125959  12.110  -69.225  17.548 0.0000000000
125960  10.801  -68.926  17.454 0.0000000000
125961  9.474  -68.680  17.309 0.0000000000
125962  8.070  -68.502  17.083 0.0000000000
125963  6.817  -68.428  16.856 0.0000000000
125964  7.563  -67.940  16.439 0.0000000000
125965  7.260  -67.481  15.760 0.0000000000
125966  7.077  -67.121  15.049 0.0000000000
125967  9.217  -66.645  15.012 0.0000000000
125968  8.160  -66.665  14.733 0.0000000000
125969  7.181  -66.844  14.411 0.0000000000
125970  7.296  -66.730  13.794 0.0000000000
130073  7.232  -82.571  34.663 0.0000000000
130074  7.316  -82.151  34.138 0.0000000000
130082  7.975  -82.023  34.183 0.0000000000
130083  7.480  -81.720  33.564 0.0000000000
130084  7.696  -81.299  32.952 0.0000000000
130085  7.956  -80.908  32.276 0.0000000000
130086  8.386  -80.567  31.542 0.0000000000
130087  9.671  -81.079  31.902 0.0000000000
130088  9.232  -80.649  31.350 0.0000000000
130089  8.817  -80.255  30.829 0.0000000000
130090  9.238  -79.970  30.126 0.0000000000
130091  9.685  -79.731  29.436 0.0000000000
130092  10.093  -79.518  28.793 0.0000000000
135204  10.576  -94.545  13.957 0.0000000000
135205  13.393  -90.963  14.267 0.0000000000
135206  12.845  -91.510  13.827 0.0000000000
135207  12.214  -92.117  13.638 0.0000000000
135208  11.796  -91.086  13.686 0.0000000000
135209  11.662  -91.929  13.680 0.0000000000
135210  11.554  -92.763  13.678 0.0000000000
135211  10.983  -93.322  13.839 0.0000000000
135212  10.506  -93.818  14.016 0.0000000000
135213  10.026  -94.353  14.108 0.0000000000
135214  9.514  -94.191  14.239 0.0000000000
135215  9.000  -94.011  14.319 0.0000000000
135216  8.472  -93.769  14.381 0.0000000000
135217  8.983  -92.379  14.273 0.0000000000
135218  8.473  -92.994  14.397 0.0000000000
135219  7.967  -93.471  14.447 0.0000000000
135220  7.473  -93.207  14.343 0.0000000000
135221  7.035  -92.940  14.204 0.0000000000
135222  6.644  -92.647  14.055 0.0000000000
135223  6.155  -82.772  22.304 0.0000000000
135224  6.030  -83.441  21.585 0.0000000000
135225  5.888  -82.910  21.690 0.0000000000
135226  5.667  -83.046  21.113 0.0000000000
135227  5.593  -83.060  20.441 0.0000000000
135228  5.183  -81.869  21.217 0.0000000000
135229  5.447  -82.425  20.438 0.0000000000
135230  5.697  -83.011  19.729 0.0000000000
135231  5.999  -82.907  19.007 0.0000000000
135232  6.506  -82.916  18.241 0.0000000000
135233  6.924  -82.911  17.443 0.0000000000
135234  4.602  -79.560  21.130 0.0000000000
135235  4.980  -79.988  20.437 0.0000000000
135236  5.427  -80.457  19.752 0.0000000000
135237  5.897  -79.813  19.182 0.0000000000
135238  5.894  -80.383  19.125 0.0000000000
135239  5.917  -80.955  19.042 0.0000000000
135240  6.450  -81.529  18.380 0.0000000000
135241  6.976  -82.195  17.544 0.0000000000
135242  7.296  -82.889  16.579 0.0000000000
135243  7.469  -82.856  15.630 0.0000000000
135244  7.321  -82.900  14.609 0.0000000000
135245  6.952  -82.937  13.711 0.0000000000
135246  6.891  -81.711  14.915 0.0000000000
135247  6.684  -82.371  13.874 0.0000000000
135248  6.414  -82.988  12.886 0.0000000000
135249  5.825  -83.087  12.142 0.0000000000
135250  5.302  -83.102  11.438 0.0000000000
135251  5.000  -83.031  10.818 0.0000000000
135252  4.938  -82.932  10.181 0.0000000000
135253  4.847  -82.427  10.942 0.0000000000
135254  4.774  -81.871  11.009 0.0000000000
135255  4.832  -81.268  11.174 0.0000000000
135256  4.874  -80.800  12.904 0.0000000000
135257  4.654  -80.736  12.170 0.0000000000
135262  5.474  -77.945  15.950 0.0000000000
135263  4.958  -78.154  15.325 0.0000000000
135264  4.505  -78.356  14.672 0.0000000000
135265  4.005  -76.957  15.102 0.0000000000
135266  4.096  -77.754  14.493 0.0000000000
135267  4.162  -78.431  13.728 0.0000000000
135330  20.456  -68.030  14.862 0.0000000000
135331  19.410  -67.789  14.815 0.0000000000
135332  19.892  -67.207  14.418 0.0000000000
135333  19.154  -67.285  14.681 0.0000000000
135334  18.493  -67.402  15.045 0.0000000000
135335  17.572  -66.813  15.266 0.0000000000
135336  16.533  -66.310  15.204 0.0000000000
135337  15.323  -65.926  14.883 0.0000000000
135338  14.148  -65.661  14.393 0.0000000000
135339  15.100  -65.513  14.173 0.0000000000
135340  14.977  -65.153  13.494 0.0000000000
135341  14.931  -64.842  12.765 0.0000000000
135342  16.821  -65.033  13.209 0.0000000000
135343  15.909  -64.789  12.691 0.0000000000
135344  14.928  -64.594  11.952 0.0000000000
135345  14.983  -64.546  11.108 0.0000000000
135348  19.314  -65.404  12.164 0.0000000000
135349  18.573  -65.256  11.759 0.0000000000
135350  17.966  -65.095  11.218 0.0000000000
135351  18.656  -65.282  10.349 0.0000000000
135352  18.014  -65.091  10.448 0.0000000000
135353  17.337  -64.875  10.627 0.0000000000
135354  16.694  -64.702  9.977 0.0000000000
141893  9.076  -86.539  21.934 0.0000000000
141894  8.794  -86.080  22.007 0.0000000000
141898  7.504  -86.458  26.396 0.0000000000
141901  8.527  -86.282  23.884 0.0000000000
141902  8.600  -85.891  23.031 0.0000000000
141903  8.530  -85.644  22.021 0.0000000000
141904  8.275  -85.202  21.963 0.0000000000
141905  8.018  -84.730  21.969 0.0000000000
141906  7.744  -84.360  22.099 0.0000000000
141907  7.754  -84.229  24.220 0.0000000000
141908  7.677  -84.044  23.265 0.0000000000
141909  7.426  -84.047  22.251 0.0000000000
141910  7.115  -83.719  22.422 0.0000000000
141911  6.900  -83.326  22.647 0.0000000000
141912  6.706  -82.953  22.828 0.0000000000
141916  6.209  -83.991  33.805 0.0000000000
141917  6.114  -84.343  33.109 0.0000000000
141918  6.194  -84.705  32.158 0.0000000000
141919  6.043  -84.500  31.233 0.0000000000
141920  5.973  -84.295  30.285 0.0000000000
141921  6.040  -83.980  29.389 0.0000000000
141922  5.948  -81.629  32.558 0.0000000000
141923  5.672  -81.921  32.153 0.0000000000
141924  5.506  -82.287  31.599 0.0000000000
141925  5.351  -81.389  30.607 0.0000000000
141926  5.417  -81.999  30.833 0.0000000000
141927  5.502  -82.638  31.007 0.0000000000
141928  5.687  -83.022  30.242 0.0000000000
141929  5.946  -83.353  29.434 0.0000000000
141930  6.203  -83.694  28.607 0.0000000000
141931  6.416  -83.440  27.856 0.0000000000
141932  6.665  -83.166  27.113 0.0000000000
141933  6.928  -82.850  26.316 0.0000000000
141934  6.449  -81.983  27.104 0.0000000000
141935  6.782  -82.262  26.295 0.0000000000
141936  7.055  -82.561  25.446 0.0000000000
141937  7.021  -82.375  24.567 0.0000000000
141938  6.786  -82.414  23.695 0.0000000000
141939  6.452  -82.571  22.972 0.0000000000
141940  6.102  -82.187  23.068 0.0000000000
141941  5.599  -81.760  23.215 0.0000000000
141942  5.155  -81.318  23.353 0.0000000000
141943  5.188  -80.781  24.829 0.0000000000
141944  4.985  -80.854  24.162 0.0000000000
141945  4.748  -80.848  23.452 0.0000000000
141946  4.394  -80.355  23.506 0.0000000000
141947  4.115  -79.803  23.499 0.0000000000
141948  3.943  -79.175  23.435 0.0000000000
141949  4.699  -79.218  27.530 0.0000000000
141950  4.488  -79.021  26.891 0.0000000000
141951  4.234  -78.940  26.229 0.0000000000
141952  4.633  -77.791  26.568 0.0000000000
141953  4.232  -78.301  26.124 0.0000000000
141954  4.044  -78.837  25.580 0.0000000000
141955  3.912  -78.713  24.839 0.0000000000
141956  3.831  -78.608  24.107 0.0000000000
141957  3.862  -78.508  23.334 0.0000000000
141958  3.878  -77.814  23.206 0.0000000000
141959  3.986  -77.125  22.968 0.0000000000
141960  4.161  -76.461  22.703 0.0000000000
141961  4.413  -76.029  23.862 0.0000000000
141962  4.322  -75.900  23.142 0.0000000000
141963  4.381  -75.827  22.433 0.0000000000
141964  4.635  -75.223  22.141 0.0000000000
141965  4.854  -74.724  21.791 0.0000000000
141966  5.045  -74.288  21.484 0.0000000000
156634  11.255  -88.247  19.344 0.0000000000
156635  11.203  -87.762  18.485 0.0000000000
156636  10.395  -87.503  19.406 0.0000000000
156637  10.723  -87.440  18.493 0.0000000000
156638  11.027  -87.428  17.619 0.0000000000
156639  10.761  -87.334  16.780 0.0000000000
156640  10.415  -87.536  15.944 0.0000000000
156641  10.071  -87.967  15.240 0.0000000000
156642  8.237  -86.297  19.399 0.0000000000
156643  8.363  -86.674  18.669 0.0000000000
156644  8.603  -86.975  17.884 0.0000000000
156645  7.713  -87.323  17.554 0.0000000000
156646  8.308  -87.285  17.321 0.0000000000
156647  8.911  -87.264  17.099 0.0000000000
156648  9.221  -87.539  16.283 0.0000000000
156649  9.506  -87.926  15.416 0.0000000000
156650  9.698  -88.492  14.655 0.0000000000
156651  9.268  -89.001  14.214 0.0000000000
156652  8.800  -89.638  14.111 0.0000000000
156653  8.340  -90.263  14.121 0.0000000000
156654  7.852  -89.423  14.506 0.0000000000
156655  7.910  -90.122  14.227 0.0000000000
156656  7.825  -90.905  14.188 0.0000000000
156657  7.302  -91.504  14.299 0.0000000000
156658  6.830  -91.978  14.210 0.0000000000
156659  6.325  -92.397  13.927 0.0000000000
156660  5.745  -84.113  20.906 0.0000000000
156661  5.449  -84.734  20.237 0.0000000000
156662  5.191  -85.339  19.580 0.0000000000
156663  5.313  -84.847  18.822 0.0000000000
156664  5.145  -85.413  18.814 0.0000000000
156665  5.086  -85.958  18.814 0.0000000000
156666  5.095  -86.597  17.964 0.0000000000
156667  5.170  -87.223  17.050 0.0000000000
156668  5.410  -87.745  16.299 0.0000000000
156669  6.946  -85.021  15.369 0.0000000000
156670  6.510  -85.624  15.412 0.0000000000
156671  6.130  -86.134  15.494 0.0000000000
156672  6.338  -86.820  13.971 0.0000000000
156673  6.134  -86.720  14.759 0.0000000000
156674  5.807  -86.659  15.549 0.0000000000
156675  5.571  -87.198  15.585 0.0000000000
156676  5.464  -87.746  15.613 0.0000000000
156677  5.715  -88.248  15.636 0.0000000000
156678  6.107  -88.686  15.040 0.0000000000
156679  6.361  -89.162  14.493 0.0000000000
156680  6.389  -89.777  13.993 0.0000000000
156681  5.899  -89.492  13.266 0.0000000000
156682  6.044  -90.052  13.530 0.0000000000
156683  6.284  -90.557  13.803 0.0000000000
156684  6.105  -91.350  13.819 0.0000000000
156685  5.951  -92.007  13.669 0.0000000000
156686  5.901  -92.667  13.411 0.0000000000
156687  5.645  -92.817  12.766 0.0000000000
156688  5.705  -92.974  11.969 0.0000000000
156689  6.057  -92.994  11.205 0.0000000000
156690  5.487  -91.892  10.981 0.0000000000
156691  5.845  -92.472  10.678 0.0000000000
156692  6.420  -92.961  10.479 0.0000000000
156693  6.844  -92.874  9.804 0.0000000000
156694  7.299  -92.910  9.286 0.0000000000
156695  7.823  -92.849  8.893 0.0000000000
156696  5.162  -89.278  9.430 0.0000000000
156697  5.371  -89.969  9.016 0.0000000000
156698  5.709  -90.672  8.725 0.0000000000
156699  5.936  -89.900  7.954 0.0000000000
156700  6.042  -90.604  8.246 0.0000000000
156701  6.187  -91.271  8.545 0.0000000000
156702  6.751  -91.850  8.470 0.0000000000
156703  7.561  -92.350  8.505 0.0000000000
156704  8.398  -92.755  8.633 0.0000000000
156741  5.347  -82.891  9.628 0.0000000000
156813  13.550  -80.870  31.023 0.0000000000
156814  12.984  -80.805  30.619 0.0000000000
156815  12.438  -80.665  30.200 0.0000000000
156816  14.151  -80.313  29.325 0.0000000000
156817  13.032  -80.488  29.479 0.0000000000
156818  11.965  -80.442  29.643 0.0000000000
156819  11.464  -80.122  29.085 0.0000000000
156820  11.067  -79.708  28.544 0.0000000000
156821  10.664  -79.347  28.105 0.0000000000
156841  15.405  -79.349  26.908 0.0000000000
156842  14.295  -79.609  26.956 0.0000000000
156843  14.349  -79.202  25.732 0.0000000000
156844  13.812  -79.426  26.382 0.0000000000
156845  13.185  -79.630  27.023 0.0000000000
156846  12.123  -79.425  27.162 0.0000000000
156847  11.218  -79.172  27.408 0.0000000000
156848  10.317  -78.984  27.653 0.0000000000
156849  9.946  -78.646  27.225 0.0000000000
156850  9.604  -78.311  26.822 0.0000000000
156851  9.219  -77.970  26.465 0.0000000000
156852  10.573  -77.966  25.446 0.0000000000
156853  9.704  -77.777  25.792 0.0000000000
156854  8.838  -77.589  26.104 0.0000000000
156855  8.480  -77.195  25.791 0.0000000000
156856  8.156  -76.738  25.463 0.0000000000
156857  7.798  -76.286  25.128 0.0000000000
156858  12.593  -77.277  22.708 0.0000000000
156859  11.722  -77.003  22.986 0.0000000000
156860  10.846  -76.730  23.372 0.0000000000
156861  11.125  -75.789  22.525 0.0000000000
156862  10.520  -76.138  23.079 0.0000000000
156863  9.914  -76.467  23.772 0.0000000000
156864  9.111  -76.229  24.100 0.0000000000
156865  8.307  -75.981  24.468 0.0000000000
156866  7.536  -75.819  24.734 0.0000000000
156867  7.211  -75.424  24.306 0.0000000000
156868  6.888  -75.140  23.829 0.0000000000
156869  6.574  -74.878  23.298 0.0000000000
156870  7.981  -74.542  22.769 0.0000000000
156871  7.120  -74.560  22.804 0.0000000000
156872  6.275  -74.648  22.741 0.0000000000
156873  6.000  -74.376  22.136 0.0000000000
156874  5.664  -74.106  21.614 0.0000000000
156875  5.227  -73.741  21.164 0.0000000000
156930  17.913  -74.369  19.405 0.0000000000
156931  16.830  -74.392  19.181 0.0000000000
156932  15.757  -74.225  19.254 0.0000000000
156933  16.195  -73.277  18.697 0.0000000000
156934  15.458  -73.567  19.145 0.0000000000
156935  14.764  -73.853  19.585 0.0000000000
156936  13.954  -73.362  20.133 0.0000000000
156937  13.098  -72.997  20.596 0.0000000000
156938  12.191  -72.785  20.883 0.0000000000
156939  15.311  -70.645  18.557 0.0000000000
156940  14.596  -70.934  19.023 0.0000000000
156941  13.890  -71.238  19.480 0.0000000000
156942  12.407  -70.680  18.981 0.0000000000
156943  12.827  -71.169  19.403 0.0000000000
156944  13.187  -71.564  19.852 0.0000000000
156945  12.479  -71.930  20.172 0.0000000000
156946  11.816  -72.350  20.522 0.0000000000
156947  11.219  -72.808  20.909 0.0000000000
156948  10.207  -72.927  20.880 0.0000000000
156949  9.146  -72.982  20.905 0.0000000000
156950  8.194  -72.982  20.914 0.0000000000
156951  8.202  -71.882  19.967 0.0000000000
156952  7.626  -72.430  20.446 0.0000000000
156953  7.138  -72.964  20.898 0.0000000000
156954  6.196  -73.012  20.866 0.0000000000
156955  5.386  -73.128  20.806 0.0000000000
156956  4.736  -73.405  20.749 0.0000000000
156957  4.420  -73.121  20.302 0.0000000000
156958  4.083  -72.818  19.793 0.0000000000
156959  3.744  -72.553  19.191 0.0000000000
156960  4.180  -71.317  19.007 0.0000000000
156961  3.731  -71.749  18.781 0.0000000000
156962  3.565  -72.308  18.374 0.0000000000
156963  3.332  -72.154  17.559 0.0000000000
156964  3.217  -72.090  16.747 0.0000000000
156965  3.253  -72.077  15.930 0.0000000000
156966  5.680  -68.528  16.664 0.0000000000
156967  4.688  -68.753  16.539 0.0000000000
156968  4.004  -69.148  16.351 0.0000000000
156969  4.687  -68.388  15.014 0.0000000000
156970  4.084  -69.045  15.580 0.0000000000
156971  3.656  -69.732  16.145 0.0000000000
156972  3.423  -70.406  15.863 0.0000000000
156973  3.347  -71.256  15.548 0.0000000000
156974  3.374  -72.186  15.187 0.0000000000
156975  3.633  -72.425  14.545 0.0000000000
156976  3.992  -72.732  13.987 0.0000000000
156984  13.119  -65.453  13.832 0.0000000000
156985  12.151  -65.292  13.264 0.0000000000
156986  11.229  -65.232  12.834 0.0000000000
156987  12.268  -64.858  11.827 0.0000000000
156988  11.295  -65.097  12.101 0.0000000000
156989  10.287  -65.408  12.442 0.0000000000
