#!ascii label  , from subject fsaverage_star vox2ras=TkReg
369
266  10.630  65.233  -2.795 0.0000000000
267  13.165  57.466  -12.887 0.0000000000
1158  7.537  62.358  -6.979 0.0000000000
1632  10.739  63.090  -8.464 0.0000000000
1633  7.008  60.234  -12.931 0.0000000000
1635  11.020  57.469  -17.724 0.0000000000
3679  14.055  60.217  -7.517 0.0000000000
3680  11.324  59.998  -9.934 0.0000000000
3681  8.281  62.261  -10.729 0.0000000000
3682  9.580  59.046  -12.973 0.0000000000
3683  8.752  58.251  -15.734 0.0000000000
3684  12.432  58.694  -15.699 0.0000000000
5954  15.858  59.247  -14.349 0.0000000000
6692  8.455  64.683  -4.852 0.0000000000
6693  8.535  64.352  -1.497 0.0000000000
7645  13.377  63.222  -3.355 0.0000000000
7647  13.991  62.395  -5.917 0.0000000000
7648  10.605  64.293  -6.233 0.0000000000
7649  7.941  63.942  -8.365 0.0000000000
7650  6.696  61.633  -10.100 0.0000000000
7651  6.168  58.654  -11.765 0.0000000000
7653  6.601  58.141  -15.169 0.0000000000
7654  7.771  57.256  -18.230 0.0000000000
7656  14.646  57.859  -16.395 0.0000000000
11359  12.917  58.381  -9.671 0.0000000000
11360  11.851  58.184  -11.186 0.0000000000
11361  10.271  59.544  -11.373 0.0000000000
11362  11.240  57.982  -12.996 0.0000000000
11363  11.015  58.214  -14.604 0.0000000000
11364  12.877  58.233  -14.324 0.0000000000
12593  11.806  65.141  -1.647 0.0000000000
12595  10.484  65.444  -1.159 0.0000000000
14993  7.839  63.651  -5.855 0.0000000000
14994  8.199  63.594  -4.003 0.0000000000
16791  14.851  62.914  -2.015 0.0000000000
16792  15.010  62.142  -3.371 0.0000000000
16796  12.454  61.818  -7.982 0.0000000000
16797  14.178  61.689  -6.856 0.0000000000
16798  12.482  62.891  -7.257 0.0000000000
16799  12.195  63.318  -6.238 0.0000000000
16800  10.715  63.887  -7.480 0.0000000000
16801  9.195  64.484  -7.340 0.0000000000
16802  9.220  63.887  -8.595 0.0000000000
16803  7.570  61.334  -11.813 0.0000000000
16804  7.179  62.250  -10.611 0.0000000000
16805  6.698  61.009  -11.510 0.0000000000
16806  6.426  60.111  -10.851 0.0000000000
16807  6.280  59.721  -12.472 0.0000000000
16808  6.216  58.505  -13.451 0.0000000000
16809  6.726  59.175  -14.086 0.0000000000
16810  9.923  57.846  -16.978 0.0000000000
16811  8.233  57.838  -17.056 0.0000000000
16812  9.379  57.281  -18.010 0.0000000000
16813  8.892  56.388  -19.023 0.0000000000
16814  10.420  56.493  -18.601 0.0000000000
16815  16.891  58.926  -14.904 0.0000000000
16816  15.334  58.919  -15.556 0.0000000000
16817  16.202  57.712  -15.617 0.0000000000
20506  8.226  62.749  -1.071 0.0000000000
25055  12.570  60.183  -8.689 0.0000000000
25056  10.931  61.811  -9.198 0.0000000000
25057  9.313  62.942  -9.633 0.0000000000
25058  9.795  61.455  -10.450 0.0000000000
25059  8.864  60.816  -11.689 0.0000000000
25060  8.136  60.003  -12.995 0.0000000000
25061  7.749  59.265  -14.246 0.0000000000
25062  9.216  58.763  -14.366 0.0000000000
25063  10.545  58.240  -15.894 0.0000000000
25064  11.748  58.319  -16.750 0.0000000000
29252  14.669  58.321  -13.746 0.0000000000
30974  9.452  65.281  -3.872 0.0000000000
30975  9.361  65.247  -2.183 0.0000000000
30976  8.650  64.686  -3.113 0.0000000000
30977  8.204  63.248  -2.437 0.0000000000
33366  13.395  64.198  -1.914 0.0000000000
33367  11.950  64.464  -3.177 0.0000000000
33372  15.581  61.254  -5.528 0.0000000000
33373  15.259  61.773  -4.544 0.0000000000
33374  13.559  62.603  -4.774 0.0000000000
33375  12.020  63.656  -4.831 0.0000000000
33376  10.727  64.767  -4.490 0.0000000000
33377  9.376  64.874  -5.665 0.0000000000
33378  8.191  64.434  -6.702 0.0000000000
33379  7.342  63.349  -7.705 0.0000000000
33380  7.989  63.323  -9.720 0.0000000000
33381  7.113  62.929  -9.336 0.0000000000
33382  6.822  62.092  -8.625 0.0000000000
33383  6.691  60.487  -9.290 0.0000000000
33390  7.404  58.461  -15.633 0.0000000000
33391  7.035  57.779  -16.846 0.0000000000
33396  14.194  59.017  -15.053 0.0000000000
33397  13.672  58.856  -16.301 0.0000000000
33398  12.788  57.805  -17.217 0.0000000000
37917  9.409  65.074  -0.731 0.0000000000
42078  13.368  57.224  -11.967 0.0000000000
42079  12.735  57.562  -11.146 0.0000000000
42080  12.352  57.601  -12.027 0.0000000000
42081  11.455  58.097  -12.057 0.0000000000
42082  12.169  57.665  -12.967 0.0000000000
42083  12.093  57.984  -13.767 0.0000000000
42084  13.006  57.880  -13.580 0.0000000000
43313  11.198  65.188  -2.221 0.0000000000
43314  11.107  65.423  -1.435 0.0000000000
43315  10.499  65.366  -1.987 0.0000000000
45713  7.661  63.041  -6.435 0.0000000000
45714  7.997  63.031  -5.453 0.0000000000
45715  7.979  62.348  -6.012 0.0000000000
47516  11.549  62.541  -8.247 0.0000000000
47517  12.462  62.463  -7.639 0.0000000000
47518  11.582  63.025  -7.850 0.0000000000
47519  11.557  63.419  -7.415 0.0000000000
47520  10.731  63.544  -8.000 0.0000000000
47521  9.954  63.996  -8.039 0.0000000000
47522  9.963  63.579  -8.567 0.0000000000
47523  7.244  60.764  -12.361 0.0000000000
47524  7.039  61.249  -11.700 0.0000000000
47525  6.801  60.617  -12.212 0.0000000000
47526  6.495  60.350  -11.972 0.0000000000
47527  6.589  60.021  -12.749 0.0000000000
47528  6.478  59.461  -13.292 0.0000000000
47529  6.877  59.684  -13.504 0.0000000000
47530  10.512  57.710  -17.372 0.0000000000
47531  9.631  57.587  -17.502 0.0000000000
47532  10.202  57.329  -17.896 0.0000000000
47533  9.936  56.885  -18.366 0.0000000000
47534  10.696  56.989  -18.166 0.0000000000
47536  16.611  58.394  -15.318 0.0000000000
57116  12.130  59.200  -9.759 0.0000000000
57117  12.724  59.281  -9.136 0.0000000000
57118  11.912  60.146  -9.290 0.0000000000
57119  11.764  61.014  -8.911 0.0000000000
57120  11.107  60.930  -9.555 0.0000000000
57121  10.339  61.646  -9.823 0.0000000000
57122  10.525  60.742  -10.217 0.0000000000
57123  9.908  59.297  -12.164 0.0000000000
57124  9.548  60.234  -11.544 0.0000000000
57125  9.196  59.918  -12.262 0.0000000000
57126  8.506  60.442  -12.347 0.0000000000
57127  8.830  59.608  -12.980 0.0000000000
57128  8.631  59.383  -13.629 0.0000000000
57129  9.431  58.913  -13.704 0.0000000000
57130  11.775  58.418  -15.249 0.0000000000
57131  10.820  58.335  -15.286 0.0000000000
57132  11.510  58.454  -15.863 0.0000000000
57133  11.193  58.345  -16.396 0.0000000000
57134  12.134  58.692  -16.283 0.0000000000
68018  8.917  65.073  -4.348 0.0000000000
68019  8.996  65.121  -3.510 0.0000000000
68020  8.551  64.767  -3.960 0.0000000000
68021  8.288  62.804  -3.629 0.0000000000
68022  8.257  63.429  -3.193 0.0000000000
68023  8.257  62.560  -2.874 0.0000000000
68024  8.155  62.237  -2.146 0.0000000000
73413  14.080  63.028  -2.645 0.0000000000
73414  14.127  63.579  -1.962 0.0000000000
73415  13.326  63.684  -2.606 0.0000000000
73416  12.593  64.308  -2.533 0.0000000000
73417  12.614  63.863  -3.294 0.0000000000
73429  14.171  62.169  -6.377 0.0000000000
73430  14.938  61.549  -6.221 0.0000000000
73431  14.834  61.910  -5.744 0.0000000000
73432  15.465  61.606  -5.052 0.0000000000
73433  14.629  62.083  -5.248 0.0000000000
73434  14.421  62.160  -4.719 0.0000000000
73435  13.765  62.499  -5.400 0.0000000000
73436  11.365  63.823  -6.296 0.0000000000
73437  12.065  63.448  -5.615 0.0000000000
73438  11.302  64.004  -5.583 0.0000000000
73439  11.371  64.204  -4.682 0.0000000000
73440  10.665  64.484  -5.400 0.0000000000
73441  10.040  64.834  -5.115 0.0000000000
73442  9.970  64.659  -6.015 0.0000000000
73443  8.550  64.270  -7.836 0.0000000000
73444  8.622  64.588  -7.086 0.0000000000
73445  8.046  64.171  -7.560 0.0000000000
73446  7.704  63.917  -7.192 0.0000000000
73447  7.536  63.678  -8.063 0.0000000000
73448  8.727  62.691  -10.211 0.0000000000
73449  8.592  63.231  -9.729 0.0000000000
73450  8.079  62.865  -10.247 0.0000000000
73451  6.860  61.983  -10.387 0.0000000000
73452  7.124  62.614  -9.988 0.0000000000
73453  6.856  62.309  -9.730 0.0000000000
73454  6.886  62.584  -9.013 0.0000000000
73455  6.698  61.920  -9.403 0.0000000000
73456  6.683  61.330  -8.953 0.0000000000
73457  6.621  61.129  -9.714 0.0000000000
73458  6.287  59.385  -11.266 0.0000000000
73459  6.476  59.459  -10.438 0.0000000000
73465  6.396  58.329  -14.320 0.0000000000
73470  8.210  58.709  -14.898 0.0000000000
73471  7.598  58.823  -14.935 0.0000000000
73472  8.015  58.384  -15.657 0.0000000000
73473  7.985  57.578  -17.660 0.0000000000
73474  7.540  57.843  -17.043 0.0000000000
73475  7.362  57.502  -17.595 0.0000000000
73479  7.720  56.690  -18.656 0.0000000000
73480  9.493  55.921  -19.305 0.0000000000
73481  8.748  55.791  -19.475 0.0000000000
73485  15.281  58.915  -14.039 0.0000000000
73486  14.421  58.771  -14.389 0.0000000000
73487  15.026  59.110  -14.692 0.0000000000
73488  15.025  58.487  -16.047 0.0000000000
73489  14.542  58.931  -15.934 0.0000000000
73490  14.256  58.523  -16.437 0.0000000000
73491  13.307  58.446  -16.795 0.0000000000
73492  13.760  57.879  -16.814 0.0000000000
84556  8.900  64.881  -1.843 0.0000000000
84557  9.326  65.169  -1.413 0.0000000000
84558  8.874  64.769  -1.068 0.0000000000
94175  12.357  58.278  -10.372 0.0000000000
94176  11.572  59.000  -10.441 0.0000000000
94177  10.772  59.776  -10.642 0.0000000000
94178  11.049  58.847  -11.252 0.0000000000
94179  10.655  58.659  -12.082 0.0000000000
94180  10.399  58.444  -12.986 0.0000000000
94181  10.284  58.462  -13.787 0.0000000000
94182  11.165  58.143  -13.824 0.0000000000
94183  11.974  58.214  -14.529 0.0000000000
94184  12.689  58.562  -15.055 0.0000000000
96398  11.071  65.529  -0.609 0.0000000000
96399  10.520  65.451  -0.371 0.0000000000
100715  8.050  64.231  -5.323 0.0000000000
100716  8.241  64.242  -4.418 0.0000000000
100717  8.058  63.683  -4.889 0.0000000000
100718  8.225  62.967  -4.465 0.0000000000
103953  14.896  62.477  -2.693 0.0000000000
103954  14.190  62.628  -3.379 0.0000000000
103960  13.281  61.045  -7.761 0.0000000000
103961  14.123  60.998  -7.221 0.0000000000
103962  13.323  61.809  -7.417 0.0000000000
103963  13.380  62.425  -7.023 0.0000000000
103964  13.252  62.703  -6.575 0.0000000000
103965  13.049  62.837  -6.101 0.0000000000
103966  12.307  63.202  -6.781 0.0000000000
103967  11.473  63.691  -6.918 0.0000000000
103968  10.637  64.127  -6.922 0.0000000000
103969  9.915  64.477  -6.805 0.0000000000
103970  9.934  64.246  -7.458 0.0000000000
103971  9.189  64.202  -7.998 0.0000000000
103972  8.529  63.993  -8.540 0.0000000000
103973  7.884  61.859  -11.300 0.0000000000
103974  7.660  62.341  -10.706 0.0000000000
103975  7.341  61.853  -11.198 0.0000000000
103976  6.964  61.647  -11.025 0.0000000000
103977  6.707  61.303  -10.795 0.0000000000
103978  6.538  60.870  -10.498 0.0000000000
103979  6.500  60.635  -11.227 0.0000000000
103980  6.322  59.955  -11.654 0.0000000000
103981  6.147  59.264  -12.155 0.0000000000
103982  6.136  58.644  -12.632 0.0000000000
103983  6.196  59.140  -12.991 0.0000000000
103984  6.367  58.924  -13.813 0.0000000000
103985  6.665  58.636  -14.601 0.0000000000
103986  9.298  57.956  -16.517 0.0000000000
103987  8.477  58.008  -16.469 0.0000000000
103988  9.038  57.812  -17.033 0.0000000000
103989  8.770  57.607  -17.580 0.0000000000
103990  8.555  57.287  -18.109 0.0000000000
103991  8.351  56.828  -18.653 0.0000000000
103992  9.116  56.891  -18.491 0.0000000000
103993  9.659  56.448  -18.828 0.0000000000
103995  16.404  59.369  -14.702 0.0000000000
103996  15.610  59.312  -15.021 0.0000000000
103997  16.165  58.921  -15.190 0.0000000000
103998  15.832  58.434  -15.655 0.0000000000
103999  15.420  57.786  -16.001 0.0000000000
110638  8.288  63.710  -1.230 0.0000000000
110639  8.567  64.223  -0.829 0.0000000000
110640  8.407  63.455  -0.654 0.0000000000
119900  13.334  59.343  -8.501 0.0000000000
119901  13.252  60.244  -8.065 0.0000000000
119902  12.510  60.994  -8.298 0.0000000000
119903  11.632  61.820  -8.590 0.0000000000
119904  10.765  62.533  -8.866 0.0000000000
119905  9.959  63.083  -9.085 0.0000000000
119906  10.137  62.463  -9.463 0.0000000000
119907  9.549  62.262  -10.053 0.0000000000
119908  9.008  61.975  -10.651 0.0000000000
119909  9.986  60.511  -10.853 0.0000000000
119910  9.249  61.148  -11.043 0.0000000000
119911  8.563  61.638  -11.202 0.0000000000
119912  8.197  61.193  -11.801 0.0000000000
119913  7.846  60.779  -12.413 0.0000000000
119914  7.521  60.219  -12.992 0.0000000000
119915  7.350  59.790  -13.613 0.0000000000
119916  7.905  59.690  -13.622 0.0000000000
119917  8.418  59.071  -14.276 0.0000000000
119918  9.006  58.466  -15.094 0.0000000000
119919  10.104  58.377  -14.515 0.0000000000
119920  9.886  58.345  -15.220 0.0000000000
119921  9.605  58.162  -15.864 0.0000000000
119922  10.240  58.076  -16.476 0.0000000000
119923  10.843  58.010  -16.878 0.0000000000
119924  11.381  57.922  -17.221 0.0000000000
129865  14.119  57.331  -12.772 0.0000000000
129866  13.944  57.835  -13.375 0.0000000000
129867  14.883  57.852  -13.105 0.0000000000
129868  15.575  58.448  -13.405 0.0000000000
129869  16.130  59.061  -13.685 0.0000000000
129872  16.661  59.332  -14.003 0.0000000000
134540  10.039  65.277  -3.335 0.0000000000
134541  9.935  65.368  -2.504 0.0000000000
134542  9.402  65.357  -3.024 0.0000000000
134543  8.947  65.049  -2.658 0.0000000000
134544  8.595  64.507  -2.282 0.0000000000
134545  8.344  64.182  -3.545 0.0000000000
134546  8.375  64.064  -2.714 0.0000000000
134547  8.320  63.845  -1.928 0.0000000000
134548  8.188  62.972  -1.681 0.0000000000
134549  8.176  61.924  -1.476 0.0000000000
141251  12.582  64.740  -1.814 0.0000000000
141252  11.889  64.833  -2.388 0.0000000000
141253  11.335  64.984  -3.002 0.0000000000
141266  14.892  60.923  -6.605 0.0000000000
141272  15.129  61.918  -3.979 0.0000000000
141273  14.302  62.338  -4.076 0.0000000000
141274  13.489  62.839  -4.117 0.0000000000
141275  12.891  62.943  -5.523 0.0000000000
141276  12.743  63.120  -4.851 0.0000000000
141277  12.632  63.458  -4.122 0.0000000000
141278  11.980  64.054  -3.990 0.0000000000
141279  11.379  64.612  -3.827 0.0000000000
141280  10.723  65.028  -3.610 0.0000000000
141281  10.029  65.108  -4.201 0.0000000000
141282  9.438  65.040  -4.754 0.0000000000
141283  8.843  64.891  -5.261 0.0000000000
141284  9.285  64.702  -6.540 0.0000000000
141285  8.739  64.751  -6.191 0.0000000000
141286  8.295  64.595  -5.802 0.0000000000
141287  7.910  64.110  -6.270 0.0000000000
141288  7.543  63.543  -6.796 0.0000000000
141289  7.340  62.918  -7.343 0.0000000000
141290  9.203  63.513  -9.226 0.0000000000
141291  8.529  63.676  -9.223 0.0000000000
141292  7.985  63.671  -9.071 0.0000000000
141293  7.530  62.818  -10.167 0.0000000000
141294  7.462  63.224  -9.566 0.0000000000
141295  7.526  63.487  -8.856 0.0000000000
141296  7.172  63.172  -8.578 0.0000000000
141297  6.988  62.807  -8.200 0.0000000000
141298  7.109  62.212  -7.855 0.0000000000
141299  6.980  61.453  -8.214 0.0000000000
141302  6.510  60.305  -10.082 0.0000000000
141318  7.204  59.316  -14.228 0.0000000000
141319  7.072  58.799  -14.817 0.0000000000
141320  6.930  58.404  -15.412 0.0000000000
141321  7.785  58.105  -16.414 0.0000000000
141322  7.253  58.109  -16.241 0.0000000000
141323  6.839  57.961  -15.994 0.0000000000
141330  8.249  56.209  -19.186 0.0000000000
141336  13.760  58.252  -14.038 0.0000000000
141337  13.560  58.655  -14.732 0.0000000000
141338  13.325  58.885  -15.414 0.0000000000
141339  14.793  59.253  -15.359 0.0000000000
141340  13.966  59.219  -15.721 0.0000000000
141341  13.048  59.015  -16.115 0.0000000000
141342  12.730  58.651  -16.588 0.0000000000
141343  12.307  58.191  -17.038 0.0000000000
141344  11.858  57.620  -17.528 0.0000000000
141347  14.974  57.140  -16.244 0.0000000000
141350  14.177  57.253  -16.714 0.0000000000
141351  13.219  57.252  -17.214 0.0000000000
141352  12.317  57.173  -17.612 0.0000000000
141353  11.483  57.085  -17.920 0.0000000000
154713  9.852  65.385  -1.669 0.0000000000
154714  9.905  65.320  -0.953 0.0000000000
154715  9.962  65.261  -0.136 0.0000000000
154716  9.009  64.650  -0.435 0.0000000000
