#!ascii label  , from subject fsaverage_star vox2ras=TkReg
781
144  46.923  -19.174  1.777 0.0000000000
145  37.599  -29.330  12.569 0.0000000000
590  42.383  -23.404  7.683 0.0000000000
1309  39.979  -26.192  10.456 0.0000000000
1310  47.213  -22.882  7.022 0.0000000000
1311  44.202  -26.603  7.664 0.0000000000
1788  50.639  -15.024  4.154 0.0000000000
1789  51.447  -11.807  0.824 0.0000000000
2406  44.447  -21.419  4.611 0.0000000000
2407  49.384  -19.110  6.294 0.0000000000
3227  35.214  -29.050  13.361 0.0000000000
3228  36.420  -28.103  11.592 0.0000000000
3229  38.856  -27.782  11.532 0.0000000000
3230  42.488  -26.288  9.685 0.0000000000
3231  40.985  -28.141  10.230 0.0000000000
3939  53.196  -14.762  3.390 0.0000000000
3940  53.706  -12.569  2.632 0.0000000000
5365  39.007  -26.162  8.172 0.0000000000
5367  40.270  -25.447  6.334 0.0000000000
5368  41.428  -24.718  4.589 0.0000000000
5369  43.428  -22.315  6.212 0.0000000000
5370  46.676  -19.559  6.231 0.0000000000
5371  46.053  -21.149  7.417 0.0000000000
5372  48.794  -23.012  4.784 0.0000000000
5373  50.026  -21.026  4.362 0.0000000000
6964  37.740  -27.051  9.917 0.0000000000
6965  41.228  -24.666  9.140 0.0000000000
6966  45.002  -22.876  8.306 0.0000000000
6967  43.827  -24.505  9.115 0.0000000000
6968  45.732  -24.698  7.480 0.0000000000
7860  34.412  -29.932  15.008 0.0000000000
8010  48.367  -16.410  3.293 0.0000000000
8011  49.168  -15.581  1.389 0.0000000000
8012  50.900  -13.267  2.603 0.0000000000
9765  43.926  -22.879  1.542 0.0000000000
9773  42.636  -23.953  2.988 0.0000000000
9774  45.596  -20.409  3.074 0.0000000000
9775  47.502  -17.996  4.668 0.0000000000
9776  50.110  -17.069  5.336 0.0000000000
9777  52.371  -16.862  4.162 0.0000000000
9778  48.486  -21.065  6.801 0.0000000000
9779  51.392  -18.971  4.458 0.0000000000
9792  36.485  -31.063  13.667 0.0000000000
9801  39.684  -30.135  10.627 0.0000000000
9802  42.784  -28.757  7.892 0.0000000000
10171  50.306  -14.705  -0.536 0.0000000000
10907  36.387  -29.201  13.120 0.0000000000
10908  36.930  -28.592  12.403 0.0000000000
10909  38.183  -28.595  12.054 0.0000000000
10910  39.986  -27.907  11.074 0.0000000000
10911  39.298  -28.772  11.452 0.0000000000
11019  46.248  -20.379  0.922 0.0000000000
11021  47.439  -18.869  0.763 0.0000000000
11619  54.285  -14.767  2.481 0.0000000000
11620  54.595  -13.678  2.245 0.0000000000
13045  40.647  -24.765  7.848 0.0000000000
13046  39.664  -25.735  7.259 0.0000000000
13047  41.269  -24.302  6.976 0.0000000000
13048  41.812  -23.917  6.098 0.0000000000
13049  42.914  -22.864  6.953 0.0000000000
13050  44.734  -21.515  7.018 0.0000000000
13051  44.197  -22.268  7.637 0.0000000000
15445  38.215  -27.213  11.028 0.0000000000
15446  37.079  -27.586  10.773 0.0000000000
15447  38.799  -26.523  10.343 0.0000000000
15448  39.419  -25.811  9.539 0.0000000000
15449  40.552  -25.419  9.842 0.0000000000
15450  42.516  -24.524  9.362 0.0000000000
15451  41.867  -25.309  9.882 0.0000000000
15452  43.432  -26.451  8.772 0.0000000000
15453  44.221  -25.489  8.630 0.0000000000
15454  44.975  -25.640  7.588 0.0000000000
15455  46.538  -24.815  6.300 0.0000000000
15456  45.716  -25.838  6.470 0.0000000000
17574  49.469  -15.492  3.826 0.0000000000
17575  49.561  -14.792  3.035 0.0000000000
17576  50.731  -14.040  3.421 0.0000000000
17578  53.954  -11.616  2.054 0.0000000000
21846  42.328  -24.319  1.578 0.0000000000
21865  42.990  -23.136  4.490 0.0000000000
21866  41.995  -24.352  3.769 0.0000000000
21867  43.594  -22.815  3.700 0.0000000000
21868  44.217  -22.323  3.010 0.0000000000
21869  45.051  -20.928  3.819 0.0000000000
21870  46.463  -19.004  3.865 0.0000000000
21871  45.947  -19.614  4.703 0.0000000000
21872  48.028  -19.239  6.526 0.0000000000
21873  48.440  -18.293  5.909 0.0000000000
21874  49.771  -18.087  5.827 0.0000000000
21875  51.321  -16.971  4.986 0.0000000000
21876  50.932  -18.007  5.368 0.0000000000
21877  46.237  -22.857  7.933 0.0000000000
21878  46.863  -21.982  7.651 0.0000000000
21879  47.889  -22.009  6.863 0.0000000000
21880  51.696  -20.153  3.274 0.0000000000
21881  50.721  -20.031  4.405 0.0000000000
21882  52.313  -19.043  3.364 0.0000000000
21883  52.926  -17.921  3.357 0.0000000000
21913  35.114  -31.155  15.311 0.0000000000
21914  36.043  -31.907  14.440 0.0000000000
21936  39.123  -31.159  11.065 0.0000000000
21938  41.249  -29.469  9.227 0.0000000000
22862  50.286  -13.629  1.128 0.0000000000
22863  49.698  -15.207  0.421 0.0000000000
22864  50.759  -13.107  0.193 0.0000000000
24242  34.576  -28.541  12.461 0.0000000000
24243  35.779  -28.599  12.492 0.0000000000
24244  37.646  -27.914  11.713 0.0000000000
24245  39.472  -26.957  11.016 0.0000000000
24246  41.277  -26.160  10.269 0.0000000000
24247  40.714  -27.041  10.626 0.0000000000
24248  41.759  -27.219  9.939 0.0000000000
24249  42.653  -27.363  8.939 0.0000000000
25521  51.999  -14.834  4.052 0.0000000000
25522  52.147  -13.758  3.504 0.0000000000
25523  53.411  -13.680  3.114 0.0000000000
25524  54.956  -12.572  1.975 0.0000000000
28089  37.213  -27.221  8.619 0.0000000000
28091  37.929  -26.894  7.675 0.0000000000
28092  38.599  -26.565  6.749 0.0000000000
28093  39.249  -26.263  5.816 0.0000000000
28094  39.829  -25.972  4.934 0.0000000000
28095  40.903  -25.057  5.426 0.0000000000
28096  42.425  -23.528  5.240 0.0000000000
28097  43.959  -21.799  5.466 0.0000000000
28098  45.517  -20.181  5.549 0.0000000000
28099  45.089  -20.847  6.308 0.0000000000
28100  46.343  -20.321  6.904 0.0000000000
28101  47.718  -20.117  7.050 0.0000000000
28102  47.927  -22.938  5.827 0.0000000000
28103  48.627  -22.014  5.692 0.0000000000
28104  49.382  -22.035  4.524 0.0000000000
28105  51.046  -21.136  3.451 0.0000000000
31608  35.165  -28.242  11.493 0.0000000000
31609  35.884  -27.887  10.470 0.0000000000
31610  36.563  -27.536  9.528 0.0000000000
31611  38.357  -26.574  9.040 0.0000000000
31612  39.989  -25.301  8.714 0.0000000000
31613  41.772  -24.027  8.462 0.0000000000
31614  43.700  -22.995  8.220 0.0000000000
31615  43.006  -23.762  8.810 0.0000000000
31616  44.415  -23.670  8.737 0.0000000000
31617  45.585  -23.708  8.243 0.0000000000
31618  43.174  -25.359  9.419 0.0000000000
31619  44.912  -24.581  8.423 0.0000000000
31620  46.482  -23.810  7.270 0.0000000000
31621  47.215  -23.871  6.102 0.0000000000
33953  34.731  -29.495  14.256 0.0000000000
33954  35.905  -29.780  13.785 0.0000000000
34356  47.538  -17.740  2.603 0.0000000000
34357  48.072  -17.413  1.612 0.0000000000
34358  48.630  -16.020  2.365 0.0000000000
34359  49.813  -14.168  2.089 0.0000000000
34360  51.090  -12.559  1.739 0.0000000000
34361  52.241  -12.774  2.818 0.0000000000
34362  52.395  -11.948  2.126 0.0000000000
34363  52.684  -11.055  1.248 0.0000000000
39531  45.423  -21.292  1.623 0.0000000000
39553  40.436  -25.651  4.047 0.0000000000
39554  41.014  -25.276  3.160 0.0000000000
39555  41.673  -24.824  2.368 0.0000000000
39556  43.232  -23.512  2.273 0.0000000000
39557  44.835  -21.803  2.341 0.0000000000
39558  46.211  -19.828  2.503 0.0000000000
39559  46.966  -18.378  3.265 0.0000000000
39560  47.961  -17.159  3.974 0.0000000000
39561  49.123  -16.459  4.539 0.0000000000
39562  47.094  -18.776  5.480 0.0000000000
39563  48.748  -17.400  5.226 0.0000000000
39564  50.383  -16.050  4.788 0.0000000000
39565  51.662  -15.950  4.533 0.0000000000
39566  52.774  -15.812  3.814 0.0000000000
39567  53.789  -15.832  2.880 0.0000000000
39568  45.588  -22.014  7.870 0.0000000000
39569  47.326  -21.067  7.402 0.0000000000
39570  48.990  -20.050  6.639 0.0000000000
39571  49.298  -21.045  5.646 0.0000000000
39572  49.919  -20.039  5.685 0.0000000000
39573  50.451  -19.009  5.622 0.0000000000
39574  52.004  -17.889  4.394 0.0000000000
39575  53.417  -16.875  3.170 0.0000000000
39610  34.169  -30.438  15.914 0.0000000000
39611  35.423  -30.503  14.544 0.0000000000
39612  37.009  -30.205  13.079 0.0000000000
39637  37.567  -31.616  12.637 0.0000000000
39638  38.105  -30.681  12.058 0.0000000000
39639  38.716  -29.752  11.677 0.0000000000
39640  40.375  -29.112  10.375 0.0000000000
39641  41.919  -28.424  9.013 0.0000000000
39642  43.467  -27.646  7.727 0.0000000000
39645  45.102  -26.849  6.532 0.0000000000
40747  48.642  -17.088  0.626 0.0000000000
40748  49.178  -16.704  -0.292 0.0000000000
41627  36.984  -29.264  12.886 0.0000000000
41628  37.268  -28.924  12.594 0.0000000000
41629  37.893  -28.965  12.321 0.0000000000
41630  38.760  -28.668  11.789 0.0000000000
41631  38.444  -29.070  11.985 0.0000000000
41739  46.599  -19.819  1.358 0.0000000000
41740  46.839  -19.647  0.843 0.0000000000
41741  47.176  -19.046  1.261 0.0000000000
42339  54.967  -14.779  1.977 0.0000000000
42340  55.097  -14.228  1.902 0.0000000000
43765  41.497  -24.047  7.718 0.0000000000
43766  40.953  -24.520  7.440 0.0000000000
43767  41.815  -23.782  7.333 0.0000000000
43768  42.030  -23.589  6.947 0.0000000000
43769  42.651  -23.120  7.312 0.0000000000
43770  43.556  -22.497  7.314 0.0000000000
43771  43.279  -22.854  7.637 0.0000000000
46165  39.068  -26.674  10.779 0.0000000000
46166  38.487  -26.870  10.708 0.0000000000
46167  39.356  -26.329  10.445 0.0000000000
46168  39.626  -25.956  10.101 0.0000000000
46169  40.242  -25.796  10.193 0.0000000000
46170  41.193  -25.340  9.922 0.0000000000
46171  40.911  -25.734  10.171 0.0000000000
46172  43.835  -26.523  8.219 0.0000000000
46173  44.241  -26.043  8.182 0.0000000000
46174  44.562  -26.138  7.643 0.0000000000
46175  45.345  -25.722  7.019 0.0000000000
46176  44.939  -26.225  7.064 0.0000000000
48294  50.048  -15.204  4.021 0.0000000000
48295  50.083  -14.753  3.648 0.0000000000
48296  50.698  -14.525  3.794 0.0000000000
52565  41.793  -24.689  1.263 0.0000000000
52566  41.466  -24.943  1.652 0.0000000000
52585  43.720  -22.292  4.562 0.0000000000
52586  43.314  -22.947  4.076 0.0000000000
52587  44.043  -22.116  4.125 0.0000000000
52588  44.331  -21.879  3.752 0.0000000000
52589  44.756  -21.183  4.212 0.0000000000
52590  45.505  -20.220  4.273 0.0000000000
52591  45.230  -20.507  4.668 0.0000000000
52592  48.723  -19.179  6.459 0.0000000000
52593  48.905  -18.679  6.194 0.0000000000
52594  49.584  -18.609  6.081 0.0000000000
52595  50.375  -18.037  5.648 0.0000000000
52596  50.181  -18.546  5.848 0.0000000000
52597  46.761  -22.874  7.540 0.0000000000
52598  47.079  -22.444  7.417 0.0000000000
52599  47.561  -22.455  6.954 0.0000000000
52601  52.020  -19.599  3.328 0.0000000000
52602  52.937  -19.109  2.905 0.0000000000
52603  53.223  -18.537  2.939 0.0000000000
53582  50.832  -12.740  0.960 0.0000000000
53583  50.471  -13.419  0.652 0.0000000000
53584  51.036  -12.445  0.513 0.0000000000
55762  34.602  -28.941  13.454 0.0000000000
55763  34.826  -28.782  12.994 0.0000000000
55764  35.486  -28.827  12.915 0.0000000000
55765  37.900  -28.196  11.950 0.0000000000
55766  37.307  -28.247  12.048 0.0000000000
55767  38.206  -27.821  11.664 0.0000000000
55768  38.486  -27.453  11.352 0.0000000000
55769  39.116  -27.398  11.279 0.0000000000
55770  40.138  -26.974  10.858 0.0000000000
55771  39.790  -27.419  11.125 0.0000000000
55772  40.534  -28.016  10.684 0.0000000000
55773  40.865  -27.590  10.501 0.0000000000
55774  41.351  -27.700  10.076 0.0000000000
55775  42.218  -27.300  9.480 0.0000000000
55776  41.814  -27.783  9.590 0.0000000000
57894  52.622  -14.797  3.773 0.0000000000
57895  52.696  -14.251  3.633 0.0000000000
57896  53.312  -14.187  3.245 0.0000000000
57897  55.468  -13.138  1.650 0.0000000000
57898  54.773  -13.135  2.142 0.0000000000
62175  38.117  -26.753  8.374 0.0000000000
62176  37.544  -27.047  8.140 0.0000000000
62177  38.462  -26.593  7.899 0.0000000000
62178  39.936  -25.580  6.816 0.0000000000
62179  39.133  -26.217  6.986 0.0000000000
62180  39.421  -26.056  6.549 0.0000000000
62181  38.912  -26.432  6.267 0.0000000000
62182  39.781  -25.895  6.059 0.0000000000
62183  40.120  -25.735  5.607 0.0000000000
62184  40.600  -25.249  5.870 0.0000000000
62185  42.583  -23.130  6.135 0.0000000000
62186  42.105  -23.715  5.674 0.0000000000
62187  42.850  -22.909  5.746 0.0000000000
62188  43.174  -22.704  5.337 0.0000000000
62189  43.684  -22.073  5.835 0.0000000000
62190  44.501  -21.274  5.917 0.0000000000
62191  44.266  -21.550  6.284 0.0000000000
62192  45.370  -21.277  7.306 0.0000000000
62193  45.541  -20.909  6.974 0.0000000000
62194  46.201  -20.724  7.171 0.0000000000
62195  47.044  -20.171  7.046 0.0000000000
62196  46.887  -20.611  7.277 0.0000000000
62197  48.343  -22.954  5.261 0.0000000000
62198  48.670  -22.483  5.147 0.0000000000
62199  49.085  -22.521  4.644 0.0000000000
69375  35.501  -28.403  11.995 0.0000000000
69376  34.858  -28.379  11.957 0.0000000000
69377  35.821  -28.205  11.517 0.0000000000
69378  37.425  -27.319  10.347 0.0000000000
69379  36.487  -27.780  10.603 0.0000000000
69380  36.845  -27.543  10.171 0.0000000000
69381  36.231  -27.728  9.992 0.0000000000
69382  37.168  -27.326  9.707 0.0000000000
69383  37.509  -27.128  9.244 0.0000000000
69384  38.050  -26.806  9.468 0.0000000000
69385  40.263  -25.253  9.297 0.0000000000
69386  39.685  -25.569  9.118 0.0000000000
69387  40.548  -24.949  8.943 0.0000000000
69388  40.876  -24.665  8.542 0.0000000000
69389  41.508  -24.370  8.811 0.0000000000
69390  42.424  -23.852  8.693 0.0000000000
69391  42.166  -24.175  9.012 0.0000000000
69392  43.184  -24.506  9.319 0.0000000000
69393  43.471  -24.104  9.068 0.0000000000
69394  44.122  -24.090  8.932 0.0000000000
69395  45.041  -23.674  8.552 0.0000000000
69396  44.720  -24.099  8.698 0.0000000000
69397  41.906  -26.222  10.018 0.0000000000
69398  42.235  -25.749  9.865 0.0000000000
69399  42.800  -25.819  9.589 0.0000000000
69400  44.978  -25.106  8.060 0.0000000000
69401  44.585  -25.030  8.530 0.0000000000
69402  45.359  -24.644  7.978 0.0000000000
69403  45.710  -24.211  7.909 0.0000000000
69404  46.089  -24.259  7.379 0.0000000000
69405  46.822  -23.840  6.693 0.0000000000
69406  46.454  -24.297  6.797 0.0000000000
69407  46.990  -24.899  5.819 0.0000000000
69408  47.331  -24.410  5.691 0.0000000000
74809  34.559  -29.701  14.640 0.0000000000
74810  35.323  -29.635  14.047 0.0000000000
74811  35.135  -29.891  14.415 0.0000000000
75759  47.943  -17.009  2.945 0.0000000000
75760  48.106  -16.869  2.504 0.0000000000
75761  48.494  -16.198  2.841 0.0000000000
75762  50.201  -14.017  2.805 0.0000000000
75763  49.654  -14.493  2.557 0.0000000000
75764  50.283  -13.668  2.394 0.0000000000
75765  50.466  -13.348  1.926 0.0000000000
75766  50.960  -12.896  2.217 0.0000000000
75767  52.922  -13.141  3.100 0.0000000000
75768  52.212  -13.246  3.202 0.0000000000
75769  52.992  -12.637  2.779 0.0000000000
75770  54.055  -11.137  1.707 0.0000000000
75771  53.190  -11.700  2.127 0.0000000000
75772  53.297  -11.277  1.753 0.0000000000
75773  52.536  -11.491  1.692 0.0000000000
75774  53.442  -10.805  1.357 0.0000000000
88577  43.461  -23.343  1.170 0.0000000000
88579  44.242  -22.611  1.169 0.0000000000
88580  45.034  -21.791  1.212 0.0000000000
88581  44.687  -22.130  1.567 0.0000000000
88635  40.624  -25.414  4.757 0.0000000000
88636  40.118  -25.810  4.494 0.0000000000
88637  40.921  -25.232  4.333 0.0000000000
88638  42.296  -24.175  3.388 0.0000000000
88639  41.521  -24.856  3.463 0.0000000000
88640  41.811  -24.666  3.064 0.0000000000
88641  41.333  -25.062  2.762 0.0000000000
88642  42.150  -24.445  2.650 0.0000000000
88643  42.480  -24.190  2.281 0.0000000000
88644  42.959  -23.719  2.611 0.0000000000
88645  44.934  -21.386  3.016 0.0000000000
88646  44.531  -22.078  2.676 0.0000000000
88647  45.208  -21.130  2.717 0.0000000000
88648  45.534  -20.846  2.396 0.0000000000
88649  45.873  -20.132  2.809 0.0000000000
88650  46.567  -19.114  2.895 0.0000000000
88651  46.268  -19.409  3.144 0.0000000000
88652  46.958  -18.417  4.326 0.0000000000
88653  47.217  -18.047  3.958 0.0000000000
88654  47.754  -17.555  4.327 0.0000000000
88655  48.530  -16.771  4.282 0.0000000000
88656  48.338  -17.205  4.629 0.0000000000
88657  46.073  -19.812  5.921 0.0000000000
88658  46.270  -19.433  5.526 0.0000000000
88659  46.889  -19.162  5.886 0.0000000000
88660  49.276  -17.687  5.623 0.0000000000
88661  48.581  -17.858  5.555 0.0000000000
88662  49.378  -17.219  5.364 0.0000000000
88663  49.543  -16.738  5.051 0.0000000000
88664  50.207  -16.590  5.073 0.0000000000
88665  51.091  -15.930  4.671 0.0000000000
88666  50.892  -16.490  4.973 0.0000000000
88667  51.878  -16.920  4.629 0.0000000000
88668  52.068  -16.397  4.439 0.0000000000
88669  52.575  -16.338  3.996 0.0000000000
88670  53.277  -15.778  3.362 0.0000000000
88671  53.071  -16.326  3.523 0.0000000000
88672  44.354  -22.920  8.322 0.0000000000
88673  44.668  -22.504  8.064 0.0000000000
88674  45.307  -22.461  8.117 0.0000000000
88675  47.686  -21.519  7.248 0.0000000000
88676  47.114  -21.522  7.536 0.0000000000
88677  47.957  -21.033  7.180 0.0000000000
88678  48.212  -20.534  7.055 0.0000000000
88679  48.732  -20.561  6.728 0.0000000000
88680  49.315  -21.499  5.004 0.0000000000
88681  48.944  -21.549  5.663 0.0000000000
88682  49.643  -21.035  4.997 0.0000000000
88683  51.057  -19.519  4.434 0.0000000000
88684  50.321  -20.034  5.059 0.0000000000
88685  50.649  -19.507  5.085 0.0000000000
88686  50.217  -19.506  5.652 0.0000000000
88687  50.977  -18.951  5.064 0.0000000000
88688  51.262  -18.445  5.041 0.0000000000
88689  51.721  -18.410  4.474 0.0000000000
88690  53.760  -17.430  2.859 0.0000000000
88691  53.207  -17.402  3.271 0.0000000000
88692  54.035  -16.908  2.749 0.0000000000
88693  54.271  -16.374  2.566 0.0000000000
88779  34.085  -30.700  16.351 0.0000000000
88780  35.753  -31.173  14.523 0.0000000000
88781  35.268  -30.833  14.928 0.0000000000
88782  35.955  -30.784  14.151 0.0000000000
88783  36.207  -30.393  13.792 0.0000000000
88784  36.755  -30.641  13.343 0.0000000000
88845  37.896  -32.391  12.549 0.0000000000
88846  37.342  -32.113  13.011 0.0000000000
88847  38.109  -31.905  12.152 0.0000000000
88848  39.414  -30.668  10.805 0.0000000000
88849  38.619  -30.932  11.544 0.0000000000
88850  38.899  -30.427  11.318 0.0000000000
88851  38.384  -30.228  11.863 0.0000000000
88852  39.195  -29.927  11.166 0.0000000000
88853  39.550  -29.429  11.043 0.0000000000
88854  40.030  -29.611  10.480 0.0000000000
88855  42.020  -29.144  8.544 0.0000000000
88856  41.612  -28.932  9.057 0.0000000000
88857  42.346  -28.580  8.405 0.0000000000
88858  42.678  -28.039  8.353 0.0000000000
88859  43.126  -28.193  7.769 0.0000000000
91622  48.627  -16.507  1.502 0.0000000000
91623  48.360  -17.276  1.118 0.0000000000
91624  48.933  -16.335  1.005 0.0000000000
91625  50.037  -14.902  -0.041 0.0000000000
91626  49.456  -16.000  0.090 0.0000000000
91627  49.772  -15.712  -0.423 0.0000000000
93361  35.803  -29.137  13.285 0.0000000000
93362  36.105  -28.864  12.846 0.0000000000
93363  36.685  -28.896  12.748 0.0000000000
93364  37.546  -28.583  12.268 0.0000000000
93365  38.525  -28.160  11.800 0.0000000000
93366  39.436  -27.825  11.347 0.0000000000
93367  39.081  -28.256  11.601 0.0000000000
93368  39.664  -28.325  11.257 0.0000000000
93369  40.192  -28.422  10.857 0.0000000000
93563  46.439  -20.259  0.456 0.0000000000
93564  47.068  -19.487  0.371 0.0000000000
93565  47.716  -18.657  0.283 0.0000000000
94641  53.731  -14.756  2.956 0.0000000000
94642  53.869  -14.187  2.841 0.0000000000
94643  54.424  -14.206  2.381 0.0000000000
94644  55.261  -13.670  1.723 0.0000000000
97209  39.812  -25.462  8.007 0.0000000000
97210  39.344  -25.927  7.720 0.0000000000
97211  40.135  -25.243  7.568 0.0000000000
97212  40.450  -25.049  7.103 0.0000000000
97213  40.742  -24.894  6.607 0.0000000000
97214  41.059  -24.699  6.170 0.0000000000
97215  41.531  -24.126  6.536 0.0000000000
97216  42.299  -23.368  6.542 0.0000000000
97217  43.185  -22.541  6.581 0.0000000000
97218  44.073  -21.855  6.643 0.0000000000
97219  43.850  -22.129  6.992 0.0000000000
97220  44.470  -21.889  7.337 0.0000000000
97221  45.143  -21.689  7.543 0.0000000000
101529  37.352  -27.696  11.300 0.0000000000
101530  36.760  -27.843  11.187 0.0000000000
101531  37.652  -27.392  10.928 0.0000000000
101532  37.958  -27.094  10.533 0.0000000000
101533  38.291  -26.751  10.144 0.0000000000
101534  38.591  -26.461  9.717 0.0000000000
101535  39.111  -26.170  9.940 0.0000000000
101536  39.936  -25.583  9.702 0.0000000000
101537  40.913  -25.010  9.444 0.0000000000
101538  41.875  -24.558  9.297 0.0000000000
101539  41.544  -24.938  9.636 0.0000000000
101540  42.168  -24.918  9.643 0.0000000000
101541  42.844  -24.924  9.512 0.0000000000
101542  43.004  -26.354  9.281 0.0000000000
101543  43.346  -25.880  9.174 0.0000000000
101544  43.830  -25.953  8.701 0.0000000000
101545  44.589  -25.581  8.137 0.0000000000
101546  45.347  -25.174  7.533 0.0000000000
101547  46.116  -24.754  6.865 0.0000000000
101548  45.742  -25.224  6.945 0.0000000000
101549  46.135  -25.315  6.394 0.0000000000
101550  46.625  -25.415  5.925 0.0000000000
105360  48.886  -15.909  3.579 0.0000000000
105361  48.959  -15.621  3.177 0.0000000000
105362  49.490  -15.115  3.457 0.0000000000
105363  50.120  -14.366  3.280 0.0000000000
105364  50.803  -13.661  2.993 0.0000000000
105365  54.497  -12.024  2.122 0.0000000000
105366  53.817  -12.067  2.341 0.0000000000
113051  42.647  -24.063  1.202 0.0000000000
113052  43.154  -23.613  1.541 0.0000000000
113085  42.170  -23.988  4.462 0.0000000000
113086  41.672  -24.550  4.170 0.0000000000
113087  42.492  -23.773  4.092 0.0000000000
113088  42.805  -23.610  3.705 0.0000000000
113089  43.110  -23.433  3.326 0.0000000000
113090  43.445  -23.181  2.969 0.0000000000
113091  43.895  -22.587  3.363 0.0000000000
113092  44.625  -21.646  3.399 0.0000000000
113093  45.337  -20.686  3.417 0.0000000000
113094  46.014  -19.703  3.429 0.0000000000
113095  45.786  -19.946  3.869 0.0000000000
113096  46.223  -19.311  4.306 0.0000000000
113097  46.703  -18.792  4.720 0.0000000000
113098  47.337  -19.337  6.444 0.0000000000
113099  47.529  -18.929  6.090 0.0000000000
113100  48.207  -18.775  6.198 0.0000000000
113101  49.125  -18.165  5.905 0.0000000000
113102  49.977  -17.561  5.582 0.0000000000
113103  50.742  -17.003  5.213 0.0000000000
113104  50.614  -17.487  5.462 0.0000000000
113105  51.130  -17.510  5.225 0.0000000000
113106  51.655  -17.446  4.807 0.0000000000
113107  45.653  -22.835  8.171 0.0000000000
113108  45.961  -22.417  7.991 0.0000000000
113109  46.543  -22.428  7.762 0.0000000000
113110  47.384  -21.984  7.359 0.0000000000
113111  48.201  -21.528  6.815 0.0000000000
113112  50.824  -20.574  3.809 0.0000000000
113113  50.362  -20.550  4.356 0.0000000000
113114  51.150  -20.052  3.786 0.0000000000
113115  51.481  -19.536  3.840 0.0000000000
113116  51.821  -19.000  3.873 0.0000000000
113117  52.136  -18.403  3.875 0.0000000000
113118  52.616  -18.459  3.379 0.0000000000
113119  53.494  -17.976  2.952 0.0000000000
113173  35.580  -31.551  14.911 0.0000000000
113174  36.245  -31.498  14.054 0.0000000000
113212  38.852  -31.674  11.384 0.0000000000
113214  39.910  -30.847  10.305 0.0000000000
113215  40.193  -30.344  10.088 0.0000000000
113216  40.471  -29.816  9.923 0.0000000000
113217  40.934  -30.001  9.394 0.0000000000
114878  49.744  -14.563  1.281 0.0000000000
114879  49.461  -15.386  0.911 0.0000000000
114880  49.970  -14.402  0.799 0.0000000000
114881  50.229  -14.121  0.334 0.0000000000
114882  50.528  -13.877  -0.154 0.0000000000
118005  34.254  -28.678  12.982 0.0000000000
118006  35.171  -28.590  12.490 0.0000000000
118007  36.094  -28.357  12.056 0.0000000000
118008  36.386  -28.590  12.466 0.0000000000
118009  36.724  -28.297  12.086 0.0000000000
118010  37.034  -28.006  11.676 0.0000000000
118011  37.950  -27.567  11.354 0.0000000000
118012  38.811  -27.059  11.063 0.0000000000
118013  39.750  -26.571  10.733 0.0000000000
118014  40.625  -26.140  10.406 0.0000000000
118015  40.403  -26.550  10.626 0.0000000000
118016  41.022  -26.590  10.452 0.0000000000
118017  41.616  -26.677  10.167 0.0000000000
118018  40.343  -27.466  10.865 0.0000000000
118019  41.252  -27.129  10.316 0.0000000000
118020  42.134  -26.753  9.803 0.0000000000
118021  42.606  -26.836  9.362 0.0000000000
118022  43.038  -26.924  8.846 0.0000000000
118023  43.470  -26.974  8.264 0.0000000000
120987  51.345  -14.860  4.176 0.0000000000
120988  51.382  -14.379  3.855 0.0000000000
120989  52.070  -14.296  3.809 0.0000000000
120990  52.800  -13.708  3.376 0.0000000000
120991  53.560  -13.123  2.889 0.0000000000
120992  54.006  -13.665  2.731 0.0000000000
120993  54.163  -13.126  2.568 0.0000000000
120994  54.387  -12.547  2.351 0.0000000000
126981  36.300  -27.500  8.909 0.0000000000
126986  38.823  -26.366  7.449 0.0000000000
126987  38.261  -26.718  7.208 0.0000000000
126988  37.650  -26.946  7.013 0.0000000000
126989  38.003  -26.800  6.532 0.0000000000
126990  38.321  -26.681  6.061 0.0000000000
126991  38.656  -26.546  5.601 0.0000000000
126992  38.997  -26.419  5.172 0.0000000000
126993  39.595  -26.121  5.366 0.0000000000
126994  40.372  -25.567  5.171 0.0000000000
126995  41.175  -24.896  4.989 0.0000000000
126996  41.381  -24.468  5.706 0.0000000000
126997  41.666  -24.295  5.280 0.0000000000
126998  41.933  -24.143  4.871 0.0000000000
126999  42.704  -23.363  4.846 0.0000000000
127000  43.435  -22.494  4.985 0.0000000000
127001  44.206  -21.613  5.064 0.0000000000
127002  44.990  -20.719  5.130 0.0000000000
127003  44.746  -20.988  5.537 0.0000000000
127004  45.299  -20.471  5.953 0.0000000000
127005  45.858  -20.174  6.281 0.0000000000
127006  44.917  -21.168  6.678 0.0000000000
127007  45.696  -20.543  6.640 0.0000000000
127008  46.516  -19.942  6.578 0.0000000000
127009  47.213  -19.761  6.769 0.0000000000
127010  47.884  -19.656  6.820 0.0000000000
127011  48.524  -19.614  6.736 0.0000000000
127012  47.589  -22.897  6.436 0.0000000000
127013  47.930  -22.447  6.374 0.0000000000
127014  48.289  -22.465  5.734 0.0000000000
127015  49.009  -21.990  5.022 0.0000000000
127016  49.717  -21.502  4.421 0.0000000000
127017  49.908  -22.051  4.062 0.0000000000
127018  50.190  -21.550  3.923 0.0000000000
127019  50.489  -21.050  3.850 0.0000000000
127020  51.358  -20.635  3.376 0.0000000000
128390  52.225  -10.965  0.610 0.0000000000
128391  51.674  -11.476  0.349 0.0000000000
136263  36.140  -27.985  11.077 0.0000000000
136264  35.517  -28.071  10.984 0.0000000000
136266  35.275  -27.919  10.367 0.0000000000
136267  35.597  -27.771  9.880 0.0000000000
136268  35.922  -27.634  9.393 0.0000000000
136269  36.898  -27.393  9.065 0.0000000000
136270  37.804  -26.930  8.813 0.0000000000
136271  38.685  -26.366  8.609 0.0000000000
136272  38.885  -26.185  9.293 0.0000000000
136273  39.159  -25.949  8.890 0.0000000000
136274  39.494  -25.716  8.453 0.0000000000
136275  40.340  -25.011  8.264 0.0000000000
136276  41.194  -24.346  8.122 0.0000000000
136277  42.082  -23.726  8.069 0.0000000000
136278  42.972  -23.184  8.011 0.0000000000
136279  42.716  -23.514  8.344 0.0000000000
136280  43.390  -23.369  8.522 0.0000000000
136281  43.990  -23.327  8.603 0.0000000000
136282  42.766  -24.137  9.101 0.0000000000
136283  43.662  -23.709  8.826 0.0000000000
136284  44.698  -23.274  8.516 0.0000000000
136285  45.343  -23.256  8.353 0.0000000000
136286  45.923  -23.272  8.090 0.0000000000
136287  46.453  -23.304  7.687 0.0000000000
136288  41.579  -25.727  10.064 0.0000000000
136289  42.557  -25.330  9.693 0.0000000000
136290  43.516  -24.937  9.272 0.0000000000
136291  43.727  -25.411  9.066 0.0000000000
136292  44.105  -24.949  8.953 0.0000000000
136293  44.397  -24.530  8.811 0.0000000000
136294  45.262  -24.138  8.372 0.0000000000
136295  46.066  -23.758  7.809 0.0000000000
136296  46.882  -23.332  7.113 0.0000000000
136297  47.229  -23.372  6.549 0.0000000000
136298  47.580  -23.411  5.990 0.0000000000
136299  47.972  -23.446  5.462 0.0000000000
136300  46.870  -24.334  6.177 0.0000000000
136301  47.654  -23.923  5.591 0.0000000000
136302  48.449  -23.503  4.988 0.0000000000
142950  34.399  -29.129  13.886 0.0000000000
142953  34.953  -29.283  13.806 0.0000000000
142954  35.522  -29.404  13.682 0.0000000000
142955  36.135  -29.484  13.470 0.0000000000
142956  36.738  -29.578  13.150 0.0000000000
144114  47.205  -18.474  2.210 0.0000000000
144115  47.475  -18.334  1.712 0.0000000000
144116  47.783  -17.601  2.142 0.0000000000
144117  48.296  -16.732  2.009 0.0000000000
144118  48.846  -15.797  1.876 0.0000000000
144119  49.055  -15.361  2.716 0.0000000000
144120  49.199  -15.079  2.233 0.0000000000
144121  49.441  -14.830  1.745 0.0000000000
144122  50.063  -13.890  1.615 0.0000000000
144123  50.635  -13.050  1.436 0.0000000000
144124  51.271  -12.182  1.253 0.0000000000
144125  51.419  -13.875  3.522 0.0000000000
144126  51.445  -13.422  3.134 0.0000000000
144127  51.537  -12.982  2.755 0.0000000000
144128  53.081  -12.169  2.449 0.0000000000
144129  52.324  -12.330  2.475 0.0000000000
144130  51.627  -12.572  2.406 0.0000000000
144131  51.686  -12.191  1.990 0.0000000000
144132  51.848  -11.774  1.516 0.0000000000
144133  52.040  -11.312  1.055 0.0000000000
159547  45.384  -21.432  0.865 0.0000000000
159548  45.805  -20.868  1.279 0.0000000000
159549  46.186  -20.247  1.703 0.0000000000
159613  39.285  -26.274  4.717 0.0000000000
159614  39.582  -26.110  4.269 0.0000000000
159615  39.897  -25.964  3.801 0.0000000000
159616  41.223  -25.035  3.880 0.0000000000
159617  40.722  -25.449  3.600 0.0000000000
159618  40.186  -25.774  3.350 0.0000000000
159619  40.490  -25.600  2.915 0.0000000000
159620  40.825  -25.384  2.500 0.0000000000
159621  41.156  -25.153  2.075 0.0000000000
159622  42.009  -24.579  1.973 0.0000000000
159623  42.847  -23.898  1.912 0.0000000000
159624  43.604  -23.175  1.915 0.0000000000
159625  43.773  -22.943  2.611 0.0000000000
159626  44.072  -22.673  2.289 0.0000000000
159627  44.377  -22.414  1.935 0.0000000000
159628  45.119  -21.549  1.986 0.0000000000
159629  45.833  -20.566  2.067 0.0000000000
159630  46.561  -19.506  2.150 0.0000000000
159631  46.849  -18.800  2.575 0.0000000000
159632  47.271  -18.039  2.943 0.0000000000
159633  47.703  -17.328  3.292 0.0000000000
159634  46.717  -18.687  3.546 0.0000000000
159635  47.448  -17.640  3.629 0.0000000000
159636  48.159  -16.777  3.619 0.0000000000
159637  48.691  -16.354  3.927 0.0000000000
159638  49.304  -15.951  4.208 0.0000000000
159639  49.863  -15.736  4.382 0.0000000000
159640  45.747  -19.883  5.111 0.0000000000
159641  46.488  -19.138  5.136 0.0000000000
159642  47.274  -18.386  5.088 0.0000000000
159643  47.754  -18.497  5.727 0.0000000000
159644  47.920  -18.085  5.370 0.0000000000
159645  48.108  -17.667  4.977 0.0000000000
159646  48.965  -16.911  4.888 0.0000000000
159647  49.718  -16.232  4.712 0.0000000000
159648  50.528  -15.538  4.463 0.0000000000
159649  51.205  -15.411  4.421 0.0000000000
159650  51.843  -15.370  4.273 0.0000000000
159651  52.413  -15.374  4.037 0.0000000000
159652  51.470  -16.486  4.792 0.0000000000
159653  52.227  -15.899  4.237 0.0000000000
159654  52.979  -15.300  3.602 0.0000000000
159655  53.491  -15.298  3.155 0.0000000000
159656  54.033  -15.304  2.670 0.0000000000
159657  54.692  -15.321  2.201 0.0000000000
159658  43.965  -22.647  7.894 0.0000000000
159659  44.926  -22.073  7.796 0.0000000000
159660  45.839  -21.560  7.641 0.0000000000
159661  46.235  -21.996  7.826 0.0000000000
159662  46.465  -21.549  7.684 0.0000000000
159663  46.682  -21.103  7.469 0.0000000000
159664  47.565  -20.595  7.283 0.0000000000
159665  48.367  -20.083  6.913 0.0000000000
159666  49.185  -19.581  6.510 0.0000000000
159667  48.279  -22.021  6.312 0.0000000000
159668  48.656  -21.530  6.253 0.0000000000
159669  48.952  -21.042  6.244 0.0000000000
159670  49.980  -20.528  5.019 0.0000000000
159671  49.611  -20.544  5.688 0.0000000000
159672  49.189  -20.574  6.275 0.0000000000
159673  49.514  -20.025  6.229 0.0000000000
159674  49.745  -19.526  6.133 0.0000000000
159675  49.975  -19.032  6.025 0.0000000000
159676  50.734  -18.503  5.512 0.0000000000
159677  51.489  -17.943  4.972 0.0000000000
159678  52.195  -17.386  4.290 0.0000000000
159679  52.454  -17.887  3.846 0.0000000000
159680  52.722  -17.369  3.753 0.0000000000
159681  52.881  -16.854  3.654 0.0000000000
159682  53.618  -16.360  3.036 0.0000000000
159683  54.494  -15.851  2.393 0.0000000000
159786  34.299  -30.205  15.490 0.0000000000
159787  34.657  -30.792  15.632 0.0000000000
159788  34.790  -30.505  15.232 0.0000000000
159789  34.922  -30.221  14.824 0.0000000000
159790  35.661  -30.146  14.173 0.0000000000
159791  36.468  -29.985  13.478 0.0000000000
159792  37.286  -29.755  12.813 0.0000000000
159866  36.787  -31.801  13.522 0.0000000000
159867  37.032  -31.322  13.155 0.0000000000
159868  38.332  -31.428  11.826 0.0000000000
159869  37.825  -31.144  12.328 0.0000000000
159870  37.311  -30.887  12.834 0.0000000000
159871  37.589  -30.455  12.582 0.0000000000
159872  37.846  -29.989  12.375 0.0000000000
159873  38.198  -29.499  12.130 0.0000000000
159874  39.017  -29.242  11.548 0.0000000000
159875  39.871  -28.927  10.957 0.0000000000
159876  40.666  -28.622  10.353 0.0000000000
159877  40.817  -29.294  9.786 0.0000000000
159878  41.148  -28.807  9.706 0.0000000000
159879  41.473  -28.284  9.636 0.0000000000
159880  42.293  -27.881  8.962 0.0000000000
159881  43.072  -27.486  8.311 0.0000000000
159882  43.843  -27.103  7.655 0.0000000000
159889  43.950  -27.784  7.183 0.0000000000
159890  44.269  -27.241  7.102 0.0000000000
159891  44.610  -26.725  7.056 0.0000000000
159892  45.429  -26.346  6.488 0.0000000000
163195  47.764  -18.189  1.204 0.0000000000
163196  48.055  -18.014  0.712 0.0000000000
163197  48.306  -17.812  0.249 0.0000000000
163198  49.189  -16.167  0.514 0.0000000000
163199  48.883  -16.936  0.191 0.0000000000
163204  51.288  -12.115  0.049 0.0000000000
163205  51.020  -12.833  -0.267 0.0000000000
