#!ascii label  , from subject Broad_82_YZ vox2ras=TkReg
1967
41686  -10.625  -24.098  41.030 0.0000000000
41687  -10.803  -24.248  41.074 0.0000000000
41688  -11.209  -24.289  41.118 0.0000000000
41699  -10.716  -24.161  40.824 0.0000000000
41700  -10.931  -24.354  40.585 0.0000000000
41701  -11.599  -24.318  40.541 0.0000000000
41702  -12.169  -24.333  40.162 0.0000000000
41715  -11.221  -24.340  40.058 0.0000000000
41716  -11.790  -24.364  39.709 0.0000000000
42606  -9.440  -22.798  45.987 0.0000000000
42607  -9.684  -22.720  46.207 0.0000000000
42612  -9.445  -22.748  45.331 0.0000000000
42613  -10.050  -22.857  45.710 0.0000000000
42614  -10.524  -22.706  45.656 0.0000000000
42619  -8.812  -22.897  43.801 0.0000000000
42620  -9.235  -22.958  44.370 0.0000000000
42621  -10.055  -22.969  44.684 0.0000000000
42622  -10.631  -22.746  45.079 0.0000000000
42629  -8.952  -22.905  43.434 0.0000000000
42630  -9.315  -23.136  43.275 0.0000000000
42631  -10.054  -23.363  43.590 0.0000000000
42632  -10.911  -23.002  43.940 0.0000000000
42633  -11.468  -22.862  43.717 0.0000000000
42640  -9.512  -23.138  42.696 0.0000000000
42641  -9.987  -23.575  42.385 0.0000000000
42642  -10.871  -23.529  42.707 0.0000000000
42643  -11.590  -23.162  43.086 0.0000000000
42655  -10.524  -23.795  41.232 0.0000000000
42656  -10.847  -23.996  41.698 0.0000000000
42657  -11.891  -23.637  41.546 0.0000000000
42673  -10.630  -23.949  40.561 0.0000000000
42674  -10.852  -24.143  40.121 0.0000000000
42675  -12.103  -24.191  40.687 0.0000000000
42692  -10.731  -23.690  40.124 0.0000000000
42693  -11.179  -23.912  39.588 0.0000000000
42694  -11.706  -24.221  39.161 0.0000000000
42713  -11.606  -23.784  39.048 0.0000000000
43621  -5.953  -21.246  47.735 0.0000000000
43622  -6.492  -21.156  47.614 0.0000000000
43623  -7.199  -21.204  47.420 0.0000000000
43624  -7.650  -21.257  47.326 0.0000000000
43627  -4.958  -21.491  47.216 0.0000000000
43628  -5.644  -21.439  47.413 0.0000000000
43629  -6.565  -21.429  47.285 0.0000000000
43630  -7.363  -21.482  47.197 0.0000000000
43631  -8.041  -21.540  47.206 0.0000000000
43632  -8.649  -21.615  47.138 0.0000000000
43636  -3.988  -21.434  46.421 0.0000000000
43637  -4.577  -21.498  46.720 0.0000000000
43638  -5.466  -21.551  46.784 0.0000000000
43639  -6.424  -21.572  46.818 0.0000000000
43640  -7.394  -21.732  46.818 0.0000000000
43641  -8.231  -22.026  46.973 0.0000000000
43642  -9.185  -22.025  47.082 0.0000000000
43643  -10.140  -21.941  46.915 0.0000000000
43644  -10.616  -21.671  46.882 0.0000000000
43648  -3.759  -21.472  46.031 0.0000000000
43649  -4.356  -21.493  46.144 0.0000000000
43650  -5.117  -21.516  46.290 0.0000000000
43651  -6.106  -21.485  46.151 0.0000000000
43652  -7.289  -21.804  46.271 0.0000000000
43653  -8.186  -22.257  46.420 0.0000000000
43654  -9.116  -22.505  46.500 0.0000000000
43655  -10.100  -22.501  46.447 0.0000000000
43656  -11.014  -21.935  46.695 0.0000000000
43657  -11.587  -21.656  46.680 0.0000000000
43662  -3.677  -21.440  45.755 0.0000000000
43663  -3.966  -21.446  45.849 0.0000000000
43664  -6.338  -21.383  45.692 0.0000000000
43665  -7.212  -21.591  45.481 0.0000000000
43666  -8.118  -22.264  45.676 0.0000000000
43667  -8.856  -22.655  45.908 0.0000000000
43668  -10.435  -22.720  45.942 0.0000000000
43669  -11.030  -22.519  45.781 0.0000000000
43670  -11.959  -21.819  46.212 0.0000000000
43671  -12.651  -21.552  46.154 0.0000000000
43675  -7.585  -21.658  44.848 0.0000000000
43676  -8.240  -22.256  44.556 0.0000000000
43677  -8.825  -22.561  45.192 0.0000000000
43678  -11.329  -22.636  44.640 0.0000000000
43679  -12.021  -22.252  45.110 0.0000000000
43680  -12.751  -21.712  45.566 0.0000000000
43686  -8.707  -22.474  43.424 0.0000000000
43687  -9.021  -22.846  43.203 0.0000000000
43688  -11.405  -22.723  44.021 0.0000000000
43689  -12.017  -22.528  43.824 0.0000000000
43690  -12.947  -21.924  44.464 0.0000000000
43695  -8.854  -22.346  43.040 0.0000000000
43696  -9.136  -22.644  42.805 0.0000000000
43697  -9.600  -23.010  42.327 0.0000000000
43698  -12.295  -22.826  42.648 0.0000000000
43699  -13.320  -22.097  42.997 0.0000000000
43710  -9.476  -22.526  42.163 0.0000000000
43711  -9.984  -22.884  41.658 0.0000000000
43712  -12.840  -22.758  41.907 0.0000000000
43724  -10.521  -23.119  40.704 0.0000000000
43732  -10.847  -23.019  39.909 0.0000000000
43733  -11.464  -23.005  39.289 0.0000000000
44682  -3.792  -20.029  48.515 0.0000000000
44683  -4.205  -20.025  48.646 0.0000000000
44684  -4.783  -20.108  48.609 0.0000000000
44685  -5.340  -20.264  48.383 0.0000000000
44686  -5.595  -20.304  48.217 0.0000000000
44687  -3.256  -19.978  47.882 0.0000000000
44688  -3.595  -20.209  48.125 0.0000000000
44689  -4.175  -20.551  48.196 0.0000000000
44690  -4.812  -20.728  48.314 0.0000000000
44691  -5.595  -20.828  48.152 0.0000000000
44692  -6.102  -20.808  47.925 0.0000000000
44693  -7.345  -21.101  47.439 0.0000000000
44694  -7.846  -21.336  47.261 0.0000000000
44697  -3.038  -20.151  47.408 0.0000000000
44698  -3.456  -20.534  47.457 0.0000000000
44699  -4.016  -20.875  47.635 0.0000000000
44700  -4.737  -21.217  47.790 0.0000000000
44701  -5.364  -21.198  47.978 0.0000000000
44702  -6.494  -20.649  47.610 0.0000000000
44703  -7.051  -20.882  47.485 0.0000000000
44704  -8.020  -21.277  47.217 0.0000000000
44705  -9.301  -21.521  47.005 0.0000000000
44706  -10.455  -21.238  46.930 0.0000000000
44707  -11.401  -20.925  47.294 0.0000000000
44708  -11.937  -20.658  47.422 0.0000000000
44713  -2.871  -20.256  47.073 0.0000000000
44714  -3.115  -20.708  46.785 0.0000000000
44715  -3.826  -21.175  46.951 0.0000000000
44716  -4.408  -21.315  47.267 0.0000000000
44717  -9.673  -21.973  46.993 0.0000000000
44718  -10.218  -21.582  46.913 0.0000000000
44719  -11.159  -21.368  47.038 0.0000000000
44720  -12.153  -20.787  47.374 0.0000000000
44721  -12.749  -20.476  47.431 0.0000000000
44726  -2.950  -21.157  46.184 0.0000000000
44727  -3.461  -21.282  46.330 0.0000000000
44728  -4.297  -21.398  45.779 0.0000000000
44729  -4.864  -21.431  45.893 0.0000000000
44730  -5.397  -21.472  45.999 0.0000000000
44731  -11.426  -21.556  46.849 0.0000000000
44732  -12.013  -21.377  46.913 0.0000000000
44733  -13.084  -20.697  47.029 0.0000000000
44734  -13.931  -20.673  46.597 0.0000000000
44740  -2.650  -21.157  45.754 0.0000000000
44741  -3.225  -21.394  45.659 0.0000000000
44742  -3.817  -21.316  45.427 0.0000000000
44743  -4.556  -21.191  45.439 0.0000000000
44744  -5.556  -21.284  45.605 0.0000000000
44745  -6.420  -21.241  45.387 0.0000000000
44746  -12.606  -21.362  46.542 0.0000000000
44747  -13.323  -21.257  46.198 0.0000000000
44748  -14.384  -20.789  45.841 0.0000000000
44749  -15.228  -20.765  45.391 0.0000000000
44755  -2.108  -20.988  44.927 0.0000000000
44756  -2.498  -21.198  45.031 0.0000000000
44757  -3.161  -21.426  44.732 0.0000000000
44758  -3.984  -21.075  44.538 0.0000000000
44759  -4.933  -20.873  45.054 0.0000000000
44760  -5.877  -20.952  45.044 0.0000000000
44761  -6.992  -21.123  44.847 0.0000000000
44762  -7.652  -21.649  44.442 0.0000000000
44763  -13.652  -21.377  45.165 0.0000000000
44764  -14.677  -21.160  44.857 0.0000000000
44771  -1.958  -21.106  44.442 0.0000000000
44772  -2.451  -21.406  44.039 0.0000000000
44773  -3.079  -21.437  43.659 0.0000000000
44774  -3.642  -21.086  43.279 0.0000000000
44775  -7.364  -21.260  44.181 0.0000000000
44776  -8.006  -21.650  43.746 0.0000000000
44777  -14.000  -21.569  44.104 0.0000000000
44784  -1.850  -21.193  43.435 0.0000000000
44785  -2.397  -21.451  42.926 0.0000000000
44786  -2.974  -21.603  42.517 0.0000000000
44787  -3.643  -21.314  42.129 0.0000000000
44788  -8.697  -21.792  42.902 0.0000000000
44789  -9.134  -22.087  42.331 0.0000000000
44790  -14.459  -21.644  43.278 0.0000000000
44800  -1.810  -21.268  42.274 0.0000000000
44801  -2.285  -21.756  41.799 0.0000000000
44802  -2.966  -21.807  41.369 0.0000000000
44803  -3.646  -21.400  40.974 0.0000000000
44804  -8.976  -21.417  42.197 0.0000000000
44805  -9.536  -21.825  41.716 0.0000000000
44806  -10.237  -22.063  41.079 0.0000000000
44814  -1.893  -21.322  41.069 0.0000000000
44815  -2.333  -21.709  40.637 0.0000000000
44816  -2.981  -21.871  40.237 0.0000000000
44817  -3.661  -21.370  39.874 0.0000000000
44818  -10.623  -22.131  40.399 0.0000000000
44824  -1.774  -21.469  39.942 0.0000000000
44825  -2.306  -21.764  39.510 0.0000000000
44826  -3.040  -21.680  39.150 0.0000000000
44827  -3.717  -21.225  38.913 0.0000000000
44828  -11.154  -21.993  39.775 0.0000000000
44843  -1.797  -21.352  38.776 0.0000000000
44844  -2.397  -21.577  38.382 0.0000000000
44845  -3.255  -21.345  38.108 0.0000000000
44846  -3.761  -21.081  38.386 0.0000000000
44864  -1.818  -21.154  37.367 0.0000000000
44865  -2.591  -21.312  37.458 0.0000000000
44866  -3.067  -21.137  37.306 0.0000000000
44883  -1.788  -21.123  36.197 0.0000000000
44884  -2.398  -21.204  36.632 0.0000000000
44885  -2.779  -21.141  36.997 0.0000000000
44904  -1.907  -21.157  35.661 0.0000000000
44905  -2.176  -21.250  35.942 0.0000000000
45830  -4.113  -19.107  50.049 0.0000000000
45831  -3.966  -19.132  49.584 0.0000000000
45832  -3.036  -19.237  48.969 0.0000000000
45833  -3.583  -19.511  48.999 0.0000000000
45834  -4.112  -19.335  49.328 0.0000000000
45835  -4.555  -19.547  48.839 0.0000000000
45836  -5.126  -20.173  48.537 0.0000000000
45837  -5.679  -20.070  48.108 0.0000000000
45838  -3.196  -19.520  48.526 0.0000000000
45839  -3.526  -19.800  48.544 0.0000000000
45840  -6.089  -20.266  47.718 0.0000000000
45841  -2.997  -19.549  47.916 0.0000000000
45842  -6.676  -20.492  47.400 0.0000000000
45843  -7.545  -20.757  47.186 0.0000000000
45844  -8.537  -21.108  47.052 0.0000000000
45845  -9.619  -21.192  46.856 0.0000000000
45846  -10.811  -20.845  47.028 0.0000000000
45847  -11.692  -20.529  47.320 0.0000000000
45848  -12.197  -20.374  47.469 0.0000000000
45849  -12.593  -20.073  47.610 0.0000000000
45854  -2.713  -19.778  47.295 0.0000000000
45855  -2.771  -20.265  46.779 0.0000000000
45856  -8.062  -20.795  47.037 0.0000000000
45857  -8.673  -20.857  46.811 0.0000000000
45858  -9.866  -20.832  46.582 0.0000000000
45859  -10.630  -20.672  46.742 0.0000000000
45860  -12.566  -20.333  47.528 0.0000000000
45861  -13.193  -20.101  47.466 0.0000000000
45862  -14.139  -19.803  47.195 0.0000000000
45863  -15.128  -19.708  47.419 0.0000000000
45864  -16.238  -19.728  47.595 0.0000000000
45868  -2.571  -19.875  46.584 0.0000000000
45869  -2.675  -20.607  46.191 0.0000000000
45870  -9.056  -20.678  46.425 0.0000000000
45871  -9.953  -20.582  46.356 0.0000000000
45872  -10.668  -20.451  46.446 0.0000000000
45873  -13.650  -20.173  47.233 0.0000000000
45874  -14.254  -20.180  47.034 0.0000000000
45875  -15.365  -20.173  47.077 0.0000000000
45881  -2.378  -20.103  45.814 0.0000000000
45882  -2.322  -20.809  45.527 0.0000000000
45883  -9.252  -20.459  46.015 0.0000000000
45884  -9.746  -20.300  45.895 0.0000000000
45885  -14.669  -20.443  46.598 0.0000000000
45886  -15.511  -20.481  46.174 0.0000000000
45891  -1.950  -20.488  45.018 0.0000000000
45892  -2.181  -20.929  45.157 0.0000000000
45893  -4.602  -20.812  44.557 0.0000000000
45894  -5.183  -20.679  44.530 0.0000000000
45895  -6.102  -20.671  44.449 0.0000000000
45896  -6.858  -20.823  44.239 0.0000000000
45901  -1.537  -20.522  44.013 0.0000000000
45902  -4.442  -20.748  43.954 0.0000000000
45903  -5.249  -20.366  43.744 0.0000000000
45904  -6.319  -20.381  43.827 0.0000000000
45905  -7.329  -20.652  43.618 0.0000000000
45906  -8.148  -20.963  43.212 0.0000000000
45909  -1.733  -20.476  42.893 0.0000000000
45910  -4.292  -20.650  42.937 0.0000000000
45911  -5.008  -20.186  42.734 0.0000000000
45912  -7.772  -20.351  42.962 0.0000000000
45913  -8.402  -20.533  42.389 0.0000000000
45916  -1.829  -20.385  41.531 0.0000000000
45917  -2.047  -20.048  41.000 0.0000000000
45918  -4.355  -20.634  41.768 0.0000000000
45919  -5.120  -20.087  41.999 0.0000000000
45920  -9.145  -20.698  41.695 0.0000000000
45921  -9.871  -20.890  40.948 0.0000000000
45922  -10.337  -21.513  40.669 0.0000000000
45928  -1.644  -20.893  40.370 0.0000000000
45929  -1.965  -20.310  40.517 0.0000000000
45930  -4.311  -20.795  40.558 0.0000000000
45931  -4.961  -20.124  41.168 0.0000000000
45932  -10.073  -20.377  40.447 0.0000000000
45933  -10.588  -20.921  40.209 0.0000000000
45939  -1.543  -20.871  39.314 0.0000000000
45940  -1.785  -20.545  39.854 0.0000000000
45941  -4.340  -20.788  39.507 0.0000000000
45942  -4.981  -20.169  40.154 0.0000000000
45943  -11.373  -20.854  39.468 0.0000000000
45957  -1.534  -20.726  38.135 0.0000000000
45958  -3.840  -20.919  38.022 0.0000000000
45959  -4.291  -20.699  38.516 0.0000000000
45960  -5.076  -20.175  39.118 0.0000000000
45974  -1.523  -20.477  37.101 0.0000000000
45975  -3.632  -20.830  37.419 0.0000000000
45976  -4.302  -20.490  37.695 0.0000000000
45977  -5.052  -20.042  38.047 0.0000000000
45993  -1.124  -20.127  35.606 0.0000000000
45994  -1.343  -20.669  36.318 0.0000000000
45995  -2.644  -21.102  35.987 0.0000000000
45996  -3.216  -20.884  36.556 0.0000000000
45997  -4.289  -20.252  36.790 0.0000000000
45998  -4.721  -20.119  37.399 0.0000000000
46018  -1.170  -19.987  34.779 0.0000000000
46019  -1.594  -20.684  35.318 0.0000000000
46020  -2.371  -20.938  35.337 0.0000000000
46021  -3.115  -20.685  35.588 0.0000000000
46022  -3.813  -20.316  35.825 0.0000000000
46043  -1.205  -19.767  34.105 0.0000000000
46044  -1.590  -20.119  34.288 0.0000000000
46045  -2.188  -20.510  34.445 0.0000000000
46046  -3.140  -20.323  34.650 0.0000000000
46047  -3.543  -20.293  35.247 0.0000000000
46065  -1.087  -19.546  33.732 0.0000000000
46066  -1.369  -19.733  33.537 0.0000000000
46067  -1.982  -20.071  33.449 0.0000000000
46068  -2.631  -20.093  33.918 0.0000000000
46083  -1.548  -19.766  33.070 0.0000000000
46084  -1.802  -19.784  32.872 0.0000000000
47111  -4.003  -19.034  50.413 0.0000000000
47112  -3.945  -18.911  50.205 0.0000000000
47113  -2.883  -18.770  49.052 0.0000000000
47114  -3.305  -18.869  49.345 0.0000000000
47115  -3.840  -19.000  49.683 0.0000000000
47116  -4.274  -18.966  49.376 0.0000000000
47117  -4.767  -19.216  48.636 0.0000000000
47118  -5.279  -19.641  48.323 0.0000000000
47119  -2.849  -19.048  48.481 0.0000000000
47120  -5.155  -19.215  48.244 0.0000000000
47121  -5.581  -19.571  47.963 0.0000000000
47122  -2.709  -18.999  47.946 0.0000000000
47123  -6.069  -19.821  47.482 0.0000000000
47124  -6.919  -20.263  46.910 0.0000000000
47125  -11.065  -20.612  46.940 0.0000000000
47126  -11.466  -20.382  47.066 0.0000000000
47127  -12.154  -19.998  47.351 0.0000000000
47128  -12.901  -19.815  47.376 0.0000000000
47134  -2.434  -19.119  47.180 0.0000000000
47135  -6.410  -19.732  46.956 0.0000000000
47136  -7.478  -20.370  46.783 0.0000000000
47137  -8.195  -20.465  46.478 0.0000000000
47138  -11.167  -20.402  46.722 0.0000000000
47139  -11.726  -19.964  46.833 0.0000000000
47140  -12.769  -19.557  46.862 0.0000000000
47141  -13.805  -19.602  47.098 0.0000000000
47142  -14.878  -19.322  47.449 0.0000000000
47143  -15.947  -19.272  47.748 0.0000000000
47149  -2.399  -19.272  46.278 0.0000000000
47150  -6.780  -19.635  46.489 0.0000000000
47151  -7.482  -19.788  46.141 0.0000000000
47152  -8.443  -20.287  45.962 0.0000000000
47153  -10.307  -20.317  46.054 0.0000000000
47154  -11.058  -20.232  46.209 0.0000000000
47155  -11.860  -19.850  46.252 0.0000000000
47156  -12.622  -19.512  46.104 0.0000000000
47160  -2.092  -19.461  45.436 0.0000000000
47161  -7.918  -19.611  45.339 0.0000000000
47162  -9.046  -20.052  45.432 0.0000000000
47163  -10.123  -20.065  45.559 0.0000000000
47164  -11.019  -20.081  45.534 0.0000000000
47165  -11.841  -19.858  45.472 0.0000000000
47166  -12.644  -19.487  45.364 0.0000000000
47167  -13.097  -19.340  45.117 0.0000000000
47171  -1.648  -19.572  44.555 0.0000000000
47172  -8.523  -19.413  44.797 0.0000000000
47173  -9.392  -19.557  44.877 0.0000000000
47174  -10.201  -19.722  44.970 0.0000000000
47175  -10.840  -19.769  44.710 0.0000000000
47176  -11.788  -19.721  44.573 0.0000000000
47177  -12.574  -19.465  44.552 0.0000000000
47178  -13.336  -19.357  44.575 0.0000000000
47179  -13.925  -19.330  44.398 0.0000000000
47180  -15.409  -19.233  44.696 0.0000000000
47185  -1.554  -19.600  43.536 0.0000000000
47186  -5.745  -20.070  43.272 0.0000000000
47187  -6.502  -20.001  43.204 0.0000000000
47188  -7.181  -19.996  42.996 0.0000000000
47189  -10.089  -19.158  43.091 0.0000000000
47190  -10.775  -19.351  43.698 0.0000000000
47191  -11.868  -19.481  43.740 0.0000000000
47192  -12.683  -19.430  43.780 0.0000000000
47193  -13.482  -19.421  43.743 0.0000000000
47194  -14.364  -19.372  43.873 0.0000000000
47195  -15.259  -19.341  43.998 0.0000000000
47199  -1.747  -19.548  42.546 0.0000000000
47200  -5.748  -19.882  42.590 0.0000000000
47201  -6.544  -19.728  42.445 0.0000000000
47202  -7.477  -19.802  42.318 0.0000000000
47203  -8.013  -19.780  41.968 0.0000000000
47204  -10.486  -19.081  42.728 0.0000000000
47205  -11.311  -19.253  42.816 0.0000000000
47206  -12.113  -19.360  43.062 0.0000000000
47214  -1.908  -19.396  41.849 0.0000000000
47215  -2.095  -19.578  41.290 0.0000000000
47216  -5.735  -19.741  41.776 0.0000000000
47217  -6.581  -19.518  41.598 0.0000000000
47218  -7.477  -19.421  41.456 0.0000000000
47219  -8.460  -19.675  41.477 0.0000000000
47220  -9.256  -19.963  41.111 0.0000000000
47225  -2.269  -19.677  40.676 0.0000000000
47226  -5.714  -19.666  40.853 0.0000000000
47227  -6.601  -19.320  40.652 0.0000000000
47228  -7.604  -19.056  40.511 0.0000000000
47229  -8.681  -19.243  40.507 0.0000000000
47230  -9.596  -19.762  40.433 0.0000000000
47231  -10.153  -19.977  40.057 0.0000000000
47235  -1.788  -20.430  39.390 0.0000000000
47236  -2.263  -19.852  39.723 0.0000000000
47237  -5.742  -19.552  39.846 0.0000000000
47238  -6.631  -19.124  39.680 0.0000000000
47239  -7.372  -18.849  39.545 0.0000000000
47240  -9.031  -19.136  39.926 0.0000000000
47241  -9.650  -19.221  39.554 0.0000000000
47242  -10.693  -19.763  39.399 0.0000000000
47253  -1.793  -20.137  38.709 0.0000000000
47254  -2.479  -19.262  38.742 0.0000000000
47255  -5.936  -19.510  38.758 0.0000000000
47256  -6.805  -19.002  38.883 0.0000000000
47257  -7.388  -18.787  38.956 0.0000000000
47258  -10.035  -18.859  38.720 0.0000000000
47268  -1.560  -19.899  37.538 0.0000000000
47269  -2.074  -19.525  38.030 0.0000000000
47270  -5.814  -19.597  37.837 0.0000000000
47271  -6.570  -19.195  38.057 0.0000000000
47272  -7.155  -18.847  38.445 0.0000000000
47283  -1.118  -19.730  35.678 0.0000000000
47284  -1.234  -19.766  36.307 0.0000000000
47285  -4.825  -19.762  36.477 0.0000000000
47286  -5.246  -19.690  37.080 0.0000000000
47287  -6.111  -19.233  37.352 0.0000000000
47300  -1.114  -19.516  35.142 0.0000000000
47301  -1.159  -19.353  35.611 0.0000000000
47302  -4.510  -19.782  35.933 0.0000000000
47303  -5.280  -19.381  36.111 0.0000000000
47304  -5.891  -19.178  36.652 0.0000000000
47322  -0.983  -19.353  34.180 0.0000000000
47323  -3.620  -19.812  34.384 0.0000000000
47324  -4.099  -19.760  34.961 0.0000000000
47325  -4.859  -19.375  35.438 0.0000000000
47345  -0.965  -19.230  33.127 0.0000000000
47346  -1.293  -19.588  33.052 0.0000000000
47347  -2.637  -19.810  33.350 0.0000000000
47348  -3.326  -19.604  33.726 0.0000000000
47349  -3.915  -19.518  34.223 0.0000000000
47367  -1.043  -18.872  32.198 0.0000000000
47368  -1.456  -19.421  32.570 0.0000000000
47369  -2.347  -19.493  32.629 0.0000000000
47370  -2.913  -19.517  33.120 0.0000000000
47394  -1.115  -18.689  31.895 0.0000000000
47395  -1.311  -18.859  31.944 0.0000000000
47396  -1.798  -19.089  32.046 0.0000000000
48368  -4.090  -18.775  50.356 0.0000000000
48369  -4.160  -18.913  50.550 0.0000000000
48370  -2.807  -18.002  49.205 0.0000000000
48371  -3.098  -18.160  49.441 0.0000000000
48372  -3.668  -18.420  49.759 0.0000000000
48373  -3.850  -18.600  49.701 0.0000000000
48374  -4.540  -18.458  49.032 0.0000000000
48375  -2.663  -18.256  48.722 0.0000000000
48376  -2.622  -17.984  48.799 0.0000000000
48377  -4.925  -18.656  48.349 0.0000000000
48378  -5.258  -18.995  48.119 0.0000000000
48379  -2.472  -18.219  47.952 0.0000000000
48380  -2.552  -17.947  48.571 0.0000000000
48381  -5.185  -18.476  47.913 0.0000000000
48382  -5.429  -19.034  47.793 0.0000000000
48386  -2.427  -18.236  46.770 0.0000000000
48387  -2.403  -17.758  46.408 0.0000000000
48388  -5.347  -18.101  47.111 0.0000000000
48389  -5.668  -19.068  47.371 0.0000000000
48390  -13.310  -19.307  46.389 0.0000000000
48391  -13.868  -19.192  46.718 0.0000000000
48392  -14.653  -18.898  47.167 0.0000000000
48393  -15.659  -18.854  47.509 0.0000000000
48397  -2.328  -18.627  45.864 0.0000000000
48398  -2.422  -17.985  46.087 0.0000000000
48399  -5.388  -17.999  46.830 0.0000000000
48400  -5.949  -18.705  46.386 0.0000000000
48401  -6.762  -19.257  46.129 0.0000000000
48402  -13.245  -19.264  45.874 0.0000000000
48403  -13.878  -18.988  46.148 0.0000000000
48404  -14.602  -18.724  46.485 0.0000000000
48405  -15.459  -18.589  46.843 0.0000000000
48409  -1.922  -18.469  45.052 0.0000000000
48410  -2.255  -18.056  45.622 0.0000000000
48411  -6.243  -18.205  45.660 0.0000000000
48412  -6.858  -18.786  45.462 0.0000000000
48413  -13.189  -19.307  45.495 0.0000000000
48414  -13.727  -19.187  45.376 0.0000000000
48415  -14.566  -18.877  45.712 0.0000000000
48416  -15.347  -18.619  46.013 0.0000000000
48420  -1.471  -18.594  44.081 0.0000000000
48421  -7.632  -18.745  44.451 0.0000000000
48422  -8.737  -18.871  43.998 0.0000000000
48423  -9.742  -19.282  44.416 0.0000000000
48424  -10.233  -19.480  44.616 0.0000000000
48425  -13.880  -19.289  44.837 0.0000000000
48426  -14.503  -19.230  44.843 0.0000000000
48427  -15.293  -19.028  45.212 0.0000000000
48430  -1.581  -18.618  43.130 0.0000000000
48431  -8.964  -18.407  43.037 0.0000000000
48432  -9.719  -19.006  43.583 0.0000000000
48433  -10.250  -19.297  44.247 0.0000000000
48434  -14.852  -19.295  44.367 0.0000000000
48435  -15.112  -19.242  44.659 0.0000000000
48436  -1.769  -18.601  42.256 0.0000000000
48437  -9.159  -18.039  42.552 0.0000000000
48438  -9.705  -18.552  42.500 0.0000000000
48444  -2.073  -18.727  41.554 0.0000000000
48445  -2.347  -19.017  41.020 0.0000000000
48452  -2.547  -18.898  40.387 0.0000000000
48453  -8.023  -18.852  39.959 0.0000000000
48454  -8.473  -18.910  39.797 0.0000000000
48462  -2.638  -18.628  39.548 0.0000000000
48463  -7.940  -18.749  39.348 0.0000000000
48464  -8.646  -18.780  39.219 0.0000000000
48465  -9.204  -18.734  38.800 0.0000000000
48476  -2.784  -18.286  38.749 0.0000000000
48477  -7.796  -18.688  38.662 0.0000000000
48478  -8.426  -18.602  38.318 0.0000000000
48479  -9.259  -18.544  38.068 0.0000000000
48480  -10.052  -18.680  37.884 0.0000000000
48492  -1.956  -19.324  37.514 0.0000000000
48493  -2.481  -18.595  37.696 0.0000000000
48494  -6.626  -18.956  37.535 0.0000000000
48495  -7.359  -18.727  37.743 0.0000000000
48496  -8.411  -18.439  37.397 0.0000000000
48497  -9.437  -18.440  37.197 0.0000000000
48508  -1.684  -19.029  36.902 0.0000000000
48509  -2.239  -18.138  36.515 0.0000000000
48510  -6.573  -18.811  36.961 0.0000000000
48511  -7.467  -18.452  36.610 0.0000000000
48512  -8.625  -18.205  36.409 0.0000000000
48526  -1.116  -19.074  35.289 0.0000000000
48527  -1.467  -18.513  35.577 0.0000000000
48528  -2.136  -17.828  35.833 0.0000000000
48529  -5.354  -19.092  35.504 0.0000000000
48530  -6.224  -18.737  35.772 0.0000000000
48531  -7.690  -17.949  35.336 0.0000000000
48532  -8.929  -17.765  35.686 0.0000000000
48533  -9.569  -17.665  35.677 0.0000000000
48550  -1.057  -18.846  34.722 0.0000000000
48551  -1.328  -18.232  34.391 0.0000000000
48552  -4.324  -19.311  34.387 0.0000000000
48553  -5.060  -18.883  34.718 0.0000000000
48554  -6.383  -17.903  34.399 0.0000000000
48555  -7.276  -17.582  34.557 0.0000000000
48570  -1.087  -18.394  33.577 0.0000000000
48571  -1.354  -17.960  33.787 0.0000000000
48572  -3.610  -19.190  33.425 0.0000000000
48573  -4.165  -18.997  33.698 0.0000000000
48574  -5.299  -18.209  33.448 0.0000000000
48575  -6.028  -17.720  33.596 0.0000000000
48588  -0.955  -18.267  32.406 0.0000000000
48589  -2.783  -18.997  32.248 0.0000000000
48590  -3.367  -18.987  32.842 0.0000000000
48591  -4.500  -18.359  32.759 0.0000000000
48592  -5.031  -18.149  32.891 0.0000000000
48613  -1.147  -18.316  31.508 0.0000000000
48614  -1.680  -18.606  31.486 0.0000000000
48615  -2.358  -18.802  31.725 0.0000000000
48616  -3.107  -18.645  31.823 0.0000000000
48617  -3.835  -18.348  31.980 0.0000000000
48640  -1.199  -17.825  30.542 0.0000000000
48641  -1.564  -18.199  30.777 0.0000000000
48642  -2.124  -18.384  30.914 0.0000000000
48643  -2.805  -18.305  30.994 0.0000000000
48644  -3.459  -18.256  31.272 0.0000000000
48664  -1.202  -17.639  30.073 0.0000000000
48665  -1.451  -17.873  30.110 0.0000000000
48666  -1.961  -18.144  30.195 0.0000000000
48667  -2.457  -18.174  30.425 0.0000000000
49588  -2.850  -17.417  49.494 0.0000000000
49589  -3.258  -17.556  49.584 0.0000000000
49590  -3.685  -17.654  49.673 0.0000000000
49591  -4.265  -17.617  49.363 0.0000000000
49592  -4.664  -17.945  48.847 0.0000000000
49593  -2.599  -17.439  49.097 0.0000000000
49594  -2.602  -17.762  48.912 0.0000000000
49595  -4.606  -17.312  48.869 0.0000000000
49596  -4.818  -17.921  48.441 0.0000000000
49597  -2.495  -17.421  48.523 0.0000000000
49598  -2.544  -17.758  48.731 0.0000000000
49599  -4.692  -17.226  48.364 0.0000000000
49600  -4.928  -17.771  47.891 0.0000000000
49601  -2.478  -17.297  47.511 0.0000000000
49602  -2.412  -17.313  46.663 0.0000000000
49603  -4.717  -17.100  47.834 0.0000000000
49604  -5.072  -17.371  47.212 0.0000000000
49605  -1.911  -17.097  45.935 0.0000000000
49606  -2.203  -17.385  46.085 0.0000000000
49607  -5.468  -17.435  46.433 0.0000000000
49608  -5.937  -17.512  45.782 0.0000000000
49609  -1.844  -17.440  45.533 0.0000000000
49610  -2.222  -17.720  45.821 0.0000000000
49611  -6.473  -17.592  45.250 0.0000000000
49612  -6.941  -17.725  44.612 0.0000000000
49613  -0.904  -16.841  44.452 0.0000000000
49614  -1.330  -17.418  44.548 0.0000000000
49615  -7.457  -17.633  43.980 0.0000000000
49616  -7.954  -18.144  43.803 0.0000000000
49617  -0.715  -17.009  44.017 0.0000000000
49618  -1.228  -17.707  43.593 0.0000000000
49619  -7.917  -17.416  43.637 0.0000000000
49620  -8.355  -17.756  43.300 0.0000000000
49621  -0.709  -17.080  43.128 0.0000000000
49622  -1.365  -17.718  42.670 0.0000000000
49623  -8.838  -17.579  42.703 0.0000000000
49624  -9.332  -17.512  42.151 0.0000000000
49626  -0.806  -17.064  42.176 0.0000000000
49627  -1.554  -17.717  41.622 0.0000000000
49628  -2.206  -18.159  40.918 0.0000000000
49631  -0.976  -16.913  41.293 0.0000000000
49632  -1.512  -17.143  40.370 0.0000000000
49633  -2.288  -18.012  40.143 0.0000000000
49637  -1.684  -16.864  39.644 0.0000000000
49638  -2.351  -17.353  39.380 0.0000000000
49645  -2.803  -17.370  38.210 0.0000000000
49656  -3.068  -17.281  36.988 0.0000000000
49657  -3.173  -16.621  36.589 0.0000000000
49666  -2.673  -17.425  36.044 0.0000000000
49667  -3.074  -16.789  36.150 0.0000000000
49677  -1.735  -17.844  34.642 0.0000000000
49678  -2.461  -17.354  35.105 0.0000000000
49679  -2.884  -16.967  35.651 0.0000000000
49680  -8.584  -17.454  35.057 0.0000000000
49681  -9.355  -17.419  35.219 0.0000000000
49694  -1.562  -17.670  33.985 0.0000000000
49695  -1.983  -17.248  34.178 0.0000000000
49696  -7.098  -17.335  34.127 0.0000000000
49697  -7.956  -17.093  34.338 0.0000000000
49698  -9.035  -17.040  34.623 0.0000000000
49699  -9.881  -17.124  34.725 0.0000000000
49715  -1.105  -17.757  32.743 0.0000000000
49716  -1.482  -17.384  33.192 0.0000000000
49717  -1.731  -17.232  33.694 0.0000000000
49718  -5.839  -17.635  33.114 0.0000000000
49719  -6.655  -17.192  33.369 0.0000000000
49720  -7.328  -17.023  33.821 0.0000000000
49737  -0.993  -17.433  32.109 0.0000000000
49738  -1.224  -17.225  32.459 0.0000000000
49739  -4.536  -18.015  31.965 0.0000000000
49740  -5.236  -17.793  32.505 0.0000000000
49741  -6.008  -17.290  32.623 0.0000000000
49757  -0.968  -17.673  31.652 0.0000000000
49758  -4.115  -17.935  31.217 0.0000000000
49759  -4.933  -17.558  31.422 0.0000000000
49760  -5.740  -17.129  31.814 0.0000000000
49780  -1.070  -17.436  30.910 0.0000000000
49781  -2.812  -18.088  30.383 0.0000000000
49782  -3.405  -17.924  30.459 0.0000000000
49783  -4.487  -17.469  30.276 0.0000000000
49784  -5.499  -17.046  30.753 0.0000000000
49807  -1.019  -17.258  30.070 0.0000000000
49808  -1.273  -17.482  29.703 0.0000000000
49809  -1.740  -17.731  29.581 0.0000000000
49810  -2.595  -17.863  29.731 0.0000000000
49811  -3.601  -17.601  29.411 0.0000000000
49812  -4.508  -17.273  29.061 0.0000000000
49830  -1.047  -17.046  29.478 0.0000000000
49831  -1.348  -17.213  29.095 0.0000000000
49832  -2.001  -17.479  28.926 0.0000000000
49833  -2.831  -17.498  28.687 0.0000000000
49834  -3.758  -17.434  28.377 0.0000000000
49835  -4.616  -17.260  28.099 0.0000000000
49848  -1.564  -17.064  28.546 0.0000000000
49849  -2.089  -17.184  28.151 0.0000000000
49850  -2.992  -17.236  27.715 0.0000000000
49851  -3.976  -17.335  27.525 0.0000000000
49852  -4.914  -17.358  27.319 0.0000000000
49853  -5.688  -17.397  27.020 0.0000000000
49854  -6.303  -17.267  26.911 0.0000000000
49868  -3.436  -17.134  27.127 0.0000000000
49869  -4.137  -17.188  26.877 0.0000000000
49870  -5.020  -17.171  26.700 0.0000000000
49871  -5.855  -17.111  26.588 0.0000000000
49872  -6.553  -17.118  26.552 0.0000000000
50589  -2.766  -16.224  49.671 0.0000000000
50590  -2.927  -16.256  49.822 0.0000000000
50591  -3.131  -16.314  49.797 0.0000000000
50592  -3.395  -16.359  49.684 0.0000000000
50593  -2.663  -16.546  49.497 0.0000000000
50594  -2.963  -16.832  49.749 0.0000000000
50595  -3.321  -16.896  49.695 0.0000000000
50596  -3.803  -16.696  49.533 0.0000000000
50597  -2.404  -16.553  48.856 0.0000000000
50598  -4.364  -16.577  49.143 0.0000000000
50599  -2.115  -15.999  48.083 0.0000000000
50600  -2.248  -16.234  48.023 0.0000000000
50601  -4.640  -16.459  48.602 0.0000000000
50602  -4.845  -16.102  48.172 0.0000000000
50603  -1.931  -15.798  47.510 0.0000000000
50604  -2.274  -16.433  46.907 0.0000000000
50605  -2.166  -16.890  46.320 0.0000000000
50606  -4.707  -16.644  48.154 0.0000000000
50607  -4.955  -16.360  47.582 0.0000000000
50608  -1.598  -16.173  46.753 0.0000000000
50609  -1.678  -16.708  46.091 0.0000000000
50610  -1.994  -16.948  46.132 0.0000000000
50611  -5.347  -16.480  46.791 0.0000000000
50612  -5.873  -16.405  46.103 0.0000000000
50613  -0.989  -16.177  45.875 0.0000000000
50614  -1.257  -16.738  45.208 0.0000000000
50615  -6.401  -16.573  45.479 0.0000000000
50616  -6.878  -16.643  44.911 0.0000000000
50617  -0.247  -15.695  44.364 0.0000000000
50618  -0.641  -16.240  44.638 0.0000000000
50619  -1.026  -16.774  44.684 0.0000000000
50620  -7.351  -16.628  44.250 0.0000000000
50621  -7.886  -16.324  43.915 0.0000000000
50622  0.107  -15.834  43.993 0.0000000000
50623  -0.271  -16.426  43.616 0.0000000000
50624  -7.692  -16.906  43.781 0.0000000000
50625  -8.194  -16.644  43.393 0.0000000000
50626  -8.723  -16.387  42.977 0.0000000000
50627  0.018  -15.872  43.182 0.0000000000
50628  -0.312  -16.452  42.704 0.0000000000
50629  -8.571  -17.000  42.937 0.0000000000
50630  -8.980  -16.697  42.472 0.0000000000
50631  -0.088  -15.900  42.438 0.0000000000
50632  -0.355  -16.336  41.704 0.0000000000
50635  -0.660  -16.417  40.639 0.0000000000
50636  -0.956  -16.520  40.129 0.0000000000
50639  -0.678  -16.133  39.952 0.0000000000
50640  -1.201  -16.313  39.577 0.0000000000
50641  -1.815  -16.558  39.260 0.0000000000
50646  -1.532  -16.048  38.912 0.0000000000
50647  -2.189  -16.355  38.526 0.0000000000
50658  -2.784  -16.336  37.654 0.0000000000
50659  -3.163  -16.212  36.922 0.0000000000
50670  -3.268  -16.137  36.280 0.0000000000
50682  -2.820  -16.608  34.752 0.0000000000
50683  -3.176  -16.213  35.314 0.0000000000
50693  -2.502  -16.680  34.257 0.0000000000
50694  -3.072  -16.129  34.305 0.0000000000
50695  -8.276  -16.650  33.776 0.0000000000
50696  -8.842  -16.632  34.013 0.0000000000
50697  -9.667  -16.752  34.170 0.0000000000
50707  -1.737  -16.750  32.882 0.0000000000
50708  -2.080  -16.615  33.389 0.0000000000
50709  -2.742  -16.191  33.716 0.0000000000
50710  -7.058  -16.643  32.885 0.0000000000
50711  -7.689  -16.616  33.337 0.0000000000
50712  -8.654  -16.387  33.328 0.0000000000
50713  -9.521  -16.405  33.498 0.0000000000
50731  -1.119  -16.864  32.004 0.0000000000
50732  -1.523  -16.584  32.309 0.0000000000
50733  -1.882  -16.348  32.686 0.0000000000
50734  -6.605  -16.749  32.281 0.0000000000
50735  -7.441  -16.374  32.401 0.0000000000
50736  -8.323  -16.061  32.523 0.0000000000
50737  -9.261  -15.982  32.787 0.0000000000
50755  -1.079  -16.802  31.346 0.0000000000
50756  -1.342  -16.436  31.656 0.0000000000
50757  -6.337  -16.623  31.198 0.0000000000
50758  -7.117  -16.265  31.567 0.0000000000
50759  -7.825  -15.955  31.783 0.0000000000
50780  -0.972  -16.596  30.422 0.0000000000
50781  -5.283  -16.890  29.665 0.0000000000
50782  -6.127  -16.544  30.151 0.0000000000
50783  -6.920  -16.071  30.575 0.0000000000
50784  -7.539  -15.884  31.102 0.0000000000
50805  -0.907  -16.519  29.637 0.0000000000
50806  -5.238  -16.925  28.632 0.0000000000
50807  -5.979  -16.537  29.076 0.0000000000
50808  -6.722  -16.203  29.586 0.0000000000
50827  -0.994  -16.619  29.053 0.0000000000
50828  -1.208  -16.755  28.647 0.0000000000
50829  -5.261  -17.138  27.910 0.0000000000
50830  -5.842  -16.810  28.118 0.0000000000
50831  -6.791  -16.446  28.384 0.0000000000
50832  -7.538  -16.295  27.845 0.0000000000
50846  -0.939  -16.313  28.561 0.0000000000
50847  -1.332  -16.557  28.064 0.0000000000
50848  -2.140  -16.595  27.482 0.0000000000
50849  -2.867  -16.838  27.171 0.0000000000
50850  -5.608  -17.198  27.534 0.0000000000
50851  -6.216  -17.019  27.475 0.0000000000
50852  -6.984  -16.900  27.174 0.0000000000
50853  -7.973  -16.415  27.035 0.0000000000
50866  -2.540  -16.377  27.054 0.0000000000
50867  -3.301  -16.589  26.836 0.0000000000
50868  -4.269  -16.648  26.585 0.0000000000
50869  -5.210  -16.687  26.426 0.0000000000
50870  -6.221  -16.743  26.202 0.0000000000
50871  -7.276  -17.020  26.265 0.0000000000
50872  -8.479  -16.848  26.125 0.0000000000
50886  -6.882  -16.647  25.805 0.0000000000
50887  -7.665  -16.626  25.686 0.0000000000
50888  -8.636  -16.390  25.461 0.0000000000
51624  -2.738  -15.842  49.642 0.0000000000
51625  -3.076  -15.653  49.832 0.0000000000
51626  -3.364  -15.848  49.710 0.0000000000
51627  -3.655  -16.006  49.585 0.0000000000
51628  -2.225  -15.168  49.023 0.0000000000
51629  -2.436  -15.758  49.120 0.0000000000
51630  -3.416  -15.262  49.655 0.0000000000
51631  -3.785  -15.347  49.469 0.0000000000
51632  -4.154  -15.693  49.295 0.0000000000
51633  -2.150  -15.408  48.643 0.0000000000
51634  -2.232  -15.879  48.479 0.0000000000
51635  -4.653  -15.584  48.798 0.0000000000
51636  -5.143  -15.243  48.503 0.0000000000
51637  -1.842  -15.607  48.083 0.0000000000
51638  -2.104  -15.903  47.992 0.0000000000
51639  -4.897  -15.749  48.430 0.0000000000
51640  -5.352  -15.461  47.988 0.0000000000
51641  -5.811  -15.063  47.460 0.0000000000
51642  -1.575  -15.425  47.320 0.0000000000
51643  -5.498  -15.665  47.189 0.0000000000
51644  -6.081  -15.066  46.853 0.0000000000
51645  -6.637  -14.900  46.534 0.0000000000
51646  -1.295  -15.557  46.496 0.0000000000
51647  -5.793  -15.804  46.623 0.0000000000
51648  -6.283  -15.479  46.302 0.0000000000
51649  -6.934  -14.966  45.991 0.0000000000
51650  -7.866  -14.840  45.721 0.0000000000
51651  -8.586  -14.818  45.405 0.0000000000
51656  -0.980  -15.671  45.603 0.0000000000
51657  -2.406  -15.243  45.078 0.0000000000
51658  -2.752  -15.409  45.046 0.0000000000
51659  -6.471  -15.783  45.810 0.0000000000
51660  -6.998  -15.570  45.271 0.0000000000
51661  -7.864  -15.160  44.992 0.0000000000
51662  -8.630  -15.012  44.704 0.0000000000
51670  -0.052  -15.364  44.149 0.0000000000
51671  -0.690  -15.587  44.651 0.0000000000
51672  -2.333  -15.304  44.660 0.0000000000
51673  -2.969  -15.660  44.484 0.0000000000
51674  -3.589  -15.792  44.110 0.0000000000
51675  -7.362  -15.880  44.719 0.0000000000
51676  -7.959  -15.676  44.322 0.0000000000
51677  -8.616  -15.262  43.947 0.0000000000
51686  0.195  -15.357  43.537 0.0000000000
51687  -1.414  -15.065  43.434 0.0000000000
51688  -2.079  -15.295  43.824 0.0000000000
51689  -2.975  -15.770  43.612 0.0000000000
51690  -3.877  -15.873  43.460 0.0000000000
51691  -4.479  -15.838  43.149 0.0000000000
51692  -8.237  -15.883  43.758 0.0000000000
51693  -8.725  -15.742  43.308 0.0000000000
51703  0.096  -15.414  42.777 0.0000000000
51704  -1.597  -15.273  43.123 0.0000000000
51705  -2.237  -15.641  42.984 0.0000000000
51706  -3.122  -15.763  42.769 0.0000000000
51707  -3.950  -15.825  42.579 0.0000000000
51708  -4.812  -15.714  42.540 0.0000000000
51710  -9.099  -15.911  42.758 0.0000000000
51721  -0.002  -15.490  41.852 0.0000000000
51722  -0.204  -15.857  41.032 0.0000000000
51723  -1.634  -15.163  42.484 0.0000000000
51724  -2.389  -15.475  42.200 0.0000000000
51725  -3.191  -15.683  41.915 0.0000000000
51726  -4.066  -15.739  41.746 0.0000000000
51740  0.103  -15.195  40.865 0.0000000000
51741  -0.309  -15.732  40.262 0.0000000000
51742  -1.766  -15.079  41.835 0.0000000000
51743  -2.363  -15.303  41.418 0.0000000000
51744  -3.236  -15.443  41.079 0.0000000000
51756  0.029  -15.204  39.965 0.0000000000
51757  -0.559  -15.433  39.239 0.0000000000
51758  -1.169  -15.741  39.001 0.0000000000
51767  -0.644  -14.956  38.431 0.0000000000
51768  -1.348  -15.370  38.058 0.0000000000
51769  -2.189  -15.837  37.804 0.0000000000
51781  -1.749  -14.739  37.284 0.0000000000
51782  -2.554  -15.206  37.067 0.0000000000
51783  -3.167  -15.668  36.633 0.0000000000
51796  -2.862  -14.725  36.419 0.0000000000
51797  -3.215  -15.201  36.094 0.0000000000
51812  -3.536  -15.091  35.172 0.0000000000
51828  -3.544  -15.341  34.366 0.0000000000
51843  -2.704  -15.958  33.154 0.0000000000
51844  -3.361  -15.587  33.438 0.0000000000
51859  -1.927  -15.993  32.179 0.0000000000
51860  -2.354  -15.899  32.599 0.0000000000
51861  -3.070  -15.591  32.572 0.0000000000
51862  -8.408  -15.709  31.817 0.0000000000
51863  -8.995  -15.592  32.083 0.0000000000
51864  -9.846  -15.502  32.269 0.0000000000
51878  -1.309  -16.181  31.264 0.0000000000
51879  -1.678  -15.709  31.369 0.0000000000
51880  -2.356  -15.504  31.844 0.0000000000
51881  -2.730  -15.520  32.191 0.0000000000
51882  -8.160  -15.641  31.177 0.0000000000
51883  -8.736  -15.443  31.437 0.0000000000
51884  -9.410  -15.202  31.470 0.0000000000
51902  -1.156  -15.794  30.697 0.0000000000
51903  -1.526  -15.346  30.687 0.0000000000
51904  -7.131  -15.845  29.959 0.0000000000
51905  -7.685  -15.651  30.313 0.0000000000
51906  -8.727  -15.271  30.543 0.0000000000
51929  -0.827  -15.771  29.927 0.0000000000
51930  -7.337  -15.883  29.365 0.0000000000
51931  -8.114  -15.478  29.382 0.0000000000
51957  -0.783  -15.791  29.045 0.0000000000
51958  -7.621  -15.953  28.621 0.0000000000
51959  -8.301  -15.708  28.203 0.0000000000
51977  -0.786  -15.709  28.157 0.0000000000
51978  -1.340  -15.770  27.452 0.0000000000
51979  -2.004  -16.003  27.140 0.0000000000
51980  -8.652  -15.830  27.394 0.0000000000
51998  -1.743  -15.433  27.180 0.0000000000
51999  -2.482  -15.685  26.994 0.0000000000
52000  -3.471  -15.855  26.721 0.0000000000
52001  -4.442  -16.038  26.501 0.0000000000
52002  -5.359  -16.114  26.278 0.0000000000
52003  -6.209  -16.073  25.850 0.0000000000
52004  -6.764  -15.667  25.799 0.0000000000
52005  -8.727  -16.210  26.761 0.0000000000
52025  -7.004  -16.238  25.528 0.0000000000
52026  -7.631  -15.742  25.521 0.0000000000
52027  -8.581  -15.766  25.201 0.0000000000
52838  -2.474  -14.876  49.104 0.0000000000
52839  -2.620  -15.212  49.431 0.0000000000
52840  -3.016  -15.088  50.003 0.0000000000
52841  -2.202  -14.970  48.795 0.0000000000
52842  -2.459  -15.227  49.084 0.0000000000
52843  -3.301  -14.787  49.672 0.0000000000
52844  -3.842  -14.563  49.610 0.0000000000
52845  -4.511  -14.554  49.368 0.0000000000
52847  -1.759  -15.018  48.473 0.0000000000
52848  -4.549  -15.037  48.993 0.0000000000
52849  -5.317  -14.541  48.849 0.0000000000
52855  -1.447  -14.964  47.940 0.0000000000
52856  -1.583  -14.608  47.788 0.0000000000
52857  -5.504  -14.976  48.355 0.0000000000
52858  -6.072  -14.576  47.917 0.0000000000
52867  -1.173  -14.891  47.010 0.0000000000
52868  -1.498  -14.791  47.586 0.0000000000
52869  -6.201  -14.740  47.316 0.0000000000
52870  -6.899  -14.540  47.084 0.0000000000
52880  -1.396  -15.282  46.356 0.0000000000
52881  -7.059  -14.704  46.524 0.0000000000
52882  -7.667  -14.564  46.465 0.0000000000
52895  -1.352  -15.316  45.491 0.0000000000
52896  -1.895  -14.994  45.564 0.0000000000
52897  -2.588  -15.041  45.478 0.0000000000
52898  -3.567  -15.264  45.209 0.0000000000
52899  -4.675  -14.835  45.157 0.0000000000
52900  -5.231  -14.528  45.120 0.0000000000
52901  -9.378  -14.596  45.155 0.0000000000
52913  0.071  -14.987  43.810 0.0000000000
52914  -0.638  -15.174  44.297 0.0000000000
52915  -1.444  -15.185  44.791 0.0000000000
52916  -2.040  -15.143  45.021 0.0000000000
52917  -3.645  -15.641  44.564 0.0000000000
52918  -4.346  -15.567  44.318 0.0000000000
52919  -5.400  -14.866  44.442 0.0000000000
52920  -6.008  -14.659  44.066 0.0000000000
52921  -9.330  -14.822  44.203 0.0000000000
52932  0.181  -14.999  43.139 0.0000000000
52933  -0.339  -14.859  43.465 0.0000000000
52934  -1.190  -14.927  43.909 0.0000000000
52935  -1.793  -15.115  44.454 0.0000000000
52936  -4.482  -15.787  43.634 0.0000000000
52937  -5.083  -15.625  43.548 0.0000000000
52938  -5.813  -15.032  43.531 0.0000000000
52939  -9.190  -15.160  43.563 0.0000000000
52950  0.175  -15.074  42.441 0.0000000000
52951  -0.083  -14.814  42.645 0.0000000000
52952  -0.891  -14.861  42.899 0.0000000000
52953  -5.523  -15.460  42.896 0.0000000000
52967  0.160  -14.828  41.780 0.0000000000
52968  -0.268  -14.518  42.073 0.0000000000
52969  -1.043  -14.541  41.967 0.0000000000
52984  0.185  -14.596  41.060 0.0000000000
52985  -1.568  -14.618  41.316 0.0000000000
52986  -2.363  -14.655  40.830 0.0000000000
52987  -3.410  -14.727  40.461 0.0000000000
53013  0.205  -14.525  40.239 0.0000000000
53014  0.017  -14.775  39.460 0.0000000000
53043  0.145  -14.165  39.448 0.0000000000
53044  -0.171  -14.362  38.596 0.0000000000
53045  -0.701  -14.568  37.922 0.0000000000
53072  -0.532  -13.888  37.681 0.0000000000
53073  -1.247  -14.048  37.143 0.0000000000
53074  -1.974  -14.348  36.901 0.0000000000
53102  -1.877  -13.778  36.637 0.0000000000
53103  -2.507  -14.099  36.279 0.0000000000
53104  -3.025  -14.504  36.117 0.0000000000
53132  -2.762  -13.641  35.745 0.0000000000
53133  -3.230  -14.173  35.491 0.0000000000
53157  -3.740  -14.399  34.517 0.0000000000
53174  -4.089  -14.500  33.503 0.0000000000
53175  -4.703  -13.964  33.048 0.0000000000
53191  -3.851  -15.061  32.526 0.0000000000
53192  -4.496  -14.272  32.469 0.0000000000
53207  -1.843  -14.898  30.583 0.0000000000
53208  -2.489  -14.975  30.875 0.0000000000
53209  -3.245  -15.166  31.663 0.0000000000
53210  -4.139  -14.602  31.678 0.0000000000
53224  -0.946  -15.264  30.151 0.0000000000
53225  -1.281  -14.901  30.287 0.0000000000
53226  -2.872  -14.472  30.495 0.0000000000
53227  -3.342  -14.633  30.784 0.0000000000
53228  -3.786  -14.691  31.177 0.0000000000
53242  -0.866  -14.763  29.553 0.0000000000
53243  -1.335  -14.421  29.824 0.0000000000
53264  -0.683  -14.781  28.566 0.0000000000
53279  -0.875  -14.756  27.716 0.0000000000
53280  -1.302  -15.006  27.278 0.0000000000
53281  -2.897  -14.519  27.254 0.0000000000
53282  -3.217  -14.575  27.218 0.0000000000
53283  -3.905  -14.657  27.105 0.0000000000
53284  -4.688  -14.687  26.968 0.0000000000
53285  -5.448  -14.672  26.850 0.0000000000
53286  -6.070  -14.598  26.755 0.0000000000
53301  -1.193  -14.370  27.347 0.0000000000
53302  -1.746  -14.657  27.131 0.0000000000
53303  -2.711  -14.700  27.159 0.0000000000
53304  -3.725  -15.245  26.899 0.0000000000
53305  -4.598  -15.397  26.682 0.0000000000
53306  -5.438  -15.417  26.496 0.0000000000
53307  -6.160  -15.272  26.345 0.0000000000
53308  -6.901  -14.921  26.427 0.0000000000
53309  -7.559  -14.559  26.434 0.0000000000
53326  -7.606  -15.113  26.038 0.0000000000
53327  -8.218  -14.942  25.744 0.0000000000
53328  -8.886  -14.689  25.332 0.0000000000
53339  -8.832  -15.270  25.132 0.0000000000
54231  -2.501  -14.591  49.126 0.0000000000
54232  -2.642  -14.692  49.377 0.0000000000
54233  -2.780  -14.850  49.596 0.0000000000
54234  -4.567  -13.104  50.118 0.0000000000
54241  -2.332  -14.538  48.881 0.0000000000
54242  -2.550  -14.280  49.170 0.0000000000
54243  -2.959  -14.310  49.614 0.0000000000
54244  -3.840  -13.742  49.717 0.0000000000
54245  -4.485  -13.759  49.835 0.0000000000
54257  -1.984  -14.536  48.571 0.0000000000
54258  -2.295  -14.113  48.763 0.0000000000
54259  -2.770  -13.606  49.176 0.0000000000
54260  -3.325  -13.632  49.510 0.0000000000
54274  -1.708  -14.647  48.310 0.0000000000
54275  -1.869  -14.152  48.200 0.0000000000
54276  -2.396  -13.799  48.654 0.0000000000
54292  -1.521  -14.811  47.148 0.0000000000
54293  -1.693  -14.571  47.421 0.0000000000
54294  -2.120  -14.327  47.389 0.0000000000
54314  -1.514  -14.871  46.901 0.0000000000
54315  -1.811  -14.670  46.914 0.0000000000
54316  -2.316  -14.525  47.017 0.0000000000
54317  -2.949  -14.481  46.837 0.0000000000
54318  -3.707  -14.206  46.694 0.0000000000
54319  -4.506  -13.990  46.543 0.0000000000
54339  -1.578  -14.736  46.325 0.0000000000
54340  -1.849  -14.791  46.242 0.0000000000
54341  -2.414  -14.663  46.199 0.0000000000
54342  -3.201  -14.590  46.027 0.0000000000
54343  -4.144  -14.479  45.904 0.0000000000
54344  -5.215  -14.197  45.833 0.0000000000
54345  -6.042  -13.923  45.448 0.0000000000
54346  -6.656  -13.721  45.140 0.0000000000
54360  -5.626  -14.335  45.089 0.0000000000
54361  -6.206  -14.265  44.620 0.0000000000
54374  -6.536  -14.482  43.650 0.0000000000
54400  0.081  -14.382  41.494 0.0000000000
54401  -0.328  -14.191  41.470 0.0000000000
54402  -0.862  -14.115  41.331 0.0000000000
54420  0.076  -14.096  40.918 0.0000000000
54421  -0.379  -13.543  40.945 0.0000000000
54422  -1.418  -13.657  40.965 0.0000000000
54423  -2.536  -13.646  40.590 0.0000000000
54424  -3.471  -13.602  40.201 0.0000000000
54444  -0.021  -13.618  40.061 0.0000000000
54445  -0.371  -13.103  40.324 0.0000000000
54462  0.048  -13.483  39.050 0.0000000000
54463  -0.343  -13.246  38.141 0.0000000000
54479  -0.989  -13.052  37.201 0.0000000000
54480  -1.340  -13.349  37.000 0.0000000000
54494  -1.444  -12.561  36.826 0.0000000000
54495  -1.682  -13.012  36.494 0.0000000000
54496  -2.052  -13.510  36.285 0.0000000000
54506  -1.965  -12.703  35.780 0.0000000000
54507  -2.299  -13.194  35.790 0.0000000000
54508  -2.945  -13.249  35.298 0.0000000000
54515  -3.754  -13.349  34.555 0.0000000000
54516  -4.393  -12.884  34.275 0.0000000000
54528  -4.092  -13.915  34.067 0.0000000000
54529  -4.633  -13.410  33.702 0.0000000000
54542  -5.177  -13.509  32.527 0.0000000000
54543  -5.607  -13.202  32.002 0.0000000000
54554  -2.025  -14.485  30.357 0.0000000000
54555  -2.162  -14.637  30.503 0.0000000000
54556  -4.776  -13.974  31.643 0.0000000000
54557  -5.365  -13.490  31.490 0.0000000000
54569  -1.795  -14.312  30.041 0.0000000000
54570  -2.426  -14.227  30.240 0.0000000000
54571  -3.310  -13.944  30.250 0.0000000000
54572  -4.279  -14.120  30.774 0.0000000000
54573  -5.004  -13.789  31.022 0.0000000000
54585  -0.872  -13.854  28.826 0.0000000000
54586  -1.433  -13.760  29.397 0.0000000000
54587  -2.169  -13.490  29.694 0.0000000000
54588  -2.806  -13.510  29.867 0.0000000000
54600  -0.797  -13.890  28.138 0.0000000000
54607  -1.002  -13.767  27.586 0.0000000000
54608  -2.884  -14.244  27.241 0.0000000000
54609  -3.274  -13.956  27.264 0.0000000000
54610  -3.931  -13.872  27.201 0.0000000000
54611  -4.706  -13.870  27.130 0.0000000000
54612  -5.500  -13.938  27.151 0.0000000000
54613  -6.260  -14.128  27.071 0.0000000000
54619  -1.293  -13.700  27.190 0.0000000000
54620  -1.817  -13.703  26.937 0.0000000000
54621  -2.532  -13.566  26.918 0.0000000000
54622  -3.172  -13.256  26.742 0.0000000000
54623  -3.908  -13.162  26.662 0.0000000000
54624  -4.758  -13.107  26.744 0.0000000000
54625  -5.726  -13.208  26.975 0.0000000000
54626  -6.890  -13.698  27.071 0.0000000000
54627  -7.948  -13.814  26.576 0.0000000000
54641  -8.603  -14.258  25.950 0.0000000000
55577  -4.675  -12.674  50.298 0.0000000000
55584  -4.354  -13.065  50.174 0.0000000000
55595  -3.077  -12.965  49.087 0.0000000000
55596  -3.771  -13.025  49.493 0.0000000000
55608  -2.200  -13.800  48.037 0.0000000000
55609  -2.754  -13.526  48.496 0.0000000000
55610  -3.863  -12.718  48.834 0.0000000000
55611  -4.614  -12.466  48.714 0.0000000000
55630  -2.031  -14.067  47.716 0.0000000000
55631  -2.556  -13.951  47.709 0.0000000000
55632  -3.534  -13.428  48.016 0.0000000000
55633  -4.699  -12.693  47.962 0.0000000000
55649  -2.746  -14.282  47.310 0.0000000000
55650  -3.271  -14.020  47.375 0.0000000000
55651  -4.125  -13.546  47.225 0.0000000000
55652  -5.245  -13.408  46.854 0.0000000000
55653  -6.247  -12.984  46.567 0.0000000000
55667  -5.851  -13.546  46.089 0.0000000000
55712  -2.010  -11.666  41.240 0.0000000000
55713  -2.566  -11.808  41.133 0.0000000000
55714  -3.205  -11.918  40.890 0.0000000000
55734  -0.761  -12.633  40.649 0.0000000000
55735  -1.826  -12.375  40.823 0.0000000000
55736  -2.899  -12.648  40.711 0.0000000000
55737  -3.688  -12.439  40.422 0.0000000000
55757  -0.302  -13.111  39.927 0.0000000000
55758  -0.400  -12.542  39.833 0.0000000000
55782  -0.192  -13.068  39.515 0.0000000000
55783  -0.192  -12.521  38.843 0.0000000000
55805  -0.606  -12.167  37.746 0.0000000000
55823  -1.241  -12.136  37.033 0.0000000000
55824  -1.515  -12.121  36.383 0.0000000000
55833  -1.817  -12.128  35.602 0.0000000000
55834  -2.298  -12.527  35.359 0.0000000000
55835  -2.612  -12.833  35.315 0.0000000000
55844  -2.061  -11.738  35.183 0.0000000000
55845  -2.288  -11.991  34.899 0.0000000000
55846  -2.989  -12.495  34.752 0.0000000000
55847  -3.989  -12.418  34.443 0.0000000000
55858  -4.803  -12.425  34.099 0.0000000000
55867  -5.367  -12.667  33.333 0.0000000000
55868  -5.800  -12.799  32.495 0.0000000000
55878  -5.976  -12.956  31.486 0.0000000000
55879  -6.251  -12.715  30.979 0.0000000000
55892  -3.364  -13.243  29.805 0.0000000000
55893  -4.086  -13.349  30.068 0.0000000000
55894  -5.287  -13.270  30.342 0.0000000000
55895  -5.990  -12.938  30.755 0.0000000000
55909  -1.035  -13.284  28.310 0.0000000000
55910  -1.275  -13.061  28.703 0.0000000000
55911  -1.809  -12.590  29.056 0.0000000000
55912  -2.828  -12.745  29.492 0.0000000000
55913  -3.832  -12.821  29.478 0.0000000000
55914  -4.526  -13.052  29.630 0.0000000000
55931  -1.007  -13.139  27.842 0.0000000000
55932  -1.194  -12.567  28.039 0.0000000000
55933  -1.468  -12.535  28.482 0.0000000000
55947  -1.057  -12.910  27.358 0.0000000000
55948  -1.043  -12.613  27.641 0.0000000000
55961  -1.206  -12.980  26.909 0.0000000000
55962  -1.688  -12.749  26.549 0.0000000000
55963  -2.417  -12.674  26.311 0.0000000000
55964  -3.091  -12.567  26.094 0.0000000000
55965  -3.902  -12.541  25.982 0.0000000000
55966  -4.902  -12.281  26.101 0.0000000000
55967  -6.049  -12.525  26.657 0.0000000000
55968  -7.064  -12.647  26.713 0.0000000000
55978  -1.825  -12.268  25.973 0.0000000000
55979  -2.306  -12.181  25.580 0.0000000000
55980  -3.025  -12.036  25.376 0.0000000000
55981  -3.877  -11.971  25.336 0.0000000000
55982  -4.476  -11.888  25.321 0.0000000000
56859  -4.595  -12.520  49.863 0.0000000000
56874  -4.425  -12.531  49.474 0.0000000000
56939  -1.782  -9.947  43.043 0.0000000000
56940  -2.162  -9.994  43.077 0.0000000000
56941  -2.721  -9.755  43.258 0.0000000000
56942  -3.186  -9.733  43.379 0.0000000000
56957  -1.409  -10.291  42.678 0.0000000000
56958  -1.987  -10.414  42.806 0.0000000000
56959  -2.534  -10.211  42.890 0.0000000000
56960  -2.898  -10.045  42.978 0.0000000000
56976  -1.009  -10.732  42.005 0.0000000000
56977  -1.714  -10.892  42.253 0.0000000000
56978  -2.451  -10.740  42.360 0.0000000000
56979  -3.109  -10.302  42.544 0.0000000000
56999  -0.946  -10.936  41.033 0.0000000000
57000  -1.546  -11.325  41.385 0.0000000000
57001  -2.234  -11.301  41.717 0.0000000000
57002  -3.345  -11.062  41.499 0.0000000000
57003  -4.530  -10.696  40.940 0.0000000000
57028  -0.566  -11.561  40.240 0.0000000000
57029  -1.117  -11.753  40.793 0.0000000000
57030  -3.576  -11.720  40.815 0.0000000000
57031  -4.105  -11.537  40.534 0.0000000000
57058  -0.381  -11.788  39.345 0.0000000000
57092  -0.448  -11.542  38.527 0.0000000000
57124  -0.690  -11.308  37.761 0.0000000000
57152  -1.035  -11.489  37.199 0.0000000000
57153  -1.401  -11.526  36.636 0.0000000000
57186  -1.705  -11.456  35.937 0.0000000000
57219  -2.009  -11.500  35.401 0.0000000000
57220  -2.350  -11.411  34.929 0.0000000000
57221  -3.154  -11.523  34.514 0.0000000000
57222  -3.561  -11.987  34.456 0.0000000000
57246  -3.806  -11.178  34.341 0.0000000000
57247  -4.231  -11.590  34.275 0.0000000000
57269  -5.173  -11.747  33.723 0.0000000000
57270  -5.828  -12.006  33.089 0.0000000000
57288  -6.244  -12.168  32.266 0.0000000000
57289  -6.508  -12.273  31.358 0.0000000000
57305  -5.596  -12.704  29.746 0.0000000000
57306  -6.197  -12.472  30.329 0.0000000000
57323  -2.009  -12.047  28.611 0.0000000000
57324  -2.528  -12.072  28.864 0.0000000000
57325  -3.467  -12.185  28.992 0.0000000000
57326  -4.795  -12.397  29.159 0.0000000000
57327  -5.795  -12.251  29.470 0.0000000000
57343  -1.222  -12.152  27.851 0.0000000000
57344  -1.526  -12.004  28.159 0.0000000000
57345  -2.154  -11.619  28.363 0.0000000000
57346  -2.944  -11.476  28.547 0.0000000000
57347  -3.909  -11.531  28.690 0.0000000000
57360  -0.924  -12.532  27.064 0.0000000000
57361  -0.975  -12.001  27.370 0.0000000000
57362  -1.374  -11.547  27.656 0.0000000000
57375  -1.049  -12.402  26.751 0.0000000000
57376  -1.249  -11.891  26.292 0.0000000000
57377  -1.581  -11.394  25.743 0.0000000000
57378  -5.557  -12.030  26.068 0.0000000000
57379  -6.194  -11.871  26.128 0.0000000000
57394  -1.758  -11.838  25.612 0.0000000000
57395  -2.186  -11.448  25.067 0.0000000000
57396  -3.133  -11.539  24.780 0.0000000000
57397  -4.033  -11.561  24.799 0.0000000000
57398  -5.165  -11.752  25.204 0.0000000000
57399  -6.329  -11.528  25.231 0.0000000000
57413  -2.692  -11.008  24.532 0.0000000000
58285  -2.955  -8.999  44.033 0.0000000000
58286  -3.118  -9.066  43.875 0.0000000000
58300  -1.738  -9.323  43.437 0.0000000000
58301  -2.554  -9.370  43.508 0.0000000000
58302  -2.908  -9.270  43.696 0.0000000000
58303  -3.069  -9.470  43.542 0.0000000000
58318  -1.340  -9.493  43.218 0.0000000000
58319  -3.314  -9.677  43.018 0.0000000000
58327  -0.796  -9.911  42.447 0.0000000000
58328  -3.805  -9.731  42.393 0.0000000000
58329  -4.659  -9.517  42.042 0.0000000000
58330  -5.181  -9.382  41.914 0.0000000000
58334  -0.512  -10.175  41.511 0.0000000000
58335  -3.574  -10.313  42.047 0.0000000000
58336  -4.192  -10.194  41.703 0.0000000000
58337  -5.232  -9.812  41.229 0.0000000000
58343  -0.449  -10.446  40.481 0.0000000000
58357  -0.493  -10.845  39.358 0.0000000000
58379  -0.707  -10.772  38.290 0.0000000000
58401  -1.149  -10.763  37.339 0.0000000000
58402  -1.601  -10.532  36.960 0.0000000000
58424  -1.276  -11.150  36.888 0.0000000000
58425  -1.591  -10.906  36.503 0.0000000000
58445  -2.090  -10.918  35.825 0.0000000000
58446  -2.724  -10.560  35.371 0.0000000000
58447  -3.200  -10.323  35.001 0.0000000000
58464  -2.011  -11.241  35.594 0.0000000000
58465  -2.284  -11.063  35.273 0.0000000000
58466  -2.892  -10.796  34.731 0.0000000000
58477  -3.645  -10.843  34.416 0.0000000000
58478  -4.188  -10.860  34.115 0.0000000000
58487  -4.738  -11.008  33.709 0.0000000000
58488  -5.475  -11.121  33.254 0.0000000000
58489  -6.076  -10.765  32.776 0.0000000000
58498  -6.113  -11.460  32.763 0.0000000000
58499  -6.677  -11.181  32.011 0.0000000000
58500  -7.227  -10.740  31.275 0.0000000000
58508  -6.954  -11.625  30.814 0.0000000000
58509  -7.512  -10.746  30.349 0.0000000000
58525  -5.574  -11.867  28.989 0.0000000000
58526  -6.501  -11.483  29.386 0.0000000000
58527  -7.465  -10.366  29.201 0.0000000000
58545  -1.739  -11.403  27.862 0.0000000000
58546  -2.321  -11.018  27.921 0.0000000000
58547  -3.411  -10.784  28.093 0.0000000000
58548  -4.992  -11.058  28.428 0.0000000000
58549  -6.492  -10.413  28.249 0.0000000000
58550  -7.401  -9.831  28.441 0.0000000000
58567  -1.045  -11.412  26.774 0.0000000000
58568  -1.442  -10.988  27.178 0.0000000000
58569  -2.604  -10.493  27.041 0.0000000000
58570  -3.975  -10.112  27.133 0.0000000000
58571  -5.400  -10.118  27.442 0.0000000000
58572  -6.275  -9.772  27.493 0.0000000000
58586  -1.325  -11.205  26.337 0.0000000000
58587  -1.973  -10.808  25.944 0.0000000000
58588  -2.988  -10.097  25.837 0.0000000000
58589  -3.906  -9.696  26.076 0.0000000000
58602  -2.367  -10.503  24.882 0.0000000000
59370  -2.829  -7.758  45.486 0.0000000000
59371  -3.061  -7.740  45.496 0.0000000000
59372  -3.433  -7.657  45.431 0.0000000000
59381  -2.289  -8.016  45.356 0.0000000000
59382  -2.602  -7.987  45.399 0.0000000000
59383  -3.072  -8.270  45.200 0.0000000000
59384  -3.574  -7.843  45.222 0.0000000000
59387  -2.167  -8.209  45.038 0.0000000000
59388  -2.543  -8.461  44.659 0.0000000000
59389  -2.940  -8.770  44.339 0.0000000000
59390  -3.125  -8.840  44.196 0.0000000000
59393  -1.943  -8.576  44.003 0.0000000000
59394  -2.519  -8.872  43.909 0.0000000000
59395  -2.790  -8.879  44.007 0.0000000000
59396  -3.339  -8.913  43.907 0.0000000000
59397  -3.738  -8.699  43.690 0.0000000000
59403  -1.214  -8.667  43.498 0.0000000000
59404  -3.502  -9.134  43.410 0.0000000000
59405  -4.079  -8.706  43.223 0.0000000000
59406  -4.667  -8.576  42.928 0.0000000000
59409  -0.626  -9.035  42.914 0.0000000000
59410  -3.788  -9.210  42.883 0.0000000000
59411  -4.340  -9.068  42.598 0.0000000000
59412  -5.129  -8.866  42.389 0.0000000000
59413  -5.658  -8.765  42.177 0.0000000000
59416  -0.493  -9.271  41.930 0.0000000000
59417  -5.493  -9.209  41.896 0.0000000000
59418  -5.984  -8.971  41.554 0.0000000000
59422  -0.289  -9.437  40.892 0.0000000000
59428  -0.504  -9.718  39.788 0.0000000000
59429  -1.040  -9.571  39.269 0.0000000000
59438  -0.943  -10.206  38.931 0.0000000000
59439  -1.505  -9.732  38.598 0.0000000000
59440  -2.219  -9.522  38.271 0.0000000000
59454  -1.103  -10.229  38.068 0.0000000000
59455  -1.882  -10.106  37.516 0.0000000000
59456  -2.915  -9.284  37.581 0.0000000000
59457  -3.542  -8.569  37.135 0.0000000000
59467  -1.993  -10.424  36.617 0.0000000000
59468  -2.731  -9.916  36.658 0.0000000000
59469  -3.547  -9.173  36.618 0.0000000000
59473  -2.013  -10.689  36.227 0.0000000000
59474  -2.522  -10.435  36.042 0.0000000000
59475  -3.639  -9.675  35.516 0.0000000000
59476  -4.358  -8.939  34.973 0.0000000000
59487  -3.779  -10.230  34.540 0.0000000000
59488  -4.523  -9.163  34.270 0.0000000000
59489  -5.251  -8.769  33.884 0.0000000000
59499  -4.070  -10.522  34.212 0.0000000000
59500  -4.553  -10.217  33.704 0.0000000000
59501  -5.544  -9.235  33.369 0.0000000000
59502  -6.244  -9.000  32.927 0.0000000000
59510  -5.037  -10.653  33.447 0.0000000000
59511  -5.526  -10.294  33.180 0.0000000000
59512  -6.587  -9.711  32.452 0.0000000000
59513  -7.365  -9.137  32.009 0.0000000000
59521  -7.098  -10.351  31.787 0.0000000000
59522  -7.808  -9.666  31.285 0.0000000000
59523  -8.308  -9.038  30.851 0.0000000000
59532  -8.082  -9.841  30.005 0.0000000000
59533  -8.340  -9.183  30.373 0.0000000000
59547  -8.104  -9.331  29.022 0.0000000000
59548  -8.332  -9.245  29.773 0.0000000000
59560  -6.991  -9.625  27.794 0.0000000000
59561  -7.549  -9.175  28.122 0.0000000000
59577  -4.845  -9.779  26.447 0.0000000000
59578  -5.769  -9.515  26.853 0.0000000000
59579  -6.579  -9.084  27.180 0.0000000000
59580  -7.174  -9.117  27.625 0.0000000000
59598  -4.386  -9.393  25.647 0.0000000000
59599  -5.408  -9.225  25.913 0.0000000000
59600  -6.021  -9.107  26.586 0.0000000000
60354  -3.548  -6.695  46.001 0.0000000000
60355  -3.999  -6.700  46.248 0.0000000000
60356  -4.510  -6.517  46.334 0.0000000000
60357  -4.999  -6.322  46.529 0.0000000000
60358  -5.288  -6.206  46.627 0.0000000000
60359  -2.692  -7.112  45.634 0.0000000000
60360  -2.994  -7.397  45.614 0.0000000000
60361  -3.522  -7.218  45.673 0.0000000000
60362  -4.055  -7.163  45.656 0.0000000000
60363  -4.796  -6.659  45.980 0.0000000000
60364  -5.436  -6.416  46.262 0.0000000000
60365  -5.988  -6.395  46.157 0.0000000000
60367  -2.221  -7.701  45.421 0.0000000000
60368  -2.603  -7.592  45.514 0.0000000000
60369  -3.404  -8.337  44.825 0.0000000000
60370  -4.112  -7.636  44.917 0.0000000000
60371  -4.692  -7.045  45.381 0.0000000000
60372  -5.228  -6.647  45.756 0.0000000000
60373  -5.766  -6.505  46.073 0.0000000000
60375  -1.569  -7.104  44.838 0.0000000000
60376  -1.614  -7.394  44.771 0.0000000000
60377  -1.763  -7.976  44.859 0.0000000000
60378  -3.227  -8.629  44.471 0.0000000000
60379  -3.656  -8.337  44.387 0.0000000000
60380  -4.588  -7.469  44.738 0.0000000000
60381  -5.037  -7.185  44.680 0.0000000000
60387  -1.495  -6.988  44.418 0.0000000000
60388  -1.479  -7.230  44.311 0.0000000000
60389  -1.468  -7.833  43.990 0.0000000000
60390  -3.703  -8.532  43.972 0.0000000000
60391  -4.270  -8.138  43.838 0.0000000000
60392  -4.942  -7.367  44.185 0.0000000000
60398  -0.999  -8.144  43.180 0.0000000000
60399  -4.562  -8.343  43.314 0.0000000000
60400  -5.284  -7.938  43.241 0.0000000000
60401  -5.964  -7.436  43.028 0.0000000000
60405  -0.756  -8.416  42.334 0.0000000000
60406  -5.527  -8.441  42.525 0.0000000000
60407  -5.976  -8.010  42.383 0.0000000000
60411  -0.581  -8.568  41.408 0.0000000000
60412  -6.504  -7.996  41.560 0.0000000000
60417  -0.811  -8.612  40.307 0.0000000000
60418  -1.948  -8.320  40.167 0.0000000000
60419  -2.383  -7.856  39.956 0.0000000000
60426  -0.889  -9.194  39.654 0.0000000000
60427  -1.577  -8.938  39.340 0.0000000000
60428  -2.291  -8.074  39.407 0.0000000000
60434  -1.937  -9.242  38.715 0.0000000000
60435  -2.525  -8.572  38.535 0.0000000000
60443  -3.294  -8.184  37.701 0.0000000000
60444  -3.724  -7.879  37.119 0.0000000000
60449  -4.016  -8.134  36.448 0.0000000000
60450  -4.463  -7.763  36.034 0.0000000000
60455  -4.033  -8.877  36.047 0.0000000000
60456  -4.485  -8.200  35.376 0.0000000000
60457  -5.137  -7.698  34.960 0.0000000000
60464  -4.637  -8.589  34.700 0.0000000000
60465  -5.395  -8.159  34.347 0.0000000000
60466  -6.197  -7.683  33.968 0.0000000000
60473  -5.625  -8.583  33.688 0.0000000000
60474  -6.356  -8.221  33.240 0.0000000000
60475  -7.132  -7.921  32.714 0.0000000000
60483  -6.541  -8.853  32.720 0.0000000000
60484  -7.104  -8.569  32.454 0.0000000000
60493  -7.863  -8.561  31.767 0.0000000000
60494  -8.260  -8.618  31.086 0.0000000000
60506  -8.454  -8.589  30.527 0.0000000000
60519  -8.161  -8.562  29.061 0.0000000000
60520  -8.457  -8.566  29.711 0.0000000000
60529  -7.823  -8.548  28.488 0.0000000000
60537  -6.713  -8.497  27.071 0.0000000000
60538  -7.270  -8.514  27.594 0.0000000000
60551  -5.598  -8.646  25.777 0.0000000000
60552  -6.184  -8.552  26.436 0.0000000000
61399  -4.011  -5.903  47.211 0.0000000000
61400  -4.260  -5.906  47.237 0.0000000000
61401  -4.793  -5.868  47.266 0.0000000000
61402  -5.316  -5.741  47.171 0.0000000000
61403  -5.728  -5.599  46.966 0.0000000000
61404  -3.121  -5.915  46.197 0.0000000000
61405  -3.346  -6.083  46.290 0.0000000000
61406  -3.884  -6.059  46.823 0.0000000000
61407  -4.400  -6.202  46.778 0.0000000000
61408  -4.891  -6.116  46.822 0.0000000000
61409  -5.336  -5.974  46.838 0.0000000000
61410  -6.007  -5.792  46.693 0.0000000000
61411  -6.486  -5.832  46.476 0.0000000000
61416  -2.668  -6.063  45.959 0.0000000000
61417  -2.921  -6.142  45.903 0.0000000000
61418  -3.140  -6.710  45.822 0.0000000000
61419  -5.607  -6.124  46.599 0.0000000000
61420  -6.037  -6.202  46.347 0.0000000000
61421  -6.805  -6.040  46.065 0.0000000000
61430  -2.635  -6.202  45.616 0.0000000000
61431  -2.359  -6.881  45.507 0.0000000000
61432  -4.849  -7.123  45.350 0.0000000000
61433  -5.098  -6.828  45.418 0.0000000000
61434  -5.868  -6.482  45.791 0.0000000000
61435  -6.788  -6.103  45.737 0.0000000000
61445  -1.695  -6.958  45.058 0.0000000000
61446  -1.956  -6.659  45.176 0.0000000000
61447  -1.847  -7.348  45.253 0.0000000000
61448  -4.902  -7.048  45.230 0.0000000000
61449  -5.232  -6.885  45.114 0.0000000000
61450  -6.011  -6.441  45.239 0.0000000000
61462  -1.630  -6.812  44.567 0.0000000000
61463  -1.545  -6.839  44.191 0.0000000000
61464  -1.383  -7.227  43.957 0.0000000000
61465  -5.442  -6.929  44.682 0.0000000000
61466  -6.164  -6.520  44.579 0.0000000000
61481  -1.321  -7.057  43.988 0.0000000000
61482  -1.373  -7.302  43.488 0.0000000000
61483  -5.579  -7.125  44.094 0.0000000000
61484  -6.265  -6.855  43.692 0.0000000000
61498  -1.234  -7.572  42.683 0.0000000000
61499  -1.485  -7.377  42.209 0.0000000000
61500  -6.500  -6.907  42.860 0.0000000000
61509  -1.032  -7.884  41.887 0.0000000000
61510  -1.599  -7.497  41.621 0.0000000000
61511  -2.049  -7.296  41.222 0.0000000000
61512  -6.643  -7.230  42.148 0.0000000000
61518  -0.974  -7.994  41.166 0.0000000000
61519  -1.598  -7.904  40.858 0.0000000000
61520  -2.368  -7.443  40.524 0.0000000000
61526  -2.651  -7.313  39.668 0.0000000000
61531  -2.896  -7.441  38.868 0.0000000000
61532  -3.446  -7.064  38.381 0.0000000000
61539  -3.205  -7.664  38.222 0.0000000000
61540  -3.823  -7.019  37.491 0.0000000000
61541  -4.499  -6.712  37.119 0.0000000000
61552  -3.988  -7.524  36.856 0.0000000000
61553  -4.666  -7.155  36.505 0.0000000000
61554  -5.274  -6.732  36.121 0.0000000000
61567  -4.732  -7.561  35.847 0.0000000000
61568  -5.390  -7.144  35.502 0.0000000000
61569  -6.123  -6.676  35.159 0.0000000000
61582  -5.511  -7.516  34.827 0.0000000000
61583  -6.147  -7.120  34.550 0.0000000000
61596  -6.773  -7.205  33.680 0.0000000000
61597  -7.236  -7.352  32.949 0.0000000000
61612  -7.704  -7.613  32.212 0.0000000000
61631  -8.157  -7.668  31.081 0.0000000000
61632  -8.392  -8.193  30.759 0.0000000000
61647  -7.403  -7.158  29.389 0.0000000000
61648  -8.100  -7.259  30.046 0.0000000000
61649  -8.520  -7.962  30.322 0.0000000000
61660  -7.300  -7.248  28.504 0.0000000000
61661  -7.960  -7.858  29.118 0.0000000000
61662  -8.426  -7.847  29.755 0.0000000000
61671  -7.081  -7.457  27.658 0.0000000000
61672  -7.542  -7.892  28.116 0.0000000000
61681  -6.790  -7.912  26.994 0.0000000000
61682  -7.245  -7.921  27.558 0.0000000000
61694  -5.735  -8.092  25.774 0.0000000000
61695  -6.258  -7.825  26.341 0.0000000000
62610  -5.690  -5.033  48.032 0.0000000000
62611  -5.909  -5.004  47.774 0.0000000000
62612  -6.119  -5.002  47.374 0.0000000000
62613  -3.457  -5.282  47.518 0.0000000000
62614  -3.861  -5.642  47.499 0.0000000000
62615  -4.530  -5.676  47.820 0.0000000000
62616  -5.321  -5.423  47.792 0.0000000000
62617  -5.778  -5.319  47.328 0.0000000000
62618  -6.158  -5.145  47.065 0.0000000000
62619  -6.781  -5.142  46.700 0.0000000000
62621  -3.008  -5.514  46.450 0.0000000000
62622  -3.428  -5.514  47.034 0.0000000000
62623  -3.761  -5.750  47.125 0.0000000000
62624  -6.524  -5.532  46.612 0.0000000000
62625  -6.988  -5.542  46.477 0.0000000000
62634  -2.773  -5.630  46.042 0.0000000000
62635  -2.736  -5.351  46.192 0.0000000000
62647  -2.521  -6.037  45.539 0.0000000000
62656  -1.853  -6.588  44.795 0.0000000000
62657  -2.310  -6.080  44.872 0.0000000000
62658  -2.059  -5.215  44.272 0.0000000000
62659  -1.881  -5.413  44.121 0.0000000000
62660  -1.831  -5.270  43.889 0.0000000000
62670  -1.848  -6.525  44.442 0.0000000000
62671  -2.073  -6.213  43.966 0.0000000000
62672  -1.976  -5.516  44.017 0.0000000000
62673  -2.077  -5.323  43.909 0.0000000000
62674  -2.032  -4.977  43.891 0.0000000000
62691  -1.698  -6.578  43.655 0.0000000000
62692  -1.589  -6.762  43.126 0.0000000000
62693  -1.859  -6.519  42.824 0.0000000000
62709  -1.581  -6.994  42.600 0.0000000000
62710  -1.949  -6.771  42.285 0.0000000000
62711  -2.400  -6.515  42.037 0.0000000000
62732  -2.110  -6.943  41.701 0.0000000000
62733  -2.642  -6.521  41.330 0.0000000000
62734  -3.228  -5.915  40.888 0.0000000000
62755  -2.917  -6.431  40.168 0.0000000000
62756  -3.332  -5.471  40.248 0.0000000000
62775  -3.180  -6.686  39.226 0.0000000000
62776  -3.478  -5.845  39.474 0.0000000000
62795  -3.367  -6.884  38.764 0.0000000000
62796  -3.906  -6.243  38.481 0.0000000000
62797  -4.543  -5.737  38.225 0.0000000000
62814  -4.100  -6.435  37.822 0.0000000000
62815  -4.733  -6.155  37.596 0.0000000000
62816  -5.489  -5.759  37.282 0.0000000000
62835  -4.905  -6.619  37.004 0.0000000000
62836  -5.569  -6.207  36.613 0.0000000000
62837  -6.172  -5.828  36.193 0.0000000000
62853  -5.588  -6.553  35.971 0.0000000000
62854  -6.168  -6.215  35.711 0.0000000000
62869  -6.625  -6.198  34.827 0.0000000000
62888  -6.857  -6.320  33.957 0.0000000000
62889  -7.345  -6.492  33.185 0.0000000000
62910  -7.564  -6.747  32.477 0.0000000000
62927  -6.026  -5.985  31.181 0.0000000000
62928  -6.571  -6.062  31.262 0.0000000000
62929  -7.502  -6.625  31.514 0.0000000000
62940  -5.704  -6.172  30.675 0.0000000000
62941  -6.888  -6.771  30.287 0.0000000000
62942  -7.788  -6.965  30.717 0.0000000000
62957  -5.811  -6.281  29.415 0.0000000000
62958  -6.698  -6.686  28.959 0.0000000000
62972  -5.887  -6.309  28.275 0.0000000000
62973  -6.648  -6.821  27.917 0.0000000000
62984  -5.997  -6.481  27.190 0.0000000000
62985  -6.530  -7.179  27.040 0.0000000000
63000  -6.395  -7.500  26.603 0.0000000000
64041  -4.818  -4.760  48.388 0.0000000000
64042  -5.420  -4.876  48.285 0.0000000000
64043  -6.009  -4.735  48.111 0.0000000000
64044  -6.374  -4.681  47.604 0.0000000000
64045  -6.672  -4.382  47.184 0.0000000000
64046  -6.878  -4.205  46.904 0.0000000000
64047  -3.125  -4.894  47.549 0.0000000000
64048  -3.519  -4.958  47.931 0.0000000000
64049  -4.180  -5.074  48.282 0.0000000000
64050  -4.849  -5.246  48.215 0.0000000000
64051  -6.295  -4.904  47.212 0.0000000000
64052  -6.522  -4.800  46.990 0.0000000000
64056  -2.497  -4.783  46.561 0.0000000000
64057  -2.717  -4.923  47.115 0.0000000000
64067  -2.558  -5.122  46.044 0.0000000000
64068  -2.472  -4.769  46.084 0.0000000000
64079  -2.723  -4.768  45.320 0.0000000000
64080  -2.537  -4.614  45.781 0.0000000000
64089  -2.692  -5.435  44.939 0.0000000000
64090  -1.944  -5.041  44.149 0.0000000000
64091  -1.968  -5.012  43.911 0.0000000000
64092  -2.524  -4.965  44.013 0.0000000000
64100  -2.093  -5.997  44.063 0.0000000000
64101  -2.194  -6.120  43.690 0.0000000000
64102  -2.470  -5.513  43.497 0.0000000000
64103  -2.652  -5.171  43.611 0.0000000000
64114  -1.867  -6.367  43.508 0.0000000000
64115  -2.125  -6.002  43.125 0.0000000000
64116  -2.335  -6.027  42.939 0.0000000000
64117  -2.842  -5.342  42.925 0.0000000000
64127  -2.385  -6.299  42.422 0.0000000000
64128  -2.812  -5.789  42.322 0.0000000000
64137  -3.226  -5.539  41.615 0.0000000000
64138  -3.599  -5.203  40.977 0.0000000000
64150  -3.662  -4.854  40.394 0.0000000000
64162  -3.870  -4.950  39.728 0.0000000000
64163  -4.364  -4.956  39.352 0.0000000000
64175  -4.082  -5.469  39.193 0.0000000000
64176  -4.659  -5.178  38.773 0.0000000000
64177  -5.266  -4.970  38.350 0.0000000000
64187  -4.986  -5.493  38.171 0.0000000000
64188  -5.533  -5.274  37.779 0.0000000000
64200  -5.967  -5.291  37.060 0.0000000000
64201  -6.252  -5.381  36.444 0.0000000000
64214  -6.452  -5.409  35.902 0.0000000000
64230  -6.653  -5.362  35.179 0.0000000000
64244  -6.634  -5.374  34.077 0.0000000000
64245  -7.141  -5.696  33.303 0.0000000000
64256  -6.458  -5.190  32.768 0.0000000000
64257  -7.247  -5.957  32.413 0.0000000000
64266  -5.813  -5.765  31.583 0.0000000000
64267  -6.687  -5.728  31.943 0.0000000000
64268  -7.064  -6.009  31.774 0.0000000000
65460  -5.208  -4.231  48.457 0.0000000000
65461  -5.896  -4.287  48.438 0.0000000000
65462  -6.470  -4.285  48.163 0.0000000000
65463  -6.779  -4.145  47.718 0.0000000000
65464  -6.891  -3.922  47.262 0.0000000000
65465  -7.228  -3.900  46.829 0.0000000000
65466  -3.143  -4.281  48.019 0.0000000000
65467  -3.791  -4.244  48.279 0.0000000000
65468  -4.512  -4.230  48.407 0.0000000000
65472  -2.561  -4.017  46.989 0.0000000000
65473  -2.747  -4.224  47.575 0.0000000000
65477  -2.526  -3.914  46.360 0.0000000000
65489  -2.713  -4.228  45.651 0.0000000000
65490  -2.547  -3.945  45.903 0.0000000000
65500  -2.876  -4.611  45.310 0.0000000000
65501  -2.274  -5.111  44.253 0.0000000000
65502  -2.660  -4.878  44.127 0.0000000000
65503  -2.786  -4.740  44.021 0.0000000000
65514  -3.014  -4.995  44.877 0.0000000000
65515  -2.781  -4.952  44.374 0.0000000000
65516  -3.065  -4.412  44.375 0.0000000000
65517  -2.890  -4.705  43.844 0.0000000000
65531  -3.027  -4.685  43.389 0.0000000000
65545  -3.053  -4.714  42.721 0.0000000000
65546  -3.073  -4.312  42.262 0.0000000000
65557  -3.148  -4.973  42.157 0.0000000000
65558  -3.521  -4.437  41.645 0.0000000000
65559  -4.098  -3.972  41.214 0.0000000000
65568  -3.960  -4.533  40.874 0.0000000000
65569  -4.370  -3.972  40.592 0.0000000000
65577  -4.074  -4.444  40.224 0.0000000000
65578  -4.747  -4.204  39.657 0.0000000000
65587  -5.218  -4.335  38.699 0.0000000000
65588  -5.582  -4.443  38.121 0.0000000000
65599  -5.891  -4.428  37.413 0.0000000000
65614  -3.369  -3.475  36.208 0.0000000000
65615  -6.155  -4.451  36.438 0.0000000000
65616  -6.439  -4.958  36.131 0.0000000000
65633  -3.711  -3.837  35.507 0.0000000000
65634  -4.937  -3.703  35.261 0.0000000000
65635  -5.943  -3.918  35.530 0.0000000000
65636  -6.407  -4.725  35.653 0.0000000000
65653  -4.471  -4.326  34.504 0.0000000000
65654  -5.562  -4.122  34.531 0.0000000000
65655  -6.328  -4.582  34.776 0.0000000000
65666  -5.138  -4.588  33.723 0.0000000000
65667  -6.037  -4.677  33.803 0.0000000000
65678  -5.617  -4.812  33.084 0.0000000000
66829  -4.951  -3.543  48.466 0.0000000000
66830  -5.673  -3.594  48.528 0.0000000000
66831  -6.357  -3.696  48.413 0.0000000000
66832  -6.861  -3.681  48.100 0.0000000000
66833  -7.051  -3.565  47.662 0.0000000000
66834  -7.247  -3.417  47.239 0.0000000000
66835  -2.938  -3.761  47.879 0.0000000000
66836  -3.498  -3.356  48.047 0.0000000000
66837  -4.273  -3.494  48.335 0.0000000000
66841  -3.109  -3.272  46.594 0.0000000000
66842  -3.020  -3.317  47.408 0.0000000000
66843  -3.431  -2.966  47.649 0.0000000000
66849  -3.327  -3.164  45.989 0.0000000000
66863  -2.989  -3.936  45.477 0.0000000000
66864  -3.235  -3.436  45.708 0.0000000000
66877  -3.155  -4.203  45.135 0.0000000000
66878  -3.361  -3.410  45.288 0.0000000000
66879  -2.995  -4.297  44.079 0.0000000000
66880  -3.092  -4.167  43.888 0.0000000000
66891  -3.114  -4.509  44.830 0.0000000000
66892  -3.333  -3.859  44.708 0.0000000000
66893  -3.299  -3.914  44.210 0.0000000000
66894  -3.255  -3.953  43.823 0.0000000000
66908  -3.299  -3.755  43.136 0.0000000000
66909  -3.545  -3.186  42.898 0.0000000000
66926  -3.113  -4.061  42.631 0.0000000000
66927  -3.403  -3.506  42.347 0.0000000000
66942  -3.966  -3.441  41.657 0.0000000000
66943  -4.436  -3.358  41.086 0.0000000000
66957  -4.609  -3.276  40.366 0.0000000000
66969  -4.827  -3.043  39.678 0.0000000000
66980  -5.199  -3.299  38.767 0.0000000000
66981  -5.472  -3.933  38.395 0.0000000000
66994  -3.503  -2.793  37.018 0.0000000000
66995  -4.225  -2.628  37.275 0.0000000000
66996  -5.112  -2.872  37.769 0.0000000000
66997  -5.565  -3.720  37.911 0.0000000000
67007  -2.999  -3.065  36.646 0.0000000000
67008  -4.067  -3.126  36.383 0.0000000000
67009  -4.971  -2.912  36.839 0.0000000000
67010  -5.727  -3.510  36.959 0.0000000000
67019  -4.496  -3.434  35.775 0.0000000000
67020  -5.214  -3.338  36.088 0.0000000000
67021  -5.788  -3.783  36.246 0.0000000000
68170  -4.746  -2.979  48.362 0.0000000000
68171  -5.402  -2.775  48.336 0.0000000000
68172  -6.179  -3.004  48.414 0.0000000000
68173  -6.754  -3.117  48.227 0.0000000000
68174  -7.264  -2.993  47.936 0.0000000000
68175  -7.299  -3.186  47.575 0.0000000000
68176  -3.810  -2.441  47.693 0.0000000000
68177  -4.377  -2.683  48.061 0.0000000000
68178  -4.915  -2.650  48.131 0.0000000000
68179  -7.553  -2.547  47.706 0.0000000000
68180  -7.720  -2.890  47.426 0.0000000000
68185  -3.382  -2.192  46.200 0.0000000000
68186  -3.252  -2.497  46.914 0.0000000000
68187  -3.469  -2.676  47.376 0.0000000000
68197  -3.386  -2.055  45.716 0.0000000000
68211  -3.442  -2.340  45.524 0.0000000000
68224  -3.420  -2.406  45.252 0.0000000000
68235  -3.417  -2.541  44.782 0.0000000000
68236  -3.430  -2.823  44.408 0.0000000000
68237  -3.405  -2.922  44.066 0.0000000000
68246  -3.478  -2.929  43.672 0.0000000000
68247  -3.613  -2.804  43.235 0.0000000000
68258  -3.812  -2.649  42.672 0.0000000000
68269  -3.981  -2.693  42.030 0.0000000000
68270  -4.342  -2.705  41.461 0.0000000000
68282  -4.560  -2.719  40.871 0.0000000000
68298  -2.574  -1.884  39.224 0.0000000000
68299  -4.482  -2.473  40.212 0.0000000000
68313  -2.402  -2.248  38.537 0.0000000000
68314  -3.461  -1.911  38.836 0.0000000000
68315  -4.520  -2.177  39.242 0.0000000000
68326  -3.180  -2.494  37.727 0.0000000000
68327  -4.315  -2.257  38.171 0.0000000000
68328  -4.880  -2.577  38.488 0.0000000000
68336  -2.578  -2.724  37.131 0.0000000000
68337  -3.052  -2.767  37.123 0.0000000000
69431  -5.639  -2.283  48.062 0.0000000000
69432  -6.074  -2.366  48.205 0.0000000000
69433  -6.672  -2.556  48.188 0.0000000000
69434  -7.015  -2.722  48.101 0.0000000000
69435  -3.994  -1.566  47.544 0.0000000000
69436  -4.451  -1.964  47.578 0.0000000000
69437  -5.184  -2.224  47.780 0.0000000000
69438  -5.924  -1.964  47.841 0.0000000000
69439  -6.571  -1.983  47.951 0.0000000000
69440  -7.248  -2.261  47.917 0.0000000000
69441  -7.976  -2.182  47.565 0.0000000000
69447  -3.037  -1.521  46.193 0.0000000000
69448  -3.103  -1.367  46.741 0.0000000000
69449  -3.606  -1.915  47.272 0.0000000000
69450  -8.246  -1.900  47.241 0.0000000000
69460  -2.863  -1.238  45.787 0.0000000000
69461  -2.829  -1.128  46.222 0.0000000000
69469  -2.643  -0.716  44.918 0.0000000000
69470  -2.958  -1.380  45.375 0.0000000000
69481  -2.853  -0.815  44.568 0.0000000000
69482  -3.055  -1.503  45.110 0.0000000000
69491  -2.963  -0.724  44.205 0.0000000000
69492  -3.071  -1.256  44.537 0.0000000000
69493  -3.200  -1.495  44.101 0.0000000000
69494  -3.363  -2.215  44.160 0.0000000000
69503  -3.100  -1.064  43.613 0.0000000000
69504  -3.410  -1.692  43.623 0.0000000000
69505  -3.593  -2.330  43.515 0.0000000000
69521  -3.211  -1.169  42.568 0.0000000000
69522  -3.838  -1.949  43.085 0.0000000000
69538  -2.949  -0.906  41.548 0.0000000000
69539  -3.779  -1.781  41.982 0.0000000000
69540  -4.157  -2.235  41.682 0.0000000000
69555  -2.380  -1.043  40.570 0.0000000000
69556  -3.499  -1.343  40.830 0.0000000000
69557  -4.292  -2.005  41.047 0.0000000000
69570  -2.102  -1.597  39.741 0.0000000000
69571  -3.166  -1.440  39.766 0.0000000000
69572  -4.096  -1.733  40.025 0.0000000000
69589  -3.966  -1.658  39.454 0.0000000000
69590  -4.211  -1.827  39.590 0.0000000000
70682  -4.045  -1.167  47.502 0.0000000000
70683  -4.350  -1.178  47.340 0.0000000000
70684  -4.996  -1.618  47.234 0.0000000000
70685  -5.703  -1.745  47.322 0.0000000000
70686  -6.348  -1.748  47.446 0.0000000000
70687  -6.936  -1.731  47.442 0.0000000000
70688  -7.492  -1.832  47.503 0.0000000000
70693  -3.421  -0.379  46.867 0.0000000000
70694  -3.793  -0.869  47.376 0.0000000000
70695  -4.222  -0.685  47.307 0.0000000000
70696  -7.300  -1.639  47.137 0.0000000000
70697  -7.820  -1.636  47.116 0.0000000000
70705  -2.783  -0.496  45.605 0.0000000000
70706  -3.207  -0.314  46.002 0.0000000000
70707  -3.179  0.202  45.615 0.0000000000
70708  -8.055  -1.578  46.697 0.0000000000
70717  -2.384  0.020  44.688 0.0000000000
70718  -2.529  -0.349  45.218 0.0000000000
70719  -2.786  -0.113  45.474 0.0000000000
70720  -2.787  0.063  45.301 0.0000000000
70730  -2.523  -0.055  44.331 0.0000000000
70731  -2.457  -0.022  45.172 0.0000000000
70732  -2.628  0.024  45.289 0.0000000000
70733  -3.012  0.157  45.255 0.0000000000
70745  -2.700  -0.243  44.082 0.0000000000
70746  -2.648  -0.266  43.792 0.0000000000
70747  -2.688  -0.444  43.672 0.0000000000
70760  -2.510  -0.474  43.045 0.0000000000
70761  -3.034  -0.948  43.300 0.0000000000
70778  -1.921  -0.243  42.340 0.0000000000
70779  -2.783  -0.741  42.839 0.0000000000
70797  -2.361  -0.606  42.030 0.0000000000
70815  -2.113  -0.613  41.276 0.0000000000
72005  -4.415  -0.713  47.014 0.0000000000
72006  -4.787  -1.115  46.788 0.0000000000
72007  -5.450  -1.469  46.747 0.0000000000
72008  -6.162  -1.625  46.916 0.0000000000
72009  -6.592  -1.666  47.117 0.0000000000
72020  -3.628  0.283  46.625 0.0000000000
72021  -3.779  0.119  47.112 0.0000000000
72022  -4.214  -0.199  47.121 0.0000000000
72023  -4.591  -0.513  46.583 0.0000000000
72024  -5.083  -1.082  46.200 0.0000000000
72025  -5.896  -1.366  46.349 0.0000000000
72026  -6.764  -1.484  46.630 0.0000000000
72027  -7.365  -1.544  46.839 0.0000000000
72038  -3.630  0.350  46.188 0.0000000000
72039  -3.488  0.469  45.789 0.0000000000
72040  -6.962  -1.312  46.207 0.0000000000
72041  -7.498  -1.430  46.352 0.0000000000
72042  -8.019  -1.552  46.372 0.0000000000
72053  -2.101  0.751  44.766 0.0000000000
72054  -2.407  0.180  45.009 0.0000000000
72055  -3.073  0.612  45.359 0.0000000000
72056  -7.573  -1.334  45.951 0.0000000000
72057  -8.028  -1.467  45.835 0.0000000000
72068  -1.886  0.983  44.059 0.0000000000
72069  -2.218  0.196  44.967 0.0000000000
72070  -2.541  0.471  45.193 0.0000000000
72071  -3.047  0.597  45.130 0.0000000000
72072  -6.956  0.117  44.879 0.0000000000
72073  -7.151  0.018  44.753 0.0000000000
72081  -2.142  0.528  44.229 0.0000000000
72082  -2.200  0.241  43.755 0.0000000000
72083  -2.190  0.087  43.417 0.0000000000
72084  -6.805  0.266  44.741 0.0000000000
72085  -7.003  0.176  44.641 0.0000000000
72094  -1.968  0.087  42.808 0.0000000000
72105  -1.616  0.363  42.529 0.0000000000
73348  -3.768  0.664  46.603 0.0000000000
73349  -3.832  0.770  46.781 0.0000000000
73350  -4.116  0.629  47.150 0.0000000000
73351  -4.526  0.005  46.815 0.0000000000
73352  -4.933  -0.283  46.064 0.0000000000
73353  -5.580  -1.049  45.742 0.0000000000
73354  -6.197  -1.277  46.099 0.0000000000
73362  -3.733  0.530  46.410 0.0000000000
73363  -3.782  0.761  46.029 0.0000000000
73364  -5.031  -0.180  46.011 0.0000000000
73365  -5.530  -0.209  45.576 0.0000000000
73366  -6.463  -1.133  45.761 0.0000000000
73367  -7.064  -1.222  45.999 0.0000000000
73375  -1.999  0.931  44.908 0.0000000000
73376  -1.956  0.936  44.974 0.0000000000
73377  -3.164  1.372  45.110 0.0000000000
73378  -3.345  1.025  45.274 0.0000000000
73379  -5.550  0.944  44.962 0.0000000000
73380  -5.860  0.350  45.175 0.0000000000
73381  -6.435  -0.401  45.235 0.0000000000
73382  -7.300  -1.014  45.625 0.0000000000
73383  -7.815  -1.078  45.409 0.0000000000
73388  -1.949  1.001  44.656 0.0000000000
73389  -2.022  1.121  45.120 0.0000000000
73390  -2.677  1.111  45.013 0.0000000000
73391  -3.130  1.002  45.192 0.0000000000
73392  -4.678  1.527  44.575 0.0000000000
73393  -5.266  1.246  44.774 0.0000000000
73394  -5.996  0.759  44.784 0.0000000000
73395  -6.576  0.219  44.939 0.0000000000
73396  -7.191  -0.257  44.967 0.0000000000
73397  -7.782  -0.784  45.012 0.0000000000
73403  -1.803  1.043  44.355 0.0000000000
73404  -1.676  0.937  43.853 0.0000000000
73405  -1.942  0.366  43.412 0.0000000000
73406  -4.418  1.696  44.273 0.0000000000
73408  -5.922  1.182  44.132 0.0000000000
73409  -6.726  0.438  44.333 0.0000000000
73410  -7.292  -0.082  44.343 0.0000000000
73411  -7.748  -0.576  44.370 0.0000000000
73421  -1.446  1.243  43.261 0.0000000000
73422  -1.725  0.564  43.133 0.0000000000
73425  -6.681  0.825  43.361 0.0000000000
73426  -7.512  0.092  43.450 0.0000000000
73427  -7.787  -0.400  43.805 0.0000000000
73439  -1.520  0.726  42.918 0.0000000000
74754  -4.073  1.041  46.753 0.0000000000
74755  -4.543  0.937  46.967 0.0000000000
74756  -4.926  0.285  46.292 0.0000000000
74757  -4.906  0.028  46.058 0.0000000000
74764  -4.125  0.838  45.985 0.0000000000
74765  -4.206  0.958  46.220 0.0000000000
74766  -4.937  0.962  46.073 0.0000000000
74767  -5.108  0.466  45.879 0.0000000000
74768  -5.446  0.365  45.541 0.0000000000
74776  -2.057  1.219  45.158 0.0000000000
74777  -1.776  1.112  45.297 0.0000000000
74778  -3.118  1.562  44.846 0.0000000000
74779  -3.564  1.315  45.193 0.0000000000
74780  -4.039  1.287  45.395 0.0000000000
74781  -4.488  1.206  45.523 0.0000000000
74782  -5.091  1.108  45.522 0.0000000000
74783  -5.412  0.695  45.473 0.0000000000
74791  -2.041  1.195  44.933 0.0000000000
74792  -2.480  1.447  45.192 0.0000000000
74793  -2.686  1.887  44.853 0.0000000000
74794  -3.047  2.150  44.663 0.0000000000
74795  -3.454  1.818  44.626 0.0000000000
74796  -4.175  1.634  44.700 0.0000000000
74797  -4.732  1.364  45.053 0.0000000000
74807  -1.946  1.255  44.658 0.0000000000
74808  -1.810  1.744  44.361 0.0000000000
74809  -2.093  2.123  44.337 0.0000000000
74822  -1.554  1.814  43.847 0.0000000000
