#!ascii label  , from subject Broad_82_YZ vox2ras=TkReg
694
89768  -33.450  14.315  -6.024 0.0000000000
89776  -33.815  14.312  -6.770 0.0000000000
89782  -34.078  14.408  -7.505 0.0000000000
90894  -33.399  14.785  -5.581 0.0000000000
90899  -34.053  14.800  -6.207 0.0000000000
90900  -34.617  15.081  -6.584 0.0000000000
90906  -34.554  14.695  -6.942 0.0000000000
90907  -35.115  15.222  -7.169 0.0000000000
90908  -35.258  15.662  -7.679 0.0000000000
90914  -34.792  14.783  -7.991 0.0000000000
90915  -35.339  15.420  -8.049 0.0000000000
90916  -35.580  15.803  -8.121 0.0000000000
90923  -35.350  15.260  -8.967 0.0000000000
90924  -35.647  15.708  -8.595 0.0000000000
92111  -33.732  15.033  -5.773 0.0000000000
92128  -32.896  15.526  -6.176 0.0000000000
92129  -34.026  15.328  -6.331 0.0000000000
92130  -34.698  15.341  -6.787 0.0000000000
92143  -32.540  15.623  -7.023 0.0000000000
92144  -33.638  15.770  -7.196 0.0000000000
92145  -34.753  15.763  -7.250 0.0000000000
92146  -35.373  16.064  -7.946 0.0000000000
92154  -32.284  15.716  -7.805 0.0000000000
92155  -32.993  15.775  -7.530 0.0000000000
92156  -35.721  16.118  -8.638 0.0000000000
92162  -35.500  15.605  -9.801 0.0000000000
92163  -35.800  15.969  -9.393 0.0000000000
92168  -35.705  16.107  -10.308 0.0000000000
93427  -33.783  16.047  -7.634 0.0000000000
93428  -34.215  16.156  -7.688 0.0000000000
93429  -34.914  16.279  -7.899 0.0000000000
93440  -31.943  15.937  -8.686 0.0000000000
93441  -33.338  16.105  -8.174 0.0000000000
93442  -34.488  16.464  -8.487 0.0000000000
93443  -35.271  16.403  -8.626 0.0000000000
93451  -32.543  16.325  -9.446 0.0000000000
93452  -33.820  16.595  -9.384 0.0000000000
93453  -35.013  16.817  -9.513 0.0000000000
93454  -35.641  16.496  -9.535 0.0000000000
93461  -31.757  16.546  -10.447 0.0000000000
93462  -33.027  16.672  -10.404 0.0000000000
93463  -34.292  17.091  -10.430 0.0000000000
93464  -35.263  17.308  -10.319 0.0000000000
93465  -35.926  16.578  -10.179 0.0000000000
93469  -32.184  17.024  -11.274 0.0000000000
93470  -33.368  17.141  -11.248 0.0000000000
93471  -34.254  17.365  -11.304 0.0000000000
93473  -35.944  16.570  -11.334 0.0000000000
93474  -36.626  17.146  -12.146 0.0000000000
93477  -36.155  16.661  -12.586 0.0000000000
93478  -36.587  17.377  -12.905 0.0000000000
93484  -31.409  19.099  -13.811 0.0000000000
93485  -31.519  18.700  -13.933 0.0000000000
93488  -36.134  16.983  -13.666 0.0000000000
93489  -36.394  17.705  -13.755 0.0000000000
93499  -31.494  18.843  -14.023 0.0000000000
93500  -31.572  18.693  -14.172 0.0000000000
93504  -36.137  17.575  -14.633 0.0000000000
93505  -36.356  18.006  -14.392 0.0000000000
93519  -35.641  17.491  -15.368 0.0000000000
93520  -35.955  17.951  -15.391 0.0000000000
94787  -35.793  17.106  -10.078 0.0000000000
94788  -36.046  16.868  -10.049 0.0000000000
94796  -35.034  17.587  -11.031 0.0000000000
94797  -35.808  17.478  -10.885 0.0000000000
94798  -36.226  17.108  -10.638 0.0000000000
94804  -31.337  17.498  -12.236 0.0000000000
94805  -32.673  17.356  -12.108 0.0000000000
94806  -33.773  17.351  -12.038 0.0000000000
94807  -34.746  17.508  -11.908 0.0000000000
94808  -35.592  17.704  -11.794 0.0000000000
94809  -36.282  17.508  -11.855 0.0000000000
94810  -36.669  17.572  -12.446 0.0000000000
94812  -31.470  17.795  -13.146 0.0000000000
94813  -32.245  17.550  -13.035 0.0000000000
94814  -33.271  17.603  -12.865 0.0000000000
94815  -34.296  17.665  -12.738 0.0000000000
94816  -35.207  17.841  -12.583 0.0000000000
94817  -35.948  18.192  -12.724 0.0000000000
94818  -36.603  18.051  -13.045 0.0000000000
94823  -31.370  19.032  -13.965 0.0000000000
94824  -31.627  18.484  -13.993 0.0000000000
94825  -32.091  17.766  -13.923 0.0000000000
94826  -32.928  17.693  -13.676 0.0000000000
94827  -33.867  18.043  -13.639 0.0000000000
94828  -34.828  18.103  -13.254 0.0000000000
94829  -35.439  18.156  -13.038 0.0000000000
94830  -36.364  18.125  -13.995 0.0000000000
94837  -31.454  18.946  -14.388 0.0000000000
94838  -31.710  18.557  -14.519 0.0000000000
94839  -32.171  18.295  -14.642 0.0000000000
94840  -32.843  18.007  -14.340 0.0000000000
94841  -33.363  17.968  -14.084 0.0000000000
94842  -36.157  18.279  -14.998 0.0000000000
94843  -36.257  18.238  -14.467 0.0000000000
94852  -31.461  19.002  -14.741 0.0000000000
94853  -31.677  18.736  -14.852 0.0000000000
94854  -32.004  18.499  -14.956 0.0000000000
94856  -35.302  17.789  -16.012 0.0000000000
94857  -35.583  17.950  -15.809 0.0000000000
94858  -35.710  18.383  -15.700 0.0000000000
94868  -35.173  18.348  -16.531 0.0000000000
94869  -35.496  18.397  -16.237 0.0000000000
94870  -35.578  18.430  -16.037 0.0000000000
95998  -35.956  18.342  -13.172 0.0000000000
95999  -36.146  18.281  -13.271 0.0000000000
96003  -31.239  19.229  -13.888 0.0000000000
96004  -31.144  19.096  -13.614 0.0000000000
96005  -34.065  18.299  -14.057 0.0000000000
96006  -34.522  18.406  -13.960 0.0000000000
96007  -35.582  18.383  -13.632 0.0000000000
96008  -36.134  18.285  -13.847 0.0000000000
96016  -31.210  19.420  -14.170 0.0000000000
96017  -30.980  19.595  -13.908 0.0000000000
96018  -32.377  18.478  -14.945 0.0000000000
96019  -32.806  18.482  -14.899 0.0000000000
96020  -33.838  18.435  -14.576 0.0000000000
96021  -34.988  18.666  -14.758 0.0000000000
96022  -35.776  18.528  -14.759 0.0000000000
96023  -36.128  18.326  -14.398 0.0000000000
96031  -31.355  19.362  -14.729 0.0000000000
96032  -31.523  19.040  -15.037 0.0000000000
96033  -32.279  18.758  -15.319 0.0000000000
96034  -33.497  18.906  -15.674 0.0000000000
96035  -34.607  19.028  -15.716 0.0000000000
96036  -35.251  18.920  -15.734 0.0000000000
96037  -35.644  18.615  -15.660 0.0000000000
96047  -32.659  20.380  -16.386 0.0000000000
96048  -32.959  19.691  -16.360 0.0000000000
96049  -34.431  19.443  -16.658 0.0000000000
96050  -35.176  19.146  -16.612 0.0000000000
96051  -35.494  18.766  -16.268 0.0000000000
96052  -35.592  18.678  -16.078 0.0000000000
96063  -33.249  20.460  -16.810 0.0000000000
96064  -34.441  20.257  -17.277 0.0000000000
96065  -34.205  19.149  -17.734 0.0000000000
96074  -34.183  19.754  -18.581 0.0000000000
97062  -30.859  19.906  -14.168 0.0000000000
97063  -30.763  19.743  -13.745 0.0000000000
97071  -31.194  20.113  -14.842 0.0000000000
97072  -31.576  19.709  -15.221 0.0000000000
97073  -31.623  19.186  -15.219 0.0000000000
97082  -31.421  20.681  -15.256 0.0000000000
97083  -32.048  20.458  -15.722 0.0000000000
97084  -32.149  19.639  -15.659 0.0000000000
97094  -32.757  20.937  -16.623 0.0000000000
97095  -33.676  21.018  -17.381 0.0000000000
97103  -34.570  20.919  -18.390 0.0000000000
97111  -33.454  20.357  -19.390 0.0000000000
97124  -32.440  20.517  -19.475 0.0000000000
98026  -30.692  20.627  -14.259 0.0000000000
98027  -30.664  20.092  -13.980 0.0000000000
98033  -31.041  20.848  -15.003 0.0000000000
98041  -31.489  21.263  -15.481 0.0000000000
98042  -32.202  21.533  -16.227 0.0000000000
98049  -32.964  21.721  -17.309 0.0000000000
98050  -33.892  21.590  -18.036 0.0000000000
98059  -33.377  22.170  -18.431 0.0000000000
98060  -33.992  21.574  -19.039 0.0000000000
98068  -32.920  22.217  -18.964 0.0000000000
98069  -32.677  21.417  -19.186 0.0000000000
98077  -31.779  20.755  -19.948 0.0000000000
98088  -31.663  21.013  -20.953 0.0000000000
98102  -31.458  21.116  -21.780 0.0000000000
99030  -30.641  21.589  -15.064 0.0000000000
99037  -31.275  22.153  -16.129 0.0000000000
99038  -32.203  22.234  -16.819 0.0000000000
99045  -31.598  22.755  -17.217 0.0000000000
99046  -32.544  22.487  -17.751 0.0000000000
99051  -32.173  23.268  -18.155 0.0000000000
99052  -32.760  22.703  -18.637 0.0000000000
99056  -32.647  23.354  -19.127 0.0000000000
99057  -32.441  22.475  -19.345 0.0000000000
99058  -31.657  21.757  -19.471 0.0000000000
99065  -32.481  23.054  -19.733 0.0000000000
99066  -31.662  22.724  -19.859 0.0000000000
99067  -31.088  21.740  -20.190 0.0000000000
99074  -30.666  22.736  -20.202 0.0000000000
99075  -30.932  22.126  -21.187 0.0000000000
99084  -31.327  21.908  -22.338 0.0000000000
99085  -31.793  21.366  -22.965 0.0000000000
99095  -31.643  22.049  -23.043 0.0000000000
99096  -31.907  21.459  -23.649 0.0000000000
100161  -30.071  22.420  -15.779 0.0000000000
100164  -29.386  23.144  -16.433 0.0000000000
100165  -30.437  22.769  -16.824 0.0000000000
100167  -29.748  23.345  -17.261 0.0000000000
100168  -30.822  23.436  -17.837 0.0000000000
100174  -31.784  23.909  -18.869 0.0000000000
100175  -32.035  24.299  -19.568 0.0000000000
100182  -32.485  23.722  -19.862 0.0000000000
100183  -31.547  23.725  -20.210 0.0000000000
100192  -30.330  23.492  -20.777 0.0000000000
100193  -30.855  23.120  -21.835 0.0000000000
100201  -31.294  22.883  -22.668 0.0000000000
100208  -31.737  22.660  -23.493 0.0000000000
100209  -32.106  22.023  -24.134 0.0000000000
100217  -31.955  22.780  -24.305 0.0000000000
100218  -32.171  22.015  -24.839 0.0000000000
100230  -32.114  22.788  -25.088 0.0000000000
100269  -29.315  23.073  -27.427 0.0000000000
101313  -29.057  24.031  -17.008 0.0000000000
101315  -29.512  23.888  -17.994 0.0000000000
101316  -30.489  24.157  -18.640 0.0000000000
101322  -31.281  24.488  -19.187 0.0000000000
101323  -31.748  24.579  -19.722 0.0000000000
101324  -32.054  24.441  -19.951 0.0000000000
101330  -31.172  24.348  -20.419 0.0000000000
101331  -31.571  24.627  -20.386 0.0000000000
101339  -30.754  24.605  -21.569 0.0000000000
101340  -30.880  23.727  -22.321 0.0000000000
101348  -30.875  24.237  -22.390 0.0000000000
101349  -31.299  23.790  -22.908 0.0000000000
101355  -31.649  23.637  -23.743 0.0000000000
101363  -25.110  23.969  -24.916 0.0000000000
101364  -31.712  23.524  -24.548 0.0000000000
101375  -31.712  23.383  -25.397 0.0000000000
101402  -26.238  23.683  -27.571 0.0000000000
101403  -27.329  23.609  -27.279 0.0000000000
101404  -28.389  23.522  -26.861 0.0000000000
101405  -29.375  23.350  -26.935 0.0000000000
102449  -29.022  24.919  -17.645 0.0000000000
102452  -29.586  24.804  -18.498 0.0000000000
102453  -30.403  24.908  -18.981 0.0000000000
102459  -31.106  25.037  -19.395 0.0000000000
102460  -31.524  24.994  -19.825 0.0000000000
102461  -31.697  24.923  -20.205 0.0000000000
102468  -31.229  24.805  -20.729 0.0000000000
102469  -31.514  24.873  -20.501 0.0000000000
102483  -31.115  24.757  -22.593 0.0000000000
102484  -31.294  24.508  -23.276 0.0000000000
102490  -29.446  25.748  -24.349 0.0000000000
102491  -31.072  24.516  -24.340 0.0000000000
102492  -31.308  24.356  -24.003 0.0000000000
102499  -24.673  24.008  -24.859 0.0000000000
102500  -29.223  25.176  -25.048 0.0000000000
102501  -29.860  25.026  -24.652 0.0000000000
102502  -30.730  24.609  -24.690 0.0000000000
102503  -31.334  24.093  -24.764 0.0000000000
102512  -24.141  24.575  -25.756 0.0000000000
102513  -24.657  24.261  -25.220 0.0000000000
102514  -29.180  25.335  -25.605 0.0000000000
102515  -29.672  25.065  -25.884 0.0000000000
102516  -30.489  24.513  -25.680 0.0000000000
102517  -31.170  23.943  -25.606 0.0000000000
102527  -24.363  24.397  -26.786 0.0000000000
102529  -29.601  24.603  -26.646 0.0000000000
102530  -30.280  24.318  -26.597 0.0000000000
102542  -24.825  24.349  -27.707 0.0000000000
102543  -25.739  24.488  -27.659 0.0000000000
102544  -26.709  24.461  -27.318 0.0000000000
102545  -27.764  24.401  -27.004 0.0000000000
102546  -29.010  24.159  -26.825 0.0000000000
102547  -29.503  24.121  -26.883 0.0000000000
102548  -30.134  24.001  -27.301 0.0000000000
102559  -29.672  23.603  -27.296 0.0000000000
103484  -28.963  25.961  -17.205 0.0000000000
103489  -29.525  25.847  -18.104 0.0000000000
103490  -29.881  26.111  -18.767 0.0000000000
103494  -29.865  25.455  -18.765 0.0000000000
103495  -30.423  25.710  -19.233 0.0000000000
103499  -31.080  25.520  -19.613 0.0000000000
103500  -31.336  25.508  -20.147 0.0000000000
103501  -31.530  25.122  -20.482 0.0000000000
103507  -31.390  25.343  -20.849 0.0000000000
103508  -31.460  25.030  -20.745 0.0000000000
103521  -29.415  26.651  -23.791 0.0000000000
103522  -31.297  25.247  -22.949 0.0000000000
103523  -31.028  25.168  -23.447 0.0000000000
103531  -28.518  26.117  -24.318 0.0000000000
103532  -28.772  25.506  -24.794 0.0000000000
103533  -30.769  24.849  -23.917 0.0000000000
103541  -28.196  25.751  -25.294 0.0000000000
103542  -28.831  25.406  -25.367 0.0000000000
103543  -30.471  25.493  -24.035 0.0000000000
103554  -23.792  25.031  -25.939 0.0000000000
103555  -27.910  25.834  -26.288 0.0000000000
103556  -28.883  25.490  -26.128 0.0000000000
103557  -29.358  25.157  -26.434 0.0000000000
103568  -23.707  25.139  -26.946 0.0000000000
103569  -26.013  25.879  -26.960 0.0000000000
103570  -26.810  25.894  -26.942 0.0000000000
103571  -27.638  26.003  -27.000 0.0000000000
103572  -28.544  25.660  -26.905 0.0000000000
103573  -29.173  25.138  -26.812 0.0000000000
103583  -24.440  25.139  -27.789 0.0000000000
103584  -25.354  25.401  -27.582 0.0000000000
103585  -26.285  25.260  -27.305 0.0000000000
103586  -27.227  25.255  -27.063 0.0000000000
103587  -28.193  25.173  -27.001 0.0000000000
103588  -28.895  24.969  -27.033 0.0000000000
104511  -28.967  27.020  -16.698 0.0000000000
104516  -29.569  26.857  -17.615 0.0000000000
104517  -29.898  26.824  -18.389 0.0000000000
104520  -30.204  26.715  -19.120 0.0000000000
104524  -30.879  26.387  -19.636 0.0000000000
104525  -31.288  26.503  -20.556 0.0000000000
104528  -31.312  26.942  -21.394 0.0000000000
104543  -27.841  26.972  -23.410 0.0000000000
104550  -27.704  26.510  -24.707 0.0000000000
104551  -30.870  25.469  -23.604 0.0000000000
104557  -27.491  26.327  -25.640 0.0000000000
104565  -26.657  26.718  -26.408 0.0000000000
104566  -27.107  26.409  -26.367 0.0000000000
104573  -20.877  27.043  -26.839 0.0000000000
104574  -21.246  26.486  -26.892 0.0000000000
104575  -22.188  26.399  -27.225 0.0000000000
104576  -22.662  25.886  -27.613 0.0000000000
104577  -23.264  25.695  -27.698 0.0000000000
104578  -25.571  26.526  -27.218 0.0000000000
104579  -26.474  26.513  -26.726 0.0000000000
104580  -27.032  26.190  -26.749 0.0000000000
104590  -20.721  26.195  -27.111 0.0000000000
104591  -22.514  26.528  -28.176 0.0000000000
104592  -23.132  26.284  -28.350 0.0000000000
104593  -23.997  25.946  -28.396 0.0000000000
104594  -24.880  26.203  -27.946 0.0000000000
104604  -22.850  26.858  -28.797 0.0000000000
104605  -23.485  26.867  -29.160 0.0000000000
104606  -24.329  26.829  -29.185 0.0000000000
104625  -23.981  27.348  -29.442 0.0000000000
104626  -24.457  27.483  -29.333 0.0000000000
105526  -29.206  28.034  -16.323 0.0000000000
105531  -29.755  28.049  -17.548 0.0000000000
105532  -30.039  27.391  -17.980 0.0000000000
105535  -30.388  28.650  -18.134 0.0000000000
105536  -30.586  27.815  -18.617 0.0000000000
105537  -31.065  28.113  -19.115 0.0000000000
105540  -28.299  29.100  -20.191 0.0000000000
105541  -30.636  27.166  -19.300 0.0000000000
105542  -31.114  27.602  -19.647 0.0000000000
105546  -28.573  28.681  -20.758 0.0000000000
105547  -29.544  28.601  -20.968 0.0000000000
105548  -31.278  27.691  -20.733 0.0000000000
105550  -28.965  28.223  -21.706 0.0000000000
105551  -30.128  28.329  -21.630 0.0000000000
105552  -30.990  27.770  -21.770 0.0000000000
105562  -28.191  27.741  -22.508 0.0000000000
105563  -29.321  27.530  -22.607 0.0000000000
105564  -30.416  27.726  -22.221 0.0000000000
105565  -30.713  27.555  -22.223 0.0000000000
105581  -26.537  27.367  -24.992 0.0000000000
105582  -27.155  26.907  -25.293 0.0000000000
105588  -26.007  27.752  -25.753 0.0000000000
105589  -26.614  26.995  -26.007 0.0000000000
105590  -27.075  26.658  -25.841 0.0000000000
105597  -21.275  27.139  -26.824 0.0000000000
105598  -21.798  27.167  -27.179 0.0000000000
105599  -22.159  26.976  -27.897 0.0000000000
105600  -26.236  27.417  -26.897 0.0000000000
105601  -26.405  26.891  -26.482 0.0000000000
105612  -19.322  27.769  -27.736 0.0000000000
105613  -20.855  27.806  -27.212 0.0000000000
105614  -21.801  27.734  -28.133 0.0000000000
105615  -22.411  27.230  -28.577 0.0000000000
105616  -24.825  26.635  -28.672 0.0000000000
105617  -25.501  27.363  -28.182 0.0000000000
105629  -18.740  27.574  -28.697 0.0000000000
105630  -18.988  28.035  -28.246 0.0000000000
105631  -22.259  27.838  -28.898 0.0000000000
105632  -22.729  27.515  -29.378 0.0000000000
105633  -23.489  27.767  -29.656 0.0000000000
105634  -25.008  27.313  -29.121 0.0000000000
105635  -25.353  28.018  -28.998 0.0000000000
105651  -18.933  27.487  -29.776 0.0000000000
105652  -19.566  27.160  -30.152 0.0000000000
105653  -19.683  26.556  -30.397 0.0000000000
105654  -24.148  27.992  -29.419 0.0000000000
105655  -24.789  28.085  -29.216 0.0000000000
105656  -25.140  28.402  -29.151 0.0000000000
105668  -19.509  26.416  -30.510 0.0000000000
106514  -28.142  29.126  -16.011 0.0000000000
106515  -28.697  28.763  -15.997 0.0000000000
106519  -29.174  28.770  -17.050 0.0000000000
106524  -30.004  29.533  -17.994 0.0000000000
106525  -30.913  28.982  -18.593 0.0000000000
106526  -31.104  28.520  -18.948 0.0000000000
106529  -29.207  29.160  -19.652 0.0000000000
106530  -30.489  29.234  -19.267 0.0000000000
106531  -31.207  28.430  -19.392 0.0000000000
106535  -29.471  28.902  -20.451 0.0000000000
106536  -30.481  29.000  -20.432 0.0000000000
106537  -31.263  28.542  -20.078 0.0000000000
106539  -30.752  28.462  -21.207 0.0000000000
106540  -31.086  28.412  -20.887 0.0000000000
106564  -25.642  28.670  -25.359 0.0000000000
106569  -25.899  28.479  -26.574 0.0000000000
106582  -20.089  28.634  -27.913 0.0000000000
106583  -21.197  28.781  -28.332 0.0000000000
106584  -21.912  28.453  -28.817 0.0000000000
106585  -25.953  28.399  -27.713 0.0000000000
106601  -18.933  28.073  -28.538 0.0000000000
106602  -19.336  28.381  -28.496 0.0000000000
106603  -20.208  28.944  -28.984 0.0000000000
106604  -22.327  28.244  -29.393 0.0000000000
106605  -22.773  28.436  -30.013 0.0000000000
106606  -23.802  28.747  -29.382 0.0000000000
106607  -24.597  29.194  -29.298 0.0000000000
106608  -25.640  28.459  -28.583 0.0000000000
106616  -18.902  28.104  -29.039 0.0000000000
106617  -19.480  28.114  -29.569 0.0000000000
106618  -20.099  28.617  -30.121 0.0000000000
106619  -24.455  28.594  -29.282 0.0000000000
106620  -25.015  28.837  -29.238 0.0000000000
106621  -25.363  28.659  -29.037 0.0000000000
106631  -19.078  28.138  -30.759 0.0000000000
106632  -19.660  28.734  -30.525 0.0000000000
107506  -25.582  29.872  -15.563 0.0000000000
107507  -26.237  29.613  -15.628 0.0000000000
107508  -26.975  29.371  -15.828 0.0000000000
107509  -27.667  29.303  -16.151 0.0000000000
107518  -25.921  29.889  -16.043 0.0000000000
107519  -26.408  29.912  -16.326 0.0000000000
107520  -27.224  29.905  -16.876 0.0000000000
107521  -28.199  29.326  -16.705 0.0000000000
107522  -28.760  29.068  -16.792 0.0000000000
107525  -27.196  30.420  -18.018 0.0000000000
107526  -27.953  29.873  -17.670 0.0000000000
107527  -28.823  29.418  -17.420 0.0000000000
107532  -26.583  30.088  -18.708 0.0000000000
107533  -27.384  29.827  -18.674 0.0000000000
107534  -28.530  29.592  -18.524 0.0000000000
107535  -31.195  28.915  -19.058 0.0000000000
107536  -31.236  28.715  -19.191 0.0000000000
107540  -26.285  30.113  -19.159 0.0000000000
107541  -26.749  29.969  -19.360 0.0000000000
107542  -27.661  29.536  -19.878 0.0000000000
107543  -31.099  29.225  -19.286 0.0000000000
107544  -31.243  28.870  -19.459 0.0000000000
107547  -30.863  29.260  -19.709 0.0000000000
107548  -31.130  29.116  -19.832 0.0000000000
107551  -27.053  29.710  -22.657 0.0000000000
107558  -26.010  31.399  -22.976 0.0000000000
107559  -26.112  31.161  -23.234 0.0000000000
107568  -25.572  31.344  -23.034 0.0000000000
107569  -25.671  31.129  -23.245 0.0000000000
107575  -25.618  29.127  -25.054 0.0000000000
107576  -25.800  29.018  -24.551 0.0000000000
107584  -25.241  29.679  -25.914 0.0000000000
107585  -25.504  29.378  -25.400 0.0000000000
107586  -25.625  29.364  -24.939 0.0000000000
107598  -24.782  30.037  -27.545 0.0000000000
107599  -25.092  29.732  -26.856 0.0000000000
107600  -25.413  29.175  -26.259 0.0000000000
107615  -21.535  29.103  -28.883 0.0000000000
107616  -21.663  28.868  -28.835 0.0000000000
107617  -23.847  30.230  -28.849 0.0000000000
107618  -24.609  30.225  -28.488 0.0000000000
107619  -25.187  29.722  -28.028 0.0000000000
107620  -25.544  29.148  -27.334 0.0000000000
107636  -21.163  29.227  -29.146 0.0000000000
107637  -21.941  28.994  -29.362 0.0000000000
107638  -22.973  29.508  -29.124 0.0000000000
107639  -24.290  29.798  -29.353 0.0000000000
107640  -25.310  29.654  -29.178 0.0000000000
107641  -25.598  29.145  -28.345 0.0000000000
107654  -20.714  29.453  -29.841 0.0000000000
107655  -21.481  29.668  -29.535 0.0000000000
107657  -25.322  29.094  -29.121 0.0000000000
107658  -25.497  29.047  -28.904 0.0000000000
107670  -19.496  28.911  -30.772 0.0000000000
107671  -19.966  29.297  -30.480 0.0000000000
107684  -19.231  29.107  -31.302 0.0000000000
107697  -18.873  29.204  -32.003 0.0000000000
108466  -24.061  31.037  -14.175 0.0000000000
108479  -24.309  31.035  -14.951 0.0000000000
108480  -24.846  30.554  -15.534 0.0000000000
108488  -25.775  30.491  -16.442 0.0000000000
108489  -26.582  30.474  -16.955 0.0000000000
108490  -26.873  30.549  -17.536 0.0000000000
108493  -26.439  30.909  -17.156 0.0000000000
108494  -26.645  30.754  -17.743 0.0000000000
108495  -26.551  30.512  -18.269 0.0000000000
108499  -26.674  30.942  -17.982 0.0000000000
108500  -26.269  30.770  -18.445 0.0000000000
108501  -26.108  30.380  -18.882 0.0000000000
108505  -26.286  31.142  -18.563 0.0000000000
108506  -26.007  31.026  -19.249 0.0000000000
108507  -26.317  30.503  -19.706 0.0000000000
108508  -26.915  30.205  -20.082 0.0000000000
108512  -26.299  31.247  -21.061 0.0000000000
108513  -26.213  31.183  -20.647 0.0000000000
108514  -26.677  30.674  -20.787 0.0000000000
108515  -27.301  29.984  -20.793 0.0000000000
108518  -26.302  31.457  -21.456 0.0000000000
108519  -26.542  31.183  -21.627 0.0000000000
108520  -26.892  30.333  -21.871 0.0000000000
108521  -27.469  29.190  -21.548 0.0000000000
108524  -25.838  31.573  -22.504 0.0000000000
108525  -26.477  31.063  -22.676 0.0000000000
108526  -26.852  30.427  -23.049 0.0000000000
108535  -24.925  30.951  -23.211 0.0000000000
108536  -25.872  30.690  -23.599 0.0000000000
108537  -26.277  29.551  -23.676 0.0000000000
108545  -24.715  30.326  -24.348 0.0000000000
108546  -25.511  30.083  -24.543 0.0000000000
108547  -25.663  29.587  -24.648 0.0000000000
108558  -24.900  30.226  -25.818 0.0000000000
108559  -25.428  29.804  -25.233 0.0000000000
108560  -25.559  29.579  -25.058 0.0000000000
108577  -24.095  30.330  -27.191 0.0000000000
108578  -24.754  30.105  -26.882 0.0000000000
108592  -23.905  30.126  -28.229 0.0000000000
108604  -21.785  31.011  -29.493 0.0000000000
108605  -22.247  30.541  -29.247 0.0000000000
108621  -21.324  30.481  -29.774 0.0000000000
108640  -19.602  29.783  -30.654 0.0000000000
108651  -19.371  29.838  -31.084 0.0000000000
109357  -23.210  32.157  -13.606 0.0000000000
109358  -23.571  31.820  -14.063 0.0000000000
109363  -23.949  31.746  -14.928 0.0000000000
109367  -24.485  31.588  -15.663 0.0000000000
109368  -25.175  31.406  -16.457 0.0000000000
109372  -26.137  31.372  -16.828 0.0000000000
109373  -27.584  32.353  -17.476 0.0000000000
109374  -27.756  32.467  -17.859 0.0000000000
109376  -26.822  31.377  -17.403 0.0000000000
109377  -27.405  31.891  -17.816 0.0000000000
109378  -27.294  32.506  -18.207 0.0000000000
109382  -26.794  31.422  -18.302 0.0000000000
109383  -26.658  32.230  -18.663 0.0000000000
109384  -26.923  32.649  -18.447 0.0000000000
109387  -26.295  31.535  -18.899 0.0000000000
109388  -26.311  31.853  -19.820 0.0000000000
109392  -26.323  31.429  -21.216 0.0000000000
109393  -26.299  31.954  -21.112 0.0000000000
109395  -26.025  31.808  -21.810 0.0000000000
109396  -25.652  32.313  -21.753 0.0000000000
109468  -21.804  31.418  -28.898 0.0000000000
109469  -22.378  31.099  -28.379 0.0000000000
109485  -21.386  31.282  -29.509 0.0000000000
110174  -22.962  32.755  -13.537 0.0000000000
110175  -23.417  32.738  -14.099 0.0000000000
110177  -23.789  32.684  -14.847 0.0000000000
110179  -24.362  32.525  -15.538 0.0000000000
110180  -25.039  32.378  -16.164 0.0000000000
110182  -26.054  32.254  -16.645 0.0000000000
110183  -27.132  32.390  -17.044 0.0000000000
110184  -27.522  32.832  -17.473 0.0000000000
110186  -26.709  31.806  -16.938 0.0000000000
110187  -27.114  31.826  -17.235 0.0000000000
110188  -27.539  32.981  -18.044 0.0000000000
110192  -26.573  33.018  -18.686 0.0000000000
110193  -27.085  32.892  -18.290 0.0000000000
110199  -24.812  33.538  -20.486 0.0000000000
110200  -25.218  33.488  -20.459 0.0000000000
110201  -26.294  32.776  -19.572 0.0000000000
110205  -24.529  33.276  -21.040 0.0000000000
110206  -25.334  33.186  -20.778 0.0000000000
110207  -26.142  32.700  -20.553 0.0000000000
110211  -24.984  32.931  -21.418 0.0000000000
110212  -25.651  32.674  -21.276 0.0000000000
110218  -25.280  32.638  -21.661 0.0000000000
110979  -22.367  33.728  -12.881 0.0000000000
110985  -22.912  33.677  -13.540 0.0000000000
110986  -23.322  33.364  -13.949 0.0000000000
110988  -23.452  33.990  -14.090 0.0000000000
110989  -23.840  33.658  -14.565 0.0000000000
110991  -24.516  33.570  -15.410 0.0000000000
110992  -24.880  33.139  -15.966 0.0000000000
110994  -25.154  33.816  -16.042 0.0000000000
110995  -25.667  33.304  -16.421 0.0000000000
110996  -26.577  33.123  -16.734 0.0000000000
110997  -27.171  33.248  -17.057 0.0000000000
110999  -27.233  33.422  -17.643 0.0000000000
111001  -24.940  34.395  -19.618 0.0000000000
111002  -25.600  34.058  -19.129 0.0000000000
111003  -26.370  33.756  -18.614 0.0000000000
111004  -26.961  33.355  -18.189 0.0000000000
111010  -23.846  34.332  -20.250 0.0000000000
111011  -24.535  34.075  -20.098 0.0000000000
111012  -25.377  33.802  -20.069 0.0000000000
111013  -26.108  33.519  -19.435 0.0000000000
111016  -23.411  34.039  -20.875 0.0000000000
111017  -24.078  33.686  -20.594 0.0000000000
111018  -25.455  33.442  -20.406 0.0000000000
111019  -25.891  33.309  -20.225 0.0000000000
111812  -22.378  34.548  -12.717 0.0000000000
111821  -22.881  34.552  -13.317 0.0000000000
111827  -23.351  34.597  -13.923 0.0000000000
111828  -23.894  34.625  -14.471 0.0000000000
111830  -24.536  34.592  -15.148 0.0000000000
111832  -24.999  34.519  -15.934 0.0000000000
111833  -25.583  34.445  -16.704 0.0000000000
111834  -26.409  33.882  -16.771 0.0000000000
111835  -26.824  33.572  -16.881 0.0000000000
111837  -25.550  34.893  -17.820 0.0000000000
111838  -26.317  34.377  -17.439 0.0000000000
111839  -26.910  33.856  -17.231 0.0000000000
111841  -24.707  34.750  -19.475 0.0000000000
111842  -24.966  34.677  -18.857 0.0000000000
111843  -26.039  34.416  -18.336 0.0000000000
111844  -26.767  33.976  -17.929 0.0000000000
111850  -23.801  34.779  -20.154 0.0000000000
111851  -24.362  34.982  -19.928 0.0000000000
111852  -24.660  34.983  -19.398 0.0000000000
111858  -23.209  34.722  -20.310 0.0000000000
111859  -23.774  35.021  -20.131 0.0000000000
112644  -22.353  35.324  -12.532 0.0000000000
112655  -22.987  35.398  -13.062 0.0000000000
112661  -23.368  35.346  -13.737 0.0000000000
112662  -23.727  35.344  -14.314 0.0000000000
112664  -24.249  35.497  -15.025 0.0000000000
112666  -24.564  35.460  -16.280 0.0000000000
112667  -25.022  34.904  -16.525 0.0000000000
112669  -23.785  36.526  -18.268 0.0000000000
112670  -24.345  35.853  -17.685 0.0000000000
112671  -24.930  35.122  -17.231 0.0000000000
112673  -23.954  36.817  -18.819 0.0000000000
112674  -24.248  36.276  -18.844 0.0000000000
112675  -24.772  35.392  -18.300 0.0000000000
112681  -23.334  36.152  -19.666 0.0000000000
112682  -24.156  35.968  -19.674 0.0000000000
112683  -24.566  35.426  -19.214 0.0000000000
112690  -22.733  35.499  -20.044 0.0000000000
112691  -23.642  35.426  -20.018 0.0000000000
113493  -22.285  35.833  -12.372 0.0000000000
113505  -22.489  36.809  -12.669 0.0000000000
113506  -22.739  36.284  -12.827 0.0000000000
113511  -22.533  37.067  -14.716 0.0000000000
113512  -23.221  36.319  -13.966 0.0000000000
113513  -23.586  35.811  -14.142 0.0000000000
113515  -22.504  37.185  -15.359 0.0000000000
113516  -23.016  36.821  -15.401 0.0000000000
113517  -23.718  36.093  -14.732 0.0000000000
113519  -23.137  36.845  -16.683 0.0000000000
113520  -23.838  36.260  -15.846 0.0000000000
113522  -23.090  36.868  -17.931 0.0000000000
113523  -23.785  36.294  -17.116 0.0000000000
113525  -23.580  37.286  -18.883 0.0000000000
113526  -23.978  36.873  -19.087 0.0000000000
113532  -23.033  36.928  -19.344 0.0000000000
113533  -23.806  36.682  -19.322 0.0000000000
114316  -22.705  36.984  -12.944 0.0000000000
114318  -21.993  37.632  -14.318 0.0000000000
114319  -22.678  37.033  -13.608 0.0000000000
114321  -22.038  37.662  -15.637 0.0000000000
114322  -22.537  37.279  -15.671 0.0000000000
114324  -21.895  37.872  -17.007 0.0000000000
114325  -22.548  37.355  -16.318 0.0000000000
114327  -21.997  37.974  -18.135 0.0000000000
114328  -22.479  37.382  -17.484 0.0000000000
114330  -22.265  38.233  -18.615 0.0000000000
114331  -22.651  37.837  -18.588 0.0000000000
114338  -22.737  37.748  -19.270 0.0000000000
115097  -21.251  38.709  -16.524 0.0000000000
115102  -22.380  38.366  -18.792 0.0000000000
115109  -22.347  38.380  -19.129 0.0000000000
140111  -27.680  28.356  -22.309 0.0000000000
140112  -27.873  29.156  -20.579 0.0000000000
140113  -27.516  28.231  -22.535 0.0000000000
140114  -28.139  28.416  -21.633 0.0000000000
140115  -28.347  28.208  -22.142 0.0000000000
140116  -27.594  29.547  -20.659 0.0000000000
140117  -27.121  28.041  -22.843 0.0000000000
140118  -28.716  27.940  -22.328 0.0000000000
140119  -27.485  29.685  -20.439 0.0000000000
140120  -26.944  28.783  -22.827 0.0000000000
140121  -28.733  27.741  -22.476 0.0000000000
140122  -27.578  27.999  -22.580 0.0000000000
140123  -26.110  28.288  -24.116 0.0000000000
140124  -25.945  28.019  -24.614 0.0000000000
140125  -25.748  28.548  -24.693 0.0000000000
140126  -26.335  28.167  -23.764 0.0000000000
140127  -26.562  28.004  -23.472 0.0000000000
140128  -27.001  27.900  -23.035 0.0000000000
140129  -27.294  28.178  -22.683 0.0000000000
140130  -27.537  27.645  -22.781 0.0000000000
140131  -27.318  27.922  -22.754 0.0000000000
140132  -26.489  28.381  -23.325 0.0000000000
140133  -27.173  27.094  -24.452 0.0000000000
140134  -26.264  28.045  -24.097 0.0000000000
140135  -26.633  27.642  -23.931 0.0000000000
140136  -25.910  28.511  -24.340 0.0000000000
140137  -26.406  28.855  -23.371 0.0000000000
140138  -26.173  28.688  -23.856 0.0000000000
140139  -31.073  26.113  -23.296 0.0000000000
140140  -30.480  27.047  -23.262 0.0000000000
140141  -31.215  25.225  -22.640 0.0000000000
140142  -31.269  25.579  -22.376 0.0000000000
140143  -31.092  26.680  -22.816 0.0000000000
140144  -29.748  26.325  -24.202 0.0000000000
140145  -31.373  25.947  -21.587 0.0000000000
140146  -31.385  26.063  -22.085 0.0000000000
140147  -30.150  27.110  -23.520 0.0000000000
140148  -31.272  26.587  -22.288 0.0000000000
140149  -31.015  25.616  -23.444 0.0000000000
140150  -29.774  25.519  -24.433 0.0000000000
140151  -29.960  26.999  -24.043 0.0000000000
140152  -29.975  25.794  -24.364 0.0000000000
140153  -30.639  27.128  -22.752 0.0000000000
140154  -30.577  26.869  -23.436 0.0000000000
140155  -29.878  26.134  -24.301 0.0000000000
140156  -30.251  26.527  -24.083 0.0000000000
