#!ascii label  , from subject Broad_82_YZ vox2ras=TkReg
680
136358  -13.418  69.535  -18.284 0.0000000000
136781  -13.701  70.358  -17.828 0.0000000000
136791  -13.394  70.433  -18.542 0.0000000000
136802  -13.079  70.406  -19.179 0.0000000000
137222  -13.585  71.382  -17.964 0.0000000000
137223  -14.079  70.996  -17.462 0.0000000000
137232  -13.412  71.369  -18.890 0.0000000000
137242  -13.007  71.201  -19.409 0.0000000000
137624  -6.364  72.997  -12.760 0.0000000000
137625  -7.030  72.805  -12.653 0.0000000000
137626  -7.907  72.766  -12.612 0.0000000000
137627  -8.817  72.836  -12.660 0.0000000000
137628  -9.369  72.991  -12.903 0.0000000000
137636  -5.939  72.994  -13.302 0.0000000000
137637  -6.638  72.714  -13.446 0.0000000000
137638  -7.486  72.522  -13.480 0.0000000000
137639  -8.370  72.543  -13.440 0.0000000000
137640  -9.132  72.733  -13.485 0.0000000000
137651  -5.642  73.106  -13.808 0.0000000000
137652  -6.078  72.844  -14.094 0.0000000000
137653  -7.011  72.689  -14.424 0.0000000000
137654  -7.983  72.632  -14.370 0.0000000000
137655  -8.735  72.695  -14.107 0.0000000000
137664  -7.256  72.920  -15.045 0.0000000000
137665  -7.556  72.782  -14.821 0.0000000000
137675  -13.960  72.475  -16.795 0.0000000000
137676  -14.041  71.788  -16.789 0.0000000000
137686  -13.780  72.344  -17.641 0.0000000000
137687  -13.982  71.693  -17.225 0.0000000000
137694  -13.722  72.428  -18.488 0.0000000000
137695  -14.105  73.014  -19.042 0.0000000000
137705  -13.275  72.436  -19.376 0.0000000000
137706  -13.831  73.242  -19.417 0.0000000000
138010  -6.700  73.859  -10.788 0.0000000000
138011  -7.786  73.621  -10.862 0.0000000000
138012  -8.645  73.807  -10.732 0.0000000000
138013  -9.389  73.762  -10.548 0.0000000000
138025  -6.177  73.844  -11.753 0.0000000000
138026  -6.731  73.846  -11.431 0.0000000000
138027  -7.581  73.773  -11.333 0.0000000000
138028  -8.654  74.037  -11.287 0.0000000000
138029  -9.269  74.273  -11.514 0.0000000000
138030  -13.457  73.694  -11.750 0.0000000000
138031  -14.247  73.688  -11.065 0.0000000000
138039  -5.028  73.621  -12.781 0.0000000000
138040  -5.744  73.485  -12.442 0.0000000000
138041  -6.578  73.412  -12.151 0.0000000000
138042  -7.360  73.348  -11.975 0.0000000000
138043  -8.304  73.398  -11.946 0.0000000000
138044  -9.519  73.694  -12.216 0.0000000000
138045  -10.645  74.130  -12.470 0.0000000000
138046  -11.173  74.395  -12.676 0.0000000000
138055  -4.786  73.702  -13.482 0.0000000000
138056  -5.355  73.312  -13.364 0.0000000000
138057  -9.797  73.106  -13.406 0.0000000000
138058  -10.510  73.575  -13.217 0.0000000000
138059  -11.186  74.053  -13.206 0.0000000000
138069  -4.659  73.880  -14.050 0.0000000000
138070  -5.334  73.569  -14.405 0.0000000000
138071  -6.353  73.190  -14.822 0.0000000000
138072  -6.885  72.995  -14.966 0.0000000000
138073  -8.656  72.882  -14.763 0.0000000000
138074  -9.410  73.032  -14.394 0.0000000000
138075  -10.388  73.457  -14.317 0.0000000000
138076  -10.971  73.837  -13.901 0.0000000000
138084  -5.333  73.985  -15.143 0.0000000000
138085  -5.890  73.847  -15.487 0.0000000000
138086  -6.909  73.377  -15.462 0.0000000000
138087  -7.932  73.097  -15.335 0.0000000000
138088  -9.055  73.425  -15.392 0.0000000000
138089  -9.845  73.547  -15.046 0.0000000000
138097  -6.038  74.277  -15.954 0.0000000000
138098  -6.532  74.102  -16.129 0.0000000000
138099  -7.511  73.853  -16.202 0.0000000000
138100  -8.407  73.724  -16.070 0.0000000000
138101  -13.653  73.639  -16.462 0.0000000000
138102  -13.895  74.264  -16.714 0.0000000000
138112  -13.843  73.169  -17.384 0.0000000000
138113  -14.106  74.018  -17.225 0.0000000000
138120  -13.657  72.916  -17.946 0.0000000000
138121  -13.955  73.628  -18.257 0.0000000000
138130  -12.676  73.480  -19.530 0.0000000000
138131  -13.544  73.697  -19.557 0.0000000000
138132  -14.189  73.913  -19.292 0.0000000000
138151  -5.319  73.712  -22.661 0.0000000000
138157  -2.441  73.832  -23.411 0.0000000000
138158  -3.674  73.689  -23.390 0.0000000000
138159  -4.757  73.856  -23.310 0.0000000000
138160  -5.349  74.093  -23.231 0.0000000000
138360  -6.490  74.172  -11.065 0.0000000000
138361  -9.170  74.353  -10.791 0.0000000000
138362  -9.747  74.642  -10.759 0.0000000000
138363  -10.521  74.661  -10.483 0.0000000000
138364  -11.183  74.646  -10.201 0.0000000000
138365  -14.883  74.925  -10.557 0.0000000000
138376  -5.565  74.157  -11.596 0.0000000000
138377  -6.178  74.103  -11.323 0.0000000000
138378  -8.887  74.386  -10.935 0.0000000000
138379  -9.471  74.772  -11.143 0.0000000000
138380  -10.439  75.232  -11.389 0.0000000000
138381  -11.022  75.495  -11.539 0.0000000000
138382  -13.459  74.828  -12.005 0.0000000000
138383  -13.987  74.626  -11.253 0.0000000000
138391  -4.465  74.184  -12.648 0.0000000000
138392  -5.107  73.988  -12.211 0.0000000000
138393  -9.576  74.349  -11.609 0.0000000000
138394  -10.098  74.540  -11.768 0.0000000000
138395  -11.079  74.936  -12.095 0.0000000000
138397  -13.107  74.535  -13.163 0.0000000000
138403  -3.668  74.776  -13.957 0.0000000000
138404  -4.264  74.225  -13.613 0.0000000000
138405  -11.595  74.661  -13.030 0.0000000000
138407  -13.109  74.655  -14.083 0.0000000000
138414  -3.720  75.033  -14.788 0.0000000000
138415  -4.481  74.368  -14.588 0.0000000000
138416  -5.037  74.083  -14.967 0.0000000000
138417  -10.985  73.998  -14.563 0.0000000000
138418  -11.445  74.459  -14.092 0.0000000000
138420  -13.307  74.371  -14.956 0.0000000000
138427  -3.716  75.210  -15.138 0.0000000000
138428  -4.072  74.989  -15.271 0.0000000000
138429  -5.126  74.659  -15.583 0.0000000000
138430  -5.764  74.397  -15.834 0.0000000000
138431  -9.748  73.890  -15.661 0.0000000000
138432  -10.507  74.169  -15.315 0.0000000000
138433  -11.223  74.459  -14.966 0.0000000000
138434  -13.526  74.345  -15.764 0.0000000000
138440  -5.356  75.200  -16.192 0.0000000000
138441  -5.937  74.888  -16.299 0.0000000000
138442  -7.048  74.900  -16.869 0.0000000000
138443  -8.246  74.531  -16.772 0.0000000000
138444  -9.188  74.149  -16.294 0.0000000000
138445  -10.000  74.376  -16.099 0.0000000000
138446  -13.777  74.625  -16.303 0.0000000000
138447  -13.994  74.787  -16.929 0.0000000000
138458  -7.345  75.497  -17.199 0.0000000000
138459  -7.781  75.268  -17.231 0.0000000000
138460  -14.102  74.777  -17.771 0.0000000000
138468  -14.250  74.743  -18.721 0.0000000000
138472  -6.012  74.697  -19.979 0.0000000000
138473  -6.336  75.393  -20.180 0.0000000000
138475  -12.157  74.423  -19.704 0.0000000000
138476  -13.165  74.523  -19.774 0.0000000000
138477  -13.950  74.627  -19.780 0.0000000000
138478  -14.212  74.912  -19.420 0.0000000000
138479  -6.057  74.244  -21.146 0.0000000000
138480  -6.345  75.186  -20.756 0.0000000000
138483  -11.533  74.835  -19.869 0.0000000000
138484  -5.962  74.185  -22.171 0.0000000000
138485  -6.418  75.023  -21.717 0.0000000000
138488  -5.806  74.352  -23.037 0.0000000000
138489  -6.361  74.962  -22.716 0.0000000000
138495  -0.542  75.024  -23.501 0.0000000000
138496  -1.819  75.121  -23.886 0.0000000000
138497  -3.074  74.603  -24.049 0.0000000000
138498  -4.210  74.519  -23.964 0.0000000000
138499  -5.321  74.715  -23.755 0.0000000000
138500  -6.044  74.948  -23.428 0.0000000000
138505  -2.085  75.848  -24.138 0.0000000000
138506  -2.649  75.634  -24.316 0.0000000000
138507  -3.657  75.428  -24.369 0.0000000000
138508  -4.602  75.330  -24.289 0.0000000000
138600  -11.867  75.838  -9.898 0.0000000000
138601  -12.634  75.969  -9.613 0.0000000000
138614  -9.862  75.009  -10.821 0.0000000000
138615  -10.161  75.110  -10.721 0.0000000000
138616  -11.109  75.660  -10.316 0.0000000000
138617  -15.079  76.000  -10.442 0.0000000000
138618  -15.819  75.952  -9.966 0.0000000000
138628  -9.821  75.120  -10.985 0.0000000000
138629  -10.275  75.350  -10.911 0.0000000000
138630  -11.056  76.060  -11.064 0.0000000000
138631  -13.925  75.655  -12.003 0.0000000000
138632  -14.361  75.883  -11.214 0.0000000000
138640  -11.590  75.884  -11.820 0.0000000000
138641  -12.063  76.088  -12.327 0.0000000000
138642  -13.627  75.566  -12.627 0.0000000000
138651  -11.797  75.449  -12.651 0.0000000000
138652  -12.263  76.061  -13.079 0.0000000000
138653  -13.433  75.518  -13.553 0.0000000000
138661  -3.169  75.499  -14.335 0.0000000000
138662  -11.904  75.300  -13.693 0.0000000000
138663  -12.275  76.100  -14.131 0.0000000000
138664  -13.497  75.421  -14.504 0.0000000000
138671  -2.548  76.084  -14.722 0.0000000000
138672  -3.310  75.657  -15.367 0.0000000000
138673  -4.240  75.471  -15.908 0.0000000000
138674  -4.929  75.451  -16.193 0.0000000000
138675  -11.101  74.689  -15.479 0.0000000000
138676  -11.672  75.333  -15.120 0.0000000000
138677  -12.319  76.265  -14.991 0.0000000000
138678  -13.810  75.402  -15.532 0.0000000000
138679  -14.241  75.887  -16.217 0.0000000000
138685  -3.611  76.228  -16.205 0.0000000000
138686  -4.514  76.195  -16.457 0.0000000000
138687  -5.383  75.904  -16.598 0.0000000000
138688  -6.277  75.974  -16.892 0.0000000000
138689  -6.981  75.774  -17.197 0.0000000000
138690  -8.959  74.768  -16.800 0.0000000000
138691  -9.613  74.912  -16.701 0.0000000000
138692  -10.742  75.019  -16.281 0.0000000000
138693  -11.492  75.825  -16.364 0.0000000000
138694  -13.941  75.298  -16.430 0.0000000000
138695  -14.242  75.728  -17.139 0.0000000000
138705  -6.799  76.498  -17.215 0.0000000000
138706  -7.555  76.130  -17.362 0.0000000000
138707  -8.704  75.587  -17.290 0.0000000000
138708  -9.936  75.750  -17.209 0.0000000000
138709  -10.889  75.996  -17.053 0.0000000000
138710  -11.415  76.241  -16.950 0.0000000000
138711  -14.458  75.683  -18.243 0.0000000000
138718  -14.492  75.599  -19.179 0.0000000000
138719  -5.797  75.648  -19.190 0.0000000000
138720  -6.332  75.781  -19.711 0.0000000000
138721  -12.004  75.141  -19.876 0.0000000000
138722  -12.732  75.496  -20.073 0.0000000000
138723  -13.780  75.360  -20.204 0.0000000000
138724  -14.560  75.516  -19.995 0.0000000000
138725  -6.772  75.885  -20.266 0.0000000000
138726  -7.224  76.213  -20.669 0.0000000000
138729  -11.638  75.677  -20.257 0.0000000000
138730  -12.381  76.147  -20.323 0.0000000000
138731  -14.260  75.857  -20.278 0.0000000000
138732  -14.543  76.040  -20.281 0.0000000000
138733  -6.838  75.738  -21.181 0.0000000000
138734  -7.451  76.241  -21.356 0.0000000000
138737  -7.059  75.845  -22.290 0.0000000000
138738  -7.624  76.334  -21.976 0.0000000000
138742  1.102  75.803  -23.799 0.0000000000
138743  0.124  75.936  -23.756 0.0000000000
138744  -0.928  76.221  -23.798 0.0000000000
138745  -1.684  76.123  -24.024 0.0000000000
138746  -5.845  75.322  -23.780 0.0000000000
138747  -6.415  75.804  -23.518 0.0000000000
138752  1.336  76.274  -24.213 0.0000000000
138753  -1.496  76.803  -23.877 0.0000000000
138754  -2.182  76.568  -24.201 0.0000000000
138755  -3.140  76.462  -24.475 0.0000000000
138756  -4.203  76.306  -24.507 0.0000000000
138757  -5.431  76.002  -24.262 0.0000000000
138758  -6.066  76.480  -24.003 0.0000000000
138766  -0.290  76.330  -26.676 0.0000000000
138778  0.591  76.417  -27.793 0.0000000000
138820  -12.004  76.596  -9.846 0.0000000000
138821  -13.128  77.216  -9.639 0.0000000000
138822  -14.511  77.219  -9.280 0.0000000000
138823  -15.692  77.243  -9.307 0.0000000000
138824  -16.110  76.618  -9.511 0.0000000000
138831  -11.820  77.045  -10.410 0.0000000000
138832  -12.293  77.301  -9.876 0.0000000000
138833  -15.268  77.031  -10.351 0.0000000000
138834  -15.848  76.813  -9.742 0.0000000000
138841  -12.123  76.829  -11.323 0.0000000000
138842  -12.524  77.351  -11.656 0.0000000000
138843  -14.155  76.392  -12.128 0.0000000000
138844  -14.662  77.261  -11.496 0.0000000000
138849  -12.082  76.375  -11.900 0.0000000000
138850  -12.422  76.863  -12.300 0.0000000000
138851  -14.007  76.406  -13.045 0.0000000000
138852  -14.436  77.375  -12.525 0.0000000000
138859  -12.636  76.881  -13.422 0.0000000000
138860  -13.908  76.302  -13.992 0.0000000000
138861  -14.375  77.279  -13.526 0.0000000000
138869  -12.672  76.925  -14.421 0.0000000000
138870  -13.965  76.110  -14.879 0.0000000000
138871  -14.386  76.988  -14.489 0.0000000000
138878  -2.241  76.793  -15.521 0.0000000000
138879  -2.981  76.366  -15.927 0.0000000000
138880  -12.147  76.225  -15.842 0.0000000000
138881  -12.684  76.883  -15.370 0.0000000000
138882  -14.037  75.999  -15.289 0.0000000000
138883  -14.249  76.574  -15.510 0.0000000000
138890  -1.876  77.271  -16.340 0.0000000000
138891  -2.862  76.856  -16.462 0.0000000000
138892  -3.947  77.006  -16.609 0.0000000000
138893  -5.026  77.128  -16.832 0.0000000000
138894  -5.694  76.600  -16.850 0.0000000000
138895  -11.922  76.412  -16.763 0.0000000000
138896  -12.618  76.824  -16.342 0.0000000000
138897  -14.544  76.682  -16.567 0.0000000000
138906  -5.399  77.718  -17.192 0.0000000000
138907  -6.058  77.246  -17.189 0.0000000000
138908  -7.137  77.277  -17.325 0.0000000000
138909  -8.156  77.011  -17.535 0.0000000000
138910  -9.233  76.732  -17.628 0.0000000000
138911  -10.266  76.636  -17.638 0.0000000000
138912  -11.386  76.768  -17.620 0.0000000000
138913  -12.282  76.989  -17.314 0.0000000000
138914  -14.962  76.776  -17.714 0.0000000000
138915  -15.316  77.417  -18.052 0.0000000000
138916  -3.826  76.876  -18.059 0.0000000000
138917  -4.681  76.876  -18.375 0.0000000000
138918  -5.768  76.859  -18.787 0.0000000000
138919  -6.295  77.480  -18.931 0.0000000000
138920  -11.815  77.293  -18.016 0.0000000000
138921  -12.032  77.135  -17.815 0.0000000000
138922  -14.816  76.410  -18.827 0.0000000000
138923  -15.232  77.138  -18.614 0.0000000000
138924  -6.193  76.278  -19.278 0.0000000000
138925  -6.890  76.832  -19.413 0.0000000000
138926  -7.501  77.346  -19.713 0.0000000000
138927  -13.572  75.976  -20.312 0.0000000000
138928  -13.989  75.899  -20.381 0.0000000000
138929  -14.934  76.186  -19.605 0.0000000000
138930  -15.112  76.812  -19.363 0.0000000000
138931  -7.221  76.407  -20.154 0.0000000000
138932  -7.808  76.969  -20.452 0.0000000000
138933  -8.378  77.580  -20.757 0.0000000000
138934  -11.252  76.448  -20.709 0.0000000000
138935  -12.072  76.735  -20.629 0.0000000000
138936  -13.080  76.626  -20.428 0.0000000000
138937  -14.186  76.483  -20.366 0.0000000000
138938  -14.943  76.386  -20.146 0.0000000000
138939  -15.115  76.573  -19.774 0.0000000000
138940  -7.959  76.750  -21.619 0.0000000000
138941  -8.360  77.383  -21.318 0.0000000000
138943  -10.847  76.762  -21.350 0.0000000000
138944  -11.529  77.061  -20.978 0.0000000000
138945  -7.150  76.354  -23.146 0.0000000000
138946  -7.725  76.869  -22.556 0.0000000000
138947  -8.342  77.215  -22.053 0.0000000000
138949  -10.557  76.970  -21.990 0.0000000000
138950  1.099  76.718  -24.160 0.0000000000
138951  0.595  76.711  -23.916 0.0000000000
138952  -0.127  76.977  -23.743 0.0000000000
138953  -6.589  77.014  -23.824 0.0000000000
138954  -7.281  77.212  -23.353 0.0000000000
138958  1.424  76.720  -24.520 0.0000000000
138959  -0.916  77.334  -23.752 0.0000000000
138960  -1.758  77.511  -23.950 0.0000000000
138961  -2.624  77.440  -24.369 0.0000000000
138962  -3.628  77.378  -24.506 0.0000000000
138963  -4.680  77.272  -24.397 0.0000000000
138964  -5.675  77.221  -24.165 0.0000000000
138968  -1.082  77.202  -25.437 0.0000000000
138969  -1.954  77.297  -25.403 0.0000000000
138970  -2.441  77.466  -25.541 0.0000000000
138976  0.368  76.989  -26.477 0.0000000000
138977  -0.384  76.833  -26.119 0.0000000000
138978  -1.499  76.602  -25.916 0.0000000000
138987  0.762  76.755  -27.181 0.0000000000
138988  0.118  76.564  -26.732 0.0000000000
138997  1.068  76.619  -27.925 0.0000000000
139006  -13.230  78.010  -9.654 0.0000000000
139007  -13.848  78.220  -9.356 0.0000000000
139008  -14.833  78.265  -9.242 0.0000000000
139012  -12.396  77.593  -10.537 0.0000000000
139013  -12.704  77.984  -10.047 0.0000000000
139014  -13.373  78.375  -9.759 0.0000000000
139015  -15.185  78.240  -9.967 0.0000000000
139019  -12.255  77.388  -10.796 0.0000000000
139020  -12.845  77.974  -11.108 0.0000000000
139021  -13.459  78.682  -11.595 0.0000000000
139022  -14.922  78.214  -10.941 0.0000000000
139026  -12.781  77.668  -11.972 0.0000000000
139027  -13.234  78.331  -12.116 0.0000000000
139028  -14.687  78.257  -12.045 0.0000000000
139032  -12.855  77.716  -12.780 0.0000000000
139033  -13.410  78.500  -13.102 0.0000000000
139034  -14.678  78.274  -13.093 0.0000000000
139038  -12.930  77.770  -13.786 0.0000000000
139039  -13.437  78.541  -14.154 0.0000000000
139040  -14.612  78.097  -14.090 0.0000000000
139041  -15.027  78.390  -14.842 0.0000000000
139045  -12.961  77.746  -14.805 0.0000000000
139046  -13.535  78.418  -15.204 0.0000000000
139047  -14.751  77.667  -15.045 0.0000000000
139048  -15.202  78.239  -15.438 0.0000000000
139053  -2.367  77.385  -16.836 0.0000000000
139054  -3.390  77.495  -16.904 0.0000000000
139055  -4.252  77.646  -16.967 0.0000000000
139056  -13.197  77.498  -15.797 0.0000000000
139057  -13.674  78.188  -16.246 0.0000000000
139058  -14.945  77.431  -15.937 0.0000000000
139059  -15.367  78.094  -16.335 0.0000000000
139064  -2.929  77.306  -17.314 0.0000000000
139065  -4.030  77.735  -17.457 0.0000000000
139066  -4.894  77.933  -17.377 0.0000000000
139067  -5.676  78.151  -17.443 0.0000000000
139068  -6.600  78.193  -17.422 0.0000000000
139069  -7.656  78.144  -17.519 0.0000000000
139070  -8.755  77.988  -17.651 0.0000000000
139071  -9.669  77.485  -17.938 0.0000000000
139072  -10.512  77.309  -18.006 0.0000000000
139073  -13.079  77.446  -16.905 0.0000000000
139074  -13.734  78.059  -17.352 0.0000000000
139075  -15.088  77.385  -16.806 0.0000000000
139076  -15.366  77.831  -17.437 0.0000000000
139077  -3.633  77.383  -17.717 0.0000000000
139078  -4.330  77.771  -18.057 0.0000000000
139079  -5.195  77.819  -18.279 0.0000000000
139080  -5.942  78.018  -18.602 0.0000000000
139081  -9.377  78.276  -18.014 0.0000000000
139082  -10.109  78.087  -18.253 0.0000000000
139083  -11.232  77.786  -18.259 0.0000000000
139084  -12.630  77.640  -18.278 0.0000000000
139085  -13.933  78.231  -18.472 0.0000000000
139086  -14.522  78.384  -18.939 0.0000000000
139087  -15.419  77.771  -18.367 0.0000000000
139088  -6.650  78.022  -18.928 0.0000000000
139089  -7.347  77.996  -19.377 0.0000000000
139090  -7.973  78.295  -19.596 0.0000000000
139091  -13.275  78.358  -19.103 0.0000000000
139092  -13.909  78.322  -19.550 0.0000000000
139093  -14.763  78.062  -19.491 0.0000000000
139094  -15.286  77.592  -19.235 0.0000000000
139095  -7.849  77.706  -19.815 0.0000000000
139096  -8.412  78.080  -20.234 0.0000000000
139097  -8.966  78.511  -20.619 0.0000000000
139098  -11.952  77.382  -20.926 0.0000000000
139099  -12.633  77.652  -20.874 0.0000000000
139100  -13.816  77.787  -20.352 0.0000000000
139101  -14.841  77.253  -20.051 0.0000000000
139102  -15.173  76.914  -19.788 0.0000000000
139103  -8.921  77.968  -21.046 0.0000000000
139104  -9.269  78.603  -21.055 0.0000000000
139105  -10.926  77.323  -21.845 0.0000000000
139106  -11.628  77.791  -21.476 0.0000000000
139107  -12.462  78.383  -21.199 0.0000000000
139108  -8.180  77.664  -22.485 0.0000000000
139109  -8.745  77.961  -21.988 0.0000000000
139111  -10.628  77.758  -22.512 0.0000000000
139112  -11.345  78.649  -22.058 0.0000000000
139113  0.848  77.141  -24.096 0.0000000000
139114  0.480  77.447  -23.960 0.0000000000
139115  -0.215  77.741  -23.834 0.0000000000
139116  -6.908  77.912  -23.659 0.0000000000
139117  -7.631  78.032  -23.105 0.0000000000
139120  -10.367  78.567  -23.286 0.0000000000
139121  1.571  77.125  -24.759 0.0000000000
139122  1.150  77.398  -24.478 0.0000000000
139123  0.248  77.774  -24.442 0.0000000000
139124  -1.029  78.039  -24.232 0.0000000000
139125  -2.218  78.036  -24.413 0.0000000000
139126  -3.140  78.231  -24.517 0.0000000000
139127  -4.105  78.304  -24.434 0.0000000000
139128  -5.119  78.285  -24.290 0.0000000000
139129  -6.124  78.247  -23.982 0.0000000000
139134  1.053  77.791  -25.350 0.0000000000
139135  -0.165  77.529  -25.289 0.0000000000
139136  -1.567  77.836  -24.911 0.0000000000
139137  -2.385  77.984  -25.262 0.0000000000
139138  -2.983  78.161  -25.478 0.0000000000
139144  0.924  77.360  -26.426 0.0000000000
139145  0.193  77.283  -26.071 0.0000000000
139146  -2.790  77.657  -25.633 0.0000000000
139147  -3.407  77.731  -26.079 0.0000000000
139153  1.267  77.098  -27.173 0.0000000000
139164  -14.317  78.670  -9.462 0.0000000000
139165  -14.610  78.700  -9.753 0.0000000000
139166  -13.298  78.494  -9.999 0.0000000000
139167  -13.864  78.838  -9.915 0.0000000000
139168  -14.540  78.787  -10.463 0.0000000000
139169  -13.299  78.515  -10.375 0.0000000000
139170  -13.767  78.952  -10.986 0.0000000000
139171  -14.455  78.861  -11.545 0.0000000000
139172  -13.924  79.135  -12.305 0.0000000000
139173  -14.570  78.978  -12.800 0.0000000000
139174  -14.009  79.146  -13.526 0.0000000000
139175  -15.185  79.006  -13.678 0.0000000000
139176  -15.290  79.144  -14.356 0.0000000000
139177  -14.135  79.023  -14.541 0.0000000000
139178  -15.232  78.781  -14.325 0.0000000000
139179  -15.278  78.872  -14.919 0.0000000000
139180  -14.306  78.872  -15.596 0.0000000000
139181  -14.685  79.062  -16.082 0.0000000000
139182  -15.340  78.752  -15.723 0.0000000000
139183  -14.350  78.614  -16.587 0.0000000000
139184  -14.887  79.020  -16.734 0.0000000000
139185  -15.259  78.752  -16.696 0.0000000000
139186  -4.674  78.161  -17.758 0.0000000000
139187  -5.251  78.455  -17.772 0.0000000000
139188  -6.061  78.748  -17.788 0.0000000000
139189  -7.177  78.922  -17.880 0.0000000000
139190  -8.221  78.928  -17.788 0.0000000000
139191  -8.972  78.870  -17.932 0.0000000000
139192  -14.486  78.518  -17.537 0.0000000000
139193  -15.030  78.759  -17.699 0.0000000000
139194  -15.341  78.336  -17.966 0.0000000000
139195  -4.924  78.347  -18.068 0.0000000000
139196  -5.543  78.588  -18.209 0.0000000000
139197  -6.504  78.727  -18.385 0.0000000000
139198  -7.476  79.038  -18.539 0.0000000000
139199  -9.590  78.880  -18.268 0.0000000000
139200  -10.538  78.933  -18.647 0.0000000000
139201  -11.724  78.649  -18.816 0.0000000000
139202  -12.595  78.612  -19.145 0.0000000000
139203  -14.662  78.492  -18.290 0.0000000000
139204  -15.081  78.438  -18.662 0.0000000000
139205  -15.391  78.090  -18.767 0.0000000000
139206  -7.124  78.594  -18.840 0.0000000000
139207  -7.758  78.882  -19.195 0.0000000000
139208  -8.387  78.863  -19.647 0.0000000000
139209  -11.234  79.435  -19.129 0.0000000000
139210  -12.041  79.248  -19.652 0.0000000000
139211  -13.102  78.852  -19.906 0.0000000000
139212  -13.567  78.418  -20.296 0.0000000000
139213  -15.267  78.113  -19.108 0.0000000000
139214  -15.406  77.914  -19.049 0.0000000000
139215  -8.909  78.902  -20.124 0.0000000000
139216  -9.309  79.026  -20.655 0.0000000000
139217  -12.392  79.268  -20.469 0.0000000000
139218  -13.090  78.603  -20.849 0.0000000000
139219  -13.519  78.255  -20.526 0.0000000000
139220  -9.165  78.542  -21.595 0.0000000000
139221  -9.428  79.205  -21.424 0.0000000000
139222  -12.051  78.997  -21.307 0.0000000000
139223  -12.614  78.701  -21.205 0.0000000000
139224  -8.369  78.387  -22.643 0.0000000000
139225  -8.997  79.141  -22.351 0.0000000000
139226  -9.417  79.542  -21.927 0.0000000000
139227  -10.906  79.112  -22.817 0.0000000000
139228  -11.350  79.499  -22.033 0.0000000000
139229  -6.252  79.756  -24.045 0.0000000000
139230  -6.805  79.079  -23.773 0.0000000000
139231  -8.095  79.193  -23.112 0.0000000000
139232  -8.565  79.661  -22.775 0.0000000000
139233  -9.932  79.044  -23.954 0.0000000000
139234  -10.467  79.279  -23.497 0.0000000000
139235  -2.062  78.124  -24.504 0.0000000000
139236  -2.915  78.612  -24.717 0.0000000000
139237  -3.697  79.059  -24.491 0.0000000000
139238  -4.622  79.182  -24.358 0.0000000000
139239  -5.716  79.236  -24.144 0.0000000000
139240  -6.174  78.876  -23.949 0.0000000000
139243  -9.399  79.353  -24.482 0.0000000000
139244  -2.376  78.265  -24.804 0.0000000000
139245  -2.836  78.657  -25.148 0.0000000000
139246  -3.400  78.619  -25.595 0.0000000000
139247  -4.100  78.815  -25.830 0.0000000000
139250  -7.007  79.139  -25.550 0.0000000000
139251  -3.875  78.292  -26.264 0.0000000000
139256  -14.469  79.218  -13.244 0.0000000000
139257  -14.847  79.376  -13.559 0.0000000000
139258  -14.606  79.425  -13.976 0.0000000000
139259  -15.110  79.451  -14.294 0.0000000000
139260  -15.247  79.214  -14.749 0.0000000000
139261  -14.762  79.343  -14.985 0.0000000000
139262  -15.140  79.297  -15.129 0.0000000000
139263  -15.290  79.081  -15.246 0.0000000000
139264  -14.728  79.216  -15.629 0.0000000000
139265  -15.018  79.305  -15.865 0.0000000000
139266  -15.243  79.127  -15.795 0.0000000000
139267  -15.138  79.111  -16.350 0.0000000000
139268  -15.202  79.130  -16.126 0.0000000000
139269  -8.102  79.393  -18.300 0.0000000000
139270  -8.799  79.470  -18.170 0.0000000000
139271  -9.201  79.280  -18.197 0.0000000000
139272  -8.205  79.462  -18.918 0.0000000000
139273  -8.859  80.054  -18.758 0.0000000000
139274  -9.621  79.722  -18.538 0.0000000000
139275  -10.547  79.959  -18.902 0.0000000000
139276  -8.303  79.273  -19.316 0.0000000000
139277  -8.957  79.681  -19.626 0.0000000000
139278  -9.527  80.061  -20.053 0.0000000000
139279  -11.278  80.125  -19.759 0.0000000000
139280  -11.868  79.620  -20.157 0.0000000000
139281  -9.233  79.339  -20.225 0.0000000000
139282  -9.567  79.726  -20.664 0.0000000000
139283  -11.133  80.265  -20.710 0.0000000000
139284  -11.739  79.779  -20.657 0.0000000000
139285  -9.575  79.894  -21.665 0.0000000000
139286  -11.072  80.273  -21.164 0.0000000000
139287  -11.381  79.972  -21.402 0.0000000000
139288  -8.905  80.160  -22.690 0.0000000000
139289  -9.334  79.876  -22.200 0.0000000000
139290  -10.933  80.050  -22.477 0.0000000000
139291  -11.274  80.031  -21.972 0.0000000000
139292  -5.959  80.274  -24.376 0.0000000000
139293  -6.753  80.292  -23.984 0.0000000000
139294  -7.629  80.087  -23.508 0.0000000000
139295  -8.342  80.002  -23.104 0.0000000000
139296  -10.212  79.707  -23.865 0.0000000000
139297  -10.514  79.919  -23.379 0.0000000000
139298  -3.105  79.134  -25.048 0.0000000000
139299  -3.567  79.414  -24.890 0.0000000000
139300  -4.407  79.874  -24.733 0.0000000000
139301  -5.138  79.873  -24.442 0.0000000000
139302  -8.418  79.760  -25.081 0.0000000000
139303  -9.037  80.107  -24.908 0.0000000000
139304  -9.707  80.164  -24.483 0.0000000000
139305  -10.183  80.099  -23.930 0.0000000000
139306  -3.215  78.977  -25.284 0.0000000000
139307  -3.556  79.183  -25.317 0.0000000000
139308  -4.350  79.676  -25.322 0.0000000000
139309  -5.456  79.787  -25.477 0.0000000000
139310  -6.533  79.941  -25.569 0.0000000000
139311  -7.851  79.958  -25.743 0.0000000000
139312  -9.091  79.694  -25.873 0.0000000000
139313  -10.172  79.892  -25.759 0.0000000000
139314  -10.271  80.378  -26.178 0.0000000000
139315  -8.210  80.506  -26.233 0.0000000000
139316  -8.816  80.298  -26.278 0.0000000000
139317  -9.683  80.201  -26.304 0.0000000000
139318  -10.097  80.242  -26.263 0.0000000000
139319  -9.255  80.379  -19.095 0.0000000000
139320  -9.580  80.384  -18.925 0.0000000000
139321  -10.016  80.274  -18.805 0.0000000000
139322  -9.114  80.233  -19.248 0.0000000000
139323  -9.603  80.379  -19.583 0.0000000000
139324  -10.273  80.469  -19.289 0.0000000000
139325  -9.945  80.314  -20.482 0.0000000000
139326  -10.483  80.522  -20.140 0.0000000000
139327  -9.976  80.267  -21.393 0.0000000000
139328  -10.642  80.322  -21.130 0.0000000000
139329  -11.061  80.293  -21.409 0.0000000000
139330  -9.199  80.525  -23.105 0.0000000000
139331  -9.685  80.404  -22.452 0.0000000000
139332  -10.453  80.371  -22.036 0.0000000000
139333  -11.016  80.285  -21.764 0.0000000000
139334  -6.147  80.762  -24.704 0.0000000000
139335  -6.730  81.277  -24.440 0.0000000000
139336  -7.398  81.068  -23.754 0.0000000000
139337  -8.532  80.781  -23.472 0.0000000000
139338  -9.567  80.792  -23.722 0.0000000000
139339  -10.282  80.449  -22.993 0.0000000000
139340  -4.764  80.230  -24.880 0.0000000000
139341  -5.408  80.459  -24.784 0.0000000000
139342  -6.455  81.168  -24.887 0.0000000000
139343  -9.651  80.990  -24.662 0.0000000000
139344  -10.001  80.430  -23.857 0.0000000000
139345  -4.510  80.139  -24.995 0.0000000000
139346  -4.983  80.321  -25.137 0.0000000000
139347  -6.102  80.746  -25.146 0.0000000000
139348  -7.027  80.792  -25.469 0.0000000000
139349  -10.190  80.834  -25.284 0.0000000000
139350  -10.496  80.765  -26.056 0.0000000000
139351  -7.706  80.943  -26.086 0.0000000000
139352  -8.499  81.003  -26.441 0.0000000000
139353  -9.420  80.842  -26.455 0.0000000000
139354  -10.069  80.616  -26.340 0.0000000000
139355  -6.464  82.648  -24.486 0.0000000000
139356  -6.716  82.263  -24.277 0.0000000000
139357  -7.149  81.889  -23.855 0.0000000000
139358  -8.038  81.751  -23.958 0.0000000000
139359  -9.156  81.556  -24.186 0.0000000000
139360  -6.759  82.539  -24.719 0.0000000000
139361  -6.510  82.083  -24.628 0.0000000000
139362  -7.275  82.022  -23.682 0.0000000000
139363  -7.359  81.989  -23.833 0.0000000000
139364  -10.054  81.722  -24.544 0.0000000000
139365  -10.563  82.345  -24.817 0.0000000000
139366  -6.798  82.887  -25.251 0.0000000000
139367  -6.685  81.932  -25.235 0.0000000000
139368  -6.713  81.323  -25.318 0.0000000000
139369  -10.311  81.310  -24.956 0.0000000000
139370  -10.491  81.704  -25.414 0.0000000000
139371  -6.970  82.088  -26.015 0.0000000000
139372  -7.856  81.915  -26.327 0.0000000000
139373  -9.118  81.691  -26.441 0.0000000000
139374  -10.030  81.345  -26.276 0.0000000000
139375  -6.773  82.761  -24.314 0.0000000000
139376  -7.327  82.425  -24.086 0.0000000000
139377  -8.170  82.364  -24.141 0.0000000000
139378  -9.152  82.400  -24.188 0.0000000000
139379  -9.618  82.804  -24.136 0.0000000000
139380  -7.296  82.078  -23.843 0.0000000000
139381  -7.542  82.056  -23.949 0.0000000000
139382  -9.655  82.124  -24.361 0.0000000000
139383  -10.074  82.716  -24.361 0.0000000000
139384  -8.541  82.885  -25.647 0.0000000000
139385  -9.342  82.858  -25.505 0.0000000000
139386  -10.233  82.744  -25.205 0.0000000000
139387  -7.255  82.500  -25.771 0.0000000000
139388  -8.828  82.472  -26.174 0.0000000000
139389  -9.776  82.204  -25.906 0.0000000000
139390  -6.648  83.054  -24.683 0.0000000000
139391  -7.300  82.993  -24.429 0.0000000000
139392  -8.077  82.850  -24.283 0.0000000000
139393  -8.871  82.860  -24.080 0.0000000000
139394  -9.351  82.829  -24.075 0.0000000000
139395  -7.257  83.100  -24.904 0.0000000000
139396  -7.986  83.171  -24.764 0.0000000000
139397  -8.819  83.197  -24.508 0.0000000000
139398  -9.489  83.060  -24.238 0.0000000000
139399  -7.772  83.058  -25.394 0.0000000000
139400  -8.704  83.285  -25.130 0.0000000000
139401  -9.598  83.207  -24.833 0.0000000000
140330  -7.058  81.538  -25.817 0.0000000000
140331  -8.019  82.644  -25.953 0.0000000000
