#!ascii label  , from subject Broad_82_YZ vox2ras=TkReg
1407
48044  -14.452  -19.114  -18.070 0.0000000000
48045  -14.484  -19.096  -18.599 0.0000000000
48046  -15.011  -19.205  -19.072 0.0000000000
48047  -15.818  -18.979  -19.757 0.0000000000
48048  -16.913  -19.241  -19.778 0.0000000000
48049  -18.136  -19.313  -19.806 0.0000000000
48062  -16.596  -18.656  -20.285 0.0000000000
48063  -17.482  -18.624  -20.349 0.0000000000
48064  -18.487  -18.632  -20.829 0.0000000000
48065  -19.223  -19.582  -20.424 0.0000000000
48081  -18.731  -18.470  -21.531 0.0000000000
48082  -19.297  -18.967  -21.633 0.0000000000
48102  -18.353  -19.585  -23.445 0.0000000000
48103  -19.051  -19.443  -22.734 0.0000000000
48113  -18.406  -19.620  -24.137 0.0000000000
49300  -14.407  -18.898  -17.654 0.0000000000
49307  -14.485  -18.664  -18.417 0.0000000000
49308  -14.685  -18.488  -19.118 0.0000000000
49309  -15.196  -18.502  -19.636 0.0000000000
49310  -15.527  -18.429  -20.029 0.0000000000
49320  -15.000  -18.030  -19.690 0.0000000000
49321  -15.347  -18.005  -20.147 0.0000000000
49322  -15.936  -18.217  -20.531 0.0000000000
49323  -16.912  -17.981  -20.769 0.0000000000
49324  -17.775  -18.066  -20.885 0.0000000000
49336  -17.470  -17.635  -21.269 0.0000000000
49337  -18.270  -17.880  -21.678 0.0000000000
49338  -18.801  -18.412  -22.046 0.0000000000
49360  -18.376  -18.410  -22.912 0.0000000000
49361  -18.913  -18.774  -22.362 0.0000000000
49377  -17.731  -18.068  -24.192 0.0000000000
49378  -17.885  -18.814  -23.889 0.0000000000
49388  -17.957  -18.006  -24.517 0.0000000000
49389  -18.370  -18.643  -24.443 0.0000000000
50347  -14.468  -18.529  -18.018 0.0000000000
50357  -14.571  -18.282  -18.784 0.0000000000
50358  -14.847  -17.870  -19.487 0.0000000000
50366  -15.150  -17.508  -20.175 0.0000000000
50367  -15.582  -17.356  -20.775 0.0000000000
50368  -16.226  -17.509  -21.106 0.0000000000
50369  -16.886  -17.405  -21.319 0.0000000000
50380  -15.871  -16.968  -21.376 0.0000000000
50381  -16.474  -16.903  -21.594 0.0000000000
50382  -17.423  -16.997  -21.881 0.0000000000
50383  -18.035  -17.488  -22.497 0.0000000000
50400  -17.656  -16.962  -22.830 0.0000000000
50401  -17.958  -17.585  -23.166 0.0000000000
50426  -17.666  -17.195  -23.682 0.0000000000
50427  -17.888  -18.020  -23.643 0.0000000000
50428  -19.523  -17.612  -23.843 0.0000000000
50445  -17.865  -17.441  -24.327 0.0000000000
50446  -18.323  -17.757  -24.528 0.0000000000
50447  -18.997  -18.127  -24.444 0.0000000000
51367  -14.578  -18.429  -18.489 0.0000000000
51381  -14.824  -18.009  -19.244 0.0000000000
51382  -15.098  -17.246  -20.131 0.0000000000
51391  -15.352  -16.634  -20.830 0.0000000000
51392  -15.590  -16.646  -21.236 0.0000000000
51399  -15.539  -16.107  -21.406 0.0000000000
51400  -15.973  -16.179  -21.769 0.0000000000
51401  -16.674  -16.348  -22.129 0.0000000000
51402  -17.161  -16.499  -22.550 0.0000000000
51410  -16.315  -15.795  -22.359 0.0000000000
51411  -16.694  -15.972  -22.838 0.0000000000
51412  -17.272  -16.443  -23.158 0.0000000000
51429  -16.991  -15.903  -23.354 0.0000000000
51430  -17.486  -16.252  -23.618 0.0000000000
51431  -18.572  -16.463  -23.956 0.0000000000
51432  -19.144  -16.713  -23.804 0.0000000000
51433  -20.442  -16.865  -22.944 0.0000000000
51457  -17.839  -16.697  -24.047 0.0000000000
51458  -18.308  -16.887  -24.287 0.0000000000
51459  -18.839  -17.403  -24.295 0.0000000000
52572  -15.212  -16.089  -20.919 0.0000000000
52581  -15.537  -15.680  -21.334 0.0000000000
52590  -15.692  -15.462  -21.828 0.0000000000
52591  -16.003  -15.308  -22.351 0.0000000000
52600  -16.354  -15.285  -22.826 0.0000000000
52601  -16.715  -15.311  -23.246 0.0000000000
52612  -17.249  -15.419  -23.567 0.0000000000
52613  -17.931  -15.845  -23.910 0.0000000000
52614  -18.791  -15.893  -23.767 0.0000000000
52615  -19.828  -15.873  -23.628 0.0000000000
52616  -21.012  -15.462  -23.740 0.0000000000
52617  -22.395  -15.537  -23.913 0.0000000000
52634  -18.035  -16.449  -24.137 0.0000000000
52635  -18.268  -16.328  -24.016 0.0000000000
52636  -21.147  -14.782  -24.253 0.0000000000
52637  -21.850  -14.851  -24.369 0.0000000000
52638  -22.901  -15.013  -24.969 0.0000000000
52657  -22.809  -14.970  -25.914 0.0000000000
52668  -22.616  -14.680  -26.240 0.0000000000
52669  -22.949  -14.871  -26.436 0.0000000000
52670  -23.618  -14.975  -26.429 0.0000000000
53949  -15.585  -15.096  -21.565 0.0000000000
53960  -15.700  -14.940  -21.824 0.0000000000
53961  -15.894  -14.699  -22.313 0.0000000000
53970  -16.228  -14.491  -23.005 0.0000000000
53971  -16.481  -14.868  -23.176 0.0000000000
53980  -16.483  -14.046  -23.404 0.0000000000
53981  -16.834  -14.403  -23.625 0.0000000000
53982  -17.692  -14.797  -23.737 0.0000000000
53983  -18.542  -14.962  -23.646 0.0000000000
53984  -19.479  -15.081  -23.730 0.0000000000
53985  -20.167  -15.235  -23.812 0.0000000000
54001  -17.153  -13.808  -24.152 0.0000000000
54002  -17.486  -14.122  -24.090 0.0000000000
54003  -18.218  -14.211  -24.212 0.0000000000
54004  -19.207  -14.334  -24.199 0.0000000000
54005  -20.379  -14.547  -24.320 0.0000000000
54006  -21.323  -14.386  -24.697 0.0000000000
54007  -22.061  -14.432  -25.024 0.0000000000
54023  -20.859  -14.020  -24.937 0.0000000000
54024  -21.520  -13.995  -25.446 0.0000000000
54025  -22.323  -14.484  -25.804 0.0000000000
54035  -21.873  -13.940  -26.139 0.0000000000
54036  -22.364  -14.235  -26.615 0.0000000000
54037  -23.126  -14.243  -26.939 0.0000000000
54038  -24.002  -14.400  -26.410 0.0000000000
54051  -22.515  -13.901  -27.086 0.0000000000
54052  -22.742  -13.744  -27.187 0.0000000000
55313  -15.823  -14.642  -21.847 0.0000000000
55314  -15.943  -14.303  -22.205 0.0000000000
55325  -16.165  -13.883  -22.767 0.0000000000
55336  -16.435  -13.530  -23.426 0.0000000000
55337  -16.593  -13.813  -23.625 0.0000000000
55353  -16.578  -13.086  -23.898 0.0000000000
55354  -16.801  -13.317  -24.114 0.0000000000
55355  -17.745  -13.360  -24.674 0.0000000000
55356  -18.864  -13.530  -24.707 0.0000000000
55357  -19.835  -13.799  -24.822 0.0000000000
55358  -20.418  -13.933  -24.870 0.0000000000
55374  -17.966  -12.602  -25.310 0.0000000000
55375  -18.617  -12.826  -25.368 0.0000000000
55376  -19.598  -13.081  -25.492 0.0000000000
55377  -20.607  -13.472  -25.472 0.0000000000
55378  -21.383  -13.489  -25.995 0.0000000000
55387  -20.287  -12.781  -25.901 0.0000000000
55388  -20.952  -12.899  -26.323 0.0000000000
55389  -21.697  -13.427  -26.633 0.0000000000
55390  -22.111  -13.627  -27.029 0.0000000000
55391  -23.688  -13.522  -26.705 0.0000000000
55392  -24.417  -13.618  -26.261 0.0000000000
55402  -21.273  -12.801  -26.946 0.0000000000
55403  -21.735  -13.017  -27.235 0.0000000000
55404  -22.367  -13.265  -27.309 0.0000000000
55405  -23.046  -13.331  -27.228 0.0000000000
56623  -16.743  -12.245  -23.996 0.0000000000
56624  -17.439  -12.165  -24.960 0.0000000000
56639  -18.488  -11.809  -25.847 0.0000000000
56640  -19.381  -12.329  -25.910 0.0000000000
56641  -19.897  -12.542  -25.908 0.0000000000
56650  -18.926  -11.275  -26.384 0.0000000000
56651  -19.432  -11.625  -26.639 0.0000000000
56652  -20.203  -12.400  -26.604 0.0000000000
56653  -20.844  -12.588  -26.902 0.0000000000
56654  -24.193  -12.913  -26.523 0.0000000000
56668  -19.714  -11.471  -27.277 0.0000000000
56669  -20.069  -11.911  -27.326 0.0000000000
56670  -20.917  -12.384  -27.654 0.0000000000
56671  -21.884  -12.742  -27.864 0.0000000000
56672  -22.660  -12.360  -27.645 0.0000000000
56673  -23.666  -12.480  -27.071 0.0000000000
56674  -24.443  -12.291  -26.687 0.0000000000
56685  -21.127  -11.921  -28.330 0.0000000000
56686  -21.636  -12.147  -28.242 0.0000000000
56687  -22.140  -12.298  -28.097 0.0000000000
58012  -17.558  -10.828  -24.586 0.0000000000
58026  -17.882  -10.839  -25.549 0.0000000000
58034  -18.732  -10.549  -26.517 0.0000000000
58035  -19.148  -11.053  -26.672 0.0000000000
58036  -24.999  -11.920  -26.646 0.0000000000
58052  -19.184  -10.241  -27.109 0.0000000000
58053  -19.434  -10.796  -27.364 0.0000000000
58054  -19.976  -11.448  -27.745 0.0000000000
58055  -20.377  -11.824  -27.806 0.0000000000
58056  -22.788  -11.680  -27.878 0.0000000000
58057  -23.392  -11.392  -27.674 0.0000000000
58058  -24.482  -11.520  -27.153 0.0000000000
58059  -25.467  -11.331  -26.863 0.0000000000
58073  -19.543  -10.584  -28.075 0.0000000000
58074  -19.860  -10.999  -28.140 0.0000000000
58075  -20.578  -11.437  -28.427 0.0000000000
58076  -21.512  -11.414  -28.667 0.0000000000
58077  -22.372  -11.640  -28.248 0.0000000000
58078  -22.867  -11.314  -27.991 0.0000000000
58092  -20.833  -10.998  -28.884 0.0000000000
58093  -21.048  -11.190  -28.831 0.0000000000
59147  -17.831  -9.861  -25.168 0.0000000000
59163  -18.112  -9.729  -25.986 0.0000000000
59172  -18.517  -9.435  -26.670 0.0000000000
59189  -18.980  -9.655  -27.387 0.0000000000
59190  -19.213  -10.150  -27.520 0.0000000000
59191  -23.568  -10.697  -27.861 0.0000000000
59192  -24.205  -10.549  -27.724 0.0000000000
59193  -25.245  -10.702  -27.412 0.0000000000
59210  -19.018  -9.406  -28.026 0.0000000000
59211  -19.241  -9.919  -28.243 0.0000000000
59212  -19.786  -10.513  -28.516 0.0000000000
59213  -20.151  -10.897  -28.528 0.0000000000
59214  -21.818  -10.909  -28.948 0.0000000000
59215  -22.274  -10.947  -28.721 0.0000000000
59216  -23.115  -10.623  -28.298 0.0000000000
59217  -23.722  -10.383  -28.004 0.0000000000
59232  -19.318  -9.599  -28.973 0.0000000000
59233  -19.714  -9.941  -28.995 0.0000000000
59234  -20.433  -10.540  -29.011 0.0000000000
59235  -21.343  -10.716  -29.197 0.0000000000
59236  -22.223  -10.503  -29.176 0.0000000000
59237  -22.664  -10.458  -28.823 0.0000000000
60161  -18.142  -8.805  -25.665 0.0000000000
60178  -18.215  -8.868  -26.321 0.0000000000
60193  -18.434  -9.135  -26.866 0.0000000000
60210  -18.654  -8.924  -27.234 0.0000000000
60211  -24.376  -10.094  -27.915 0.0000000000
60212  -24.869  -10.049  -27.853 0.0000000000
60213  -25.899  -9.862  -27.612 0.0000000000
60229  -18.847  -8.940  -28.027 0.0000000000
60230  -18.984  -9.224  -28.410 0.0000000000
60231  -23.431  -10.058  -28.556 0.0000000000
60232  -24.097  -9.814  -28.298 0.0000000000
60233  -25.379  -9.350  -28.215 0.0000000000
60234  -26.413  -9.064  -28.097 0.0000000000
60235  -27.231  -8.731  -28.090 0.0000000000
60247  -18.879  -8.807  -28.669 0.0000000000
60248  -18.982  -9.176  -29.057 0.0000000000
60249  -19.505  -9.317  -29.556 0.0000000000
60250  -20.170  -9.691  -29.635 0.0000000000
60251  -20.944  -10.000  -29.881 0.0000000000
60252  -22.032  -9.865  -29.891 0.0000000000
60253  -23.136  -9.798  -29.114 0.0000000000
60254  -24.060  -8.987  -29.037 0.0000000000
60267  -19.885  -9.215  -30.092 0.0000000000
60268  -20.492  -9.274  -30.376 0.0000000000
60269  -21.377  -9.275  -30.532 0.0000000000
60270  -22.140  -9.031  -30.456 0.0000000000
61244  -18.638  -8.347  -26.801 0.0000000000
61267  -18.844  -8.250  -27.725 0.0000000000
61287  -18.907  -8.241  -28.576 0.0000000000
61288  -24.971  -8.821  -28.846 0.0000000000
61289  -25.969  -8.565  -28.624 0.0000000000
61290  -26.861  -8.397  -28.571 0.0000000000
61291  -27.760  -8.085  -28.610 0.0000000000
61303  -18.943  -8.369  -29.217 0.0000000000
61304  -19.245  -8.509  -29.891 0.0000000000
61305  -19.551  -8.967  -30.094 0.0000000000
61306  -22.789  -8.930  -29.953 0.0000000000
61307  -23.654  -8.663  -29.625 0.0000000000
61308  -24.617  -8.143  -29.612 0.0000000000
61309  -25.654  -8.057  -29.253 0.0000000000
61310  -26.568  -7.957  -29.040 0.0000000000
61311  -27.160  -7.968  -28.885 0.0000000000
61322  -19.507  -8.088  -30.392 0.0000000000
61323  -19.902  -8.594  -30.539 0.0000000000
61324  -20.862  -8.479  -31.110 0.0000000000
61325  -21.825  -8.570  -30.958 0.0000000000
61326  -22.642  -8.314  -30.697 0.0000000000
61327  -23.445  -8.191  -30.248 0.0000000000
61328  -23.972  -8.069  -29.925 0.0000000000
61341  -21.121  -7.835  -31.458 0.0000000000
61342  -21.638  -7.984  -31.373 0.0000000000
61343  -22.229  -8.017  -31.186 0.0000000000
62454  -18.838  -7.523  -27.415 0.0000000000
62478  -18.915  -7.472  -28.385 0.0000000000
62479  -28.037  -7.554  -28.984 0.0000000000
62480  -28.548  -7.539  -28.696 0.0000000000
62494  -18.983  -7.447  -29.371 0.0000000000
62495  -19.065  -7.942  -29.690 0.0000000000
62496  -24.855  -7.510  -29.961 0.0000000000
62497  -25.409  -7.495  -29.741 0.0000000000
62498  -26.283  -7.320  -29.558 0.0000000000
62499  -27.389  -7.375  -29.252 0.0000000000
62500  -28.330  -7.042  -29.163 0.0000000000
62501  -28.977  -6.963  -28.837 0.0000000000
62511  -18.749  -7.060  -29.919 0.0000000000
62512  -19.101  -7.423  -30.350 0.0000000000
62513  -19.779  -7.818  -30.882 0.0000000000
62514  -20.254  -8.092  -31.044 0.0000000000
62515  -22.733  -7.715  -31.153 0.0000000000
62516  -23.335  -7.652  -30.819 0.0000000000
62517  -24.250  -7.471  -30.406 0.0000000000
62518  -25.191  -7.050  -30.233 0.0000000000
62519  -25.814  -6.938  -29.940 0.0000000000
62531  -19.222  -6.894  -30.967 0.0000000000
62532  -19.613  -7.146  -31.189 0.0000000000
62533  -20.516  -7.384  -31.570 0.0000000000
62534  -21.463  -7.481  -31.760 0.0000000000
62535  -22.307  -7.432  -31.673 0.0000000000
62536  -23.185  -7.198  -31.417 0.0000000000
62537  -23.810  -7.136  -31.077 0.0000000000
62552  -20.757  -6.833  -32.131 0.0000000000
62553  -21.284  -6.947  -32.123 0.0000000000
62554  -21.899  -7.059  -32.079 0.0000000000
63888  -18.860  -6.850  -28.132 0.0000000000
63889  -19.089  -6.222  -28.645 0.0000000000
63910  -19.032  -6.566  -29.160 0.0000000000
63911  -18.957  -6.036  -29.170 0.0000000000
63912  -26.237  -6.769  -29.934 0.0000000000
63913  -26.861  -6.658  -29.868 0.0000000000
63914  -28.039  -6.348  -29.848 0.0000000000
63915  -28.948  -6.371  -29.306 0.0000000000
63926  -18.728  -6.694  -29.751 0.0000000000
63927  -18.721  -6.646  -30.197 0.0000000000
63928  -24.230  -6.932  -31.020 0.0000000000
63929  -24.813  -6.697  -30.878 0.0000000000
63930  -26.025  -6.309  -30.591 0.0000000000
63931  -27.216  -6.006  -30.337 0.0000000000
63932  -27.866  -5.781  -30.312 0.0000000000
63945  -18.944  -6.517  -30.835 0.0000000000
63946  -19.330  -6.515  -31.479 0.0000000000
63947  -19.844  -6.788  -31.714 0.0000000000
63948  -22.295  -6.921  -32.095 0.0000000000
63949  -22.870  -6.798  -32.026 0.0000000000
63950  -24.044  -6.465  -31.749 0.0000000000
63951  -25.183  -6.124  -31.407 0.0000000000
63952  -25.755  -5.837  -31.284 0.0000000000
63966  -19.625  -6.362  -31.991 0.0000000000
63967  -20.205  -6.504  -32.312 0.0000000000
63968  -20.990  -6.476  -32.546 0.0000000000
63969  -22.068  -6.396  -32.633 0.0000000000
63970  -23.249  -6.290  -32.516 0.0000000000
63971  -23.853  -6.099  -32.512 0.0000000000
63984  -20.509  -6.076  -32.849 0.0000000000
63985  -21.119  -5.943  -33.054 0.0000000000
63986  -21.681  -5.809  -33.172 0.0000000000
65311  -18.594  -6.264  -29.793 0.0000000000
65312  -18.690  -5.798  -29.621 0.0000000000
65317  -28.896  -5.753  -29.724 0.0000000000
65318  -29.723  -5.544  -29.332 0.0000000000
65335  -18.533  -6.374  -30.030 0.0000000000
65336  -18.546  -5.947  -30.413 0.0000000000
65337  -26.799  -5.580  -30.706 0.0000000000
65338  -27.602  -5.291  -30.645 0.0000000000
65339  -28.488  -5.346  -30.266 0.0000000000
65340  -29.266  -5.169  -29.909 0.0000000000
65351  -18.839  -5.780  -31.626 0.0000000000
65352  -19.300  -6.145  -31.928 0.0000000000
65353  -24.843  -5.824  -32.015 0.0000000000
65354  -25.506  -5.512  -31.849 0.0000000000
65355  -26.279  -5.400  -31.311 0.0000000000
65356  -26.988  -5.081  -31.013 0.0000000000
65368  -18.897  -5.183  -32.525 0.0000000000
65369  -19.485  -5.893  -32.557 0.0000000000
65370  -20.074  -6.018  -32.841 0.0000000000
65371  -22.913  -5.962  -33.077 0.0000000000
65372  -23.619  -5.822  -32.959 0.0000000000
65373  -24.371  -5.623  -32.675 0.0000000000
65374  -25.047  -5.361  -32.385 0.0000000000
65388  -18.889  -4.877  -32.983 0.0000000000
65389  -19.271  -5.193  -33.158 0.0000000000
65390  -20.207  -5.478  -33.457 0.0000000000
65391  -21.262  -5.400  -33.589 0.0000000000
65392  -22.235  -5.537  -33.438 0.0000000000
65393  -23.257  -5.435  -33.538 0.0000000000
65394  -23.944  -5.376  -33.320 0.0000000000
65405  -20.440  -4.962  -34.001 0.0000000000
65406  -20.773  -5.098  -33.919 0.0000000000
66659  -29.839  -4.756  -29.813 0.0000000000
66683  -18.652  -5.205  -30.187 0.0000000000
66684  -27.486  -4.707  -31.082 0.0000000000
66685  -28.288  -4.532  -30.909 0.0000000000
66686  -29.344  -4.473  -30.441 0.0000000000
66687  -30.381  -4.152  -30.163 0.0000000000
66708  -18.513  -5.001  -30.963 0.0000000000
66709  -25.389  -5.105  -32.348 0.0000000000
66710  -25.915  -4.818  -32.142 0.0000000000
66711  -26.781  -4.496  -31.493 0.0000000000
66712  -27.699  -4.148  -31.419 0.0000000000
66734  -18.608  -4.728  -31.892 0.0000000000
66735  -24.356  -5.118  -33.273 0.0000000000
66736  -25.061  -4.711  -33.042 0.0000000000
66737  -25.865  -4.258  -32.704 0.0000000000
66751  -18.640  -4.508  -32.697 0.0000000000
66752  -18.979  -4.525  -33.337 0.0000000000
66753  -19.532  -4.860  -33.618 0.0000000000
66754  -21.145  -5.025  -34.016 0.0000000000
66755  -21.690  -4.954  -34.013 0.0000000000
66756  -22.683  -4.882  -34.092 0.0000000000
66757  -23.988  -4.729  -34.053 0.0000000000
66758  -24.704  -4.310  -33.777 0.0000000000
66768  -19.371  -4.328  -33.769 0.0000000000
66769  -19.950  -4.605  -34.083 0.0000000000
66770  -20.883  -4.623  -34.425 0.0000000000
66771  -21.923  -4.472  -34.622 0.0000000000
66772  -22.951  -4.202  -34.870 0.0000000000
66773  -23.652  -4.185  -34.697 0.0000000000
66787  -21.328  -4.137  -34.960 0.0000000000
66788  -22.001  -3.981  -35.223 0.0000000000
66789  -22.573  -3.828  -35.425 0.0000000000
68011  -28.311  -4.015  -31.364 0.0000000000
68012  -28.980  -3.755  -31.232 0.0000000000
68013  -29.944  -3.476  -30.648 0.0000000000
68030  -18.543  -4.080  -31.265 0.0000000000
68031  -26.388  -4.145  -32.237 0.0000000000
68032  -27.061  -3.627  -31.963 0.0000000000
68033  -28.117  -3.468  -31.713 0.0000000000
68034  -28.810  -3.006  -31.645 0.0000000000
68061  -18.408  -3.878  -32.149 0.0000000000
68062  -25.622  -4.046  -33.151 0.0000000000
68063  -26.241  -3.497  -32.932 0.0000000000
68064  -26.933  -3.063  -32.492 0.0000000000
68080  -18.584  -3.756  -33.041 0.0000000000
68081  -18.993  -3.956  -33.610 0.0000000000
68082  -24.512  -4.140  -34.127 0.0000000000
68083  -25.205  -3.633  -33.886 0.0000000000
68084  -25.929  -3.205  -33.595 0.0000000000
68098  -18.873  -3.429  -33.543 0.0000000000
68099  -19.344  -3.665  -34.103 0.0000000000
68100  -20.106  -3.968  -34.629 0.0000000000
68101  -20.723  -3.967  -34.959 0.0000000000
68102  -23.504  -3.987  -35.056 0.0000000000
68103  -24.152  -3.911  -34.846 0.0000000000
68104  -24.779  -3.249  -35.200 0.0000000000
68112  -19.665  -3.294  -34.687 0.0000000000
68113  -20.239  -3.375  -35.101 0.0000000000
68114  -21.131  -3.537  -35.409 0.0000000000
68115  -22.092  -3.471  -35.781 0.0000000000
68116  -23.206  -3.591  -35.736 0.0000000000
68117  -24.091  -3.388  -35.698 0.0000000000
68118  -24.435  -3.017  -35.781 0.0000000000
68139  -22.596  -3.140  -36.216 0.0000000000
68140  -23.021  -3.226  -36.222 0.0000000000
69252  -29.479  -2.808  -31.173 0.0000000000
69253  -30.292  -2.420  -30.612 0.0000000000
69267  -18.632  -3.249  -31.523 0.0000000000
69274  -27.557  -3.065  -32.234 0.0000000000
69275  -28.237  -2.602  -32.197 0.0000000000
69276  -29.033  -2.222  -31.733 0.0000000000
69277  -29.660  -1.810  -31.087 0.0000000000
69303  -18.572  -3.068  -32.354 0.0000000000
69304  -26.663  -2.870  -32.879 0.0000000000
69305  -27.274  -2.465  -32.767 0.0000000000
69306  -27.973  -1.996  -32.692 0.0000000000
69334  -18.773  -2.930  -33.052 0.0000000000
69335  -25.755  -2.985  -33.908 0.0000000000
69336  -26.391  -2.629  -33.606 0.0000000000
69337  -27.013  -1.974  -33.399 0.0000000000
69355  -18.879  -2.834  -33.715 0.0000000000
69356  -19.141  -2.727  -34.373 0.0000000000
69357  -25.678  -2.688  -34.716 0.0000000000
69358  -26.249  -2.106  -34.394 0.0000000000
69366  -19.608  -2.606  -34.987 0.0000000000
69367  -20.361  -2.632  -35.543 0.0000000000
69368  -21.258  -2.890  -35.879 0.0000000000
69369  -21.882  -2.922  -36.174 0.0000000000
69370  -23.669  -3.234  -36.105 0.0000000000
69371  -24.096  -2.952  -36.229 0.0000000000
69372  -24.801  -2.480  -35.977 0.0000000000
69390  -20.749  -2.270  -35.949 0.0000000000
69391  -21.336  -2.360  -36.260 0.0000000000
69392  -22.140  -2.521  -36.467 0.0000000000
69393  -23.189  -2.744  -36.501 0.0000000000
69394  -24.152  -2.419  -36.878 0.0000000000
69395  -24.685  -2.199  -36.717 0.0000000000
69415  -23.527  -2.178  -37.021 0.0000000000
69416  -23.823  -2.084  -37.295 0.0000000000
70522  -18.889  -2.532  -31.817 0.0000000000
70532  -28.567  -1.725  -32.338 0.0000000000
70533  -29.213  -1.188  -31.813 0.0000000000
70534  -29.847  -0.920  -31.187 0.0000000000
70549  -18.821  -2.386  -32.524 0.0000000000
70557  -27.559  -1.814  -33.134 0.0000000000
70558  -28.110  -1.313  -33.038 0.0000000000
70559  -28.704  -0.899  -32.516 0.0000000000
70585  -18.768  -2.214  -33.160 0.0000000000
70586  -26.608  -1.805  -33.933 0.0000000000
70587  -27.270  -1.233  -33.750 0.0000000000
70588  -27.938  -0.715  -33.533 0.0000000000
70613  -18.750  -2.046  -33.845 0.0000000000
70614  -18.969  -1.828  -34.580 0.0000000000
70615  -26.043  -2.029  -34.885 0.0000000000
70616  -26.413  -1.290  -34.803 0.0000000000
70617  -27.096  -0.692  -34.460 0.0000000000
70626  -19.578  -1.644  -35.261 0.0000000000
70627  -20.208  -1.879  -35.771 0.0000000000
70628  -25.719  -1.932  -35.578 0.0000000000
70629  -26.160  -1.328  -36.171 0.0000000000
70641  -19.844  -1.262  -35.802 0.0000000000
70642  -20.519  -1.588  -36.330 0.0000000000
70643  -21.447  -1.876  -36.687 0.0000000000
70644  -22.303  -1.984  -36.855 0.0000000000
70645  -23.002  -1.938  -36.947 0.0000000000
70646  -24.592  -2.079  -37.043 0.0000000000
70647  -25.226  -1.703  -36.886 0.0000000000
70648  -25.923  -1.246  -36.846 0.0000000000
70664  -20.859  -1.308  -36.898 0.0000000000
70665  -21.532  -1.351  -37.153 0.0000000000
70666  -22.415  -1.389  -37.276 0.0000000000
70667  -23.336  -1.613  -37.410 0.0000000000
70668  -24.264  -1.775  -37.522 0.0000000000
70669  -24.809  -1.365  -37.605 0.0000000000
71841  -29.118  -0.562  -32.197 0.0000000000
71842  -29.566  -0.073  -31.708 0.0000000000
71855  -18.918  -1.823  -32.642 0.0000000000
71865  -28.446  -0.625  -33.161 0.0000000000
71866  -29.050  -0.072  -32.832 0.0000000000
71867  -29.539  0.577  -32.383 0.0000000000
71883  -18.819  -1.483  -33.148 0.0000000000
71892  -27.609  -0.515  -34.078 0.0000000000
71893  -28.298  -0.047  -33.876 0.0000000000
71894  -28.854  0.549  -33.515 0.0000000000
71919  -18.732  -1.257  -33.893 0.0000000000
71920  -19.111  -0.711  -34.453 0.0000000000
71921  -26.832  -0.568  -34.922 0.0000000000
71922  -27.534  -0.120  -34.990 0.0000000000
71923  -28.159  0.380  -34.685 0.0000000000
71929  -19.516  -0.552  -35.334 0.0000000000
71930  -26.742  -0.646  -35.685 0.0000000000
71931  -27.141  -0.044  -36.245 0.0000000000
71936  -19.674  -0.581  -36.242 0.0000000000
71937  -20.297  -0.894  -36.755 0.0000000000
71938  -25.749  -1.142  -37.179 0.0000000000
71939  -26.428  -0.594  -37.027 0.0000000000
71940  -26.919  -0.013  -36.858 0.0000000000
71955  -19.889  -0.295  -36.915 0.0000000000
71956  -20.644  -0.619  -37.278 0.0000000000
71957  -21.622  -0.660  -37.504 0.0000000000
71958  -22.643  -0.680  -37.666 0.0000000000
71959  -23.601  -0.965  -37.853 0.0000000000
71960  -24.389  -0.961  -38.008 0.0000000000
71961  -25.316  -0.808  -37.772 0.0000000000
71962  -25.971  -0.086  -38.070 0.0000000000
71978  -23.127  -0.325  -38.084 0.0000000000
71979  -23.747  -0.423  -38.504 0.0000000000
71980  -24.617  -0.269  -38.631 0.0000000000
71981  -25.343  -0.096  -38.479 0.0000000000
71982  -25.774  0.185  -38.571 0.0000000000
71989  -24.062  -0.164  -38.927 0.0000000000
71990  -24.348  0.060  -38.987 0.0000000000
71994  -24.991  1.304  -39.996 0.0000000000
71995  -25.133  1.004  -40.254 0.0000000000
71996  -24.884  0.721  -40.469 0.0000000000
72000  -24.974  1.061  -40.374 0.0000000000
72001  -24.871  0.804  -40.715 0.0000000000
72002  -25.041  0.368  -41.040 0.0000000000
73168  -29.309  0.866  -33.029 0.0000000000
73195  -28.527  0.877  -34.205 0.0000000000
73196  -28.990  1.227  -33.655 0.0000000000
73231  -27.959  0.434  -35.169 0.0000000000
73232  -28.225  0.944  -35.151 0.0000000000
73242  -19.167  0.560  -35.658 0.0000000000
73243  -27.778  0.664  -35.844 0.0000000000
73244  -28.035  1.110  -35.664 0.0000000000
73252  -18.477  1.208  -36.397 0.0000000000
73253  -19.274  0.386  -36.641 0.0000000000
73254  -26.808  0.051  -37.144 0.0000000000
73255  -27.274  0.583  -37.021 0.0000000000
73272  -17.921  1.364  -36.815 0.0000000000
73273  -18.593  0.938  -37.147 0.0000000000
73274  -19.789  0.424  -37.467 0.0000000000
73275  -20.830  0.090  -37.726 0.0000000000
73276  -21.771  0.083  -37.774 0.0000000000
73277  -22.532  0.068  -37.972 0.0000000000
73278  -26.646  0.237  -37.694 0.0000000000
73279  -27.147  0.832  -38.115 0.0000000000
73296  -20.347  0.736  -37.949 0.0000000000
73297  -21.081  0.783  -38.050 0.0000000000
73298  -22.037  0.775  -38.137 0.0000000000
73299  -23.003  0.404  -38.496 0.0000000000
73300  -23.644  0.095  -38.842 0.0000000000
73301  -25.021  0.115  -38.812 0.0000000000
73302  -25.475  0.322  -38.893 0.0000000000
73303  -26.395  0.567  -38.781 0.0000000000
73304  -27.003  0.936  -38.652 0.0000000000
73313  -23.456  0.645  -38.951 0.0000000000
73314  -24.009  0.281  -39.180 0.0000000000
73315  -24.765  0.459  -39.282 0.0000000000
73316  -25.679  0.674  -39.399 0.0000000000
73317  -26.192  0.984  -39.457 0.0000000000
73324  -24.442  1.392  -39.932 0.0000000000
73325  -24.824  1.068  -39.794 0.0000000000
73326  -25.293  1.181  -39.903 0.0000000000
73327  -25.867  1.062  -39.674 0.0000000000
73331  -24.811  1.473  -40.193 0.0000000000
73332  -25.205  1.153  -40.153 0.0000000000
73333  -25.000  0.824  -40.508 0.0000000000
74559  -29.547  1.730  -33.259 0.0000000000
74580  -28.768  1.439  -34.106 0.0000000000
74581  -29.113  1.939  -34.078 0.0000000000
74614  -28.600  1.722  -34.701 0.0000000000
74615  -28.896  2.170  -34.532 0.0000000000
74642  -27.939  1.220  -35.929 0.0000000000
74643  -28.143  1.740  -35.735 0.0000000000
74655  -16.973  2.297  -36.976 0.0000000000
74656  -17.433  1.842  -36.612 0.0000000000
74658  -27.837  1.445  -36.536 0.0000000000
74659  -28.156  2.151  -36.606 0.0000000000
74671  -17.197  2.345  -37.358 0.0000000000
74672  -17.812  1.756  -37.329 0.0000000000
74673  -19.289  1.614  -37.639 0.0000000000
74674  -19.893  1.019  -37.941 0.0000000000
74675  -27.714  1.713  -37.636 0.0000000000
74676  -27.993  2.041  -37.044 0.0000000000
74692  -19.799  2.157  -38.192 0.0000000000
74693  -20.366  1.563  -38.307 0.0000000000
74694  -21.425  1.489  -38.456 0.0000000000
74695  -22.401  1.485  -38.758 0.0000000000
74696  -23.039  0.999  -38.802 0.0000000000
74697  -26.962  1.110  -38.924 0.0000000000
74698  -27.360  1.459  -38.589 0.0000000000
74709  -22.465  1.703  -39.655 0.0000000000
74710  -23.111  1.258  -39.297 0.0000000000
74711  -23.783  0.856  -39.328 0.0000000000
74712  -24.198  0.608  -39.345 0.0000000000
74713  -26.730  1.398  -39.294 0.0000000000
74714  -27.160  1.498  -39.030 0.0000000000
74721  -22.587  1.763  -40.070 0.0000000000
74722  -22.950  1.506  -39.931 0.0000000000
74723  -23.641  1.421  -39.823 0.0000000000
74724  -24.280  0.974  -39.552 0.0000000000
74725  -25.994  2.013  -40.236 0.0000000000
74726  -26.167  1.579  -39.806 0.0000000000
74730  -23.949  2.062  -40.443 0.0000000000
74731  -24.962  1.934  -40.521 0.0000000000
74732  -25.365  1.807  -40.420 0.0000000000
74736  -23.766  3.150  -41.032 0.0000000000
74737  -25.083  2.797  -41.280 0.0000000000
74738  -25.254  2.308  -40.760 0.0000000000
75943  -28.788  2.274  -34.785 0.0000000000
75944  -29.142  2.763  -34.721 0.0000000000
75981  -28.625  2.432  -35.309 0.0000000000
75982  -29.106  3.067  -35.812 0.0000000000
76004  -28.631  2.622  -36.349 0.0000000000
76005  -29.147  3.131  -36.599 0.0000000000
76020  -16.710  2.984  -37.258 0.0000000000
76021  -17.874  2.732  -37.633 0.0000000000
76022  -18.505  2.177  -37.612 0.0000000000
76025  -28.103  2.320  -37.954 0.0000000000
76026  -28.560  2.605  -37.442 0.0000000000
76027  -28.969  2.911  -36.958 0.0000000000
76044  -18.463  3.057  -38.074 0.0000000000
76045  -19.098  2.671  -38.091 0.0000000000
76046  -20.253  2.810  -38.890 0.0000000000
76047  -21.134  2.287  -38.893 0.0000000000
76048  -21.708  1.941  -38.801 0.0000000000
76049  -27.862  2.149  -38.416 0.0000000000
76050  -28.346  2.676  -38.331 0.0000000000
76067  -20.486  3.255  -39.681 0.0000000000
76068  -21.001  3.127  -40.046 0.0000000000
76069  -21.791  2.123  -39.426 0.0000000000
76070  -26.746  2.121  -39.612 0.0000000000
76071  -27.522  2.186  -39.186 0.0000000000
76072  -28.082  2.534  -38.777 0.0000000000
76085  -21.806  2.993  -40.367 0.0000000000
76086  -22.161  2.263  -40.204 0.0000000000
76087  -23.223  1.595  -40.071 0.0000000000
76088  -25.928  2.373  -40.619 0.0000000000
76089  -26.562  2.532  -40.300 0.0000000000
76090  -27.227  2.645  -39.833 0.0000000000
76098  -21.358  4.493  -41.000 0.0000000000
76099  -23.428  1.714  -40.161 0.0000000000
76100  -25.641  2.591  -40.981 0.0000000000
76101  -26.384  3.016  -41.071 0.0000000000
76108  -21.808  5.080  -41.827 0.0000000000
76109  -23.703  3.684  -41.414 0.0000000000
77301  -29.557  3.733  -35.414 0.0000000000
77326  -29.483  3.759  -36.427 0.0000000000
77343  -17.539  3.666  -37.391 0.0000000000
77349  -29.044  3.157  -37.772 0.0000000000
77350  -29.288  3.422  -37.359 0.0000000000
77364  -14.660  5.011  -39.829 0.0000000000
77365  -14.886  4.905  -39.615 0.0000000000
77366  -14.991  4.986  -40.183 0.0000000000
77367  -18.195  3.586  -38.046 0.0000000000
77368  -18.857  3.417  -38.356 0.0000000000
77369  -19.513  3.412  -38.742 0.0000000000
77370  -28.866  3.263  -38.263 0.0000000000
77371  -29.261  3.426  -37.973 0.0000000000
77388  -14.695  4.913  -40.118 0.0000000000
77389  -15.099  4.690  -40.133 0.0000000000
77390  -15.437  4.482  -39.610 0.0000000000
77391  -19.998  3.621  -39.657 0.0000000000
77392  -20.504  3.450  -39.984 0.0000000000
77393  -27.849  2.972  -39.686 0.0000000000
77394  -28.343  3.258  -39.057 0.0000000000
77395  -28.584  3.781  -39.230 0.0000000000
77410  -15.822  4.868  -40.262 0.0000000000
77411  -15.830  4.462  -40.161 0.0000000000
77412  -19.970  4.024  -40.159 0.0000000000
77413  -26.888  3.222  -40.777 0.0000000000
77414  -27.607  3.336  -40.412 0.0000000000
77415  -28.434  3.474  -39.854 0.0000000000
77416  -28.641  3.741  -39.475 0.0000000000
77430  -20.904  4.340  -40.706 0.0000000000
77431  -27.270  3.766  -41.393 0.0000000000
77432  -27.945  3.817  -41.913 0.0000000000
77441  -21.150  4.872  -41.313 0.0000000000
77442  -26.892  3.932  -41.965 0.0000000000
77443  -27.614  3.859  -42.099 0.0000000000
77448  -26.467  4.318  -42.035 0.0000000000
77452  -25.401  4.657  -41.965 0.0000000000
77453  -26.324  4.826  -42.509 0.0000000000
78666  -29.772  4.699  -36.061 0.0000000000
78667  -29.986  5.201  -36.417 0.0000000000
78694  -29.772  4.627  -37.190 0.0000000000
78695  -29.937  5.016  -36.670 0.0000000000
78713  -14.624  5.371  -39.396 0.0000000000
78714  -14.870  4.899  -38.943 0.0000000000
78715  -15.653  4.770  -38.997 0.0000000000
78716  -17.856  4.631  -38.413 0.0000000000
78717  -18.720  4.085  -38.539 0.0000000000
78718  -19.153  3.767  -38.636 0.0000000000
78724  -28.726  3.785  -38.740 0.0000000000
78725  -29.356  4.096  -38.314 0.0000000000
78740  -14.743  5.512  -40.132 0.0000000000
78741  -15.014  5.111  -40.298 0.0000000000
78742  -16.325  4.818  -39.531 0.0000000000
78743  -17.727  5.040  -39.495 0.0000000000
78744  -18.558  4.526  -39.290 0.0000000000
78745  -19.319  4.053  -39.094 0.0000000000
78746  -28.511  3.844  -39.010 0.0000000000
78747  -28.787  4.204  -39.214 0.0000000000
78761  -15.037  5.949  -40.548 0.0000000000
78762  -15.379  5.435  -40.358 0.0000000000
78763  -16.053  5.124  -40.235 0.0000000000
78764  -17.650  5.216  -40.048 0.0000000000
78765  -18.280  4.785  -40.178 0.0000000000
78766  -19.343  4.311  -40.077 0.0000000000
78767  -20.039  4.401  -40.388 0.0000000000
78768  -27.916  4.316  -40.826 0.0000000000
78769  -28.546  4.052  -40.316 0.0000000000
78770  -28.971  3.878  -39.826 0.0000000000
78787  -20.726  4.938  -40.904 0.0000000000
78788  -20.473  4.662  -40.650 0.0000000000
78789  -27.986  4.353  -41.626 0.0000000000
78790  -28.027  4.210  -42.242 0.0000000000
78802  -20.800  5.091  -41.284 0.0000000000
78803  -21.045  5.236  -41.740 0.0000000000
78804  -21.930  5.609  -42.296 0.0000000000
78805  -22.532  5.410  -42.277 0.0000000000
78806  -23.182  5.524  -42.528 0.0000000000
78807  -27.024  4.336  -42.555 0.0000000000
78808  -27.547  4.277  -42.410 0.0000000000
78813  -24.921  5.328  -42.490 0.0000000000
78814  -26.831  4.839  -42.778 0.0000000000
78815  -26.912  5.361  -43.236 0.0000000000
78824  -25.873  5.311  -42.662 0.0000000000
78825  -26.786  5.348  -42.914 0.0000000000
78826  -27.055  5.233  -43.633 0.0000000000
79916  -30.248  4.930  -35.485 0.0000000000
79917  -30.116  5.519  -35.941 0.0000000000
79938  -29.941  5.406  -37.496 0.0000000000
79939  -30.197  5.581  -36.899 0.0000000000
79957  -14.735  5.916  -39.044 0.0000000000
79958  -14.893  5.666  -38.782 0.0000000000
79959  -15.639  5.605  -38.938 0.0000000000
79960  -16.983  5.624  -38.515 0.0000000000
79970  -29.698  5.284  -38.092 0.0000000000
79985  -14.605  6.038  -39.605 0.0000000000
79986  -16.336  5.631  -39.128 0.0000000000
79987  -17.271  5.540  -38.993 0.0000000000
79994  -29.288  5.203  -39.118 0.0000000000
80008  -14.850  6.339  -40.248 0.0000000000
80009  -15.521  6.315  -40.225 0.0000000000
80010  -15.997  5.910  -39.381 0.0000000000
80011  -17.191  5.849  -39.594 0.0000000000
80012  -18.052  5.684  -40.248 0.0000000000
80013  -19.254  5.338  -40.419 0.0000000000
80014  -19.696  4.702  -40.431 0.0000000000
80015  -27.781  5.323  -40.929 0.0000000000
80016  -28.659  5.002  -40.522 0.0000000000
80017  -29.216  4.557  -39.954 0.0000000000
80034  -20.288  5.513  -40.972 0.0000000000
80035  -20.021  4.904  -40.595 0.0000000000
80036  -28.055  5.097  -42.128 0.0000000000
80037  -27.879  4.504  -42.343 0.0000000000
80052  -20.536  5.603  -41.826 0.0000000000
80053  -21.161  5.770  -42.141 0.0000000000
80054  -21.621  6.013  -42.433 0.0000000000
80055  -22.151  6.027  -42.587 0.0000000000
80056  -22.848  6.119  -42.860 0.0000000000
80057  -23.447  5.818  -42.830 0.0000000000
80058  -23.589  5.505  -42.574 0.0000000000
80059  -27.279  5.044  -42.595 0.0000000000
80060  -27.716  4.679  -42.412 0.0000000000
80067  -23.125  6.586  -43.207 0.0000000000
80068  -23.533  6.304  -43.171 0.0000000000
80069  -24.200  5.804  -42.929 0.0000000000
80070  -25.362  5.960  -42.947 0.0000000000
80071  -27.048  5.082  -42.711 0.0000000000
80072  -27.266  5.347  -43.566 0.0000000000
80083  -26.167  6.200  -43.003 0.0000000000
80084  -26.887  5.494  -43.926 0.0000000000
80085  -27.285  5.253  -43.977 0.0000000000
81154  -30.386  6.500  -36.312 0.0000000000
81168  -30.054  6.176  -37.749 0.0000000000
81169  -30.455  6.561  -37.121 0.0000000000
81181  -14.738  6.092  -39.047 0.0000000000
81192  -29.778  6.217  -38.658 0.0000000000
81203  -14.830  6.382  -39.280 0.0000000000
81204  -15.316  6.600  -39.297 0.0000000000
81205  -16.119  6.747  -39.251 0.0000000000
81206  -16.529  7.193  -39.279 0.0000000000
81207  -17.128  7.429  -39.414 0.0000000000
81216  -29.029  6.672  -40.010 0.0000000000
81217  -29.348  6.466  -39.615 0.0000000000
81229  -14.880  6.578  -39.725 0.0000000000
81230  -15.402  6.596  -39.784 0.0000000000
81231  -16.009  6.575  -39.319 0.0000000000
81232  -17.006  6.844  -39.421 0.0000000000
81233  -17.942  6.844  -39.637 0.0000000000
81234  -18.637  6.286  -40.351 0.0000000000
81235  -27.964  6.175  -40.864 0.0000000000
81236  -28.711  6.317  -40.478 0.0000000000
81237  -29.190  5.502  -40.014 0.0000000000
81253  -19.292  6.493  -40.881 0.0000000000
81254  -27.763  6.113  -41.477 0.0000000000
81271  -19.798  6.218  -41.825 0.0000000000
81272  -20.438  6.336  -42.340 0.0000000000
81273  -21.132  6.543  -42.607 0.0000000000
81274  -21.768  6.511  -42.737 0.0000000000
81275  -22.278  6.515  -42.902 0.0000000000
81276  -27.462  6.134  -42.314 0.0000000000
81291  -21.479  6.951  -42.873 0.0000000000
81292  -21.988  7.014  -43.083 0.0000000000
81293  -22.723  6.945  -43.253 0.0000000000
81294  -23.509  7.048  -43.435 0.0000000000
81295  -24.188  6.673  -43.402 0.0000000000
81296  -24.887  6.452  -43.327 0.0000000000
81297  -26.642  6.076  -42.909 0.0000000000
81298  -26.803  5.597  -43.602 0.0000000000
81315  -24.125  7.308  -43.638 0.0000000000
81316  -24.765  7.090  -43.726 0.0000000000
81317  -25.656  6.680  -43.469 0.0000000000
81318  -26.490  6.027  -43.141 0.0000000000
81319  -27.298  5.790  -44.024 0.0000000000
82511  -30.645  7.426  -36.732 0.0000000000
82522  -30.028  6.897  -38.262 0.0000000000
82523  -30.394  7.274  -37.704 0.0000000000
82542  -29.890  7.362  -38.929 0.0000000000
82543  -30.167  7.405  -38.298 0.0000000000
82567  -28.981  7.252  -39.939 0.0000000000
82568  -29.404  7.275  -39.489 0.0000000000
82591  -27.969  6.873  -40.984 0.0000000000
82592  -28.469  7.561  -40.630 0.0000000000
82607  -18.334  7.646  -40.974 0.0000000000
82608  -19.238  7.160  -41.677 0.0000000000
82611  -27.689  7.082  -41.819 0.0000000000
82612  -27.982  7.845  -41.327 0.0000000000
82625  -19.750  7.048  -42.345 0.0000000000
82626  -20.459  7.209  -42.695 0.0000000000
82627  -21.076  7.164  -42.827 0.0000000000
82628  -26.782  7.755  -42.938 0.0000000000
82629  -27.037  7.425  -42.656 0.0000000000
82640  -20.852  7.616  -42.876 0.0000000000
82641  -21.493  7.620  -43.096 0.0000000000
82642  -22.350  7.713  -43.404 0.0000000000
82643  -23.148  7.735  -43.615 0.0000000000
82644  -23.744  7.640  -43.712 0.0000000000
82645  -26.588  7.739  -43.176 0.0000000000
82646  -26.546  7.087  -43.167 0.0000000000
82663  -23.601  8.014  -43.927 0.0000000000
82664  -24.248  7.806  -44.030 0.0000000000
82665  -25.194  7.538  -44.184 0.0000000000
82666  -26.097  7.455  -43.682 0.0000000000
82667  -26.396  6.640  -43.304 0.0000000000
83827  -30.646  8.458  -37.269 0.0000000000
83842  -29.904  8.604  -38.896 0.0000000000
83843  -30.336  8.078  -38.268 0.0000000000
83858  -28.755  8.494  -40.108 0.0000000000
83859  -29.342  8.045  -39.442 0.0000000000
83884  -28.332  8.602  -40.951 0.0000000000
83894  -17.602  8.810  -41.416 0.0000000000
83895  -18.840  8.078  -41.766 0.0000000000
83896  -19.337  7.582  -42.160 0.0000000000
83902  -27.674  8.112  -42.067 0.0000000000
83903  -28.034  8.752  -41.706 0.0000000000
83913  -17.805  9.166  -42.121 0.0000000000
83914  -18.488  8.838  -42.185 0.0000000000
83915  -19.680  8.213  -42.594 0.0000000000
83916  -20.442  7.827  -42.810 0.0000000000
83917  -26.790  8.178  -42.995 0.0000000000
83918  -27.348  8.758  -42.680 0.0000000000
83919  -27.786  8.807  -42.179 0.0000000000
83926  -20.152  8.801  -43.000 0.0000000000
83927  -20.779  8.369  -43.104 0.0000000000
83928  -21.918  8.585  -43.706 0.0000000000
83929  -22.819  8.276  -43.873 0.0000000000
83930  -23.275  8.169  -43.932 0.0000000000
83931  -26.361  8.658  -43.558 0.0000000000
83932  -26.821  8.805  -43.098 0.0000000000
83941  -22.169  9.053  -44.300 0.0000000000
83942  -22.636  8.781  -44.358 0.0000000000
83943  -23.516  8.424  -44.369 0.0000000000
83944  -24.573  8.363  -44.552 0.0000000000
83945  -25.458  8.385  -44.380 0.0000000000
83946  -25.889  8.489  -44.025 0.0000000000
85098  -29.842  9.427  -38.844 0.0000000000
85099  -30.273  9.422  -38.128 0.0000000000
85112  -28.877  9.281  -40.089 0.0000000000
85113  -29.346  9.327  -39.518 0.0000000000
85135  -28.641  9.380  -40.622 0.0000000000
85153  -16.909  9.456  -41.540 0.0000000000
85163  -28.424  9.520  -41.441 0.0000000000
85182  -16.700  9.962  -41.726 0.0000000000
85183  -17.223  9.603  -42.158 0.0000000000
85184  -18.113  9.553  -42.625 0.0000000000
85185  -18.978  9.220  -42.618 0.0000000000
85191  -27.498  9.599  -42.777 0.0000000000
85192  -27.995  9.584  -42.286 0.0000000000
85205  -18.771  9.810  -43.087 0.0000000000
85206  -19.647  9.382  -43.073 0.0000000000
85207  -20.412  9.194  -43.453 0.0000000000
85208  -21.146  9.092  -43.685 0.0000000000
85209  -26.307  9.544  -43.784 0.0000000000
85210  -26.931  9.609  -43.291 0.0000000000
85224  -19.192  9.971  -43.632 0.0000000000
85225  -19.913  9.791  -43.905 0.0000000000
85226  -20.771  9.652  -44.152 0.0000000000
85227  -21.677  9.447  -44.359 0.0000000000
85228  -22.452  9.489  -44.660 0.0000000000
85229  -23.127  9.186  -44.787 0.0000000000
85230  -23.993  9.134  -44.853 0.0000000000
85231  -24.941  9.194  -44.881 0.0000000000
85232  -25.824  9.535  -44.438 0.0000000000
85246  -22.895  9.799  -44.891 0.0000000000
85247  -23.489  9.862  -45.090 0.0000000000
85248  -24.366  9.969  -45.231 0.0000000000
85249  -25.249  10.134  -45.246 0.0000000000
85250  -25.811  10.494  -45.165 0.0000000000
86413  -29.774  10.387  -38.812 0.0000000000
86423  -28.944  9.920  -40.201 0.0000000000
86424  -29.303  10.508  -39.759 0.0000000000
86435  -28.734  10.452  -40.969 0.0000000000
86436  -29.001  10.560  -40.341 0.0000000000
86450  -16.591  10.689  -41.567 0.0000000000
86458  -28.541  10.436  -41.956 0.0000000000
86471  -16.810  10.519  -42.225 0.0000000000
86472  -17.631  10.511  -42.800 0.0000000000
86473  -18.255  10.119  -43.004 0.0000000000
86482  -27.635  10.431  -42.856 0.0000000000
86483  -28.154  10.504  -42.420 0.0000000000
86488  -17.843  11.066  -43.345 0.0000000000
86489  -18.426  10.562  -43.624 0.0000000000
86495  -26.466  10.262  -44.034 0.0000000000
86496  -27.181  10.705  -43.683 0.0000000000
86504  -19.377  10.522  -44.225 0.0000000000
86505  -20.381  10.477  -44.415 0.0000000000
86506  -21.294  10.341  -44.615 0.0000000000
86507  -22.186  10.376  -44.859 0.0000000000
86508  -22.604  10.037  -44.852 0.0000000000
86509  -26.239  10.673  -44.833 0.0000000000
86510  -26.850  11.110  -44.447 0.0000000000
86519  -22.436  10.771  -45.211 0.0000000000
86520  -22.835  10.473  -45.304 0.0000000000
86521  -23.797  10.612  -45.708 0.0000000000
86522  -24.732  10.868  -45.706 0.0000000000
86523  -25.515  10.989  -45.601 0.0000000000
86524  -26.007  11.169  -45.470 0.0000000000
86525  -26.427  11.513  -45.092 0.0000000000
86536  -24.202  11.086  -46.132 0.0000000000
86537  -24.643  11.390  -46.233 0.0000000000
87737  -29.665  11.524  -39.258 0.0000000000
87748  -28.912  11.182  -41.130 0.0000000000
87749  -29.148  11.355  -40.477 0.0000000000
87762  -16.636  11.791  -41.526 0.0000000000
87769  -28.753  11.190  -41.658 0.0000000000
87770  -29.024  11.752  -41.396 0.0000000000
87779  -16.592  11.675  -42.262 0.0000000000
87780  -17.034  11.062  -42.586 0.0000000000
87787  -27.650  11.287  -43.328 0.0000000000
87788  -28.293  11.597  -42.535 0.0000000000
87789  -28.762  11.790  -41.899 0.0000000000
87793  -16.776  12.233  -42.870 0.0000000000
87794  -17.292  11.649  -43.115 0.0000000000
87795  -17.975  11.559  -43.874 0.0000000000
87802  -27.454  11.527  -44.034 0.0000000000
87803  -27.842  12.077  -43.619 0.0000000000
87809  -18.878  11.466  -44.314 0.0000000000
87810  -19.920  11.363  -44.573 0.0000000000
87811  -21.075  11.342  -44.928 0.0000000000
87812  -21.740  10.910  -44.885 0.0000000000
87813  -27.114  12.116  -44.708 0.0000000000
87814  -27.640  12.078  -44.081 0.0000000000
87819  -21.514  11.804  -45.431 0.0000000000
87820  -22.228  11.417  -45.591 0.0000000000
87821  -23.238  11.132  -46.042 0.0000000000
87822  -23.795  11.092  -46.157 0.0000000000
87823  -25.219  11.487  -46.058 0.0000000000
87824  -25.698  11.574  -45.916 0.0000000000
87825  -26.109  12.039  -45.766 0.0000000000
87826  -26.572  12.129  -45.353 0.0000000000
87832  -22.540  12.119  -46.343 0.0000000000
87833  -23.027  11.886  -46.449 0.0000000000
87834  -23.989  11.668  -46.501 0.0000000000
87835  -24.922  11.906  -46.532 0.0000000000
87836  -25.500  11.977  -46.301 0.0000000000
87837  -25.731  11.985  -46.100 0.0000000000
88994  -29.914  12.092  -39.528 0.0000000000
89005  -29.601  12.367  -40.216 0.0000000000
89006  -29.507  12.915  -39.992 0.0000000000
89027  -29.359  12.477  -41.065 0.0000000000
89037  -15.774  12.829  -41.942 0.0000000000
89045  -28.620  12.609  -42.675 0.0000000000
89046  -28.969  12.603  -42.074 0.0000000000
89051  -16.457  12.856  -42.632 0.0000000000
89052  -16.971  12.798  -43.478 0.0000000000
89053  -17.590  12.323  -43.831 0.0000000000
89062  -28.417  12.772  -43.303 0.0000000000
89067  -17.625  13.073  -44.031 0.0000000000
89068  -18.337  12.565  -44.324 0.0000000000
89069  -19.494  12.352  -44.706 0.0000000000
89070  -20.362  12.004  -44.908 0.0000000000
89075  -27.828  12.991  -45.077 0.0000000000
89076  -27.999  12.962  -44.095 0.0000000000
89080  -20.241  12.531  -45.091 0.0000000000
89081  -21.057  12.309  -45.402 0.0000000000
89082  -21.712  12.140  -45.778 0.0000000000
89083  -26.337  12.702  -46.060 0.0000000000
89084  -26.861  12.929  -45.835 0.0000000000
89088  -21.589  12.593  -46.058 0.0000000000
89089  -22.161  12.449  -46.407 0.0000000000
89090  -22.887  12.677  -46.751 0.0000000000
89091  -23.599  12.568  -46.772 0.0000000000
89092  -24.566  12.752  -46.785 0.0000000000
89093  -25.359  12.721  -46.635 0.0000000000
89094  -25.899  12.706  -46.419 0.0000000000
89099  -23.359  12.985  -47.134 0.0000000000
89100  -23.994  13.279  -47.070 0.0000000000
89101  -24.757  13.483  -47.345 0.0000000000
89107  -26.541  12.923  -49.357 0.0000000000
89108  -26.760  12.750  -49.296 0.0000000000
89109  -26.999  12.643  -49.309 0.0000000000
89113  -26.678  12.870  -49.404 0.0000000000
89114  -26.894  12.813  -49.504 0.0000000000
89115  -27.210  12.721  -49.482 0.0000000000
90207  -29.425  13.463  -40.634 0.0000000000
90208  -29.419  13.938  -40.287 0.0000000000
90224  -29.460  13.509  -41.645 0.0000000000
90240  -28.980  13.238  -43.065 0.0000000000
90241  -29.223  13.717  -42.509 0.0000000000
90246  -16.649  13.744  -43.159 0.0000000000
90247  -17.227  13.799  -43.970 0.0000000000
90255  -28.639  13.994  -43.844 0.0000000000
90256  -28.928  14.044  -43.145 0.0000000000
90259  -18.025  13.681  -44.396 0.0000000000
90260  -18.936  13.314  -44.731 0.0000000000
90261  -19.806  13.015  -45.040 0.0000000000
90268  -27.988  13.718  -45.154 0.0000000000
90269  -28.743  14.243  -45.059 0.0000000000
90270  -29.031  14.406  -45.521 0.0000000000
90273  -20.566  12.881  -45.342 0.0000000000
90274  -21.254  12.956  -45.907 0.0000000000
90280  -26.543  13.361  -46.378 0.0000000000
90281  -27.572  14.180  -45.942 0.0000000000
90282  -28.722  14.276  -45.567 0.0000000000
90283  -29.091  14.194  -45.653 0.0000000000
90286  -21.865  12.892  -46.720 0.0000000000
90287  -22.770  13.333  -46.941 0.0000000000
90288  -23.033  13.124  -47.153 0.0000000000
90289  -25.394  13.411  -47.330 0.0000000000
90290  -25.908  13.387  -47.321 0.0000000000
90291  -26.304  13.519  -47.289 0.0000000000
90292  -26.810  14.148  -47.031 0.0000000000
90296  -23.227  13.806  -47.279 0.0000000000
90297  -23.533  13.639  -47.264 0.0000000000
90298  -24.439  13.826  -47.618 0.0000000000
90299  -25.432  13.708  -48.247 0.0000000000
90300  -26.108  13.287  -48.285 0.0000000000
90301  -26.548  13.250  -48.273 0.0000000000
90302  -26.931  13.638  -48.112 0.0000000000
90307  -25.814  13.783  -49.036 0.0000000000
90308  -26.276  13.153  -49.208 0.0000000000
90309  -26.659  12.736  -48.903 0.0000000000
90310  -27.395  12.889  -48.890 0.0000000000
90314  -26.721  13.109  -49.505 0.0000000000
90315  -27.069  13.036  -49.596 0.0000000000
90316  -27.312  12.947  -49.445 0.0000000000
91359  -29.551  14.561  -41.223 0.0000000000
91360  -29.573  14.401  -40.449 0.0000000000
91377  -29.556  14.419  -42.170 0.0000000000
91391  -29.136  14.498  -42.951 0.0000000000
91396  -17.066  14.545  -43.531 0.0000000000
91397  -18.758  14.543  -43.982 0.0000000000
91398  -19.882  13.910  -43.963 0.0000000000
91406  -28.598  14.760  -44.105 0.0000000000
91407  -28.802  14.527  -43.543 0.0000000000
91412  -17.664  14.581  -44.269 0.0000000000
91413  -18.517  14.257  -44.468 0.0000000000
91414  -19.674  13.552  -44.633 0.0000000000
91415  -20.609  13.323  -44.913 0.0000000000
91419  -28.760  14.631  -44.664 0.0000000000
91420  -29.053  14.635  -45.311 0.0000000000
91424  -20.237  13.170  -45.089 0.0000000000
91425  -20.935  13.228  -45.405 0.0000000000
91432  -28.121  14.663  -46.202 0.0000000000
91433  -28.637  14.486  -46.023 0.0000000000
91434  -29.158  14.548  -45.775 0.0000000000
91437  -21.674  13.585  -46.376 0.0000000000
91438  -22.405  13.940  -47.033 0.0000000000
91442  -27.690  14.786  -46.828 0.0000000000
91443  -28.481  14.891  -46.384 0.0000000000
91444  -28.961  14.722  -46.215 0.0000000000
91448  -23.154  14.163  -47.289 0.0000000000
91449  -23.656  14.212  -47.452 0.0000000000
91450  -24.194  14.355  -47.698 0.0000000000
91451  -24.884  14.434  -48.188 0.0000000000
91452  -27.046  14.496  -47.799 0.0000000000
91457  -25.611  14.407  -48.711 0.0000000000
91458  -26.303  14.094  -49.228 0.0000000000
91459  -26.929  14.197  -49.231 0.0000000000
91460  -27.210  13.904  -48.763 0.0000000000
91466  -26.555  13.453  -49.449 0.0000000000
91467  -26.840  13.501  -49.530 0.0000000000
91468  -27.225  13.368  -49.395 0.0000000000
92581  -29.830  15.613  -41.216 0.0000000000
92582  -29.914  15.210  -40.524 0.0000000000
92597  -29.696  15.219  -41.827 0.0000000000
92610  -29.471  15.252  -42.594 0.0000000000
92625  -28.628  15.025  -44.182 0.0000000000
92626  -28.790  15.136  -43.705 0.0000000000
92631  -17.544  15.037  -43.770 0.0000000000
92632  -18.097  15.103  -44.229 0.0000000000
92639  -28.678  14.920  -44.369 0.0000000000
92640  -28.961  15.160  -44.780 0.0000000000
92647  -21.269  13.299  -45.613 0.0000000000
92653  -29.314  15.200  -45.606 0.0000000000
92659  -21.525  13.887  -46.051 0.0000000000
92660  -22.655  14.313  -46.805 0.0000000000
92665  -27.772  15.171  -47.038 0.0000000000
92666  -28.102  15.384  -46.860 0.0000000000
92667  -28.990  15.314  -46.369 0.0000000000
92673  -23.359  14.841  -47.197 0.0000000000
92674  -23.859  15.018  -47.523 0.0000000000
92675  -24.235  14.910  -47.778 0.0000000000
92676  -24.589  15.207  -48.134 0.0000000000
92677  -27.447  15.318  -47.404 0.0000000000
92678  -27.830  15.908  -47.297 0.0000000000
92684  -25.115  15.189  -48.401 0.0000000000
92685  -25.909  15.288  -48.715 0.0000000000
92686  -26.246  15.110  -48.705 0.0000000000
92687  -26.732  15.078  -48.308 0.0000000000
92693  -25.996  15.720  -48.779 0.0000000000
92694  -26.022  15.951  -48.744 0.0000000000
93849  -29.712  16.879  -33.764 0.0000000000
93861  -29.750  16.946  -34.688 0.0000000000
93903  -30.056  16.020  -41.247 0.0000000000
93919  -30.005  16.295  -41.840 0.0000000000
93920  -30.947  16.857  -41.235 0.0000000000
93932  -29.469  16.148  -43.052 0.0000000000
93944  -29.162  16.144  -44.154 0.0000000000
93960  -29.347  16.093  -45.195 0.0000000000
93974  -29.304  16.033  -46.055 0.0000000000
93985  -24.167  15.867  -47.110 0.0000000000
93990  -28.387  16.224  -46.872 0.0000000000
93991  -28.978  16.006  -46.472 0.0000000000
93999  -24.241  15.974  -47.456 0.0000000000
94000  -24.270  15.994  -47.786 0.0000000000
94001  -24.399  16.085  -48.104 0.0000000000
94002  -24.779  16.207  -48.499 0.0000000000
94003  -27.208  16.187  -47.826 0.0000000000
94004  -27.828  16.354  -47.395 0.0000000000
94012  -25.445  16.277  -48.721 0.0000000000
94013  -25.873  15.958  -48.721 0.0000000000
94014  -26.109  16.007  -48.587 0.0000000000
94015  -26.745  15.946  -48.077 0.0000000000
94024  -25.529  16.591  -48.724 0.0000000000
94025  -25.839  16.217  -48.687 0.0000000000
94026  -26.024  16.268  -48.736 0.0000000000
95171  -29.971  17.570  -34.155 0.0000000000
95178  -30.234  17.731  -35.176 0.0000000000
95179  -30.339  18.333  -35.483 0.0000000000
95185  -30.256  18.167  -35.921 0.0000000000
95225  -30.052  17.188  -42.191 0.0000000000
95226  -30.705  17.580  -41.893 0.0000000000
95236  -29.707  16.971  -42.600 0.0000000000
95237  -30.126  17.753  -42.722 0.0000000000
95248  -29.576  17.339  -43.504 0.0000000000
95249  -29.949  17.938  -43.292 0.0000000000
95264  -29.396  17.181  -44.688 0.0000000000
95278  -28.605  17.734  -46.294 0.0000000000
95279  -29.064  17.141  -45.824 0.0000000000
95296  -28.434  17.254  -46.706 0.0000000000
95297  -28.896  16.527  -46.406 0.0000000000
95307  -24.475  17.038  -47.021 0.0000000000
95308  -24.465  17.013  -47.490 0.0000000000
95309  -24.479  17.012  -47.794 0.0000000000
95310  -24.614  17.154  -48.141 0.0000000000
95311  -26.286  17.698  -48.121 0.0000000000
95312  -26.784  17.275  -48.022 0.0000000000
95313  -27.766  17.068  -47.487 0.0000000000
95323  -24.877  17.238  -48.627 0.0000000000
95324  -25.268  17.402  -48.581 0.0000000000
95325  -25.896  17.167  -48.429 0.0000000000
95326  -26.498  16.494  -48.228 0.0000000000
95336  -25.281  16.918  -48.838 0.0000000000
95337  -25.505  16.824  -48.739 0.0000000000
95338  -25.689  16.420  -48.676 0.0000000000
96341  -30.175  18.177  -33.603 0.0000000000
96351  -30.303  18.184  -34.446 0.0000000000
96352  -30.401  18.597  -35.086 0.0000000000
96353  -30.352  18.968  -35.325 0.0000000000
96358  -29.824  19.324  -35.865 0.0000000000
96359  -30.087  18.883  -35.678 0.0000000000
96360  -30.287  19.004  -35.491 0.0000000000
96362  -29.675  19.157  -36.209 0.0000000000
96363  -30.019  18.613  -36.422 0.0000000000
96366  -29.596  19.015  -36.880 0.0000000000
96370  -29.720  18.740  -37.735 0.0000000000
96393  -31.023  18.046  -42.068 0.0000000000
96403  -30.972  18.444  -42.454 0.0000000000
96416  -29.902  18.047  -43.600 0.0000000000
96417  -30.324  18.536  -43.414 0.0000000000
96428  -29.804  18.333  -44.228 0.0000000000
96429  -30.258  18.890  -44.012 0.0000000000
96435  -24.478  19.244  -46.016 0.0000000000
96438  -28.772  18.227  -45.927 0.0000000000
96439  -29.335  18.138  -45.226 0.0000000000
96447  -24.780  18.373  -46.665 0.0000000000
96448  -24.585  18.761  -46.985 0.0000000000
96449  -24.247  18.748  -47.494 0.0000000000
96450  -27.725  18.904  -47.279 0.0000000000
96451  -28.167  18.349  -46.781 0.0000000000
96455  -24.612  17.645  -47.014 0.0000000000
96456  -24.559  17.811  -47.306 0.0000000000
96457  -24.416  18.026  -47.714 0.0000000000
96458  -24.302  18.282  -48.121 0.0000000000
96459  -26.587  17.948  -48.011 0.0000000000
96460  -27.210  18.383  -47.773 0.0000000000
96461  -27.894  17.753  -47.184 0.0000000000
96465  -24.757  18.294  -48.535 0.0000000000
96466  -25.355  18.337  -48.574 0.0000000000
96467  -26.150  18.442  -48.306 0.0000000000
96468  -26.631  18.984  -48.417 0.0000000000
97331  -30.065  18.898  -33.191 0.0000000000
97346  -30.296  18.950  -34.267 0.0000000000
97347  -30.415  19.305  -35.164 0.0000000000
97348  -30.459  19.176  -35.393 0.0000000000
97357  -29.700  19.592  -36.024 0.0000000000
97358  -30.065  19.624  -35.683 0.0000000000
97359  -30.259  19.200  -35.503 0.0000000000
97367  -29.435  19.780  -36.485 0.0000000000
97368  -29.786  20.005  -36.038 0.0000000000
97376  -29.389  19.744  -37.331 0.0000000000
97384  -29.369  19.612  -38.195 0.0000000000
97392  -28.510  19.432  -39.647 0.0000000000
97393  -29.111  19.505  -39.040 0.0000000000
97419  -31.635  19.094  -42.760 0.0000000000
97430  -31.100  19.210  -43.234 0.0000000000
97431  -31.879  19.733  -43.346 0.0000000000
97438  -23.740  19.545  -45.240 0.0000000000
97441  -30.157  19.266  -44.437 0.0000000000
97442  -30.705  19.370  -43.976 0.0000000000
97443  -31.301  19.697  -43.779 0.0000000000
97451  -24.298  19.682  -46.188 0.0000000000
97452  -24.474  20.089  -46.456 0.0000000000
97453  -24.701  20.374  -46.614 0.0000000000
97454  -29.172  18.830  -45.616 0.0000000000
97455  -29.661  19.124  -45.054 0.0000000000
97463  -24.458  19.223  -47.112 0.0000000000
97464  -24.262  19.491  -47.467 0.0000000000
97465  -24.582  20.120  -47.048 0.0000000000
97466  -27.927  19.371  -46.833 0.0000000000
97467  -28.704  19.199  -46.200 0.0000000000
97468  -29.286  19.452  -45.648 0.0000000000
97471  -24.147  19.063  -48.383 0.0000000000
97472  -27.588  19.542  -47.681 0.0000000000
97475  -24.762  19.350  -48.735 0.0000000000
97476  -25.495  19.317  -48.842 0.0000000000
97477  -26.188  19.398  -48.933 0.0000000000
97478  -27.056  19.565  -48.769 0.0000000000
97481  -25.033  19.809  -49.488 0.0000000000
97482  -25.636  19.693  -49.819 0.0000000000
97483  -26.408  19.883  -49.681 0.0000000000
97484  -26.846  20.134  -49.449 0.0000000000
98294  -29.912  19.556  -33.780 0.0000000000
98295  -30.427  20.077  -34.549 0.0000000000
98296  -30.757  20.639  -35.115 0.0000000000
98308  -30.480  20.147  -35.393 0.0000000000
98309  -30.951  20.797  -35.706 0.0000000000
98316  -29.779  20.247  -36.372 0.0000000000
98317  -30.324  20.452  -36.199 0.0000000000
98318  -31.099  20.997  -36.453 0.0000000000
98326  -29.835  20.420  -36.898 0.0000000000
98327  -30.736  20.940  -37.166 0.0000000000
98371  -27.148  20.253  -40.949 0.0000000000
98383  -23.843  20.249  -43.591 0.0000000000
98386  -31.610  20.191  -43.971 0.0000000000
98387  -32.330  20.559  -43.893 0.0000000000
98392  -23.507  20.209  -44.426 0.0000000000
98393  -30.004  19.768  -44.838 0.0000000000
98394  -30.472  20.017  -44.524 0.0000000000
98395  -31.096  20.046  -44.249 0.0000000000
98396  -32.508  21.082  -44.315 0.0000000000
98404  -23.486  20.369  -45.247 0.0000000000
98405  -23.923  20.654  -45.828 0.0000000000
98406  -24.610  20.721  -46.125 0.0000000000
98407  -29.648  20.030  -45.329 0.0000000000
98408  -30.121  20.251  -44.945 0.0000000000
98413  -24.425  20.196  -47.582 0.0000000000
98414  -24.905  20.656  -46.960 0.0000000000
98415  -27.663  20.139  -47.024 0.0000000000
98416  -28.400  20.107  -46.525 0.0000000000
98417  -29.182  20.035  -46.044 0.0000000000
98422  -24.154  20.015  -48.365 0.0000000000
98423  -24.737  20.709  -47.905 0.0000000000
98424  -27.756  20.226  -47.611 0.0000000000
98432  -24.554  20.383  -49.265 0.0000000000
98433  -24.484  20.754  -48.637 0.0000000000
98434  -27.674  20.247  -48.292 0.0000000000
98446  -25.924  20.355  -50.428 0.0000000000
98447  -26.628  20.668  -49.992 0.0000000000
98448  -27.289  20.509  -49.173 0.0000000000
99280  -30.714  20.805  -34.770 0.0000000000
99293  -31.594  21.327  -35.992 0.0000000000
99358  -24.481  21.369  -40.789 0.0000000000
99359  -26.017  21.486  -40.990 0.0000000000
99360  -27.365  21.417  -41.355 0.0000000000
99366  -22.096  21.632  -41.362 0.0000000000
99369  -25.099  22.017  -41.037 0.0000000000
99370  -25.667  22.049  -41.173 0.0000000000
99376  -22.877  20.871  -42.530 0.0000000000
99378  -31.323  20.418  -44.274 0.0000000000
99379  -31.604  20.666  -44.209 0.0000000000
99386  -23.542  21.078  -43.527 0.0000000000
99387  -23.715  21.387  -44.032 0.0000000000
99388  -30.406  20.479  -44.828 0.0000000000
99389  -30.955  20.697  -44.580 0.0000000000
99390  -31.825  21.251  -44.463 0.0000000000
99391  -32.546  21.429  -44.699 0.0000000000
99400  -23.496  20.850  -44.481 0.0000000000
99401  -23.680  21.307  -44.913 0.0000000000
99402  -24.272  21.422  -45.573 0.0000000000
99403  -29.581  20.460  -45.826 0.0000000000
99404  -30.098  20.814  -45.337 0.0000000000
99405  -30.976  21.534  -45.160 0.0000000000
99406  -31.974  21.744  -45.287 0.0000000000
99407  -32.929  21.476  -45.451 0.0000000000
99410  -25.078  21.394  -46.141 0.0000000000
99411  -27.729  20.513  -47.285 0.0000000000
99412  -27.935  20.828  -46.845 0.0000000000
99413  -29.201  20.960  -46.456 0.0000000000
99414  -30.301  21.522  -46.084 0.0000000000
99415  -31.255  21.856  -46.077 0.0000000000
99416  -32.230  21.924  -46.312 0.0000000000
99420  -25.285  21.464  -47.250 0.0000000000
99421  -27.872  20.737  -47.664 0.0000000000
99422  -28.290  21.453  -47.372 0.0000000000
99423  -29.064  21.799  -47.047 0.0000000000
99436  -27.830  21.178  -48.466 0.0000000000
99437  -28.236  21.898  -48.116 0.0000000000
100453  -25.960  22.042  -41.342 0.0000000000
100454  -26.635  22.172  -41.605 0.0000000000
100461  -23.812  22.288  -41.356 0.0000000000
100462  -25.482  22.410  -41.759 0.0000000000
100463  -26.450  22.806  -42.130 0.0000000000
100466  -22.240  21.403  -42.219 0.0000000000
100467  -22.592  21.973  -42.593 0.0000000000
100468  -23.300  22.529  -43.157 0.0000000000
100476  -23.376  21.880  -43.463 0.0000000000
100477  -23.970  22.163  -43.894 0.0000000000
100478  -24.609  22.456  -44.416 0.0000000000
100486  -24.283  21.882  -44.827 0.0000000000
100487  -24.939  22.205  -45.296 0.0000000000
100490  -29.728  21.776  -46.740 0.0000000000
100491  -30.473  22.157  -46.738 0.0000000000
100492  -31.386  22.438  -46.824 0.0000000000
100501  -28.691  22.123  -47.596 0.0000000000
100502  -29.573  22.353  -47.428 0.0000000000
100503  -30.634  22.639  -47.504 0.0000000000
101628  -22.789  22.538  -41.644 0.0000000000
101629  -23.517  23.120  -42.150 0.0000000000
101630  -24.530  23.154  -42.330 0.0000000000
101631  -25.775  23.167  -42.617 0.0000000000
101639  -22.992  22.927  -42.610 0.0000000000
101640  -23.866  23.271  -43.092 0.0000000000
101641  -24.989  23.391  -43.279 0.0000000000
101642  -26.171  23.533  -43.503 0.0000000000
101653  -24.560  22.889  -43.769 0.0000000000
101654  -25.280  23.065  -44.339 0.0000000000
139808  -20.926  3.975  -40.481 0.0000000000
139809  -22.179  3.707  -40.814 0.0000000000
139810  -22.116  3.256  -40.535 0.0000000000
139811  -21.575  3.588  -40.564 0.0000000000
139812  -20.963  3.774  -40.475 0.0000000000
139813  -21.491  4.105  -40.760 0.0000000000
139814  -22.815  3.173  -40.648 0.0000000000
139815  -22.084  4.052  -40.968 0.0000000000
139816  -22.219  3.930  -41.044 0.0000000000
139817  -23.375  2.712  -40.602 0.0000000000
139818  -21.803  3.982  -40.807 0.0000000000
139819  -22.911  3.897  -41.329 0.0000000000
139820  -21.972  4.268  -41.187 0.0000000000
139821  -20.421  3.897  -40.319 0.0000000000
139822  -21.614  5.604  -42.203 0.0000000000
139823  -23.679  4.059  -41.559 0.0000000000
139824  -22.996  1.856  -40.248 0.0000000000
139825  -22.342  2.813  -40.417 0.0000000000
139826  -22.302  5.198  -41.987 0.0000000000
139827  -24.430  3.819  -41.550 0.0000000000
139828  -25.644  3.698  -41.514 0.0000000000
139829  -22.922  2.453  -40.445 0.0000000000
139830  -22.629  4.690  -41.677 0.0000000000
139831  -22.628  5.053  -41.911 0.0000000000
139832  -26.164  3.895  -41.549 0.0000000000
139833  -23.597  4.908  -42.007 0.0000000000
139834  -23.036  5.012  -41.917 0.0000000000
139835  -26.461  3.936  -41.638 0.0000000000
139836  -26.555  3.635  -41.466 0.0000000000
139837  -25.589  2.971  -41.337 0.0000000000
139838  -25.965  3.375  -41.414 0.0000000000
139839  -25.649  3.207  -41.380 0.0000000000
140099  -22.288  22.207  -41.651 0.0000000000
140100  -22.464  22.171  -40.970 0.0000000000
140101  -23.351  21.673  -40.464 0.0000000000
140102  -22.985  22.303  -41.249 0.0000000000
140103  -22.565  22.182  -40.629 0.0000000000
