#!ascii label  , from subject Broad_82_YZ vox2ras=TkReg
1091
85849  -0.238  10.711  6.523 0.0000000000
88409  -0.024  12.342  6.407 0.0000000000
90701  -2.658  15.545  14.917 0.0000000000
90702  -3.178  15.294  14.725 0.0000000000
90703  -4.123  14.934  14.436 0.0000000000
90704  -5.204  14.667  14.460 0.0000000000
91836  0.879  15.514  17.415 0.0000000000
91849  1.169  16.270  17.103 0.0000000000
91850  1.125  15.874  17.098 0.0000000000
91851  0.408  15.817  17.203 0.0000000000
91852  -0.436  15.711  16.876 0.0000000000
91872  1.349  16.310  16.905 0.0000000000
91874  -0.228  16.233  16.764 0.0000000000
91875  -0.970  15.973  16.257 0.0000000000
91876  -1.639  15.847  15.497 0.0000000000
91890  -2.280  15.883  15.042 0.0000000000
91891  -2.944  15.948  14.547 0.0000000000
91892  -3.920  15.826  14.162 0.0000000000
91893  -5.041  15.512  13.895 0.0000000000
91894  -6.370  15.291  14.488 0.0000000000
91895  -7.192  15.976  14.690 0.0000000000
91901  -4.528  16.130  13.757 0.0000000000
91902  -5.112  16.287  13.641 0.0000000000
93165  1.371  16.543  16.978 0.0000000000
93166  0.983  16.386  17.053 0.0000000000
93167  0.374  16.653  16.765 0.0000000000
93168  -7.768  16.628  16.361 0.0000000000
93185  1.430  16.673  16.799 0.0000000000
93186  1.298  16.727  15.861 0.0000000000
93187  -0.381  16.739  16.259 0.0000000000
93188  -1.171  16.589  15.372 0.0000000000
93189  -1.846  16.225  15.136 0.0000000000
93190  -7.485  16.448  15.229 0.0000000000
93205  -1.448  16.990  14.804 0.0000000000
93206  -2.179  16.593  14.638 0.0000000000
93207  -3.378  16.658  13.966 0.0000000000
93208  -4.072  16.332  13.804 0.0000000000
93209  -5.909  16.186  13.782 0.0000000000
93210  -6.727  16.631  14.304 0.0000000000
93211  -7.218  16.493  14.723 0.0000000000
93221  -3.748  17.164  13.595 0.0000000000
93222  -4.441  16.820  13.533 0.0000000000
93223  -5.530  16.906  13.579 0.0000000000
93224  -6.162  16.844  13.790 0.0000000000
94416  -3.705  17.384  23.088 0.0000000000
94417  -4.750  17.337  23.202 0.0000000000
94433  -3.217  17.922  22.102 0.0000000000
94434  -4.420  17.574  22.266 0.0000000000
94435  -5.397  17.335  22.508 0.0000000000
94449  -3.549  18.387  21.540 0.0000000000
94450  -4.285  18.246  21.352 0.0000000000
94451  -5.275  17.658  21.567 0.0000000000
94464  -4.596  18.497  20.721 0.0000000000
94465  -5.250  18.099  20.459 0.0000000000
94466  -6.153  17.462  20.939 0.0000000000
94477  -5.831  18.147  19.381 0.0000000000
94478  -6.331  17.586  19.897 0.0000000000
94484  -6.129  18.216  18.818 0.0000000000
94485  -6.694  17.584  18.686 0.0000000000
94486  -7.273  16.949  18.148 0.0000000000
94497  -6.535  17.882  17.807 0.0000000000
94498  -7.201  17.319  17.493 0.0000000000
94516  1.595  16.693  17.049 0.0000000000
94517  1.457  16.775  16.820 0.0000000000
94518  0.934  16.999  16.754 0.0000000000
94519  -6.808  17.975  17.175 0.0000000000
94520  -7.321  17.684  16.546 0.0000000000
94537  1.633  16.964  16.901 0.0000000000
94538  1.242  17.380  16.405 0.0000000000
94539  0.282  17.510  16.244 0.0000000000
94540  -0.468  17.229  15.763 0.0000000000
94541  -7.284  17.906  15.343 0.0000000000
94542  -7.464  17.434  15.564 0.0000000000
94554  1.230  17.603  15.514 0.0000000000
94555  -0.271  17.701  15.704 0.0000000000
94556  -0.840  17.509  15.103 0.0000000000
94557  -1.753  17.471  14.425 0.0000000000
94558  -2.587  17.211  14.154 0.0000000000
94559  -7.114  17.686  14.745 0.0000000000
94560  -7.301  16.943  14.842 0.0000000000
94570  0.870  17.758  14.555 0.0000000000
94571  -2.353  17.746  14.022 0.0000000000
94572  -3.108  17.589  13.677 0.0000000000
94573  -4.019  17.671  13.330 0.0000000000
94574  -5.073  17.654  13.213 0.0000000000
94575  -6.336  17.716  13.644 0.0000000000
94579  0.567  17.862  13.416 0.0000000000
94594  0.471  17.662  9.772 0.0000000000
94628  1.858  17.452  5.551 0.0000000000
95628  -2.380  18.418  22.006 0.0000000000
95643  -1.961  18.980  21.728 0.0000000000
95644  -2.971  18.782  21.497 0.0000000000
95645  -3.688  18.684  21.257 0.0000000000
95659  -3.465  19.092  21.121 0.0000000000
95660  -4.094  18.953  20.758 0.0000000000
95661  -4.671  18.658  20.325 0.0000000000
95680  -4.501  19.128  20.168 0.0000000000
95681  -5.020  18.788  19.678 0.0000000000
95696  -5.700  18.772  18.871 0.0000000000
95697  -6.191  18.301  18.312 0.0000000000
95712  -5.965  18.905  18.216 0.0000000000
95713  -6.357  18.610  17.575 0.0000000000
95730  -6.909  18.548  16.600 0.0000000000
95731  -7.411  18.077  15.979 0.0000000000
95742  1.234  18.391  15.768 0.0000000000
95743  0.790  18.432  15.938 0.0000000000
95744  -7.249  18.526  15.491 0.0000000000
95745  -7.347  17.986  15.594 0.0000000000
95756  1.200  18.557  15.166 0.0000000000
95757  -0.138  18.402  15.517 0.0000000000
95758  -1.085  18.347  14.526 0.0000000000
95759  -1.870  18.096  14.169 0.0000000000
95760  -7.098  18.707  14.325 0.0000000000
95772  1.002  18.768  14.215 0.0000000000
95773  -1.714  18.525  14.146 0.0000000000
95774  -2.349  18.412  13.790 0.0000000000
95775  -3.320  18.438  13.261 0.0000000000
95776  -4.366  18.504  12.973 0.0000000000
95777  -5.522  18.630  12.938 0.0000000000
95778  -6.561  19.083  13.340 0.0000000000
95786  0.688  18.833  13.016 0.0000000000
95790  0.465  18.784  11.730 0.0000000000
95796  0.516  18.746  10.471 0.0000000000
95803  0.409  18.853  9.291 0.0000000000
96671  -2.404  19.716  21.298 0.0000000000
96672  -3.087  19.333  21.214 0.0000000000
96685  -2.748  20.275  21.003 0.0000000000
96686  -3.415  19.786  20.932 0.0000000000
96687  -4.214  19.765  20.457 0.0000000000
96704  -4.739  19.681  19.906 0.0000000000
96705  -5.127  19.553  19.222 0.0000000000
96719  -5.589  19.555  18.494 0.0000000000
96735  -5.997  19.351  17.861 0.0000000000
96736  -6.405  19.465  17.204 0.0000000000
96757  -6.895  19.552  16.254 0.0000000000
96769  1.227  18.908  15.441 0.0000000000
96770  1.095  19.002  15.595 0.0000000000
96771  -7.361  19.745  15.139 0.0000000000
96772  -7.410  20.409  14.524 0.0000000000
96786  1.216  19.575  14.985 0.0000000000
96787  0.577  19.380  15.320 0.0000000000
96788  -0.357  19.322  14.842 0.0000000000
96789  -7.263  19.760  13.965 0.0000000000
96790  -7.313  20.603  13.859 0.0000000000
96804  1.063  19.801  13.778 0.0000000000
96805  -1.468  19.244  14.115 0.0000000000
96806  -2.567  19.330  13.403 0.0000000000
96807  -3.601  19.322  12.945 0.0000000000
96808  -4.605  19.528  12.716 0.0000000000
96809  -5.770  19.676  12.756 0.0000000000
96810  -6.667  20.373  13.163 0.0000000000
96811  -7.077  20.841  13.529 0.0000000000
96823  0.791  19.823  12.533 0.0000000000
96824  -5.059  20.228  12.556 0.0000000000
96825  -5.797  20.503  12.628 0.0000000000
96826  -6.217  20.787  12.768 0.0000000000
96832  0.518  19.798  11.270 0.0000000000
96839  0.484  19.802  10.095 0.0000000000
96843  0.330  19.943  9.286 0.0000000000
97647  -1.110  20.578  25.894 0.0000000000
97656  -1.237  20.549  24.931 0.0000000000
97668  -0.290  20.374  24.120 0.0000000000
97669  -1.409  20.764  24.122 0.0000000000
97703  -1.614  20.178  21.317 0.0000000000
97721  -1.896  20.727  20.979 0.0000000000
97722  -3.102  20.786  20.585 0.0000000000
97723  -3.811  20.289  20.567 0.0000000000
97737  -3.469  21.233  20.244 0.0000000000
97738  -4.309  20.779  20.088 0.0000000000
97739  -4.881  20.145  19.583 0.0000000000
97748  -4.569  21.162  19.421 0.0000000000
97749  -4.953  20.535  18.950 0.0000000000
97760  -5.804  20.318  17.908 0.0000000000
97761  -6.565  20.494  17.026 0.0000000000
97776  -7.054  20.610  16.082 0.0000000000
97786  -7.329  20.890  15.238 0.0000000000
97787  -7.449  21.178  14.482 0.0000000000
97798  1.171  20.745  14.322 0.0000000000
97799  0.697  20.562  14.831 0.0000000000
97800  0.202  19.951  14.892 0.0000000000
97801  -7.309  21.265  13.799 0.0000000000
97811  1.000  20.807  13.234 0.0000000000
97812  0.304  20.955  14.539 0.0000000000
97813  -0.371  20.389  14.384 0.0000000000
97814  -1.757  20.329  13.695 0.0000000000
97815  -3.028  20.349  13.106 0.0000000000
97816  -3.812  19.939  12.810 0.0000000000
97817  -6.417  21.199  12.923 0.0000000000
97818  -6.917  21.219  13.334 0.0000000000
97828  0.768  20.801  11.981 0.0000000000
97829  -3.272  20.883  12.913 0.0000000000
97830  -4.015  20.621  12.703 0.0000000000
97831  -5.017  20.967  12.435 0.0000000000
97832  -5.799  21.172  12.610 0.0000000000
97835  0.580  20.778  10.745 0.0000000000
97838  0.483  20.752  9.665 0.0000000000
97840  0.265  20.680  8.779 0.0000000000
98613  -2.211  21.492  27.131 0.0000000000
98621  -1.766  20.955  26.572 0.0000000000
98622  -2.373  21.567  26.302 0.0000000000
98632  -1.891  20.976  25.614 0.0000000000
98633  -2.542  21.516  25.347 0.0000000000
98645  -2.025  21.061  24.696 0.0000000000
98646  -2.542  21.698  24.547 0.0000000000
98658  -1.013  21.253  23.595 0.0000000000
98659  -1.982  21.511  23.901 0.0000000000
98660  -2.436  21.966  24.147 0.0000000000
98675  -0.202  21.242  23.314 0.0000000000
98710  -1.218  21.663  20.847 0.0000000000
98711  -2.112  21.561  20.537 0.0000000000
98721  -2.852  21.663  20.269 0.0000000000
98722  -3.483  21.713  19.936 0.0000000000
98731  -4.098  21.681  19.518 0.0000000000
98732  -4.656  21.622  19.031 0.0000000000
98743  -5.375  21.483  18.458 0.0000000000
98744  -6.130  21.488  17.685 0.0000000000
98756  -6.857  21.632  16.813 0.0000000000
98757  -7.201  22.156  16.213 0.0000000000
98765  -7.204  21.453  15.937 0.0000000000
98766  -7.538  22.045  15.301 0.0000000000
98775  1.036  21.499  14.545 0.0000000000
98776  0.613  21.383  14.560 0.0000000000
98777  -7.533  21.999  14.198 0.0000000000
98786  1.112  21.681  13.775 0.0000000000
98787  -0.016  21.390  14.362 0.0000000000
98788  -0.843  21.247  13.719 0.0000000000
98789  -2.165  21.380  13.346 0.0000000000
98790  -2.908  21.040  13.056 0.0000000000
98791  -6.659  21.870  13.128 0.0000000000
98792  -7.145  21.906  13.548 0.0000000000
98803  0.658  21.713  12.621 0.0000000000
98804  -2.403  21.968  13.093 0.0000000000
98805  -3.084  21.556  12.819 0.0000000000
98806  -4.195  21.637  12.553 0.0000000000
98807  -5.158  21.784  12.525 0.0000000000
98808  -6.003  21.887  12.760 0.0000000000
98813  0.732  21.786  11.319 0.0000000000
98817  0.607  21.731  10.118 0.0000000000
98820  0.456  21.637  9.080 0.0000000000
99631  -2.631  22.481  27.197 0.0000000000
99632  -3.268  23.084  26.910 0.0000000000
99642  -3.029  22.062  25.952 0.0000000000
99643  -3.463  22.742  26.300 0.0000000000
99654  -3.065  22.026  25.037 0.0000000000
99655  -3.446  22.554  25.363 0.0000000000
99669  -2.856  22.353  24.398 0.0000000000
99670  -3.273  22.493  24.810 0.0000000000
99684  -0.714  21.729  23.272 0.0000000000
99685  -1.378  22.205  23.396 0.0000000000
99686  -2.312  22.305  23.819 0.0000000000
99703  -0.331  22.218  22.940 0.0000000000
99704  -1.055  22.656  23.136 0.0000000000
99736  -1.313  22.428  20.418 0.0000000000
99737  -2.178  22.189  20.290 0.0000000000
99744  -1.814  22.741  20.130 0.0000000000
99745  -2.632  22.532  19.985 0.0000000000
99746  -3.474  22.491  19.625 0.0000000000
99756  -4.133  22.475  19.225 0.0000000000
99757  -4.847  22.505  18.795 0.0000000000
99767  -5.624  22.504  18.212 0.0000000000
99768  -6.374  22.578  17.550 0.0000000000
99776  -7.062  22.769  16.905 0.0000000000
99777  -7.346  22.927  16.080 0.0000000000
99785  -7.624  23.080  15.428 0.0000000000
99798  0.784  21.785  14.536 0.0000000000
99799  0.466  21.780  14.362 0.0000000000
99800  -7.694  22.912  14.636 0.0000000000
99816  0.729  22.065  14.195 0.0000000000
99817  -0.119  22.140  13.947 0.0000000000
99818  -1.090  22.109  13.358 0.0000000000
99819  -1.889  22.243  13.213 0.0000000000
99820  -6.992  22.321  13.205 0.0000000000
99821  -7.398  22.868  13.548 0.0000000000
99841  0.414  22.382  13.155 0.0000000000
99842  -0.400  22.773  13.081 0.0000000000
99843  -1.333  22.950  13.069 0.0000000000
99844  -2.343  22.597  12.759 0.0000000000
99845  -3.399  22.444  12.423 0.0000000000
99846  -4.440  22.497  12.364 0.0000000000
99847  -5.438  22.606  12.447 0.0000000000
99848  -6.539  22.765  12.742 0.0000000000
99849  -7.202  23.502  12.801 0.0000000000
99864  0.558  22.838  11.789 0.0000000000
99882  0.747  22.780  10.524 0.0000000000
99900  0.663  22.657  9.402 0.0000000000
99916  0.388  22.512  8.419 0.0000000000
99971  0.074  24.099  4.477 0.0000000000
100727  -3.811  23.602  26.518 0.0000000000
100728  -4.184  24.084  26.115 0.0000000000
100739  -3.886  23.129  25.570 0.0000000000
100740  -4.194  23.768  25.599 0.0000000000
100751  -2.816  22.798  23.956 0.0000000000
100752  -3.516  23.137  24.527 0.0000000000
100753  -4.142  23.447  25.041 0.0000000000
100763  -1.439  22.826  23.238 0.0000000000
100764  -2.219  23.075  23.429 0.0000000000
100765  -2.986  23.190  23.858 0.0000000000
100782  -1.143  23.295  23.033 0.0000000000
100783  -1.964  23.627  23.220 0.0000000000
100823  -1.175  23.097  20.103 0.0000000000
100839  -1.636  23.408  19.772 0.0000000000
100840  -2.732  23.396  19.561 0.0000000000
100841  -3.560  23.120  19.369 0.0000000000
100858  -3.273  23.746  19.319 0.0000000000
100859  -4.073  23.483  19.057 0.0000000000
100860  -5.003  23.491  18.584 0.0000000000
100874  -5.710  23.500  17.927 0.0000000000
100875  -6.453  23.622  17.365 0.0000000000
100884  -7.043  23.775  16.659 0.0000000000
100885  -7.376  23.796  15.859 0.0000000000
100900  -7.628  23.786  15.104 0.0000000000
100918  -7.654  23.825  14.228 0.0000000000
100936  -7.599  23.997  13.319 0.0000000000
100952  0.150  23.478  12.336 0.0000000000
100953  -0.623  23.594  12.549 0.0000000000
100954  -1.528  23.582  12.268 0.0000000000
100955  -2.640  23.225  12.079 0.0000000000
100956  -3.703  23.228  12.066 0.0000000000
100957  -4.730  23.318  12.099 0.0000000000
100958  -5.720  23.424  12.109 0.0000000000
100959  -6.609  23.878  12.181 0.0000000000
100960  -7.297  24.285  12.572 0.0000000000
100971  0.607  23.838  11.602 0.0000000000
100972  -1.502  24.040  11.925 0.0000000000
100973  -2.020  23.951  11.790 0.0000000000
100974  -2.988  23.886  11.644 0.0000000000
100975  -4.024  23.919  11.553 0.0000000000
100976  -5.058  23.966  11.500 0.0000000000
100977  -5.907  24.059  11.589 0.0000000000
100988  1.251  24.296  10.093 0.0000000000
100989  0.883  23.833  10.801 0.0000000000
101002  1.225  24.326  9.695 0.0000000000
101003  1.049  23.775  9.669 0.0000000000
101018  0.606  23.546  8.679 0.0000000000
101033  0.110  23.379  7.792 0.0000000000
101910  -3.834  24.069  27.315 0.0000000000
101911  -4.412  24.483  26.659 0.0000000000
101912  -4.820  24.838  26.064 0.0000000000
101922  -4.521  24.332  25.732 0.0000000000
101923  -4.955  24.808  25.353 0.0000000000
101933  -3.742  23.678  24.245 0.0000000000
101934  -4.370  24.127  24.570 0.0000000000
101935  -4.954  24.858  24.743 0.0000000000
101944  -2.404  23.718  23.327 0.0000000000
101945  -3.288  23.781  23.665 0.0000000000
101946  -4.144  24.499  23.618 0.0000000000
101958  -0.632  24.234  22.552 0.0000000000
101959  -2.143  24.318  23.037 0.0000000000
101960  -3.542  24.729  23.089 0.0000000000
101961  -4.200  24.903  23.210 0.0000000000
102015  -1.755  24.278  19.380 0.0000000000
102016  -2.663  24.137  19.323 0.0000000000
102031  -2.277  24.664  19.108 0.0000000000
102032  -3.188  24.505  19.048 0.0000000000
102033  -4.259  24.460  18.747 0.0000000000
102034  -5.112  24.403  18.280 0.0000000000
102046  -5.721  24.451  17.653 0.0000000000
102047  -6.337  24.591  17.027 0.0000000000
102057  -6.802  24.788  16.155 0.0000000000
102058  -7.329  24.413  15.502 0.0000000000
102069  -7.117  24.999  15.455 0.0000000000
102070  -7.452  24.688  14.824 0.0000000000
102084  -7.646  24.778  13.895 0.0000000000
102098  -7.577  24.890  13.029 0.0000000000
102109  -0.073  24.357  12.271 0.0000000000
102110  -0.752  24.355  12.172 0.0000000000
102111  -1.250  24.133  12.024 0.0000000000
102112  -6.988  24.565  12.013 0.0000000000
102113  -7.354  25.040  12.275 0.0000000000
102122  0.953  24.904  11.331 0.0000000000
102123  0.476  24.523  11.758 0.0000000000
102124  -0.782  24.836  12.018 0.0000000000
102125  -1.354  24.609  11.847 0.0000000000
102126  -2.315  24.634  11.507 0.0000000000
102127  -3.292  24.589  11.227 0.0000000000
102128  -4.371  24.719  10.952 0.0000000000
102129  -5.519  24.710  11.050 0.0000000000
102130  -6.408  24.684  11.514 0.0000000000
102131  -6.968  25.108  11.731 0.0000000000
102139  1.207  24.797  10.671 0.0000000000
102140  0.865  24.393  11.255 0.0000000000
102141  -4.514  25.219  10.657 0.0000000000
102142  -4.947  25.162  10.673 0.0000000000
102153  1.289  24.875  9.617 0.0000000000
102154  1.169  24.386  9.443 0.0000000000
102162  1.252  25.100  9.012 0.0000000000
102163  1.019  24.590  8.847 0.0000000000
102177  0.572  24.335  7.927 0.0000000000
102947  -4.875  25.046  26.509 0.0000000000
102948  -5.391  25.444  26.089 0.0000000000
102958  -5.393  25.401  24.925 0.0000000000
102969  -4.534  24.702  23.956 0.0000000000
102970  -4.971  25.127  24.150 0.0000000000
102980  -4.574  25.055  23.506 0.0000000000
102981  -5.081  25.647  23.359 0.0000000000
102994  -1.410  25.225  22.464 0.0000000000
102995  -2.964  25.553  22.477 0.0000000000
102996  -4.365  25.463  22.786 0.0000000000
102997  -5.029  25.927  22.825 0.0000000000
103010  -2.036  26.048  22.097 0.0000000000
103011  -2.791  26.129  22.019 0.0000000000
103047  -1.574  24.980  19.015 0.0000000000
103060  -2.173  25.353  18.679 0.0000000000
103061  -3.405  25.396  18.523 0.0000000000
103062  -4.450  25.221  18.333 0.0000000000
103063  -5.111  25.094  17.916 0.0000000000
103070  -3.902  25.806  18.113 0.0000000000
103071  -4.564  25.739  17.763 0.0000000000
103072  -5.467  25.465  17.267 0.0000000000
103073  -6.105  25.280  16.689 0.0000000000
103080  -5.697  25.830  16.690 0.0000000000
103081  -6.208  25.763  16.286 0.0000000000
103088  -6.688  25.699  15.620 0.0000000000
103089  -7.119  25.402  15.079 0.0000000000
103101  -6.894  26.002  15.012 0.0000000000
103102  -7.221  25.598  14.390 0.0000000000
103112  -7.411  25.574  13.517 0.0000000000
103119  -0.238  24.737  12.192 0.0000000000
103120  -0.432  24.930  12.101 0.0000000000
103121  -7.405  25.693  12.708 0.0000000000
103133  0.732  25.250  11.575 0.0000000000
103134  0.159  25.208  12.009 0.0000000000
103135  -0.671  25.394  11.829 0.0000000000
103136  -1.640  25.484  11.387 0.0000000000
103137  -2.613  25.264  11.068 0.0000000000
103138  -3.484  25.239  10.789 0.0000000000
103139  -4.133  25.329  10.629 0.0000000000
103140  -6.089  25.107  11.024 0.0000000000
103141  -6.571  25.561  11.221 0.0000000000
103142  -7.247  25.825  11.853 0.0000000000
103151  1.204  25.507  11.179 0.0000000000
103152  -2.144  25.840  10.899 0.0000000000
103153  -2.846  25.836  10.616 0.0000000000
103154  -3.707  25.843  10.430 0.0000000000
103155  -4.598  25.699  10.374 0.0000000000
103156  -5.684  25.661  10.594 0.0000000000
103157  -6.427  26.237  10.750 0.0000000000
103166  1.382  25.813  10.279 0.0000000000
103174  1.441  25.744  8.994 0.0000000000
103175  1.223  25.214  8.653 0.0000000000
103186  1.386  26.088  8.347 0.0000000000
103187  1.043  25.481  7.861 0.0000000000
103188  0.339  24.905  7.476 0.0000000000
103211  0.686  26.010  7.121 0.0000000000
103212  -0.075  25.501  6.857 0.0000000000
104002  -5.876  26.298  25.244 0.0000000000
104011  -5.713  26.108  24.030 0.0000000000
104020  -5.450  26.382  23.005 0.0000000000
104030  -3.337  26.194  21.937 0.0000000000
104031  -4.075  26.036  22.072 0.0000000000
104032  -4.954  26.328  22.268 0.0000000000
104046  -1.548  26.513  21.662 0.0000000000
104047  -2.797  26.649  21.491 0.0000000000
104048  -3.959  26.586  21.618 0.0000000000
104049  -4.533  26.516  21.830 0.0000000000
104065  -2.006  26.867  21.274 0.0000000000
104098  -1.393  26.386  18.380 0.0000000000
104099  -2.517  26.124  18.310 0.0000000000
104100  -3.276  26.100  18.122 0.0000000000
104106  -2.075  26.763  18.115 0.0000000000
104107  -2.813  26.670  17.904 0.0000000000
104108  -3.738  26.399  17.631 0.0000000000
104109  -4.647  26.339  17.200 0.0000000000
104110  -5.244  26.164  16.863 0.0000000000
104118  -4.898  26.651  16.759 0.0000000000
104119  -5.498  26.526  16.361 0.0000000000
104120  -6.153  26.311  15.915 0.0000000000
104127  -5.802  26.839  15.796 0.0000000000
104128  -6.372  26.627  15.332 0.0000000000
104140  -6.762  26.596  14.493 0.0000000000
104141  -7.100  26.182  13.857 0.0000000000
104151  -7.000  26.920  13.713 0.0000000000
104152  -7.295  26.326  13.212 0.0000000000
104161  -7.222  27.018  13.023 0.0000000000
104162  -7.345  26.553  12.397 0.0000000000
104174  0.842  25.991  11.616 0.0000000000
104175  0.068  26.160  11.721 0.0000000000
104176  -0.808  26.349  11.335 0.0000000000
104177  -1.574  26.169  10.965 0.0000000000
104178  -6.976  26.449  11.278 0.0000000000
104179  -7.276  26.512  11.762 0.0000000000
104187  1.334  26.288  11.120 0.0000000000
104188  -1.304  26.749  10.809 0.0000000000
104189  -2.138  26.517  10.560 0.0000000000
104190  -3.124  26.510  10.297 0.0000000000
104191  -4.091  26.530  9.971 0.0000000000
104192  -5.108  26.385  9.992 0.0000000000
104193  -5.959  26.791  10.260 0.0000000000
104194  -6.633  26.893  10.756 0.0000000000
104201  1.374  26.694  10.569 0.0000000000
104202  -4.743  26.957  9.645 0.0000000000
104203  -5.429  27.072  9.785 0.0000000000
104204  -5.796  27.220  9.976 0.0000000000
104210  1.400  26.741  9.728 0.0000000000
104221  1.439  26.801  8.659 0.0000000000
104222  1.370  26.384  7.977 0.0000000000
104240  1.351  27.062  7.929 0.0000000000
104241  1.169  26.618  7.281 0.0000000000
104242  0.445  26.542  6.644 0.0000000000
105043  -5.931  27.241  24.458 0.0000000000
105053  -5.873  27.189  23.356 0.0000000000
105065  -5.637  27.176  22.331 0.0000000000
105078  -3.171  27.115  20.979 0.0000000000
105079  -3.827  27.126  21.185 0.0000000000
105080  -4.888  27.166  21.456 0.0000000000
105098  -2.383  27.304  20.684 0.0000000000
105099  -3.565  27.502  20.675 0.0000000000
105100  -4.359  27.661  20.865 0.0000000000
105128  -1.456  27.232  18.040 0.0000000000
105135  -2.205  27.283  17.722 0.0000000000
105136  -3.059  27.216  17.355 0.0000000000
105137  -4.008  26.996  17.081 0.0000000000
105138  -4.527  26.840  16.877 0.0000000000
105145  -2.866  27.765  17.090 0.0000000000
105146  -3.462  27.693  16.828 0.0000000000
105147  -4.565  27.365  16.449 0.0000000000
105148  -5.295  27.195  15.957 0.0000000000
105154  -4.938  27.701  15.771 0.0000000000
105155  -5.634  27.512  15.352 0.0000000000
105156  -6.310  27.269  14.886 0.0000000000
105166  -5.943  27.804  14.773 0.0000000000
105167  -6.551  27.672  14.268 0.0000000000
105173  -6.983  27.736  13.357 0.0000000000
105183  -7.252  27.542  12.374 0.0000000000
105184  -7.294  26.962  11.863 0.0000000000
105194  1.084  26.563  11.416 0.0000000000
105195  0.675  26.790  11.486 0.0000000000
105196  -0.003  26.928  11.383 0.0000000000
105197  -7.162  27.398  11.285 0.0000000000
105198  -7.209  26.821  11.533 0.0000000000
105206  1.213  27.038  11.157 0.0000000000
105207  0.494  27.753  11.044 0.0000000000
105208  -0.603  27.328  10.877 0.0000000000
105209  -1.542  27.411  10.387 0.0000000000
105210  -2.560  27.200  10.139 0.0000000000
105211  -3.371  27.089  9.926 0.0000000000
105212  -6.010  27.334  10.081 0.0000000000
105213  -6.464  27.650  10.335 0.0000000000
105221  1.195  27.463  10.412 0.0000000000
105222  0.731  28.105  10.129 0.0000000000
105223  -2.109  27.815  9.799 0.0000000000
105224  -3.007  27.724  9.611 0.0000000000
105225  -4.058  27.484  9.583 0.0000000000
105226  -5.005  27.579  9.488 0.0000000000
105227  -5.798  27.701  9.777 0.0000000000
105228  -6.222  28.101  9.890 0.0000000000
105236  1.067  27.815  9.401 0.0000000000
105237  0.842  28.382  9.721 0.0000000000
105249  1.463  27.798  8.359 0.0000000000
105258  1.442  27.691  7.403 0.0000000000
105259  1.039  27.438  6.471 0.0000000000
106033  -5.931  28.190  23.770 0.0000000000
106047  -5.955  28.152  22.689 0.0000000000
106061  -5.730  28.154  21.612 0.0000000000
106076  -3.260  27.853  20.174 0.0000000000
106077  -4.151  28.087  20.317 0.0000000000
106078  -5.086  28.315  20.657 0.0000000000
106089  -2.317  28.170  19.804 0.0000000000
106090  -3.679  28.498  19.705 0.0000000000
106091  -4.634  28.670  19.863 0.0000000000
106103  -1.000  27.654  18.048 0.0000000000
106111  -1.470  28.051  17.595 0.0000000000
106112  -2.432  27.756  17.340 0.0000000000
106118  -0.708  29.154  16.789 0.0000000000
106119  -1.332  28.842  16.813 0.0000000000
106120  -2.571  28.411  16.878 0.0000000000
106121  -3.799  28.465  16.220 0.0000000000
106122  -4.501  27.997  15.911 0.0000000000
106131  -4.036  29.025  15.728 0.0000000000
106132  -4.764  28.497  15.255 0.0000000000
106133  -5.475  28.048  14.898 0.0000000000
106144  -5.168  29.012  14.716 0.0000000000
106145  -5.779  28.589  14.539 0.0000000000
106146  -6.617  28.636  13.792 0.0000000000
106156  -7.007  28.591  12.836 0.0000000000
106167  -7.224  28.508  11.810 0.0000000000
106175  -7.131  28.485  10.763 0.0000000000
106184  0.288  28.335  10.303 0.0000000000
106185  -0.331  28.099  10.480 0.0000000000
106186  -0.909  27.824  10.456 0.0000000000
106187  -6.575  28.576  10.017 0.0000000000
106195  1.165  29.292  9.413 0.0000000000
106196  0.656  28.907  9.859 0.0000000000
106197  -0.198  28.831  10.051 0.0000000000
106198  -1.236  28.375  9.973 0.0000000000
106199  -2.406  28.635  9.329 0.0000000000
106200  -3.605  28.308  9.192 0.0000000000
106201  -4.574  28.212  9.235 0.0000000000
106202  -5.356  28.227  9.324 0.0000000000
106203  -6.030  28.494  9.419 0.0000000000
106212  1.253  28.701  8.885 0.0000000000
106213  1.019  28.639  9.480 0.0000000000
106214  -2.601  29.247  8.829 0.0000000000
106215  -3.285  29.008  8.719 0.0000000000
106216  -4.265  28.809  8.693 0.0000000000
106217  -5.134  28.688  8.829 0.0000000000
106218  -5.610  28.621  9.057 0.0000000000
106227  1.442  28.745  7.905 0.0000000000
106234  1.330  28.615  6.698 0.0000000000
106235  1.097  28.146  5.914 0.0000000000
106251  1.218  28.849  5.744 0.0000000000
107055  -5.810  29.119  23.179 0.0000000000
107067  -5.857  29.161  22.070 0.0000000000
107075  -5.764  29.252  20.941 0.0000000000
107088  -3.066  29.070  19.184 0.0000000000
107089  -4.335  29.376  19.231 0.0000000000
107090  -5.313  29.432  19.916 0.0000000000
107102  -2.410  29.701  18.823 0.0000000000
107103  -3.508  29.848  18.667 0.0000000000
107104  -4.333  30.186  18.793 0.0000000000
107125  -1.063  29.492  16.433 0.0000000000
107126  -2.182  29.495  16.358 0.0000000000
107127  -3.010  29.037  16.472 0.0000000000
107139  -2.692  30.033  16.030 0.0000000000
107140  -3.368  29.563  15.981 0.0000000000
107141  -4.195  29.558  15.405 0.0000000000
107152  -4.821  29.538  14.870 0.0000000000
107153  -5.482  29.517  14.520 0.0000000000
107154  -6.187  29.532  14.104 0.0000000000
107164  -6.652  29.553  13.262 0.0000000000
107172  -6.970  29.519  12.300 0.0000000000
107179  -7.178  29.489  11.282 0.0000000000
107187  -6.981  29.428  10.289 0.0000000000
107196  1.193  29.833  9.414 0.0000000000
107197  0.887  29.678  9.639 0.0000000000
107198  0.170  29.680  9.609 0.0000000000
107199  -0.854  29.251  9.569 0.0000000000
107200  -1.573  28.978  9.484 0.0000000000
107201  -6.572  29.308  9.370 0.0000000000
107208  1.303  29.821  8.718 0.0000000000
107209  1.009  30.442  8.535 0.0000000000
107210  0.007  30.170  9.344 0.0000000000
107211  -0.573  29.947  9.179 0.0000000000
107212  -1.764  29.572  8.957 0.0000000000
107213  -2.898  29.781  8.324 0.0000000000
107214  -3.931  29.489  8.238 0.0000000000
107215  -4.989  29.411  8.264 0.0000000000
107216  -5.872  29.105  8.681 0.0000000000
107223  1.332  29.807  7.387 0.0000000000
107224  1.016  30.325  8.073 0.0000000000
107225  -3.105  30.246  7.916 0.0000000000
107226  -3.623  30.124  7.836 0.0000000000
107227  -4.443  29.974  7.834 0.0000000000
107234  1.417  29.670  6.138 0.0000000000
107249  1.150  29.483  4.896 0.0000000000
108062  -5.506  30.019  22.652 0.0000000000
108070  -5.472  30.240  21.533 0.0000000000
108079  -5.259  30.818  19.956 0.0000000000
108080  -5.466  30.298  20.333 0.0000000000
108094  -5.051  30.424  19.430 0.0000000000
108095  -5.381  30.055  19.855 0.0000000000
108109  -2.773  30.474  18.343 0.0000000000
108110  -3.825  30.665  18.392 0.0000000000
108111  -4.530  30.794  18.690 0.0000000000
108126  -0.698  30.189  16.410 0.0000000000
108127  -1.422  30.077  16.239 0.0000000000
108134  -0.406  30.756  16.223 0.0000000000
108135  -1.086  30.691  15.940 0.0000000000
108136  -2.110  30.499  15.891 0.0000000000
108137  -3.054  30.429  15.579 0.0000000000
108138  -3.718  30.166  15.450 0.0000000000
108146  -3.568  30.680  15.153 0.0000000000
108147  -4.244  30.431  14.853 0.0000000000
108148  -5.077  30.225  14.506 0.0000000000
108149  -5.707  30.153  14.220 0.0000000000
108157  -4.690  30.783  14.319 0.0000000000
108158  -5.288  30.760  13.948 0.0000000000
108159  -6.087  30.451  13.544 0.0000000000
108167  -6.561  30.427  12.734 0.0000000000
108175  -6.805  30.467  11.788 0.0000000000
108183  -7.016  30.434  10.750 0.0000000000
108191  1.042  30.024  9.592 0.0000000000
108192  0.796  30.105  9.516 0.0000000000
108193  0.396  30.250  9.354 0.0000000000
108194  -6.925  30.321  9.674 0.0000000000
108201  1.131  30.123  9.339 0.0000000000
108202  0.848  30.495  9.050 0.0000000000
108203  -0.030  30.526  8.900 0.0000000000
108204  -1.068  30.368  8.577 0.0000000000
108205  -2.078  30.321  8.312 0.0000000000
108206  -2.721  30.367  7.977 0.0000000000
108207  -5.694  29.743  8.253 0.0000000000
108208  -6.355  30.218  8.543 0.0000000000
108214  1.180  30.786  7.500 0.0000000000
108215  0.540  30.840  8.152 0.0000000000
108216  -0.515  31.002  8.177 0.0000000000
108217  -1.518  30.904  8.043 0.0000000000
108218  -2.327  30.762  7.798 0.0000000000
108219  -3.092  30.698  7.528 0.0000000000
108220  -4.173  30.628  7.286 0.0000000000
108221  -5.378  30.372  7.771 0.0000000000
108222  -6.144  30.754  7.901 0.0000000000
108224  1.388  30.629  6.650 0.0000000000
108225  -3.507  31.023  7.034 0.0000000000
108226  -3.917  30.996  6.858 0.0000000000
108234  1.535  30.697  5.518 0.0000000000
108246  1.361  30.451  4.170 0.0000000000
108253  1.267  30.744  3.545 0.0000000000
109045  -5.301  31.014  20.948 0.0000000000
109053  -5.180  31.483  19.770 0.0000000000
109054  -5.251  31.055  20.334 0.0000000000
109063  -4.871  31.440  18.801 0.0000000000
109075  -2.078  31.121  18.068 0.0000000000
109076  -3.284  31.469  17.897 0.0000000000
109077  -4.231  31.314  18.300 0.0000000000
109089  -1.631  31.783  17.678 0.0000000000
109090  -2.445  31.673  17.737 0.0000000000
109094  -0.001  31.026  16.243 0.0000000000
109097  0.186  31.739  15.542 0.0000000000
109098  -0.399  31.318  15.707 0.0000000000
109099  -1.611  31.444  15.378 0.0000000000
109100  -2.695  31.104  15.299 0.0000000000
109101  -3.228  30.921  15.186 0.0000000000
109104  -1.920  31.936  14.846 0.0000000000
109105  -2.525  31.754  14.885 0.0000000000
109106  -3.594  31.456  14.719 0.0000000000
109107  -4.283  31.046  14.454 0.0000000000
109111  -3.975  31.992  14.046 0.0000000000
109112  -4.573  31.493  13.918 0.0000000000
109113  -5.515  31.429  13.161 0.0000000000
109114  -6.122  30.949  12.965 0.0000000000
109120  -5.666  31.849  12.617 0.0000000000
109121  -6.157  31.399  12.340 0.0000000000
109125  -6.598  31.431  11.267 0.0000000000
109130  -6.853  31.356  10.200 0.0000000000
109135  -6.782  31.235  9.158 0.0000000000
109138  -6.503  31.282  8.241 0.0000000000
109140  1.277  31.286  7.002 0.0000000000
109141  0.840  31.576  7.418 0.0000000000
109142  -0.008  31.659  7.570 0.0000000000
109143  -1.027  31.458  7.614 0.0000000000
109144  -1.954  31.277  7.543 0.0000000000
109145  -2.520  31.050  7.470 0.0000000000
109146  -4.281  31.129  6.823 0.0000000000
109147  -4.980  31.113  7.057 0.0000000000
109148  -5.917  31.381  7.434 0.0000000000
109150  1.389  31.483  6.374 0.0000000000
109151  1.138  31.752  6.893 0.0000000000
109152  -0.097  32.095  7.279 0.0000000000
109153  -0.602  32.001  7.209 0.0000000000
109154  -1.527  31.834  7.130 0.0000000000
109155  -2.660  31.494  7.067 0.0000000000
109156  -3.662  31.456  6.619 0.0000000000
109157  -4.531  31.621  6.542 0.0000000000
109158  -5.346  31.722  6.724 0.0000000000
109166  1.508  31.673  5.652 0.0000000000
109178  1.666  31.512  4.761 0.0000000000
109184  1.420  31.406  3.640 0.0000000000
109185  1.184  30.916  3.271 0.0000000000
109191  1.482  31.715  3.046 0.0000000000
109192  1.017  31.256  2.833 0.0000000000
109876  -5.110  32.489  20.206 0.0000000000
109877  -5.244  31.682  20.668 0.0000000000
109889  -5.097  32.424  19.060 0.0000000000
109902  -3.539  32.175  17.621 0.0000000000
109903  -4.278  32.273  18.080 0.0000000000
109924  -2.678  32.335  17.344 0.0000000000
109925  -3.618  32.715  17.476 0.0000000000
109943  0.472  32.473  15.344 0.0000000000
109944  -0.309  31.950  15.147 0.0000000000
109945  -0.881  31.759  15.289 0.0000000000
109949  0.151  32.927  14.751 0.0000000000
109950  -0.340  32.596  14.698 0.0000000000
109951  -1.267  32.216  14.807 0.0000000000
109952  -2.299  32.329  14.341 0.0000000000
109953  -2.943  31.995  14.479 0.0000000000
109956  -2.688  32.731  13.848 0.0000000000
109957  -3.302  32.350  13.922 0.0000000000
109958  -4.260  32.443  13.406 0.0000000000
109959  -4.884  31.960  13.265 0.0000000000
109966  -4.485  32.880  12.910 0.0000000000
109967  -5.201  32.502  12.656 0.0000000000
109968  -5.764  32.060  12.346 0.0000000000
109972  -5.544  33.039  12.140 0.0000000000
109973  -5.995  32.475  11.797 0.0000000000
109978  -6.490  32.366  10.689 0.0000000000
109983  -6.738  32.236  9.646 0.0000000000
109986  -6.785  32.009  8.755 0.0000000000
109988  0.486  31.945  7.326 0.0000000000
109989  0.236  32.117  7.240 0.0000000000
109990  -6.596  32.211  7.900 0.0000000000
109992  1.202  31.969  6.635 0.0000000000
109993  0.754  32.208  6.886 0.0000000000
109994  -0.040  32.460  6.997 0.0000000000
109995  -0.916  32.433  6.679 0.0000000000
109996  -1.950  32.324  6.714 0.0000000000
109997  -2.880  32.150  6.404 0.0000000000
109998  -3.836  32.112  6.102 0.0000000000
109999  -4.909  32.345  6.170 0.0000000000
110000  -6.100  32.380  6.731 0.0000000000
110007  1.273  32.216  6.216 0.0000000000
110008  0.891  32.650  6.383 0.0000000000
110009  -1.406  32.809  6.386 0.0000000000
110010  -2.149  32.881  6.252 0.0000000000
110011  -3.019  32.741  5.864 0.0000000000
110012  -3.982  32.802  5.690 0.0000000000
110013  -4.799  33.002  5.649 0.0000000000
110025  1.427  32.393  5.369 0.0000000000
110026  1.169  32.878  5.001 0.0000000000
110029  1.320  32.365  4.328 0.0000000000
110030  0.926  32.989  4.515 0.0000000000
110034  1.465  32.330  3.275 0.0000000000
110035  1.370  32.005  2.596 0.0000000000
110036  0.801  31.787  2.246 0.0000000000
110046  1.529  32.662  2.582 0.0000000000
110047  1.198  32.447  1.899 0.0000000000
110685  -4.571  33.395  20.667 0.0000000000
110700  -4.922  33.397  19.538 0.0000000000
110716  -4.710  33.336  18.470 0.0000000000
110737  -2.157  33.113  16.890 0.0000000000
110738  -3.102  33.465  17.120 0.0000000000
110739  -4.158  33.392  17.557 0.0000000000
110773  0.482  33.384  14.837 0.0000000000
110774  -0.289  33.421  14.320 0.0000000000
110775  -1.157  32.961  14.347 0.0000000000
110776  -1.695  32.640  14.308 0.0000000000
110779  -0.671  33.900  13.842 0.0000000000
110780  -1.227  33.593  13.844 0.0000000000
110781  -2.083  33.093  13.830 0.0000000000
110782  -3.084  33.239  13.499 0.0000000000
110783  -3.647  32.869  13.468 0.0000000000
110790  -3.337  33.585  13.194 0.0000000000
110791  -3.881  33.380  13.031 0.0000000000
110792  -4.596  33.194  12.626 0.0000000000
110797  -4.346  33.667  12.409 0.0000000000
110798  -4.996  33.487  12.146 0.0000000000
110799  -5.624  33.460  11.678 0.0000000000
110804  -6.142  33.349  11.076 0.0000000000
110809  -6.523  33.292  10.144 0.0000000000
110812  -6.824  33.105  8.922 0.0000000000
110814  -6.828  33.279  7.592 0.0000000000
110819  0.434  32.680  6.564 0.0000000000
110820  -0.137  32.877  6.451 0.0000000000
110821  -0.769  32.964  6.276 0.0000000000
110822  -5.565  32.919  5.956 0.0000000000
110823  -6.373  33.536  6.316 0.0000000000
110831  1.169  32.765  5.975 0.0000000000
110832  0.606  33.049  6.058 0.0000000000
110833  -0.181  33.233  5.873 0.0000000000
110834  -1.183  33.249  5.854 0.0000000000
110835  -2.182  33.369  5.667 0.0000000000
110836  -3.137  33.389  5.458 0.0000000000
110837  -4.110  33.481  5.339 0.0000000000
110838  -5.264  33.631  5.357 0.0000000000
110839  -6.116  34.109  5.604 0.0000000000
110851  1.086  32.976  5.545 0.0000000000
110852  0.614  33.319  5.180 0.0000000000
110853  -0.309  33.551  5.234 0.0000000000
110854  -1.247  33.661  5.135 0.0000000000
110855  -2.231  33.825  5.046 0.0000000000
110856  -3.213  33.940  4.945 0.0000000000
110857  -4.182  34.017  4.829 0.0000000000
110858  -4.924  34.220  4.781 0.0000000000
110861  0.959  32.956  3.744 0.0000000000
110862  0.751  33.484  4.271 0.0000000000
110868  1.506  33.168  3.044 0.0000000000
110877  1.899  33.284  2.132 0.0000000000
110878  1.358  33.148  1.441 0.0000000000
110881  1.857  33.706  1.343 0.0000000000
110882  1.083  33.614  0.792 0.0000000000
111502  -4.334  34.026  20.527 0.0000000000
111517  -4.169  34.740  20.059 0.0000000000
111518  -4.501  34.285  19.947 0.0000000000
111530  -4.610  34.175  18.926 0.0000000000
111543  -3.661  34.374  17.317 0.0000000000
111544  -4.429  34.254  17.979 0.0000000000
111554  -2.828  34.483  16.696 0.0000000000
111580  0.323  33.814  14.392 0.0000000000
111585  -0.056  34.280  13.865 0.0000000000
111586  -1.152  34.339  13.383 0.0000000000
111587  -2.000  33.830  13.373 0.0000000000
111588  -2.552  33.570  13.427 0.0000000000
111593  -1.591  34.735  12.850 0.0000000000
111594  -1.976  34.359  12.900 0.0000000000
111595  -2.967  34.048  12.997 0.0000000000
111596  -3.868  34.121  12.445 0.0000000000
111602  -4.421  34.184  11.953 0.0000000000
111603  -5.101  34.245  11.561 0.0000000000
111604  -5.732  34.017  11.266 0.0000000000
111609  -5.467  34.558  11.151 0.0000000000
111610  -6.060  34.306  10.699 0.0000000000
111615  -6.571  34.282  9.737 0.0000000000
111619  -7.077  34.419  8.608 0.0000000000
111620  -7.272  35.025  7.969 0.0000000000
111622  -7.012  34.299  7.314 0.0000000000
111623  -7.305  35.095  7.170 0.0000000000
111629  -6.765  34.587  6.288 0.0000000000
111630  -7.214  35.267  6.501 0.0000000000
111639  -5.565  34.294  5.100 0.0000000000
111640  -6.228  34.755  5.290 0.0000000000
111654  0.338  33.745  4.682 0.0000000000
111655  -0.304  34.043  4.654 0.0000000000
111656  -1.275  34.146  4.518 0.0000000000
111657  -2.275  34.305  4.443 0.0000000000
111658  -3.264  34.426  4.370 0.0000000000
111659  -4.221  34.528  4.302 0.0000000000
111660  -5.294  34.720  4.388 0.0000000000
111661  -6.109  35.138  4.623 0.0000000000
111668  1.139  33.614  3.603 0.0000000000
111669  0.766  34.286  4.056 0.0000000000
111670  -0.303  34.520  4.035 0.0000000000
111671  -1.298  34.541  3.833 0.0000000000
111672  -2.319  34.743  3.811 0.0000000000
111673  -3.304  34.904  3.800 0.0000000000
111674  -4.255  35.021  3.769 0.0000000000
111675  -5.002  35.195  3.721 0.0000000000
111685  1.470  34.064  2.920 0.0000000000
111686  1.137  34.749  3.315 0.0000000000
111695  2.359  34.706  1.494 0.0000000000
111696  2.211  34.402  1.839 0.0000000000
111701  2.419  34.716  1.241 0.0000000000
111702  2.129  34.309  0.748 0.0000000000
111703  1.271  34.312  0.283 0.0000000000
111709  1.686  34.779  0.157 0.0000000000
111710  0.913  34.863  -0.279 0.0000000000
112312  -4.217  34.794  19.769 0.0000000000
112323  -4.299  34.822  19.276 0.0000000000
112332  -4.003  35.239  17.735 0.0000000000
112333  -4.316  34.799  18.503 0.0000000000
112372  -0.038  35.066  13.347 0.0000000000
112373  -0.566  34.712  13.375 0.0000000000
112378  -0.167  35.737  12.889 0.0000000000
112379  -1.031  35.180  12.917 0.0000000000
112380  -2.247  35.163  12.474 0.0000000000
112381  -3.494  34.815  12.295 0.0000000000
112382  -4.066  34.594  12.086 0.0000000000
112388  -2.567  35.877  12.093 0.0000000000
112389  -3.242  35.598  11.976 0.0000000000
112390  -4.389  35.172  11.615 0.0000000000
112391  -5.060  34.826  11.294 0.0000000000
112397  -4.709  35.580  11.177 0.0000000000
112398  -5.236  35.277  10.871 0.0000000000
112399  -6.050  35.020  10.250 0.0000000000
112404  -5.659  35.617  10.166 0.0000000000
112405  -6.416  35.421  9.558 0.0000000000
112409  -7.018  35.604  8.680 0.0000000000
112410  -7.364  35.771  7.897 0.0000000000
112415  -7.448  35.837  7.065 0.0000000000
112424  -6.880  35.155  5.884 0.0000000000
112425  -7.369  35.819  6.104 0.0000000000
112435  -6.707  35.448  5.239 0.0000000000
112436  -7.211  36.112  5.209 0.0000000000
112449  -5.679  35.260  4.044 0.0000000000
112450  -6.482  35.726  4.257 0.0000000000
112451  -7.110  36.362  4.537 0.0000000000
112469  0.489  34.876  3.631 0.0000000000
112470  -0.289  35.089  3.486 0.0000000000
112471  -1.328  35.126  3.281 0.0000000000
112472  -2.363  35.245  3.249 0.0000000000
112473  -3.337  35.406  3.264 0.0000000000
112474  -4.294  35.482  3.214 0.0000000000
112475  -5.384  35.719  3.349 0.0000000000
112476  -6.215  36.120  3.528 0.0000000000
112493  1.597  34.808  2.666 0.0000000000
112494  0.864  35.318  2.975 0.0000000000
112495  -0.252  35.677  2.806 0.0000000000
112496  -1.417  35.601  2.705 0.0000000000
112497  -2.406  35.696  2.666 0.0000000000
112498  -3.372  35.841  2.681 0.0000000000
112499  -4.323  35.970  2.684 0.0000000000
112500  -5.062  36.203  2.689 0.0000000000
112513  2.366  34.960  1.520 0.0000000000
112514  1.839  35.291  2.098 0.0000000000
112515  0.855  35.665  2.143 0.0000000000
112516  0.110  36.042  2.143 0.0000000000
112529  2.537  35.132  0.940 0.0000000000
112530  2.196  35.024  0.360 0.0000000000
112536  2.371  35.517  0.386 0.0000000000
112537  1.875  35.395  -0.271 0.0000000000
112538  1.050  35.454  -0.740 0.0000000000
112541  1.550  35.809  -0.836 0.0000000000
113201  -0.109  36.506  12.516 0.0000000000
113202  -0.938  36.062  12.631 0.0000000000
113203  -1.519  35.674  12.528 0.0000000000
113208  -0.348  36.856  12.302 0.0000000000
113209  -0.775  36.721  12.264 0.0000000000
113210  -1.809  36.286  12.142 0.0000000000
113211  -2.871  36.369  11.689 0.0000000000
113212  -3.726  36.029  11.546 0.0000000000
113217  -3.552  36.634  11.315 0.0000000000
113218  -4.461  36.243  11.031 0.0000000000
113219  -5.153  36.033  10.447 0.0000000000
113224  -4.872  36.614  10.362 0.0000000000
113225  -5.539  36.367  9.821 0.0000000000
113226  -6.387  36.390  9.153 0.0000000000
113230  -6.897  36.465  8.422 0.0000000000
113231  -7.293  36.552  7.698 0.0000000000
113237  -7.489  36.594  6.898 0.0000000000
113245  -7.613  36.718  6.037 0.0000000000
113255  -7.461  36.879  5.165 0.0000000000
113268  -6.784  36.333  3.917 0.0000000000
113269  -7.279  36.964  4.195 0.0000000000
113285  -5.737  36.284  3.017 0.0000000000
113286  -6.480  36.761  3.240 0.0000000000
113287  -7.115  37.338  3.538 0.0000000000
113299  -0.663  36.031  2.347 0.0000000000
113300  -1.437  36.126  2.200 0.0000000000
113301  -2.424  36.190  2.110 0.0000000000
113302  -3.400  36.339  2.160 0.0000000000
113303  -4.341  36.491  2.188 0.0000000000
113304  -5.408  36.777  2.369 0.0000000000
113305  -6.221  37.172  2.552 0.0000000000
113317  2.281  35.483  1.444 0.0000000000
113318  1.739  35.893  1.600 0.0000000000
113319  0.825  36.146  1.580 0.0000000000
113320  -0.282  36.382  1.697 0.0000000000
113321  -1.367  36.673  1.557 0.0000000000
113322  -2.486  36.696  1.602 0.0000000000
113323  -3.439  36.789  1.595 0.0000000000
113324  -4.366  36.998  1.674 0.0000000000
113341  2.364  35.944  0.920 0.0000000000
113342  1.677  36.419  1.094 0.0000000000
113343  0.767  36.638  1.031 0.0000000000
113344  -0.196  36.900  1.018 0.0000000000
113345  -0.964  37.113  0.938 0.0000000000
113360  2.452  36.130  0.062 0.0000000000
113361  2.075  36.046  -0.575 0.0000000000
113369  2.238  36.532  -0.435 0.0000000000
113370  1.763  36.446  -1.091 0.0000000000
114023  -0.149  37.284  12.048 0.0000000000
114024  -1.198  37.150  11.717 0.0000000000
114025  -2.156  37.025  11.458 0.0000000000
114026  -2.985  37.081  11.363 0.0000000000
114031  -0.695  37.695  11.252 0.0000000000
114032  -1.515  37.647  10.965 0.0000000000
114033  -2.548  37.593  10.927 0.0000000000
114034  -3.608  37.292  10.817 0.0000000000
114035  -4.362  37.018  10.500 0.0000000000
114040  -4.030  37.501  10.268 0.0000000000
114041  -4.746  37.280  9.910 0.0000000000
114042  -5.685  37.249  9.262 0.0000000000
114043  -6.375  37.023  8.759 0.0000000000
114048  -6.107  37.576  8.698 0.0000000000
114049  -6.737  37.357  8.119 0.0000000000
114050  -7.244  37.151  7.455 0.0000000000
114057  -6.992  37.667  7.496 0.0000000000
114058  -7.399  37.464  6.831 0.0000000000
114071  -7.546  37.544  5.930 0.0000000000
114084  -7.524  37.666  5.065 0.0000000000
114128  -1.729  37.101  1.193 0.0000000000
114129  -2.493  37.231  1.118 0.0000000000
114142  2.174  36.518  0.569 0.0000000000
114143  1.651  36.917  0.566 0.0000000000
114144  0.809  37.178  0.480 0.0000000000
114145  -0.163  37.370  0.452 0.0000000000
114146  -1.325  37.538  0.518 0.0000000000
114165  2.233  36.864  0.080 0.0000000000
114166  1.787  37.557  -0.008 0.0000000000
114167  0.794  37.679  -0.043 0.0000000000
114168  -0.152  37.823  -0.085 0.0000000000
114184  2.181  37.042  -0.535 0.0000000000
114185  1.819  37.378  -1.002 0.0000000000
114831  -0.032  37.923  11.237 0.0000000000
114838  -0.636  38.450  10.332 0.0000000000
114839  -1.941  38.069  10.275 0.0000000000
114840  -3.032  37.979  10.357 0.0000000000
114841  -3.607  37.716  10.296 0.0000000000
114847  -0.934  38.719  9.758 0.0000000000
114848  -1.452  38.572  9.687 0.0000000000
114849  -2.588  38.464  9.643 0.0000000000
114850  -3.769  38.035  9.735 0.0000000000
114851  -4.784  37.861  9.168 0.0000000000
114852  -5.525  37.852  8.794 0.0000000000
114859  -3.240  38.614  9.173 0.0000000000
114860  -4.049  38.475  8.860 0.0000000000
114861  -5.056  38.370  8.555 0.0000000000
114862  -6.032  38.182  8.250 0.0000000000
114863  -6.591  37.987  7.753 0.0000000000
114869  -6.344  38.411  7.670 0.0000000000
114870  -6.883  38.286  7.158 0.0000000000
114871  -7.310  38.077  6.493 0.0000000000
114882  -7.054  38.592  6.512 0.0000000000
114883  -7.388  38.382  5.849 0.0000000000
114954  1.437  37.844  -0.543 0.0000000000
114955  0.769  38.095  -0.573 0.0000000000
114978  1.530  38.110  -1.203 0.0000000000
115620  -0.167  39.004  9.773 0.0000000000
115625  -0.754  39.042  9.239 0.0000000000
115626  -2.016  38.828  9.019 0.0000000000
115627  -2.714  38.748  9.063 0.0000000000
115634  -1.687  39.367  8.264 0.0000000000
115635  -3.073  39.024  8.405 0.0000000000
115636  -4.466  38.956  8.165 0.0000000000
115637  -5.501  38.775  7.972 0.0000000000
115638  -6.018  38.590  7.810 0.0000000000
115645  -2.587  39.746  7.266 0.0000000000
115646  -3.970  39.508  7.506 0.0000000000
115647  -5.174  39.413  7.545 0.0000000000
115648  -6.232  38.983  7.315 0.0000000000
115649  -6.758  38.808  6.799 0.0000000000
115660  -5.913  39.787  6.856 0.0000000000
