#!ascii label  , from subject Broad_82_YZ vox2ras=TkReg
1318
91172  -12.559  16.723  -26.469 0.0000000000
91173  -13.238  16.594  -26.366 0.0000000000
91174  -14.143  16.417  -26.419 0.0000000000
91175  -15.329  15.852  -26.431 0.0000000000
91176  -16.817  15.515  -26.283 0.0000000000
92401  -8.199  16.097  -29.503 0.0000000000
92402  -8.737  16.034  -29.320 0.0000000000
92403  -10.283  17.443  -27.279 0.0000000000
92404  -10.786  17.373  -27.005 0.0000000000
92405  -11.872  16.745  -26.821 0.0000000000
92406  -12.761  16.824  -26.481 0.0000000000
92407  -13.615  16.645  -26.373 0.0000000000
92408  -14.588  16.445  -26.439 0.0000000000
92409  -15.733  16.212  -26.351 0.0000000000
92410  -16.951  16.019  -26.431 0.0000000000
92427  -7.811  16.081  -30.026 0.0000000000
93667  -23.156  16.863  -27.049 0.0000000000
93668  -23.742  16.810  -26.957 0.0000000000
93669  -23.863  17.003  -27.331 0.0000000000
93680  -5.812  17.786  -28.655 0.0000000000
93681  -6.617  17.280  -28.616 0.0000000000
93682  -7.048  17.243  -28.571 0.0000000000
93683  -11.543  17.628  -26.405 0.0000000000
93684  -11.955  17.570  -26.547 0.0000000000
93685  -21.649  16.937  -28.055 0.0000000000
93686  -22.652  16.751  -27.764 0.0000000000
93687  -23.545  16.707  -27.562 0.0000000000
93688  -24.140  16.824  -27.437 0.0000000000
93700  -5.071  18.022  -29.115 0.0000000000
93701  -6.336  17.146  -29.122 0.0000000000
93702  -8.055  17.209  -28.305 0.0000000000
93703  -9.910  17.585  -27.503 0.0000000000
93704  -10.191  17.598  -27.136 0.0000000000
93705  -10.930  17.429  -26.640 0.0000000000
93706  -12.147  17.261  -26.574 0.0000000000
93707  -13.135  17.019  -26.466 0.0000000000
93708  -14.023  16.852  -26.384 0.0000000000
93709  -14.960  16.682  -26.496 0.0000000000
93710  -15.966  16.577  -26.369 0.0000000000
93711  -17.014  16.529  -26.543 0.0000000000
93712  -17.925  16.536  -26.874 0.0000000000
93713  -18.874  16.425  -27.439 0.0000000000
93716  -21.352  16.731  -28.941 0.0000000000
93717  -22.246  16.661  -28.762 0.0000000000
93718  -23.191  16.473  -28.430 0.0000000000
93719  -24.074  16.520  -28.236 0.0000000000
93736  -4.403  17.487  -30.415 0.0000000000
93737  -5.834  17.067  -29.962 0.0000000000
93738  -6.872  16.621  -29.868 0.0000000000
93739  -10.036  17.688  -27.014 0.0000000000
93740  -10.202  17.630  -26.885 0.0000000000
93771  -26.667  15.965  -30.148 0.0000000000
93772  -27.242  16.130  -30.244 0.0000000000
93795  -27.723  16.135  -30.895 0.0000000000
94987  -17.904  17.570  -26.540 0.0000000000
94988  -18.250  17.470  -26.599 0.0000000000
94989  -19.071  17.305  -26.713 0.0000000000
94990  -20.179  17.446  -26.913 0.0000000000
94991  -23.054  17.097  -26.257 0.0000000000
94992  -23.441  17.646  -26.810 0.0000000000
94993  -24.092  16.990  -26.757 0.0000000000
95004  -1.081  17.906  -27.966 0.0000000000
95005  -1.909  18.236  -28.181 0.0000000000
95006  -2.567  18.620  -28.361 0.0000000000
95007  -5.639  18.099  -28.498 0.0000000000
95008  -6.029  17.883  -28.463 0.0000000000
95009  -6.666  17.564  -28.434 0.0000000000
95010  -11.281  18.232  -26.220 0.0000000000
95011  -11.875  18.206  -26.454 0.0000000000
95012  -12.413  17.783  -26.633 0.0000000000
95013  -13.733  17.362  -26.544 0.0000000000
95014  -13.991  17.339  -26.541 0.0000000000
95015  -17.173  17.352  -26.555 0.0000000000
95016  -17.722  17.387  -26.623 0.0000000000
95017  -18.821  16.978  -26.841 0.0000000000
95018  -19.641  17.237  -27.392 0.0000000000
95019  -20.858  17.290  -27.371 0.0000000000
95020  -22.043  17.204  -27.090 0.0000000000
95021  -24.067  17.728  -26.560 0.0000000000
95022  -24.274  17.480  -27.288 0.0000000000
95023  -26.977  18.165  -27.701 0.0000000000
95024  -27.252  18.261  -27.835 0.0000000000
95037  -2.692  18.012  -29.204 0.0000000000
95038  -4.955  19.151  -28.715 0.0000000000
95039  -6.287  18.247  -28.451 0.0000000000
95040  -8.007  17.838  -28.837 0.0000000000
95041  -9.526  17.704  -27.783 0.0000000000
95042  -9.760  17.766  -27.482 0.0000000000
95043  -10.933  17.832  -26.234 0.0000000000
95044  -12.251  17.578  -26.571 0.0000000000
95045  -12.799  17.437  -26.572 0.0000000000
95046  -13.528  17.265  -26.512 0.0000000000
95047  -14.431  17.108  -26.543 0.0000000000
95048  -15.023  17.026  -26.520 0.0000000000
95049  -16.098  17.023  -26.394 0.0000000000
95050  -17.041  17.058  -26.580 0.0000000000
95051  -18.374  16.739  -26.887 0.0000000000
95052  -19.060  17.067  -27.836 0.0000000000
95053  -20.055  17.181  -28.242 0.0000000000
95054  -20.887  17.084  -28.372 0.0000000000
95055  -24.841  17.161  -28.272 0.0000000000
95056  -25.882  17.448  -28.540 0.0000000000
95057  -26.849  17.783  -28.060 0.0000000000
95058  -27.914  18.188  -28.354 0.0000000000
95059  -28.399  18.623  -28.788 0.0000000000
95076  -9.592  17.938  -27.632 0.0000000000
95077  -9.876  17.785  -27.099 0.0000000000
95078  -10.280  17.776  -26.561 0.0000000000
95080  -24.835  16.082  -29.044 0.0000000000
95081  -25.811  16.751  -29.195 0.0000000000
95082  -26.804  17.113  -29.139 0.0000000000
95083  -27.814  17.525  -29.089 0.0000000000
95084  -28.484  18.263  -29.278 0.0000000000
95106  -26.004  16.023  -29.940 0.0000000000
95107  -26.730  16.402  -29.749 0.0000000000
95108  -27.790  16.794  -30.105 0.0000000000
95109  -28.488  17.801  -30.146 0.0000000000
95128  -28.491  16.621  -31.215 0.0000000000
95129  -28.590  17.276  -30.814 0.0000000000
95146  -29.204  16.330  -31.952 0.0000000000
96062  2.051  19.940  -18.335 0.0000000000
96073  1.520  19.672  -18.702 0.0000000000
96085  1.083  19.488  -19.275 0.0000000000
96086  1.238  19.639  -19.124 0.0000000000
96100  1.805  18.702  -20.990 0.0000000000
96101  1.220  18.967  -21.147 0.0000000000
96102  0.713  19.148  -21.332 0.0000000000
96117  1.648  18.562  -21.687 0.0000000000
96118  1.024  18.800  -21.820 0.0000000000
96119  0.457  19.126  -21.862 0.0000000000
96132  1.497  18.391  -22.459 0.0000000000
96133  0.834  18.689  -22.587 0.0000000000
96134  0.215  19.176  -22.600 0.0000000000
96146  1.375  18.131  -23.360 0.0000000000
96147  0.631  18.629  -23.452 0.0000000000
96148  0.062  19.210  -23.500 0.0000000000
96157  0.985  18.063  -24.233 0.0000000000
96158  0.404  18.640  -24.340 0.0000000000
96159  -0.056  19.236  -24.376 0.0000000000
96167  0.664  18.086  -25.038 0.0000000000
96168  0.078  18.723  -25.275 0.0000000000
96169  -0.207  19.307  -24.908 0.0000000000
96178  0.438  18.002  -25.710 0.0000000000
96179  -0.096  18.190  -26.385 0.0000000000
96180  -0.826  18.642  -26.682 0.0000000000
96181  -1.490  19.031  -26.838 0.0000000000
96182  -1.957  19.492  -26.933 0.0000000000
96183  -15.736  18.176  -26.677 0.0000000000
96184  -16.145  18.012  -26.592 0.0000000000
96185  -17.030  17.998  -26.362 0.0000000000
96186  -17.634  17.782  -26.461 0.0000000000
96187  -18.182  17.716  -26.533 0.0000000000
96188  -20.146  18.755  -26.925 0.0000000000
96189  -21.257  17.862  -26.075 0.0000000000
96190  -22.751  18.427  -25.890 0.0000000000
96191  -23.590  18.430  -26.464 0.0000000000
96205  -0.630  18.105  -27.210 0.0000000000
96206  -1.346  18.454  -27.389 0.0000000000
96207  -2.178  18.996  -27.646 0.0000000000
96208  -7.875  18.553  -28.913 0.0000000000
96209  -8.012  18.796  -28.978 0.0000000000
96210  -10.503  18.647  -26.417 0.0000000000
96211  -11.255  18.314  -26.394 0.0000000000
96212  -12.126  18.160  -26.686 0.0000000000
96213  -12.945  17.822  -26.726 0.0000000000
96214  -13.708  17.578  -26.685 0.0000000000
96215  -14.579  17.448  -26.771 0.0000000000
96216  -15.377  17.697  -26.764 0.0000000000
96217  -16.068  17.747  -26.528 0.0000000000
96218  -16.866  17.622  -26.488 0.0000000000
96219  -17.337  17.726  -26.474 0.0000000000
96220  -21.325  17.352  -26.771 0.0000000000
96221  -21.850  17.457  -26.347 0.0000000000
96222  -24.084  18.442  -27.090 0.0000000000
96223  -24.789  18.303  -27.716 0.0000000000
96225  -26.756  18.641  -27.405 0.0000000000
96226  -27.626  18.761  -27.914 0.0000000000
96238  -5.978  19.084  -28.557 0.0000000000
96239  -7.889  18.310  -28.836 0.0000000000
96240  -9.446  17.991  -28.055 0.0000000000
96241  -9.471  17.914  -27.819 0.0000000000
96242  -9.864  18.568  -26.683 0.0000000000
96243  -10.374  18.226  -26.325 0.0000000000
96244  -13.140  17.495  -26.593 0.0000000000
96245  -13.357  17.531  -26.615 0.0000000000
96246  -14.861  17.182  -26.669 0.0000000000
96247  -15.319  17.280  -26.608 0.0000000000
96248  -15.841  17.294  -26.462 0.0000000000
96249  -16.472  17.474  -26.488 0.0000000000
96250  -25.268  17.811  -28.313 0.0000000000
96251  -25.748  18.115  -28.061 0.0000000000
96252  -26.212  18.240  -27.689 0.0000000000
96253  -28.176  18.869  -28.389 0.0000000000
96268  -9.362  18.282  -28.044 0.0000000000
96269  -9.317  17.986  -28.023 0.0000000000
96270  -9.568  18.253  -27.297 0.0000000000
96271  -9.883  18.117  -26.722 0.0000000000
96302  -28.932  17.202  -31.363 0.0000000000
96323  -28.978  16.856  -31.617 0.0000000000
97080  2.225  20.295  -17.297 0.0000000000
97081  2.093  20.455  -17.436 0.0000000000
97092  2.087  20.024  -17.878 0.0000000000
97093  1.864  20.131  -17.994 0.0000000000
97102  1.337  20.032  -18.817 0.0000000000
97108  0.776  19.510  -19.693 0.0000000000
97109  0.715  19.901  -19.598 0.0000000000
97110  0.006  20.182  -20.041 0.0000000000
97120  1.891  18.790  -20.563 0.0000000000
97121  0.512  19.590  -19.869 0.0000000000
97122  0.217  19.852  -19.887 0.0000000000
97123  0.359  19.431  -21.306 0.0000000000
97135  0.204  19.800  -21.097 0.0000000000
97136  -0.049  19.700  -21.703 0.0000000000
97137  -0.456  20.125  -21.855 0.0000000000
97150  -0.345  19.918  -22.554 0.0000000000
97151  -0.595  20.285  -22.062 0.0000000000
97160  -0.318  19.878  -23.624 0.0000000000
97168  -0.380  19.836  -24.488 0.0000000000
97176  -0.224  18.836  -25.817 0.0000000000
97177  -0.557  19.532  -25.398 0.0000000000
97178  -1.242  19.926  -25.742 0.0000000000
97179  -1.671  20.159  -25.942 0.0000000000
97187  -0.507  18.888  -26.108 0.0000000000
97188  -1.021  19.249  -26.183 0.0000000000
97189  -1.576  19.612  -26.342 0.0000000000
97190  -1.977  20.093  -26.536 0.0000000000
97191  -10.412  19.235  -26.463 0.0000000000
97192  -10.784  19.171  -26.438 0.0000000000
97193  -11.451  19.088  -26.543 0.0000000000
97194  -12.151  18.984  -26.887 0.0000000000
97195  -12.937  18.753  -27.185 0.0000000000
97196  -13.881  18.483  -27.112 0.0000000000
97197  -15.163  18.168  -27.004 0.0000000000
97198  -16.173  18.229  -26.512 0.0000000000
97199  -16.842  18.134  -26.363 0.0000000000
97200  -17.514  18.042  -26.331 0.0000000000
97201  -19.489  19.574  -26.644 0.0000000000
97202  -20.505  19.562  -26.779 0.0000000000
97203  -22.277  19.567  -26.148 0.0000000000
97204  -22.746  19.484  -26.565 0.0000000000
97205  -23.081  19.004  -26.613 0.0000000000
97206  -24.446  19.962  -26.685 0.0000000000
97218  -2.431  20.051  -27.471 0.0000000000
97219  -3.462  19.492  -28.677 0.0000000000
97220  -6.861  19.021  -28.417 0.0000000000
97221  -7.037  19.163  -28.448 0.0000000000
97222  -10.203  18.984  -26.614 0.0000000000
97223  -10.990  18.846  -26.483 0.0000000000
97224  -11.747  18.663  -26.676 0.0000000000
97225  -12.538  18.442  -26.911 0.0000000000
97226  -13.368  18.172  -26.967 0.0000000000
97227  -14.230  17.912  -27.008 0.0000000000
97228  -14.839  17.765  -27.016 0.0000000000
97229  -22.919  19.509  -27.153 0.0000000000
97230  -23.482  19.284  -27.251 0.0000000000
97231  -24.247  19.381  -27.043 0.0000000000
97232  -24.868  18.864  -27.072 0.0000000000
97246  -2.726  20.824  -28.167 0.0000000000
97247  -5.338  20.224  -28.879 0.0000000000
97248  -6.532  19.553  -28.584 0.0000000000
97249  -8.439  19.297  -28.917 0.0000000000
97250  -9.502  18.880  -27.566 0.0000000000
97251  -9.594  18.749  -27.276 0.0000000000
97266  -8.511  19.086  -28.998 0.0000000000
97267  -9.370  18.598  -27.827 0.0000000000
97268  -9.450  18.453  -27.643 0.0000000000
98039  2.378  20.943  -16.910 0.0000000000
98040  2.214  20.804  -17.115 0.0000000000
98047  1.920  21.173  -17.698 0.0000000000
98048  2.006  20.866  -17.612 0.0000000000
98057  1.630  21.254  -18.099 0.0000000000
98058  1.588  20.588  -18.332 0.0000000000
98065  1.129  21.402  -18.463 0.0000000000
98066  0.818  20.815  -18.812 0.0000000000
98067  -0.377  20.535  -19.020 0.0000000000
98074  -0.431  20.317  -19.175 0.0000000000
98075  -0.371  20.808  -21.192 0.0000000000
98076  -0.613  20.928  -21.407 0.0000000000
98085  -0.034  20.023  -21.191 0.0000000000
98086  -0.281  20.263  -21.366 0.0000000000
98087  -0.612  20.617  -21.681 0.0000000000
98100  -0.529  20.644  -22.928 0.0000000000
98101  -0.626  20.613  -22.205 0.0000000000
98110  -0.521  20.648  -23.846 0.0000000000
98111  -1.904  20.936  -24.777 0.0000000000
98112  -1.897  20.978  -24.786 0.0000000000
98119  -0.663  20.595  -24.684 0.0000000000
98120  -1.836  20.844  -25.053 0.0000000000
98121  -1.874  20.956  -25.080 0.0000000000
98128  -1.055  20.556  -25.240 0.0000000000
98129  -1.567  20.608  -25.399 0.0000000000
98130  -1.870  20.757  -25.823 0.0000000000
98131  -18.367  20.829  -26.307 0.0000000000
98132  -18.863  20.944  -26.292 0.0000000000
98133  -19.186  21.132  -26.339 0.0000000000
98142  -2.158  20.827  -26.877 0.0000000000
98143  -10.610  19.342  -26.382 0.0000000000
98144  -11.151  19.324  -26.369 0.0000000000
98145  -11.866  19.301  -26.505 0.0000000000
98146  -12.578  19.243  -26.949 0.0000000000
98147  -13.351  19.045  -27.261 0.0000000000
98148  -14.306  18.684  -27.169 0.0000000000
98149  -15.522  18.372  -26.787 0.0000000000
98150  -16.399  18.258  -26.415 0.0000000000
98151  -17.026  18.184  -26.273 0.0000000000
98152  -18.798  20.315  -26.424 0.0000000000
98153  -19.646  20.602  -26.514 0.0000000000
98154  -22.109  20.927  -27.272 0.0000000000
98155  -22.499  20.140  -27.131 0.0000000000
98156  -22.716  19.822  -27.203 0.0000000000
98171  -2.413  21.013  -27.625 0.0000000000
98172  -10.196  19.265  -26.520 0.0000000000
98173  -10.841  19.397  -26.336 0.0000000000
98174  -11.430  19.402  -26.301 0.0000000000
98175  -22.173  21.419  -27.199 0.0000000000
98176  -22.481  21.038  -27.351 0.0000000000
98177  -22.992  20.338  -27.464 0.0000000000
98178  -23.646  20.394  -27.148 0.0000000000
98194  -5.140  21.544  -29.275 0.0000000000
98195  -6.017  20.733  -28.927 0.0000000000
98196  -6.914  20.409  -28.739 0.0000000000
98197  -8.972  20.251  -28.738 0.0000000000
98198  -9.591  19.141  -27.249 0.0000000000
98199  -9.763  19.041  -26.913 0.0000000000
98200  -10.344  21.776  -26.381 0.0000000000
98201  -11.025  21.739  -26.067 0.0000000000
98215  -5.187  22.281  -29.525 0.0000000000
98216  -5.797  21.731  -29.254 0.0000000000
98217  -6.553  21.223  -28.969 0.0000000000
98218  -7.203  21.055  -28.824 0.0000000000
99029  2.580  21.335  -16.727 0.0000000000
99034  2.658  21.678  -16.739 0.0000000000
99035  2.477  21.450  -16.917 0.0000000000
99036  2.231  21.121  -17.147 0.0000000000
99043  2.164  21.510  -17.461 0.0000000000
99044  2.117  21.141  -17.357 0.0000000000
99050  1.944  21.992  -17.856 0.0000000000
99053  1.480  21.950  -18.291 0.0000000000
99054  0.768  21.762  -18.575 0.0000000000
99055  -0.031  21.537  -19.023 0.0000000000
99062  -0.727  21.306  -18.625 0.0000000000
99063  -0.067  21.468  -20.880 0.0000000000
99064  -0.488  21.193  -21.268 0.0000000000
99072  -0.402  21.652  -21.400 0.0000000000
99073  -0.635  21.120  -21.613 0.0000000000
99082  -0.565  21.432  -22.155 0.0000000000
99083  -0.690  20.931  -21.899 0.0000000000
99092  -0.558  21.544  -23.182 0.0000000000
99093  -1.872  20.922  -24.772 0.0000000000
99094  -1.874  20.966  -24.749 0.0000000000
99103  -0.642  21.557  -24.116 0.0000000000
99104  -1.753  20.930  -24.963 0.0000000000
99105  -1.791  21.041  -24.990 0.0000000000
99112  -0.923  21.564  -24.936 0.0000000000
99113  -1.444  21.210  -25.279 0.0000000000
99114  -1.751  21.220  -25.547 0.0000000000
99115  -17.967  21.099  -26.406 0.0000000000
99116  -18.393  21.299  -26.295 0.0000000000
99117  -18.857  21.450  -26.322 0.0000000000
99125  -1.185  21.970  -25.453 0.0000000000
99126  -1.520  21.861  -25.869 0.0000000000
99127  -1.887  21.584  -26.459 0.0000000000
99128  -11.909  19.442  -26.293 0.0000000000
99129  -12.330  19.389  -26.644 0.0000000000
99130  -12.954  19.350  -27.037 0.0000000000
99131  -13.571  19.161  -27.205 0.0000000000
99132  -15.174  20.926  -27.201 0.0000000000
99133  -16.200  21.027  -27.070 0.0000000000
99134  -17.299  21.300  -26.803 0.0000000000
99135  -19.402  21.513  -26.501 0.0000000000
99136  -21.793  21.749  -27.130 0.0000000000
99137  -23.140  21.847  -26.717 0.0000000000
99138  -23.544  21.511  -26.732 0.0000000000
99149  -2.193  21.756  -27.421 0.0000000000
99150  -11.767  21.836  -25.567 0.0000000000
99151  -12.368  22.029  -25.651 0.0000000000
99152  -12.856  21.813  -25.925 0.0000000000
99153  -14.607  21.479  -27.559 0.0000000000
99154  -15.584  21.558  -27.485 0.0000000000
99155  -16.492  21.722  -27.355 0.0000000000
99156  -17.188  22.055  -27.274 0.0000000000
99157  -21.501  22.380  -27.011 0.0000000000
99158  -21.832  21.983  -27.012 0.0000000000
99159  -22.287  21.801  -26.973 0.0000000000
99160  -22.910  21.595  -27.004 0.0000000000
99161  -23.284  20.971  -27.243 0.0000000000
99174  -2.488  21.787  -28.142 0.0000000000
99175  -7.239  22.024  -29.072 0.0000000000
99176  -7.775  21.608  -28.880 0.0000000000
99177  -9.264  21.264  -28.144 0.0000000000
99178  -9.346  21.906  -27.318 0.0000000000
99179  -10.050  22.331  -26.588 0.0000000000
99180  -11.283  22.441  -25.981 0.0000000000
99181  -12.092  22.276  -25.924 0.0000000000
99182  -14.133  21.972  -28.010 0.0000000000
99183  -15.119  22.060  -27.954 0.0000000000
99184  -16.024  22.162  -27.839 0.0000000000
99185  -16.760  22.294  -27.680 0.0000000000
99186  -17.174  22.406  -27.560 0.0000000000
99201  -5.558  22.746  -29.691 0.0000000000
99202  -6.520  22.078  -29.247 0.0000000000
99203  -7.028  21.570  -28.966 0.0000000000
100158  2.759  22.218  -16.909 0.0000000000
100159  2.602  22.089  -17.135 0.0000000000
100162  2.791  22.681  -17.113 0.0000000000
100163  2.450  22.550  -17.468 0.0000000000
100166  1.957  22.679  -17.890 0.0000000000
100171  1.304  22.642  -18.416 0.0000000000
100172  0.369  22.505  -18.686 0.0000000000
100173  -0.440  22.270  -18.773 0.0000000000
100180  -0.612  22.485  -18.680 0.0000000000
100181  -0.096  22.197  -21.037 0.0000000000
100190  0.040  22.843  -20.951 0.0000000000
100191  -0.273  22.510  -21.574 0.0000000000
100200  -0.459  22.527  -22.516 0.0000000000
100207  -0.569  22.552  -23.518 0.0000000000
100216  -0.719  22.529  -24.460 0.0000000000
100224  -0.942  22.594  -25.229 0.0000000000
100225  -17.977  21.542  -26.491 0.0000000000
100226  -18.432  21.799  -26.461 0.0000000000
100227  -18.918  21.909  -26.491 0.0000000000
100238  -1.254  22.652  -25.868 0.0000000000
100239  -1.660  22.603  -26.584 0.0000000000
100240  -1.958  22.251  -27.106 0.0000000000
100241  -17.901  22.081  -26.864 0.0000000000
100242  -18.631  22.339  -26.740 0.0000000000
100243  -21.188  22.837  -26.998 0.0000000000
100244  -22.004  23.097  -26.491 0.0000000000
100245  -22.263  22.984  -26.421 0.0000000000
100246  -23.015  22.576  -26.315 0.0000000000
100247  -24.020  22.389  -26.065 0.0000000000
100258  -1.953  22.953  -27.380 0.0000000000
100259  -2.099  22.469  -27.582 0.0000000000
100260  -17.603  22.580  -27.395 0.0000000000
100261  -21.271  22.992  -26.827 0.0000000000
100262  -21.880  22.780  -26.622 0.0000000000
100263  -22.527  22.262  -26.668 0.0000000000
100264  -22.829  22.098  -26.691 0.0000000000
100279  -2.135  22.930  -27.830 0.0000000000
100280  -2.282  22.523  -27.996 0.0000000000
100281  -7.176  22.569  -29.351 0.0000000000
100282  -7.879  22.381  -29.154 0.0000000000
100283  -8.683  22.225  -29.003 0.0000000000
100284  -9.326  22.104  -27.475 0.0000000000
100285  -9.860  22.208  -26.947 0.0000000000
100286  -10.712  22.494  -26.447 0.0000000000
100287  -11.468  22.513  -26.186 0.0000000000
100288  -13.774  22.449  -28.518 0.0000000000
100289  -14.774  22.562  -28.462 0.0000000000
100290  -15.730  22.691  -28.343 0.0000000000
100291  -16.571  22.783  -28.116 0.0000000000
100292  -17.207  22.786  -27.799 0.0000000000
100307  -5.998  23.278  -29.952 0.0000000000
100308  -6.507  22.888  -29.654 0.0000000000
101308  2.922  23.073  -17.048 0.0000000000
101311  2.835  23.343  -17.278 0.0000000000
101312  2.500  23.464  -17.686 0.0000000000
101314  1.922  23.523  -18.179 0.0000000000
101319  1.042  23.461  -18.545 0.0000000000
101320  0.207  23.328  -18.720 0.0000000000
101321  -0.241  23.016  -19.441 0.0000000000
101329  -0.417  23.200  -19.078 0.0000000000
101337  -0.038  23.465  -21.182 0.0000000000
101338  -0.270  23.459  -21.863 0.0000000000
101347  -0.487  23.695  -22.836 0.0000000000
101354  -0.662  23.495  -23.982 0.0000000000
101360  -0.817  23.414  -24.885 0.0000000000
101370  -1.053  23.414  -25.620 0.0000000000
101379  -1.419  23.466  -26.299 0.0000000000
101380  -1.774  23.528  -26.979 0.0000000000
101381  -18.299  22.827  -27.162 0.0000000000
101382  -19.015  22.931  -26.996 0.0000000000
101383  -20.972  23.285  -26.939 0.0000000000
101384  -21.909  23.690  -26.476 0.0000000000
101385  -22.332  23.755  -26.237 0.0000000000
101386  -22.781  23.848  -25.895 0.0000000000
101395  -2.069  23.700  -27.609 0.0000000000
101396  -2.297  24.082  -27.974 0.0000000000
101397  -17.948  23.342  -27.706 0.0000000000
101398  -18.814  23.572  -27.383 0.0000000000
101399  -20.809  24.119  -26.894 0.0000000000
101400  -21.306  23.832  -26.689 0.0000000000
101415  -2.098  23.258  -27.790 0.0000000000
101416  -2.331  23.447  -28.193 0.0000000000
101417  -8.459  24.630  -31.250 0.0000000000
101418  -8.894  24.374  -31.168 0.0000000000
101419  -9.602  24.109  -31.297 0.0000000000
101420  -9.586  22.780  -29.306 0.0000000000
101421  -10.538  22.767  -29.244 0.0000000000
101422  -11.533  22.787  -29.184 0.0000000000
101423  -12.547  22.832  -29.122 0.0000000000
101424  -13.553  22.913  -29.070 0.0000000000
101425  -14.525  23.031  -29.006 0.0000000000
101426  -16.544  24.810  -30.021 0.0000000000
101427  -17.175  25.004  -29.531 0.0000000000
101428  -18.040  25.287  -29.200 0.0000000000
101443  -2.894  21.830  -28.856 0.0000000000
101444  -2.525  22.699  -28.517 0.0000000000
101445  -5.703  23.891  -30.352 0.0000000000
101446  -7.842  24.875  -31.272 0.0000000000
101447  -8.662  24.556  -31.233 0.0000000000
101448  -9.536  24.326  -31.398 0.0000000000
101449  -9.853  23.864  -31.856 0.0000000000
101450  -10.986  23.775  -31.985 0.0000000000
101451  -11.958  23.768  -31.999 0.0000000000
101452  -12.955  23.937  -31.741 0.0000000000
101453  -14.001  23.968  -31.500 0.0000000000
101454  -15.044  24.151  -31.279 0.0000000000
101455  -16.021  24.620  -30.691 0.0000000000
101456  -16.660  25.146  -30.098 0.0000000000
101473  -9.602  24.435  -31.579 0.0000000000
101474  -10.004  24.131  -31.856 0.0000000000
101475  -10.617  23.809  -32.109 0.0000000000
101476  -11.468  23.734  -32.191 0.0000000000
101477  -12.408  23.924  -31.968 0.0000000000
101478  -13.428  23.957  -31.443 0.0000000000
101479  -14.464  24.078  -31.410 0.0000000000
101480  -15.403  24.568  -31.039 0.0000000000
101481  -16.184  24.839  -30.659 0.0000000000
101499  -11.049  23.713  -32.306 0.0000000000
101500  -11.788  23.968  -32.599 0.0000000000
101501  -12.941  24.123  -31.694 0.0000000000
101502  -14.002  24.215  -31.419 0.0000000000
101503  -14.673  24.322  -31.364 0.0000000000
101517  -11.315  23.818  -32.296 0.0000000000
102444  3.018  23.875  -17.199 0.0000000000
102447  2.891  24.190  -17.437 0.0000000000
102448  2.443  24.389  -17.835 0.0000000000
102450  1.563  24.522  -18.177 0.0000000000
102451  1.046  24.986  -18.526 0.0000000000
102456  0.797  24.153  -18.501 0.0000000000
102457  0.596  24.263  -19.052 0.0000000000
102458  0.412  23.777  -19.460 0.0000000000
102466  0.108  24.458  -20.834 0.0000000000
102467  -0.067  25.044  -21.091 0.0000000000
102475  -0.115  23.988  -21.391 0.0000000000
102476  -0.258  24.576  -21.746 0.0000000000
102482  -0.554  24.775  -22.673 0.0000000000
102489  -0.741  24.492  -23.583 0.0000000000
102496  -0.879  24.252  -24.562 0.0000000000
102509  -0.997  24.104  -25.328 0.0000000000
102510  -22.996  24.559  -25.736 0.0000000000
102521  -1.265  24.143  -25.927 0.0000000000
102522  -1.794  24.409  -26.661 0.0000000000
102523  -2.210  25.052  -27.002 0.0000000000
102524  -21.436  24.478  -26.744 0.0000000000
102525  -21.878  24.741  -26.561 0.0000000000
102526  -22.412  24.700  -26.075 0.0000000000
102535  -1.943  24.052  -27.220 0.0000000000
102536  -2.253  24.577  -27.554 0.0000000000
102537  -18.472  25.540  -28.816 0.0000000000
102538  -18.955  25.697  -28.152 0.0000000000
102539  -19.908  25.455  -27.472 0.0000000000
102540  -20.923  24.921  -27.171 0.0000000000
102541  -21.382  25.116  -26.950 0.0000000000
102553  -2.606  24.566  -28.405 0.0000000000
102554  -2.865  25.117  -28.799 0.0000000000
102555  -17.442  25.442  -29.681 0.0000000000
102556  -18.135  25.478  -29.311 0.0000000000
102557  -18.654  25.856  -28.628 0.0000000000
102558  -19.079  25.884  -27.913 0.0000000000
102570  -3.002  22.826  -29.293 0.0000000000
102571  -2.823  23.647  -29.057 0.0000000000
102572  -2.875  24.723  -29.037 0.0000000000
102573  -5.596  23.325  -30.008 0.0000000000
102574  -17.175  25.641  -29.869 0.0000000000
102575  -18.045  25.724  -29.670 0.0000000000
102576  -18.480  25.890  -29.240 0.0000000000
102589  -3.289  22.020  -29.278 0.0000000000
102590  -3.375  23.268  -29.577 0.0000000000
102591  -3.855  23.500  -29.868 0.0000000000
102592  -6.993  26.000  -30.131 0.0000000000
102593  -15.619  25.196  -30.936 0.0000000000
102594  -16.426  25.282  -30.464 0.0000000000
102607  -3.563  21.565  -29.270 0.0000000000
102608  -4.161  21.599  -29.314 0.0000000000
102609  -11.520  24.757  -32.316 0.0000000000
102610  -12.555  24.421  -31.712 0.0000000000
102611  -13.720  24.475  -31.322 0.0000000000
102612  -14.698  24.609  -31.253 0.0000000000
102624  -11.137  24.010  -31.537 0.0000000000
103482  3.050  24.680  -17.286 0.0000000000
103485  3.009  25.245  -17.274 0.0000000000
103486  2.821  25.127  -17.454 0.0000000000
103487  2.151  25.395  -17.804 0.0000000000
103488  1.680  25.840  -17.991 0.0000000000
103491  1.513  25.372  -18.140 0.0000000000
103492  1.105  25.777  -18.375 0.0000000000
103493  0.667  25.864  -18.732 0.0000000000
103496  0.672  25.367  -18.870 0.0000000000
103497  0.482  25.178  -18.984 0.0000000000
103498  0.456  25.752  -20.014 0.0000000000
103505  0.403  25.120  -20.186 0.0000000000
103506  0.136  25.530  -20.592 0.0000000000
103514  -0.167  25.627  -21.272 0.0000000000
103520  -0.483  25.597  -22.106 0.0000000000
103528  -0.860  25.552  -23.126 0.0000000000
103529  -1.326  25.998  -23.766 0.0000000000
103530  -1.697  26.384  -24.076 0.0000000000
103538  -1.171  25.178  -24.309 0.0000000000
103539  -1.701  25.879  -24.586 0.0000000000
103540  -2.049  26.477  -24.633 0.0000000000
103548  -1.185  24.725  -25.186 0.0000000000
103549  -1.659  25.371  -25.293 0.0000000000
103550  -2.233  26.050  -25.424 0.0000000000
103551  -2.532  26.133  -25.729 0.0000000000
103552  -22.774  25.316  -26.105 0.0000000000
103561  -1.174  24.486  -25.610 0.0000000000
103562  -1.510  24.810  -25.855 0.0000000000
103563  -2.207  25.597  -26.275 0.0000000000
103564  -2.485  26.083  -25.874 0.0000000000
103565  -21.652  25.694  -26.870 0.0000000000
103566  -22.330  25.598  -26.673 0.0000000000
103578  -2.591  25.639  -27.429 0.0000000000
103579  -2.878  26.117  -27.864 0.0000000000
103580  -19.470  26.177  -27.541 0.0000000000
103581  -20.388  25.877  -27.320 0.0000000000
103582  -21.067  25.717  -27.126 0.0000000000
103593  -2.590  25.108  -27.963 0.0000000000
103594  -2.866  25.645  -28.361 0.0000000000
103595  -18.650  26.265  -28.810 0.0000000000
103596  -18.828  26.266  -28.147 0.0000000000
103601  -3.058  24.614  -29.428 0.0000000000
103602  -3.088  25.424  -29.223 0.0000000000
103603  -6.040  27.690  -28.725 0.0000000000
103604  -6.797  27.219  -29.049 0.0000000000
103605  -17.169  25.907  -30.046 0.0000000000
103606  -18.129  26.084  -30.047 0.0000000000
103607  -18.839  26.239  -29.708 0.0000000000
103608  -19.783  26.136  -29.741 0.0000000000
103609  -20.261  26.262  -29.949 0.0000000000
103618  -3.140  24.167  -29.577 0.0000000000
103619  -3.495  24.760  -29.906 0.0000000000
103620  -4.181  24.123  -30.182 0.0000000000
103621  -5.544  27.256  -29.498 0.0000000000
103622  -6.689  26.866  -29.370 0.0000000000
103623  -7.545  26.297  -29.958 0.0000000000
103624  -8.817  26.122  -30.378 0.0000000000
103625  -9.968  25.969  -30.341 0.0000000000
103626  -10.876  25.608  -30.503 0.0000000000
103627  -12.065  25.405  -30.603 0.0000000000
103628  -13.265  25.480  -30.576 0.0000000000
103629  -14.466  25.640  -30.606 0.0000000000
103630  -15.596  25.831  -30.746 0.0000000000
103631  -16.705  26.147  -30.335 0.0000000000
103632  -17.893  26.215  -30.250 0.0000000000
103633  -18.796  26.059  -30.322 0.0000000000
103634  -19.577  25.964  -30.233 0.0000000000
103635  -20.090  26.048  -30.165 0.0000000000
103645  -3.285  26.027  -32.088 0.0000000000
103646  -7.414  26.024  -30.274 0.0000000000
103647  -9.371  25.261  -30.938 0.0000000000
103648  -11.100  25.191  -31.492 0.0000000000
103649  -12.301  24.899  -31.352 0.0000000000
103650  -13.492  24.885  -31.064 0.0000000000
103651  -14.630  25.088  -31.015 0.0000000000
103664  -3.690  25.872  -32.057 0.0000000000
103665  -9.554  25.181  -31.434 0.0000000000
103666  -10.426  24.934  -31.998 0.0000000000
104512  2.873  25.663  -17.325 0.0000000000
104513  2.599  25.851  -17.514 0.0000000000
104514  2.134  26.083  -17.839 0.0000000000
104515  1.618  26.227  -18.132 0.0000000000
104518  1.235  26.296  -18.564 0.0000000000
104519  0.709  26.059  -18.619 0.0000000000
104521  0.970  26.306  -18.431 0.0000000000
104522  0.721  26.456  -19.677 0.0000000000
104523  0.332  26.202  -20.198 0.0000000000
104526  0.421  26.747  -20.127 0.0000000000
104527  0.094  26.504  -20.689 0.0000000000
104533  -0.305  26.538  -21.504 0.0000000000
104541  -0.733  26.575  -22.377 0.0000000000
104542  -1.078  26.980  -22.827 0.0000000000
104547  -1.085  26.356  -23.097 0.0000000000
104548  -1.439  26.825  -23.447 0.0000000000
104549  -1.878  26.977  -24.030 0.0000000000
104556  -2.185  27.074  -24.534 0.0000000000
104563  -2.402  26.774  -25.218 0.0000000000
104564  -2.530  26.312  -25.656 0.0000000000
104571  -2.578  26.541  -25.960 0.0000000000
104572  -2.601  26.234  -25.837 0.0000000000
104585  -2.687  26.489  -26.772 0.0000000000
104586  -3.058  28.723  -28.214 0.0000000000
104587  -18.775  26.953  -28.275 0.0000000000
104588  -18.916  26.830  -27.887 0.0000000000
104589  -20.182  26.771  -27.188 0.0000000000
104599  -3.134  28.687  -28.614 0.0000000000
104600  -11.086  27.332  -28.916 0.0000000000
104601  -11.332  27.285  -28.839 0.0000000000
104602  -18.689  26.804  -28.721 0.0000000000
104603  -18.740  26.548  -28.380 0.0000000000
104612  -3.353  28.494  -29.391 0.0000000000
104613  -5.175  27.950  -29.678 0.0000000000
104614  -7.145  27.382  -28.831 0.0000000000
104615  -7.905  27.315  -29.063 0.0000000000
104616  -8.686  27.085  -29.216 0.0000000000
104617  -9.632  26.930  -29.294 0.0000000000
104618  -10.753  27.026  -29.145 0.0000000000
104619  -11.699  26.811  -29.057 0.0000000000
104620  -12.659  26.701  -29.321 0.0000000000
104621  -13.457  26.840  -29.576 0.0000000000
104622  -18.945  26.795  -29.671 0.0000000000
104623  -19.857  26.715  -29.760 0.0000000000
104624  -20.055  26.456  -30.201 0.0000000000
104631  -3.513  27.960  -30.552 0.0000000000
104632  -5.129  27.729  -29.734 0.0000000000
104633  -7.291  27.081  -29.174 0.0000000000
104634  -7.834  26.899  -29.492 0.0000000000
104635  -8.752  26.655  -29.747 0.0000000000
104636  -9.812  26.467  -29.773 0.0000000000
104637  -10.836  26.301  -29.769 0.0000000000
104638  -11.854  26.162  -29.899 0.0000000000
104639  -12.930  26.179  -30.024 0.0000000000
104640  -14.209  26.526  -29.982 0.0000000000
104641  -15.407  26.547  -30.384 0.0000000000
104642  -16.564  26.644  -30.460 0.0000000000
104643  -17.707  26.713  -30.538 0.0000000000
104644  -18.608  26.586  -30.523 0.0000000000
104645  -19.308  26.268  -30.537 0.0000000000
104646  -19.818  26.221  -30.423 0.0000000000
104652  -3.191  26.874  -31.552 0.0000000000
105527  2.748  26.034  -17.439 0.0000000000
105528  2.435  26.202  -17.676 0.0000000000
105529  1.891  26.398  -18.022 0.0000000000
105530  1.620  26.465  -18.292 0.0000000000
105533  2.108  27.941  -18.490 0.0000000000
105534  1.380  26.425  -18.317 0.0000000000
105538  0.989  27.318  -19.491 0.0000000000
105539  0.652  27.126  -19.873 0.0000000000
105543  0.759  27.645  -19.860 0.0000000000
105544  0.415  27.411  -20.280 0.0000000000
105545  -0.013  27.455  -20.960 0.0000000000
105549  -0.448  27.505  -21.696 0.0000000000
105560  -0.862  27.613  -22.356 0.0000000000
105561  -1.268  27.671  -22.946 0.0000000000
105573  -1.683  27.676  -23.536 0.0000000000
105574  -2.062  27.709  -24.132 0.0000000000
105580  -2.363  27.661  -24.798 0.0000000000
105587  -2.596  27.539  -25.547 0.0000000000
105595  -2.787  27.468  -26.364 0.0000000000
105596  -2.891  29.171  -27.679 0.0000000000
105606  -2.979  28.867  -27.916 0.0000000000
105607  -2.941  28.915  -28.124 0.0000000000
105608  -8.660  28.723  -27.685 0.0000000000
105609  -9.070  28.626  -27.722 0.0000000000
105610  -9.721  28.598  -27.642 0.0000000000
105611  -18.807  27.211  -28.231 0.0000000000
105620  -3.107  28.830  -28.819 0.0000000000
105621  -6.554  28.181  -28.303 0.0000000000
105622  -7.534  28.146  -28.236 0.0000000000
105623  -8.371  28.291  -28.048 0.0000000000
105624  -9.003  27.929  -28.078 0.0000000000
105625  -10.410  27.766  -28.373 0.0000000000
105626  -11.174  27.586  -28.688 0.0000000000
105627  -12.006  27.641  -28.485 0.0000000000
105628  -12.923  27.753  -28.416 0.0000000000
105640  -3.399  28.726  -29.687 0.0000000000
105641  -7.010  27.755  -28.517 0.0000000000
105642  -7.763  27.699  -28.579 0.0000000000
105643  -8.521  27.540  -28.643 0.0000000000
105644  -9.270  27.267  -28.832 0.0000000000
105645  -10.347  27.185  -28.968 0.0000000000
105646  -10.774  27.280  -28.952 0.0000000000
105647  -12.531  27.207  -28.773 0.0000000000
105648  -13.330  27.468  -29.061 0.0000000000
105649  -14.084  27.434  -29.570 0.0000000000
105650  -14.709  27.676  -29.566 0.0000000000
105662  -14.572  27.243  -29.737 0.0000000000
105663  -15.189  27.418  -29.911 0.0000000000
105664  -16.271  27.449  -30.368 0.0000000000
105665  -17.460  27.505  -30.888 0.0000000000
105666  -18.418  27.332  -31.268 0.0000000000
105667  -19.033  27.026  -30.514 0.0000000000
106518  2.907  27.847  -17.749 0.0000000000
106522  2.599  28.447  -18.226 0.0000000000
106523  1.883  28.448  -18.857 0.0000000000
106527  1.073  28.353  -19.653 0.0000000000
106532  0.660  27.958  -20.057 0.0000000000
106533  0.385  28.375  -20.468 0.0000000000
106534  -0.565  30.663  -21.376 0.0000000000
106538  -0.733  30.661  -21.637 0.0000000000
106545  -0.899  30.276  -21.925 0.0000000000
106546  -1.103  30.542  -22.116 0.0000000000
106552  -1.882  28.532  -23.732 0.0000000000
106553  -2.233  28.534  -24.387 0.0000000000
106558  -2.528  28.498  -25.133 0.0000000000
106563  -2.743  28.377  -25.858 0.0000000000
106567  -2.767  29.660  -27.211 0.0000000000
106568  -2.728  29.393  -27.576 0.0000000000
106574  -2.411  29.467  -28.346 0.0000000000
106575  -2.729  29.183  -28.218 0.0000000000
106576  -7.389  29.611  -26.594 0.0000000000
106577  -8.121  29.371  -26.991 0.0000000000
106578  -8.831  29.247  -27.384 0.0000000000
106579  -9.769  29.139  -27.336 0.0000000000
106580  -10.947  29.032  -27.663 0.0000000000
106581  -11.590  29.155  -27.883 0.0000000000
106590  -2.551  29.516  -28.808 0.0000000000
106591  -2.883  29.203  -28.985 0.0000000000
106592  -6.737  28.545  -27.921 0.0000000000
106593  -7.945  28.811  -27.475 0.0000000000
106594  -8.376  28.864  -27.537 0.0000000000
106595  -11.309  28.405  -28.195 0.0000000000
106596  -11.767  28.656  -28.210 0.0000000000
106597  -12.734  28.538  -28.244 0.0000000000
106598  -13.588  28.445  -28.759 0.0000000000
106599  -14.340  28.546  -29.101 0.0000000000
106600  -14.729  28.410  -29.178 0.0000000000
106612  -3.189  29.347  -29.852 0.0000000000
106613  -13.863  28.113  -29.363 0.0000000000
106614  -14.486  28.080  -29.362 0.0000000000
106615  -15.120  28.244  -29.377 0.0000000000
106627  -15.800  28.367  -30.136 0.0000000000
106628  -16.803  28.343  -30.722 0.0000000000
106629  -17.493  28.267  -31.399 0.0000000000
106630  -18.743  27.498  -31.172 0.0000000000
106640  -0.321  29.145  -32.255 0.0000000000
106641  -0.660  28.772  -32.062 0.0000000000
106642  -1.537  28.420  -32.021 0.0000000000
106644  -18.758  27.761  -31.610 0.0000000000
106645  -18.812  28.535  -32.058 0.0000000000
106653  -0.268  28.928  -32.630 0.0000000000
106654  -0.993  28.035  -32.743 0.0000000000
106660  -0.191  28.933  -33.184 0.0000000000
106668  -0.201  28.612  -33.778 0.0000000000
107531  2.207  28.989  -18.738 0.0000000000
107538  1.747  29.465  -19.262 0.0000000000
107545  -0.232  30.977  -20.857 0.0000000000
107546  -0.383  30.823  -20.989 0.0000000000
107556  -0.863  30.815  -21.805 0.0000000000
107557  -1.113  30.780  -22.102 0.0000000000
107566  -1.301  30.815  -22.315 0.0000000000
107567  -2.054  29.415  -24.008 0.0000000000
107574  -2.388  29.468  -24.720 0.0000000000
107582  -2.533  30.495  -26.315 0.0000000000
107583  -2.432  30.487  -26.500 0.0000000000
107591  -2.607  30.036  -26.751 0.0000000000
107592  -2.569  30.087  -26.956 0.0000000000
107593  -7.580  30.799  -25.940 0.0000000000
107594  -8.228  30.698  -26.230 0.0000000000
107596  -9.925  30.450  -26.525 0.0000000000
107597  -10.436  30.473  -26.677 0.0000000000
107604  -0.635  29.887  -28.224 0.0000000000
107605  -1.223  29.694  -27.938 0.0000000000
107606  -1.883  29.715  -27.802 0.0000000000
107607  -2.374  29.682  -27.557 0.0000000000
107608  -6.885  30.547  -26.156 0.0000000000
107609  -7.756  30.119  -26.404 0.0000000000
107610  -8.546  29.930  -26.723 0.0000000000
107611  -9.426  29.849  -26.933 0.0000000000
107612  -10.566  29.928  -27.028 0.0000000000
107613  -11.695  29.756  -27.612 0.0000000000
107625  0.435  29.882  -29.230 0.0000000000
107626  -0.265  29.722  -28.824 0.0000000000
107627  -1.166  29.635  -28.773 0.0000000000
107628  -2.076  29.802  -28.736 0.0000000000
107629  -2.691  29.578  -29.229 0.0000000000
107630  -4.988  29.881  -28.596 0.0000000000
107631  -11.903  29.262  -27.955 0.0000000000
107632  -12.521  29.560  -28.053 0.0000000000
107633  -13.434  29.382  -28.503 0.0000000000
107634  -14.431  29.354  -28.865 0.0000000000
107635  -14.898  28.736  -28.963 0.0000000000
107646  0.673  29.809  -29.987 0.0000000000
107647  -0.151  29.680  -29.757 0.0000000000
107648  -0.978  29.672  -29.571 0.0000000000
107649  -1.722  30.080  -29.449 0.0000000000
107650  -2.605  30.026  -29.846 0.0000000000
107651  -4.796  29.529  -29.183 0.0000000000
107653  -15.474  29.309  -29.385 0.0000000000
107663  0.598  30.114  -30.448 0.0000000000
107664  -0.166  29.951  -30.706 0.0000000000
107665  -0.818  29.722  -30.293 0.0000000000
107666  -4.636  28.785  -29.760 0.0000000000
107667  -16.295  29.241  -30.396 0.0000000000
107668  -17.178  29.169  -31.249 0.0000000000
107669  -17.479  28.639  -31.621 0.0000000000
107678  -0.194  29.431  -32.517 0.0000000000
107679  -0.393  29.639  -31.901 0.0000000000
107680  -1.086  29.369  -31.326 0.0000000000
107693  0.801  29.771  -33.646 0.0000000000
107694  0.180  29.620  -33.139 0.0000000000
107695  -0.140  29.882  -32.596 0.0000000000
107704  0.726  29.689  -33.839 0.0000000000
107705  0.344  29.327  -33.695 0.0000000000
107711  0.586  29.539  -33.963 0.0000000000
107712  0.092  29.250  -34.227 0.0000000000
107713  -0.258  29.431  -34.637 0.0000000000
107714  -0.690  29.504  -34.929 0.0000000000
107724  -1.088  28.711  -34.722 0.0000000000
107725  -0.925  29.420  -35.279 0.0000000000
107749  -3.998  29.509  -36.400 0.0000000000
108504  0.179  31.492  -20.591 0.0000000000
108510  -0.012  31.513  -20.681 0.0000000000
108511  -0.336  31.556  -20.858 0.0000000000
108516  -0.315  31.190  -20.922 0.0000000000
108523  -1.081  31.187  -22.081 0.0000000000
108532  -1.449  31.184  -22.499 0.0000000000
108533  -1.861  30.948  -22.940 0.0000000000
108542  -1.864  31.276  -23.180 0.0000000000
108543  -2.162  30.441  -24.245 0.0000000000
108552  -2.721  31.134  -25.851 0.0000000000
108553  -2.459  30.877  -26.234 0.0000000000
108564  -0.687  30.986  -26.839 0.0000000000
108565  -1.117  30.819  -26.941 0.0000000000
108566  -1.689  30.671  -26.862 0.0000000000
108567  -2.197  30.560  -26.665 0.0000000000
108569  -7.960  31.459  -25.904 0.0000000000
108573  -10.996  31.134  -26.895 0.0000000000
108583  0.394  30.902  -27.645 0.0000000000
108584  -0.419  30.535  -27.499 0.0000000000
108585  -1.401  30.311  -27.397 0.0000000000
108586  -1.993  30.182  -27.217 0.0000000000
108587  -2.323  30.154  -27.101 0.0000000000
108588  -10.783  30.620  -26.823 0.0000000000
108597  0.389  30.507  -28.400 0.0000000000
108598  -0.215  30.143  -28.226 0.0000000000
108599  -4.502  30.580  -28.969 0.0000000000
108600  -5.084  30.812  -28.276 0.0000000000
108603  -13.903  30.030  -28.849 0.0000000000
108610  0.961  30.445  -29.385 0.0000000000
108611  -1.167  29.831  -30.081 0.0000000000
108612  -1.459  30.011  -29.941 0.0000000000
108613  -1.991  30.326  -30.124 0.0000000000
108614  -4.407  30.186  -29.809 0.0000000000
108630  1.070  30.457  -30.255 0.0000000000
108631  0.353  30.582  -30.721 0.0000000000
108632  -1.467  29.957  -30.568 0.0000000000
108633  -2.380  30.142  -30.338 0.0000000000
108634  -4.303  29.838  -30.648 0.0000000000
108637  -16.347  29.800  -30.997 0.0000000000
108647  -0.351  30.614  -31.509 0.0000000000
108648  -15.793  30.419  -31.551 0.0000000000
108659  0.700  30.215  -33.556 0.0000000000
108660  -0.173  30.533  -33.138 0.0000000000
108661  -0.298  30.342  -32.306 0.0000000000
108669  0.946  29.966  -34.093 0.0000000000
108670  0.099  30.524  -33.951 0.0000000000
108671  -0.924  30.527  -34.226 0.0000000000
108672  -1.833  30.453  -34.310 0.0000000000
108673  -2.288  30.589  -34.379 0.0000000000
108684  0.498  29.648  -34.145 0.0000000000
108685  0.278  29.803  -34.335 0.0000000000
108686  -0.293  30.040  -34.683 0.0000000000
108687  -1.242  29.962  -35.037 0.0000000000
108688  -2.301  30.307  -34.854 0.0000000000
108699  -1.434  28.900  -36.203 0.0000000000
108700  -1.194  29.573  -36.016 0.0000000000
108701  -2.082  30.242  -35.759 0.0000000000
108706  -1.821  28.713  -36.753 0.0000000000
108707  -1.713  29.330  -36.892 0.0000000000
108708  -2.213  30.070  -36.446 0.0000000000
108719  -2.557  28.763  -36.498 0.0000000000
108720  -2.205  29.008  -37.076 0.0000000000
108721  -2.757  29.711  -36.602 0.0000000000
108722  -3.803  29.782  -36.686 0.0000000000
108723  -4.292  29.708  -36.410 0.0000000000
109390  -0.121  32.075  -20.724 0.0000000000
109391  -0.520  32.147  -21.197 0.0000000000
109394  -0.784  31.884  -21.600 0.0000000000
109397  -0.931  31.833  -21.955 0.0000000000
109398  -1.376  31.677  -22.496 0.0000000000
109405  -1.850  31.739  -23.166 0.0000000000
109406  -2.384  31.901  -23.914 0.0000000000
109412  -2.223  31.627  -23.734 0.0000000000
109413  -2.638  31.760  -24.958 0.0000000000
109420  -2.595  31.440  -25.954 0.0000000000
109421  -2.256  31.142  -26.284 0.0000000000
109429  2.861  32.158  -27.210 0.0000000000
109430  2.506  32.553  -27.366 0.0000000000
109431  -0.458  31.545  -26.912 0.0000000000
109432  -1.090  31.392  -26.729 0.0000000000
109433  -1.548  31.160  -26.573 0.0000000000
109434  -1.911  30.978  -26.478 0.0000000000
109445  3.830  31.969  -28.235 0.0000000000
109446  3.177  31.881  -27.981 0.0000000000
109447  2.546  32.331  -27.904 0.0000000000
109448  0.554  31.677  -27.932 0.0000000000
109449  0.227  31.300  -27.232 0.0000000000
109459  3.475  32.175  -28.769 0.0000000000
109460  3.166  32.032  -28.655 0.0000000000
109461  2.795  32.155  -28.653 0.0000000000
109462  0.733  31.398  -28.967 0.0000000000
109474  3.226  32.247  -29.167 0.0000000000
109475  3.183  32.150  -29.093 0.0000000000
109476  2.972  32.043  -29.013 0.0000000000
109477  1.097  31.222  -29.832 0.0000000000
109494  0.764  31.247  -30.580 0.0000000000
109495  -0.113  31.305  -31.028 0.0000000000
109496  -4.199  31.054  -30.624 0.0000000000
109506  -0.360  31.475  -31.803 0.0000000000
109507  -3.986  30.713  -31.576 0.0000000000
109519  0.099  31.682  -33.074 0.0000000000
109520  -0.399  31.150  -32.429 0.0000000000
109521  -3.960  30.520  -32.772 0.0000000000
109530  -0.312  31.441  -33.402 0.0000000000
109531  -0.806  31.220  -33.662 0.0000000000
109532  -1.807  31.244  -33.884 0.0000000000
109533  -2.213  30.767  -34.145 0.0000000000
109534  -4.226  31.089  -33.930 0.0000000000
109543  -2.182  31.792  -34.865 0.0000000000
109544  -2.414  30.968  -34.508 0.0000000000
109545  -4.247  31.183  -34.576 0.0000000000
109551  -2.225  31.883  -35.894 0.0000000000
109552  -2.521  31.062  -35.392 0.0000000000
109553  -4.315  31.208  -35.469 0.0000000000
109554  -4.594  30.472  -34.963 0.0000000000
109564  -2.407  32.026  -36.427 0.0000000000
109565  -2.590  31.233  -36.344 0.0000000000
109566  -4.177  31.117  -36.371 0.0000000000
109567  -4.656  30.440  -35.903 0.0000000000
109579  -2.914  30.733  -36.743 0.0000000000
109580  -3.568  30.651  -36.792 0.0000000000
109581  -4.339  30.216  -36.541 0.0000000000
110202  0.082  32.519  -20.610 0.0000000000
110208  -1.138  32.567  -22.202 0.0000000000
110209  -1.561  32.932  -22.696 0.0000000000
110213  -1.272  32.059  -22.407 0.0000000000
110214  -1.672  32.393  -22.894 0.0000000000
110219  -2.239  32.333  -23.576 0.0000000000
110220  -2.549  32.351  -24.397 0.0000000000
110226  -2.589  32.303  -25.178 0.0000000000
110233  3.125  33.071  -25.916 0.0000000000
110234  2.344  33.180  -25.819 0.0000000000
110235  1.893  33.288  -25.895 0.0000000000
110236  -1.693  32.409  -26.166 0.0000000000
110237  -2.318  31.920  -25.905 0.0000000000
110238  -2.303  31.493  -26.109 0.0000000000
110245  4.077  32.725  -27.179 0.0000000000
110246  3.393  32.640  -26.768 0.0000000000
110247  2.366  32.839  -26.695 0.0000000000
110248  1.991  32.961  -26.135 0.0000000000
110249  -0.593  32.525  -26.946 0.0000000000
110250  -1.100  32.071  -26.596 0.0000000000
110251  -1.609  31.715  -26.352 0.0000000000
110252  -1.983  31.404  -26.265 0.0000000000
110262  3.989  32.555  -27.864 0.0000000000
110263  3.598  32.286  -27.494 0.0000000000
110264  2.075  32.996  -27.690 0.0000000000
110265  1.510  33.263  -27.898 0.0000000000
110266  0.315  32.812  -27.838 0.0000000000
110267  0.076  32.159  -27.266 0.0000000000
110278  3.547  32.609  -28.564 0.0000000000
110279  3.361  32.926  -29.039 0.0000000000
110280  2.182  32.903  -28.712 0.0000000000
110281  1.710  33.120  -28.179 0.0000000000
110282  0.327  32.711  -28.817 0.0000000000
110283  -0.473  33.146  -29.250 0.0000000000
110293  3.371  32.402  -28.895 0.0000000000
110294  3.227  32.529  -29.446 0.0000000000
110295  2.802  32.377  -29.468 0.0000000000
110296  0.519  31.967  -29.661 0.0000000000
110297  -0.249  32.701  -29.722 0.0000000000
110312  3.146  32.478  -30.141 0.0000000000
110313  2.990  32.242  -29.984 0.0000000000
110314  0.683  31.621  -30.160 0.0000000000
110315  -0.009  32.072  -30.558 0.0000000000
110324  -0.225  32.139  -31.612 0.0000000000
110336  0.369  32.509  -33.200 0.0000000000
110337  0.031  32.147  -32.494 0.0000000000
110346  0.036  32.547  -33.743 0.0000000000
110347  -0.674  32.084  -33.752 0.0000000000
110348  -1.177  31.781  -33.820 0.0000000000
110349  -3.823  31.813  -33.832 0.0000000000
110350  -4.048  31.256  -33.279 0.0000000000
110358  -0.071  33.105  -34.183 0.0000000000
110359  -0.503  32.807  -34.127 0.0000000000
110360  -1.308  32.431  -34.347 0.0000000000
110361  -3.742  31.972  -34.822 0.0000000000
110368  -1.590  32.593  -35.522 0.0000000000
110369  -3.754  32.034  -35.819 0.0000000000
110380  -1.877  32.530  -36.454 0.0000000000
110381  -2.611  32.284  -36.851 0.0000000000
110382  -3.357  31.918  -36.640 0.0000000000
110393  -2.936  31.492  -36.935 0.0000000000
110394  -3.246  31.205  -36.959 0.0000000000
111020  -1.088  33.540  -21.805 0.0000000000
111021  -1.573  33.498  -22.450 0.0000000000
111024  -2.092  33.343  -23.110 0.0000000000
111025  -2.444  33.697  -23.617 0.0000000000
111030  -2.137  32.765  -23.374 0.0000000000
111031  -2.553  33.130  -23.933 0.0000000000
111036  -2.601  32.958  -24.922 0.0000000000
111042  3.365  34.058  -25.706 0.0000000000
111043  2.542  33.851  -25.524 0.0000000000
111044  1.880  33.715  -25.733 0.0000000000
111045  -1.739  33.264  -26.072 0.0000000000
111046  -2.234  32.712  -25.633 0.0000000000
111054  4.165  33.143  -27.305 0.0000000000
111055  3.748  33.459  -26.754 0.0000000000
111056  2.116  33.496  -27.044 0.0000000000
111057  1.751  33.544  -26.475 0.0000000000
111058  0.121  33.997  -27.159 0.0000000000
111059  -0.534  33.444  -26.830 0.0000000000
111060  -1.172  32.915  -26.547 0.0000000000
111069  4.027  33.117  -27.720 0.0000000000
111070  3.659  33.540  -27.750 0.0000000000
111071  2.087  33.313  -27.282 0.0000000000
111072  1.443  33.674  -27.513 0.0000000000
111073  0.374  33.739  -27.736 0.0000000000
111074  -0.137  33.112  -27.366 0.0000000000
111084  3.812  33.058  -27.987 0.0000000000
111085  3.460  33.324  -28.596 0.0000000000
111086  1.951  33.860  -29.196 0.0000000000
111087  1.323  33.684  -28.374 0.0000000000
111088  0.378  33.640  -28.245 0.0000000000
111089  -1.040  33.627  -28.796 0.0000000000
111101  3.286  33.174  -29.541 0.0000000000
111102  2.413  33.180  -29.789 0.0000000000
111103  -1.044  33.341  -29.740 0.0000000000
111120  3.225  32.893  -30.171 0.0000000000
111121  2.814  32.667  -30.255 0.0000000000
111122  -0.763  33.059  -30.569 0.0000000000
111123  -1.654  33.518  -30.534 0.0000000000
111134  -0.471  32.892  -31.448 0.0000000000
111135  -1.405  33.543  -31.552 0.0000000000
111136  -2.047  33.656  -31.122 0.0000000000
111148  0.624  33.014  -32.982 0.0000000000
111149  -0.001  33.016  -32.320 0.0000000000
111150  -0.669  33.452  -32.171 0.0000000000
111169  -0.341  33.360  -34.550 0.0000000000
111170  -0.817  33.084  -34.452 0.0000000000
111184  -0.979  33.346  -35.037 0.0000000000
111861  -1.599  34.406  -22.118 0.0000000000
111865  -2.200  34.271  -22.678 0.0000000000
111866  -2.455  34.264  -23.419 0.0000000000
111871  -2.630  34.115  -24.051 0.0000000000
111874  3.038  35.588  -24.906 0.0000000000
111875  2.200  35.327  -24.672 0.0000000000
111876  1.587  35.285  -24.706 0.0000000000
111877  -2.574  33.843  -24.768 0.0000000000
111879  3.149  35.061  -25.727 0.0000000000
111880  2.728  34.681  -25.183 0.0000000000
111881  1.730  34.634  -25.237 0.0000000000
111882  -1.657  34.192  -25.923 0.0000000000
111883  -2.233  33.572  -25.481 0.0000000000
111887  3.304  34.557  -26.640 0.0000000000
111888  1.450  34.336  -26.117 0.0000000000
111889  0.426  34.812  -26.905 0.0000000000
111890  -0.342  34.367  -26.696 0.0000000000
111891  -1.077  33.824  -26.396 0.0000000000
111896  3.398  34.330  -27.666 0.0000000000
111897  1.487  34.401  -26.892 0.0000000000
111898  0.870  34.479  -27.459 0.0000000000
111903  3.444  34.259  -28.641 0.0000000000
111904  1.857  34.384  -29.433 0.0000000000
111905  1.475  34.813  -28.856 0.0000000000
111906  0.415  34.686  -28.275 0.0000000000
111907  -0.688  34.615  -28.399 0.0000000000
111916  3.140  34.031  -29.638 0.0000000000
111917  2.307  34.256  -29.825 0.0000000000
111918  1.834  34.680  -29.508 0.0000000000
111932  3.186  33.372  -30.017 0.0000000000
111933  2.852  33.439  -30.316 0.0000000000
111944  -1.683  34.129  -32.035 0.0000000000
112698  -2.084  35.293  -22.519 0.0000000000
112699  -2.505  35.174  -23.192 0.0000000000
112703  -2.701  35.026  -23.943 0.0000000000
112705  2.880  36.404  -25.003 0.0000000000
112706  2.411  36.210  -24.572 0.0000000000
112707  1.550  36.032  -24.668 0.0000000000
112708  1.029  36.257  -24.636 0.0000000000
112709  -2.516  34.812  -24.675 0.0000000000
112711  2.620  36.081  -25.747 0.0000000000
112712  2.370  36.623  -26.226 0.0000000000
112713  0.889  35.466  -25.022 0.0000000000
112714  0.984  36.006  -24.685 0.0000000000
112715  -1.559  35.180  -25.818 0.0000000000
112716  -2.204  34.526  -25.372 0.0000000000
112720  2.872  35.518  -26.693 0.0000000000
112721  2.602  36.403  -26.807 0.0000000000
112722  1.333  35.388  -26.108 0.0000000000
112723  0.652  35.585  -26.580 0.0000000000
112724  -0.128  35.301  -26.588 0.0000000000
112725  -0.917  34.782  -26.276 0.0000000000
112730  3.197  35.250  -27.619 0.0000000000
112731  2.992  36.139  -27.647 0.0000000000
112732  1.365  34.808  -26.514 0.0000000000
112733  1.124  34.983  -26.816 0.0000000000
112739  3.481  35.226  -28.575 0.0000000000
112740  3.317  35.880  -28.312 0.0000000000
112741  1.150  35.762  -29.019 0.0000000000
112742  0.489  35.725  -28.488 0.0000000000
112753  3.322  35.145  -29.343 0.0000000000
112754  2.652  35.271  -29.843 0.0000000000
112755  1.799  35.335  -29.543 0.0000000000
113550  -2.744  36.005  -23.777 0.0000000000
113552  2.697  36.766  -25.141 0.0000000000
113553  2.562  37.143  -24.746 0.0000000000
113554  1.875  36.827  -24.383 0.0000000000
113555  1.167  36.797  -24.602 0.0000000000
113556  -2.548  35.803  -24.565 0.0000000000
113558  2.711  36.551  -25.345 0.0000000000
113559  2.409  37.005  -25.677 0.0000000000
113560  0.743  35.989  -25.550 0.0000000000
113561  0.599  36.464  -24.968 0.0000000000
113562  -1.449  36.194  -25.699 0.0000000000
113563  -2.187  35.528  -25.303 0.0000000000
113565  2.393  37.175  -26.738 0.0000000000
113566  1.057  35.883  -25.786 0.0000000000
113567  0.769  36.431  -26.073 0.0000000000
113568  0.042  36.315  -26.544 0.0000000000
113569  -0.761  35.786  -26.200 0.0000000000
113573  2.850  37.106  -27.631 0.0000000000
113578  3.348  35.971  -28.873 0.0000000000
113579  3.151  36.749  -28.567 0.0000000000
113580  1.358  36.225  -29.333 0.0000000000
113581  0.651  36.709  -28.797 0.0000000000
113593  3.355  35.676  -29.105 0.0000000000
113594  2.894  36.299  -29.378 0.0000000000
113595  1.956  36.408  -29.649 0.0000000000
113596  1.214  36.907  -29.365 0.0000000000
114362  -2.559  36.807  -24.432 0.0000000000
114365  0.675  37.544  -24.803 0.0000000000
114366  -1.363  37.217  -25.560 0.0000000000
114367  -2.096  36.535  -25.127 0.0000000000
114370  0.399  37.720  -25.762 0.0000000000
114371  0.069  37.512  -26.375 0.0000000000
114372  -0.640  36.831  -26.071 0.0000000000
114374  2.483  38.085  -27.505 0.0000000000
114375  0.322  38.235  -26.283 0.0000000000
114376  0.168  38.003  -26.258 0.0000000000
114380  2.798  37.943  -28.447 0.0000000000
114381  0.716  37.825  -29.032 0.0000000000
114395  2.564  37.614  -29.165 0.0000000000
114396  2.102  37.426  -29.574 0.0000000000
114397  1.500  37.371  -29.487 0.0000000000
115139  -1.281  38.222  -25.414 0.0000000000
115140  -2.093  37.564  -25.062 0.0000000000
115147  -0.217  38.435  -26.610 0.0000000000
115148  -0.571  37.868  -25.926 0.0000000000
115155  0.168  38.317  -26.572 0.0000000000
115178  2.294  38.771  -29.084 0.0000000000
115179  1.983  38.535  -29.633 0.0000000000
115180  1.364  38.249  -29.464 0.0000000000
139949  -4.513  18.768  -28.752 0.0000000000
139952  -3.570  19.697  -28.613 0.0000000000
139953  -4.778  20.271  -28.952 0.0000000000
139955  -3.794  19.772  -28.686 0.0000000000
139956  -3.561  19.914  -28.691 0.0000000000
139957  -4.594  22.830  -29.761 0.0000000000
139958  -5.045  22.659  -29.677 0.0000000000
139961  -5.007  22.830  -29.754 0.0000000000
139962  -3.181  20.976  -28.946 0.0000000000
139963  -4.996  23.123  -29.902 0.0000000000
139964  -4.763  23.744  -30.199 0.0000000000
139966  -3.605  20.716  -28.981 0.0000000000
139967  -3.127  21.515  -29.092 0.0000000000
139968  -5.018  23.816  -30.284 0.0000000000
139969  -5.237  23.491  -30.106 0.0000000000
139970  -5.213  23.878  -30.336 0.0000000000
139971  -3.781  22.865  -29.693 0.0000000000
139972  -5.424  25.544  -31.636 0.0000000000
139973  -4.836  25.715  -31.854 0.0000000000
139974  -5.255  24.077  -30.457 0.0000000000
139975  -4.967  24.162  -30.470 0.0000000000
139976  -4.030  22.759  -29.717 0.0000000000
139977  -5.936  25.383  -31.550 0.0000000000
139978  -5.709  25.440  -31.528 0.0000000000
139979  -5.094  25.642  -31.735 0.0000000000
139980  -4.350  25.696  -31.902 0.0000000000
139981  -4.398  25.911  -32.008 0.0000000000
139982  -3.936  25.826  -31.969 0.0000000000
139983  -6.760  25.272  -31.470 0.0000000000
139984  -5.798  26.392  -30.071 0.0000000000
139985  -3.416  27.098  -31.883 0.0000000000
139986  -2.076  27.863  -32.170 0.0000000000
139987  -7.475  24.979  -31.193 0.0000000000
139988  -5.297  26.171  -31.683 0.0000000000
139989  -7.160  25.865  -30.469 0.0000000000
139990  -5.511  27.659  -29.334 0.0000000000
139991  -5.306  27.916  -29.517 0.0000000000
139992  -2.689  28.405  -31.655 0.0000000000
139993  -6.067  25.887  -30.961 0.0000000000
139994  -6.245  25.568  -31.223 0.0000000000
139995  -7.851  26.038  -30.421 0.0000000000
139996  -5.529  27.889  -29.208 0.0000000000
139997  -5.119  28.166  -29.626 0.0000000000
139998  -5.280  28.202  -29.364 0.0000000000
139999  -3.345  28.557  -30.711 0.0000000000
140000  -2.901  29.371  -30.824 0.0000000000
140001  -8.199  25.750  -30.669 0.0000000000
140002  -5.080  28.455  -29.522 0.0000000000
140003  -5.507  28.173  -29.053 0.0000000000
140004  -5.140  28.682  -29.202 0.0000000000
140005  -4.303  28.975  -30.496 0.0000000000
140006  -3.278  27.487  -31.408 0.0000000000
140007  -2.520  29.833  -31.343 0.0000000000
140008  -2.591  29.957  -30.629 0.0000000000
140009  -3.358  26.477  -32.118 0.0000000000
140010  -2.629  29.254  -31.553 0.0000000000
140011  -4.499  27.952  -30.274 0.0000000000
140012  -10.383  23.927  -32.041 0.0000000000
140013  -7.674  25.511  -30.864 0.0000000000
140014  -5.491  28.591  -28.717 0.0000000000
140015  -5.207  29.202  -28.739 0.0000000000
140016  -3.949  29.362  -31.577 0.0000000000
140017  -2.167  30.213  -30.799 0.0000000000
140018  -6.491  29.993  -26.840 0.0000000000
140019  -5.722  29.525  -28.031 0.0000000000
140020  -1.442  27.920  -32.197 0.0000000000
140021  -1.808  29.959  -31.416 0.0000000000
140022  -1.566  27.669  -32.346 0.0000000000
140023  -4.324  29.566  -33.890 0.0000000000
140024  -4.254  30.612  -33.652 0.0000000000
140025  -4.438  30.594  -34.226 0.0000000000
140026  -4.723  29.861  -35.391 0.0000000000
140027  -2.733  29.064  -34.845 0.0000000000
140028  -1.821  28.352  -35.967 0.0000000000
140029  -6.259  30.632  -26.957 0.0000000000
140031  -2.062  29.316  -31.994 0.0000000000
140032  -1.884  27.742  -32.378 0.0000000000
140033  -3.308  27.847  -31.835 0.0000000000
140034  -1.813  27.750  -33.140 0.0000000000
140035  -2.235  28.082  -33.747 0.0000000000
140036  -4.166  29.385  -35.708 0.0000000000
140037  -4.625  29.857  -36.118 0.0000000000
140038  -3.354  29.408  -36.221 0.0000000000
