#!ascii label  , from subject Broad_82_YZ vox2ras=TkReg
1840
390  -10.906  -73.473  -5.381 0.0000000000
391  -11.298  -73.206  -5.853 0.0000000000
403  -11.799  -73.065  -6.925 0.0000000000
413  -12.634  -73.020  -7.354 0.0000000000
414  -13.344  -73.304  -7.950 0.0000000000
655  -11.489  -72.484  -5.295 0.0000000000
656  -12.268  -72.083  -5.783 0.0000000000
668  -11.624  -73.013  -6.219 0.0000000000
669  -12.272  -72.476  -6.513 0.0000000000
670  -12.854  -72.009  -7.045 0.0000000000
679  -12.793  -72.456  -7.187 0.0000000000
680  -13.573  -72.378  -7.640 0.0000000000
681  -14.094  -71.843  -8.166 0.0000000000
695  -13.845  -72.986  -8.327 0.0000000000
696  -14.210  -72.371  -8.619 0.0000000000
968  -11.784  -71.312  -4.554 0.0000000000
978  -11.681  -71.789  -4.802 0.0000000000
979  -12.281  -71.485  -5.273 0.0000000000
989  -12.835  -71.665  -6.233 0.0000000000
990  -13.415  -71.457  -7.133 0.0000000000
1001  -13.966  -71.450  -7.906 0.0000000000
1002  -14.121  -71.560  -8.223 0.0000000000
1013  -14.108  -70.980  -8.146 0.0000000000
1014  -14.308  -71.384  -8.613 0.0000000000
1266  -11.523  -70.781  -3.969 0.0000000000
1267  -12.236  -70.646  -4.672 0.0000000000
1276  -12.752  -70.624  -5.377 0.0000000000
1277  -13.096  -70.632  -5.803 0.0000000000
1290  -12.932  -71.059  -5.767 0.0000000000
1291  -13.319  -70.729  -6.406 0.0000000000
1301  -13.957  -70.511  -7.588 0.0000000000
1311  -14.243  -70.595  -8.487 0.0000000000
1558  -10.817  -69.220  -2.415 0.0000000000
1570  -11.346  -69.445  -3.082 0.0000000000
1571  -11.977  -68.948  -3.501 0.0000000000
1584  -11.456  -70.125  -3.584 0.0000000000
1585  -12.103  -69.712  -4.059 0.0000000000
1594  -12.688  -69.848  -5.055 0.0000000000
1595  -13.196  -70.083  -5.770 0.0000000000
1606  -13.671  -69.685  -6.622 0.0000000000
1615  -14.096  -69.348  -7.633 0.0000000000
1628  -14.234  -69.805  -8.663 0.0000000000
1629  -14.334  -70.291  -8.871 0.0000000000
1826  -18.461  -66.372  8.725 0.0000000000
1827  -19.444  -66.389  8.820 0.0000000000
1828  -19.804  -66.880  8.949 0.0000000000
1829  -19.828  -67.102  8.474 0.0000000000
1830  -18.366  -66.697  8.274 0.0000000000
1831  -18.917  -66.718  8.193 0.0000000000
1832  -19.727  -66.734  8.301 0.0000000000
1833  -19.786  -66.925  8.668 0.0000000000
1942  -11.177  -68.258  -2.372 0.0000000000
1943  -11.874  -67.745  -2.874 0.0000000000
1947  -11.671  -68.730  -3.020 0.0000000000
1948  -12.062  -68.189  -3.294 0.0000000000
1955  -12.519  -68.595  -4.187 0.0000000000
1956  -12.932  -68.649  -4.841 0.0000000000
1965  -12.702  -69.144  -4.755 0.0000000000
1966  -13.278  -68.945  -5.576 0.0000000000
1977  -14.066  -68.493  -6.806 0.0000000000
1978  -14.304  -67.697  -7.010 0.0000000000
1986  -14.188  -68.611  -7.798 0.0000000000
1987  -14.291  -67.946  -7.677 0.0000000000
2000  -14.161  -68.961  -8.389 0.0000000000
2001  -14.228  -68.292  -8.466 0.0000000000
2208  -15.222  -66.055  11.781 0.0000000000
2209  -15.505  -66.114  11.503 0.0000000000
2210  -15.030  -66.344  11.356 0.0000000000
2211  -15.826  -66.297  10.812 0.0000000000
2212  -16.230  -66.164  10.620 0.0000000000
2215  -15.988  -66.565  9.986 0.0000000000
2216  -16.532  -66.235  9.979 0.0000000000
2217  -17.038  -66.115  9.552 0.0000000000
2218  -19.380  -66.471  9.081 0.0000000000
2219  -19.895  -66.278  8.963 0.0000000000
2220  -20.121  -66.081  8.879 0.0000000000
2221  -20.666  -65.852  9.026 0.0000000000
2226  -16.667  -66.519  9.279 0.0000000000
2227  -17.705  -66.258  9.060 0.0000000000
2228  -18.878  -66.155  9.114 0.0000000000
2229  -19.898  -67.151  9.183 0.0000000000
2230  -19.981  -66.601  8.810 0.0000000000
2231  -20.117  -66.212  8.665 0.0000000000
2237  -17.679  -66.607  8.514 0.0000000000
2238  -18.560  -66.748  7.952 0.0000000000
2239  -19.431  -66.877  7.850 0.0000000000
2240  -19.977  -66.995  8.298 0.0000000000
2241  -20.016  -66.497  8.567 0.0000000000
2248  -18.002  -66.784  7.950 0.0000000000
2249  -19.033  -66.708  7.928 0.0000000000
2250  -19.647  -66.654  7.981 0.0000000000
2341  -11.095  -67.041  -1.877 0.0000000000
2342  -11.802  -67.133  -2.655 0.0000000000
2347  -12.278  -67.343  -3.315 0.0000000000
2350  -12.635  -67.623  -3.967 0.0000000000
2351  -13.194  -67.924  -4.825 0.0000000000
2360  -13.909  -67.804  -5.811 0.0000000000
2361  -14.216  -67.418  -6.181 0.0000000000
2375  -14.211  -67.741  -6.473 0.0000000000
2376  -14.381  -67.218  -6.608 0.0000000000
2389  -14.603  -67.087  -7.458 0.0000000000
2403  -14.393  -67.492  -8.461 0.0000000000
2640  -14.011  -65.554  12.766 0.0000000000
2641  -14.820  -65.548  12.749 0.0000000000
2645  -13.714  -65.907  12.110 0.0000000000
2646  -14.682  -65.880  12.057 0.0000000000
2647  -15.536  -65.671  12.082 0.0000000000
2648  -16.036  -65.486  11.790 0.0000000000
2653  -14.284  -66.135  11.591 0.0000000000
2654  -15.784  -66.031  11.387 0.0000000000
2655  -16.182  -65.859  11.056 0.0000000000
2656  -16.460  -65.737  10.666 0.0000000000
2662  -16.405  -66.084  10.471 0.0000000000
2663  -16.685  -65.902  10.125 0.0000000000
2664  -19.478  -66.209  8.999 0.0000000000
2665  -19.689  -66.141  9.003 0.0000000000
2666  -20.086  -65.704  9.171 0.0000000000
2667  -20.504  -65.614  9.045 0.0000000000
2672  -17.565  -65.953  9.302 0.0000000000
2673  -18.935  -65.963  8.975 0.0000000000
2674  -19.573  -65.950  9.228 0.0000000000
2675  -19.784  -65.863  9.158 0.0000000000
2676  -20.414  -65.787  8.848 0.0000000000
2680  -19.868  -66.669  8.026 0.0000000000
2681  -20.258  -66.233  8.339 0.0000000000
2691  -18.379  -66.326  7.632 0.0000000000
2692  -19.276  -66.356  7.679 0.0000000000
2693  -20.007  -66.346  7.877 0.0000000000
2694  -20.274  -66.019  7.934 0.0000000000
2777  -11.676  -66.011  -2.291 0.0000000000
2795  -12.479  -66.348  -3.366 0.0000000000
2796  -12.964  -66.042  -3.956 0.0000000000
2803  -12.656  -67.008  -3.743 0.0000000000
2804  -13.136  -66.723  -4.308 0.0000000000
2811  -13.667  -67.073  -5.195 0.0000000000
2812  -14.181  -66.859  -5.909 0.0000000000
2824  -14.570  -66.457  -6.649 0.0000000000
2840  -14.881  -66.067  -7.424 0.0000000000
2853  -14.661  -66.531  -8.301 0.0000000000
3110  -14.589  -64.765  13.629 0.0000000000
3111  -14.839  -64.774  13.631 0.0000000000
3115  -13.361  -65.166  13.489 0.0000000000
3116  -14.415  -65.013  13.399 0.0000000000
3117  -15.298  -65.107  13.213 0.0000000000
3118  -15.811  -64.961  13.154 0.0000000000
3120  -15.682  -65.250  12.747 0.0000000000
3121  -16.015  -65.074  12.486 0.0000000000
3123  -16.349  -65.101  11.448 0.0000000000
3124  -16.389  -65.579  10.921 0.0000000000
3126  -16.558  -64.967  10.872 0.0000000000
3127  -16.625  -65.365  10.485 0.0000000000
3128  -19.933  -64.999  9.603 0.0000000000
3129  -20.472  -64.849  9.881 0.0000000000
3130  -21.011  -64.995  9.842 0.0000000000
3131  -21.748  -64.723  10.073 0.0000000000
3134  -17.218  -65.490  9.596 0.0000000000
3135  -18.281  -65.535  9.166 0.0000000000
3136  -19.345  -65.603  9.205 0.0000000000
3137  -19.920  -65.594  9.334 0.0000000000
3138  -21.211  -65.078  9.299 0.0000000000
3139  -21.531  -64.782  9.797 0.0000000000
3143  -20.811  -65.365  8.595 0.0000000000
3144  -27.644  -65.012  7.866 0.0000000000
3145  -28.382  -64.971  8.133 0.0000000000
3146  -29.150  -64.814  8.344 0.0000000000
3153  -17.782  -65.686  7.335 0.0000000000
3154  -18.730  -65.597  7.405 0.0000000000
3155  -19.638  -65.718  7.592 0.0000000000
3156  -20.197  -65.816  7.797 0.0000000000
3157  -20.492  -65.571  8.039 0.0000000000
3171  -17.250  -65.031  6.968 0.0000000000
3172  -18.091  -64.980  7.138 0.0000000000
3269  -12.346  -65.149  -2.829 0.0000000000
3270  -12.913  -65.425  -3.699 0.0000000000
3289  -13.332  -65.703  -4.366 0.0000000000
3298  -13.779  -66.050  -5.175 0.0000000000
3299  -14.293  -65.946  -5.978 0.0000000000
3305  -14.797  -65.517  -6.553 0.0000000000
3306  -15.060  -64.962  -6.863 0.0000000000
3321  -15.021  -65.352  -7.304 0.0000000000
3322  -15.049  -64.822  -7.417 0.0000000000
3340  -14.940  -65.350  -8.147 0.0000000000
3341  -15.020  -64.787  -7.761 0.0000000000
3595  -12.559  -64.006  15.149 0.0000000000
3596  -13.371  -63.774  15.238 0.0000000000
3597  -14.147  -63.855  14.986 0.0000000000
3598  -15.009  -63.978  14.906 0.0000000000
3599  -15.650  -63.944  14.885 0.0000000000
3600  -25.125  -62.029  13.957 0.0000000000
3601  -25.077  -62.398  13.847 0.0000000000
3602  -25.337  -62.368  13.826 0.0000000000
3606  -13.304  -64.441  14.346 0.0000000000
3607  -14.445  -64.479  13.971 0.0000000000
3608  -15.312  -64.447  14.084 0.0000000000
3609  -16.002  -64.220  14.399 0.0000000000
3610  -24.911  -62.268  13.778 0.0000000000
3611  -25.007  -62.544  13.716 0.0000000000
3612  -25.514  -63.043  13.440 0.0000000000
3615  -13.951  -64.731  13.688 0.0000000000
3616  -14.283  -64.750  13.643 0.0000000000
3617  -15.737  -64.656  13.680 0.0000000000
3618  -16.168  -64.352  13.497 0.0000000000
3619  -23.365  -63.565  12.785 0.0000000000
3620  -23.824  -63.724  12.806 0.0000000000
3621  -24.589  -63.695  12.647 0.0000000000
3622  -25.176  -63.650  12.457 0.0000000000
3625  -16.352  -64.215  12.484 0.0000000000
3626  -21.295  -63.864  12.252 0.0000000000
3627  -21.758  -64.012  12.230 0.0000000000
3628  -22.841  -64.013  12.452 0.0000000000
3629  -23.802  -63.887  12.229 0.0000000000
3630  -24.624  -63.777  12.099 0.0000000000
3631  -25.461  -63.654  12.043 0.0000000000
3632  -26.079  -63.541  12.083 0.0000000000
3635  -16.463  -64.300  11.697 0.0000000000
3636  -20.165  -63.834  10.810 0.0000000000
3637  -20.944  -64.163  11.691 0.0000000000
3638  -21.967  -64.318  11.652 0.0000000000
3639  -23.026  -64.150  11.647 0.0000000000
3640  -23.936  -63.789  11.662 0.0000000000
3641  -24.787  -63.576  11.552 0.0000000000
3642  -25.658  -63.471  11.703 0.0000000000
3643  -26.132  -63.517  11.852 0.0000000000
3644  -28.260  -63.620  10.740 0.0000000000
3645  -28.930  -63.736  10.810 0.0000000000
3646  -29.290  -63.699  10.768 0.0000000000
3649  -16.564  -64.480  11.077 0.0000000000
3650  -16.740  -64.640  10.413 0.0000000000
3651  -19.770  -64.252  9.889 0.0000000000
3652  -20.487  -64.466  10.442 0.0000000000
3653  -21.179  -64.518  10.714 0.0000000000
3654  -22.147  -64.408  10.686 0.0000000000
3655  -23.365  -63.826  11.015 0.0000000000
3656  -24.076  -63.630  11.349 0.0000000000
3657  -28.359  -63.736  9.911 0.0000000000
3658  -28.851  -63.885  10.169 0.0000000000
3659  -29.358  -63.857  10.301 0.0000000000
3660  -29.667  -63.789  10.324 0.0000000000
3665  -17.023  -64.905  9.828 0.0000000000
3666  -17.790  -64.771  9.353 0.0000000000
3667  -18.984  -64.744  9.305 0.0000000000
3668  -21.641  -64.537  9.383 0.0000000000
3669  -22.160  -64.449  9.871 0.0000000000
3670  -22.713  -64.106  10.491 0.0000000000
3671  -28.501  -63.988  9.143 0.0000000000
3672  -28.781  -64.056  9.538 0.0000000000
3673  -29.213  -64.154  9.598 0.0000000000
3674  -29.798  -64.071  9.731 0.0000000000
3678  -21.380  -64.558  8.861 0.0000000000
3679  -21.979  -63.905  9.225 0.0000000000
3680  -28.052  -64.385  8.432 0.0000000000
3681  -28.817  -64.428  8.852 0.0000000000
3682  -29.478  -64.485  8.952 0.0000000000
3687  -18.630  -64.938  7.273 0.0000000000
3688  -19.211  -64.838  7.378 0.0000000000
3689  -20.112  -64.952  7.659 0.0000000000
3690  -20.886  -64.502  8.122 0.0000000000
3693  -27.229  -64.553  7.853 0.0000000000
3700  -16.720  -64.332  6.643 0.0000000000
3701  -17.641  -64.241  6.816 0.0000000000
3702  -18.514  -64.253  7.094 0.0000000000
3703  -19.156  -64.007  7.251 0.0000000000
3804  -12.880  -64.554  -3.407 0.0000000000
3824  -13.413  -64.794  -4.185 0.0000000000
3825  -13.819  -64.699  -4.746 0.0000000000
3841  -13.747  -65.224  -4.794 0.0000000000
3842  -14.304  -64.904  -5.481 0.0000000000
3843  -14.892  -64.272  -5.943 0.0000000000
3851  -14.899  -64.798  -6.298 0.0000000000
3852  -15.104  -64.267  -6.730 0.0000000000
3861  -14.880  -64.219  -7.539 0.0000000000
3878  -14.936  -64.697  -7.977 0.0000000000
4154  -12.877  -62.609  17.204 0.0000000000
4155  -13.271  -62.703  17.248 0.0000000000
4156  -14.088  -62.901  17.302 0.0000000000
4157  -14.936  -63.021  17.244 0.0000000000
4158  -15.762  -63.090  17.143 0.0000000000
4159  -16.496  -63.061  16.973 0.0000000000
4162  -12.589  -62.844  16.767 0.0000000000
4163  -13.549  -63.152  16.702 0.0000000000
4164  -14.439  -63.305  16.652 0.0000000000
4165  -15.282  -63.365  16.532 0.0000000000
4166  -16.056  -63.366  16.374 0.0000000000
4167  -16.788  -63.119  16.245 0.0000000000
4170  -12.987  -63.440  15.939 0.0000000000
4171  -13.892  -63.498  15.914 0.0000000000
4172  -14.751  -63.566  15.798 0.0000000000
4173  -15.531  -63.612  15.666 0.0000000000
4174  -16.234  -63.581  15.372 0.0000000000
4175  -16.983  -63.062  15.333 0.0000000000
4176  -24.953  -62.062  13.908 0.0000000000
4177  -25.325  -62.091  13.995 0.0000000000
4178  -25.837  -62.267  14.037 0.0000000000
4179  -26.169  -62.332  14.005 0.0000000000
4181  -16.421  -63.577  14.465 0.0000000000
4182  -16.790  -62.973  14.441 0.0000000000
4183  -24.501  -62.438  13.606 0.0000000000
4184  -24.957  -63.015  13.535 0.0000000000
4185  -25.985  -62.978  13.515 0.0000000000
4186  -26.165  -62.498  13.823 0.0000000000
4189  -16.556  -63.282  13.565 0.0000000000
4190  -16.685  -62.928  14.059 0.0000000000
4191  -22.111  -63.199  12.627 0.0000000000
4192  -22.899  -63.289  12.767 0.0000000000
4193  -23.882  -63.187  13.264 0.0000000000
4194  -24.552  -63.480  13.146 0.0000000000
4195  -25.652  -63.374  13.035 0.0000000000
4196  -26.828  -63.107  12.838 0.0000000000
4197  -27.833  -62.959  12.865 0.0000000000
4198  -28.609  -62.766  12.859 0.0000000000
4199  -29.012  -62.617  12.744 0.0000000000
4201  -16.537  -63.389  12.565 0.0000000000
4202  -21.025  -63.397  12.323 0.0000000000
4203  -21.617  -63.552  12.448 0.0000000000
4204  -22.213  -63.648  12.456 0.0000000000
4205  -25.640  -63.557  12.426 0.0000000000
4206  -26.356  -63.488  12.185 0.0000000000
4207  -27.576  -63.365  12.182 0.0000000000
4208  -28.521  -63.260  12.172 0.0000000000
4209  -29.179  -63.023  12.194 0.0000000000
4210  -29.333  -62.947  12.101 0.0000000000
4212  -16.498  -63.723  12.009 0.0000000000
4213  -19.815  -63.134  10.888 0.0000000000
4214  -20.369  -63.338  11.637 0.0000000000
4215  -24.879  -63.354  11.232 0.0000000000
4216  -25.447  -63.309  11.345 0.0000000000
4217  -26.300  -63.339  11.522 0.0000000000
4218  -27.395  -63.438  11.450 0.0000000000
4219  -28.356  -63.519  11.451 0.0000000000
4220  -29.217  -63.505  11.291 0.0000000000
4221  -29.608  -63.117  11.522 0.0000000000
4224  -16.582  -63.749  11.376 0.0000000000
4225  -16.759  -63.840  10.592 0.0000000000
4226  -18.654  -63.328  9.801 0.0000000000
4227  -19.251  -63.417  10.040 0.0000000000
4228  -23.666  -63.497  10.770 0.0000000000
4229  -24.294  -63.392  11.028 0.0000000000
4230  -24.998  -62.979  10.919 0.0000000000
4231  -26.128  -62.984  10.954 0.0000000000
4232  -27.420  -63.239  10.530 0.0000000000
4233  -29.517  -63.676  10.649 0.0000000000
4234  -29.903  -63.510  10.574 0.0000000000
4240  -17.277  -64.012  9.793 0.0000000000
4241  -18.373  -63.750  9.575 0.0000000000
4242  -19.134  -64.037  9.601 0.0000000000
4243  -22.547  -63.660  9.610 0.0000000000
4244  -23.112  -63.495  10.305 0.0000000000
4245  -28.041  -63.544  9.254 0.0000000000
4246  -30.409  -63.602  9.373 0.0000000000
4249  -21.594  -63.566  8.508 0.0000000000
4250  -22.302  -63.165  9.090 0.0000000000
4251  -27.274  -63.484  8.226 0.0000000000
4252  -27.549  -63.847  8.341 0.0000000000
4256  -19.673  -64.187  7.438 0.0000000000
4257  -20.273  -63.653  7.578 0.0000000000
4258  -21.015  -63.428  7.907 0.0000000000
4260  -26.893  -63.838  7.819 0.0000000000
4261  -27.252  -64.171  7.971 0.0000000000
4265  -16.096  -63.616  6.459 0.0000000000
4266  -17.132  -63.347  6.542 0.0000000000
4267  -18.106  -63.389  6.647 0.0000000000
4268  -18.914  -63.357  6.887 0.0000000000
4269  -19.633  -63.390  7.241 0.0000000000
4270  -19.994  -63.255  7.382 0.0000000000
4400  -13.285  -64.096  -3.759 0.0000000000
4401  -13.802  -63.916  -4.469 0.0000000000
4417  -14.576  -63.757  -5.356 0.0000000000
4418  -15.023  -63.534  -6.051 0.0000000000
4431  -15.242  -63.263  -6.890 0.0000000000
4446  -14.785  -63.413  -7.510 0.0000000000
4757  -13.620  -61.523  18.423 0.0000000000
4758  -13.930  -61.763  18.385 0.0000000000
4759  -14.358  -61.862  18.336 0.0000000000
4760  -12.132  -61.468  18.142 0.0000000000
4761  -12.571  -61.702  18.135 0.0000000000
4762  -13.361  -61.864  18.255 0.0000000000
4763  -14.148  -62.168  18.190 0.0000000000
4764  -14.920  -62.111  18.119 0.0000000000
4765  -15.647  -62.189  17.844 0.0000000000
4766  -11.962  -61.783  17.708 0.0000000000
4767  -12.742  -62.352  17.522 0.0000000000
4768  -13.704  -62.451  17.774 0.0000000000
4769  -14.543  -62.543  17.743 0.0000000000
4770  -15.351  -62.586  17.619 0.0000000000
4771  -16.209  -62.492  17.492 0.0000000000
4772  -17.231  -62.470  16.988 0.0000000000
4773  -17.804  -61.991  16.819 0.0000000000
4776  -11.917  -62.428  16.994 0.0000000000
4777  -12.422  -62.525  17.112 0.0000000000
4778  -17.392  -62.686  16.115 0.0000000000
4779  -17.828  -62.198  16.413 0.0000000000
4780  -27.915  -61.541  16.076 0.0000000000
4781  -28.198  -61.415  15.996 0.0000000000
4784  -17.499  -62.569  15.558 0.0000000000
4785  -17.806  -62.330  15.899 0.0000000000
4786  -24.702  -62.058  13.769 0.0000000000
4787  -25.144  -61.854  13.993 0.0000000000
4788  -25.719  -61.821  14.274 0.0000000000
4789  -26.498  -61.923  14.583 0.0000000000
4790  -27.512  -61.855  15.351 0.0000000000
4791  -28.198  -61.668  15.469 0.0000000000
4792  -28.383  -61.443  15.363 0.0000000000
4795  -17.414  -62.457  14.862 0.0000000000
4796  -17.864  -62.178  15.397 0.0000000000
4797  -24.293  -61.945  13.495 0.0000000000
4798  -24.754  -61.812  13.768 0.0000000000
4799  -26.199  -62.750  13.537 0.0000000000
4800  -26.462  -62.454  13.824 0.0000000000
4801  -27.329  -62.288  14.281 0.0000000000
4802  -28.152  -62.162  14.589 0.0000000000
4803  -28.461  -61.650  14.742 0.0000000000
4807  -16.758  -62.679  13.443 0.0000000000
4808  -16.885  -62.483  14.041 0.0000000000
4809  -22.043  -62.943  12.675 0.0000000000
4810  -22.448  -62.820  12.757 0.0000000000
4811  -23.512  -62.390  13.099 0.0000000000
4812  -26.073  -62.979  13.366 0.0000000000
4813  -26.381  -62.869  13.351 0.0000000000
4814  -27.161  -62.633  13.442 0.0000000000
4815  -28.035  -62.545  13.628 0.0000000000
4816  -28.754  -62.195  13.536 0.0000000000
4820  -16.726  -62.759  12.845 0.0000000000
4821  -16.936  -62.139  13.227 0.0000000000
4822  -21.104  -62.924  12.430 0.0000000000
4823  -21.658  -62.764  12.576 0.0000000000
4824  -22.609  -62.164  12.698 0.0000000000
4825  -23.366  -61.676  12.757 0.0000000000
4826  -29.308  -62.466  12.390 0.0000000000
4827  -29.602  -62.750  11.758 0.0000000000
4831  -16.598  -62.812  11.834 0.0000000000
4832  -16.955  -62.599  11.065 0.0000000000
4833  -19.925  -62.438  11.317 0.0000000000
4834  -20.830  -62.498  12.061 0.0000000000
4835  -21.396  -62.092  12.291 0.0000000000
4836  -29.650  -62.392  11.696 0.0000000000
4837  -29.991  -62.782  11.147 0.0000000000
4845  -16.755  -63.174  10.994 0.0000000000
4846  -17.291  -62.982  10.334 0.0000000000
4847  -18.341  -62.866  9.951 0.0000000000
4848  -19.161  -62.579  10.661 0.0000000000
4849  -23.895  -63.102  10.607 0.0000000000
4850  -24.643  -62.754  10.607 0.0000000000
4851  -25.669  -62.568  10.566 0.0000000000
4852  -26.763  -62.649  10.253 0.0000000000
4853  -27.493  -63.013  9.703 0.0000000000
4854  -30.362  -62.890  10.177 0.0000000000
4862  -17.843  -63.340  9.747 0.0000000000
4863  -18.174  -63.316  9.727 0.0000000000
4864  -22.946  -62.865  9.624 0.0000000000
4865  -23.860  -62.266  10.045 0.0000000000
4866  -25.133  -62.057  10.164 0.0000000000
4867  -26.195  -62.125  9.916 0.0000000000
4868  -27.099  -62.536  9.206 0.0000000000
4869  -27.680  -63.182  9.001 0.0000000000
4873  -21.954  -62.485  8.553 0.0000000000
4874  -22.666  -62.242  9.086 0.0000000000
4875  -23.229  -62.207  9.495 0.0000000000
4876  -27.044  -62.879  8.227 0.0000000000
4877  -27.431  -63.187  8.580 0.0000000000
4883  -20.720  -62.673  7.585 0.0000000000
4884  -21.334  -62.611  8.030 0.0000000000
4886  -26.416  -62.866  7.679 0.0000000000
4892  -15.473  -62.864  6.382 0.0000000000
4893  -16.425  -62.711  6.409 0.0000000000
4894  -17.127  -62.530  6.378 0.0000000000
4895  -17.764  -62.528  6.376 0.0000000000
4896  -18.645  -62.478  6.436 0.0000000000
4897  -19.469  -62.564  6.779 0.0000000000
4898  -20.098  -62.735  7.230 0.0000000000
4911  -17.737  -61.977  6.213 0.0000000000
4912  -18.153  -61.899  6.162 0.0000000000
5033  -14.477  -62.796  -4.687 0.0000000000
5034  -15.051  -62.110  -4.873 0.0000000000
5045  -14.838  -63.142  -5.480 0.0000000000
5046  -15.136  -62.512  -5.825 0.0000000000
5062  -15.373  -62.258  -6.809 0.0000000000
5079  -14.885  -62.504  -7.493 0.0000000000
5425  -12.733  -60.920  18.614 0.0000000000
5426  -13.250  -61.112  18.560 0.0000000000
5427  -13.884  -61.211  18.479 0.0000000000
5428  -14.182  -61.609  18.389 0.0000000000
5430  -11.633  -61.124  18.129 0.0000000000
5431  -12.310  -61.128  18.433 0.0000000000
5432  -12.863  -61.375  18.432 0.0000000000
5433  -14.188  -61.010  18.447 0.0000000000
5434  -14.568  -61.397  18.316 0.0000000000
5435  -15.617  -61.536  17.991 0.0000000000
5436  -16.178  -61.192  17.845 0.0000000000
5437  -27.466  -60.398  17.629 0.0000000000
5438  -27.683  -60.347  17.840 0.0000000000
5439  -27.976  -60.307  18.089 0.0000000000
5442  -16.062  -62.012  17.796 0.0000000000
5443  -16.642  -61.621  17.568 0.0000000000
5444  -17.819  -61.513  17.168 0.0000000000
5445  -18.872  -61.253  17.127 0.0000000000
5446  -19.621  -60.884  16.860 0.0000000000
5447  -27.308  -60.477  17.448 0.0000000000
5448  -27.568  -60.657  17.369 0.0000000000
5449  -28.161  -60.597  17.562 0.0000000000
5450  -28.496  -60.529  17.062 0.0000000000
5454  -18.322  -61.729  16.653 0.0000000000
5455  -19.115  -61.353  16.371 0.0000000000
5456  -19.956  -60.732  16.114 0.0000000000
5457  -27.200  -60.772  16.939 0.0000000000
5458  -27.642  -61.136  16.685 0.0000000000
5459  -28.255  -61.141  16.561 0.0000000000
5460  -28.449  -60.712  16.304 0.0000000000
5463  -18.375  -61.851  15.845 0.0000000000
5464  -19.228  -61.182  15.342 0.0000000000
5465  -19.903  -60.777  15.453 0.0000000000
5466  -25.517  -61.589  14.219 0.0000000000
5467  -26.012  -61.248  14.793 0.0000000000
5468  -26.833  -61.404  15.983 0.0000000000
5469  -27.507  -61.514  16.055 0.0000000000
5470  -28.365  -61.275  15.845 0.0000000000
5471  -28.564  -61.068  15.312 0.0000000000
5475  -17.431  -62.027  14.411 0.0000000000
5476  -18.181  -61.568  14.662 0.0000000000
5477  -18.857  -61.168  14.756 0.0000000000
5478  -24.560  -61.647  13.562 0.0000000000
5479  -25.132  -61.371  13.933 0.0000000000
5480  -25.536  -60.668  14.500 0.0000000000
5481  -28.700  -61.420  14.124 0.0000000000
5485  -17.391  -61.700  13.817 0.0000000000
5486  -17.878  -61.083  13.524 0.0000000000
5487  -24.239  -61.386  13.167 0.0000000000
5488  -24.947  -60.479  13.751 0.0000000000
5489  -25.361  -60.277  14.338 0.0000000000
5490  -29.144  -61.762  13.021 0.0000000000
5493  -16.803  -62.104  12.352 0.0000000000
5494  -17.460  -61.294  12.739 0.0000000000
5495  -17.812  -60.941  13.013 0.0000000000
5496  -21.985  -61.800  12.326 0.0000000000
5497  -22.814  -61.415  12.335 0.0000000000
5498  -23.617  -60.871  12.463 0.0000000000
5499  -24.293  -60.516  12.990 0.0000000000
5500  -29.473  -61.999  12.196 0.0000000000
5505  -16.749  -62.206  11.887 0.0000000000
5506  -17.154  -61.862  11.529 0.0000000000
5507  -18.146  -61.460  11.184 0.0000000000
5508  -19.208  -61.538  11.140 0.0000000000
5509  -20.309  -61.456  11.543 0.0000000000
5510  -21.339  -61.394  11.858 0.0000000000
5511  -22.256  -61.025  11.921 0.0000000000
5512  -22.955  -60.778  11.999 0.0000000000
5513  -29.643  -61.916  11.480 0.0000000000
5514  -29.880  -62.251  11.083 0.0000000000
5522  -17.277  -62.375  10.857 0.0000000000
5523  -17.749  -62.185  10.653 0.0000000000
5524  -18.503  -62.090  10.681 0.0000000000
5525  -29.603  -61.648  10.843 0.0000000000
5526  -29.982  -62.170  10.660 0.0000000000
5538  -24.102  -61.525  9.589 0.0000000000
5539  -24.775  -61.486  9.634 0.0000000000
5540  -25.670  -61.613  9.520 0.0000000000
5541  -26.413  -61.858  9.207 0.0000000000
5553  -21.597  -61.964  8.177 0.0000000000
5554  -22.172  -61.307  8.465 0.0000000000
5555  -23.427  -61.387  9.242 0.0000000000
5556  -25.333  -61.178  9.194 0.0000000000
5557  -25.981  -61.375  8.709 0.0000000000
5558  -26.621  -62.091  8.509 0.0000000000
5568  -20.529  -62.121  7.231 0.0000000000
5569  -21.101  -61.512  7.478 0.0000000000
5570  -21.768  -60.795  7.808 0.0000000000
5571  -26.164  -61.735  7.734 0.0000000000
5572  -26.631  -62.380  8.011 0.0000000000
5580  -15.113  -62.264  6.266 0.0000000000
5581  -15.856  -61.909  6.282 0.0000000000
5582  -16.838  -61.973  6.246 0.0000000000
5583  -17.418  -62.086  6.248 0.0000000000
5584  -18.752  -61.736  6.143 0.0000000000
5585  -19.329  -61.832  6.334 0.0000000000
5586  -20.219  -61.606  6.628 0.0000000000
5587  -20.687  -61.251  6.855 0.0000000000
5588  -25.369  -61.531  6.699 0.0000000000
5598  -14.878  -61.567  5.877 0.0000000000
5599  -15.746  -61.139  5.775 0.0000000000
5600  -16.569  -61.299  5.816 0.0000000000
5601  -17.561  -61.520  5.869 0.0000000000
5602  -18.468  -61.313  5.778 0.0000000000
5603  -19.204  -61.279  5.933 0.0000000000
5604  -19.674  -61.368  6.196 0.0000000000
5635  -23.877  -61.143  3.885 0.0000000000
5650  -23.021  -61.153  3.038 0.0000000000
5666  -20.438  -61.540  1.315 0.0000000000
5667  -21.483  -61.552  2.130 0.0000000000
5668  -22.051  -61.093  2.249 0.0000000000
5681  -19.761  -61.307  0.857 0.0000000000
5682  -20.201  -61.140  0.948 0.0000000000
5718  -14.277  -62.228  -3.646 0.0000000000
5719  -14.689  -61.556  -3.451 0.0000000000
5734  -14.733  -62.018  -4.216 0.0000000000
5735  -15.208  -61.503  -4.384 0.0000000000
5747  -15.498  -61.637  -5.305 0.0000000000
5766  -15.641  -61.471  -6.301 0.0000000000
5784  -14.452  -61.480  -7.751 0.0000000000
5785  -15.388  -61.466  -7.325 0.0000000000
6146  -16.093  -57.475  24.218 0.0000000000
6147  -16.083  -57.521  24.007 0.0000000000
6148  -16.002  -57.765  23.944 0.0000000000
6149  -16.656  -57.692  23.900 0.0000000000
6150  -16.765  -57.544  23.501 0.0000000000
6152  -12.116  -59.940  19.072 0.0000000000
6153  -12.782  -60.337  19.003 0.0000000000
6154  -13.420  -60.433  18.866 0.0000000000
6155  -13.977  -60.526  18.661 0.0000000000
6156  -27.200  -59.682  18.768 0.0000000000
6157  -27.503  -59.658  18.961 0.0000000000
6160  -11.790  -60.476  18.581 0.0000000000
6161  -12.364  -60.575  18.726 0.0000000000
6162  -14.418  -60.751  18.439 0.0000000000
6163  -15.001  -60.738  18.195 0.0000000000
6164  -15.822  -60.711  17.985 0.0000000000
6165  -16.550  -60.754  17.747 0.0000000000
6166  -27.280  -60.064  17.919 0.0000000000
6167  -27.727  -59.872  18.522 0.0000000000
6168  -28.381  -60.015  18.262 0.0000000000
6169  -28.844  -59.671  18.336 0.0000000000
6173  -17.370  -60.765  17.502 0.0000000000
6174  -18.393  -60.641  17.449 0.0000000000
6175  -19.416  -60.464  17.303 0.0000000000
6176  -20.530  -60.276  17.053 0.0000000000
6177  -21.560  -59.643  17.341 0.0000000000
6178  -22.182  -59.490  17.588 0.0000000000
6179  -26.987  -60.397  17.390 0.0000000000
6180  -28.444  -60.239  17.888 0.0000000000
6181  -28.767  -59.980  17.800 0.0000000000
6185  -20.838  -60.356  16.187 0.0000000000
6186  -21.491  -60.023  16.642 0.0000000000
6187  -22.234  -59.763  17.068 0.0000000000
6188  -26.283  -60.224  16.075 0.0000000000
6189  -26.669  -60.528  16.657 0.0000000000
6190  -28.729  -59.971  16.961 0.0000000000
6194  -19.864  -60.737  14.922 0.0000000000
6195  -20.542  -60.453  15.294 0.0000000000
6196  -21.558  -59.976  15.624 0.0000000000
6197  -22.186  -59.818  16.283 0.0000000000
6198  -26.023  -60.438  15.277 0.0000000000
6199  -26.354  -60.828  15.809 0.0000000000
6200  -28.240  -59.700  15.614 0.0000000000
6201  -28.385  -60.025  15.925 0.0000000000
6205  -18.705  -61.079  14.479 0.0000000000
6206  -19.221  -60.761  14.449 0.0000000000
6207  -20.133  -60.046  14.104 0.0000000000
6208  -21.164  -59.834  14.594 0.0000000000
6209  -25.617  -60.024  14.813 0.0000000000
6210  -27.769  -59.417  14.554 0.0000000000
6211  -27.983  -59.758  15.035 0.0000000000
6212  -28.429  -60.643  14.640 0.0000000000
6216  -18.523  -60.824  13.934 0.0000000000
6217  -19.203  -60.340  13.419 0.0000000000
6218  -19.820  -59.823  12.948 0.0000000000
6219  -24.787  -59.774  13.858 0.0000000000
6220  -25.206  -59.881  14.291 0.0000000000
6221  -27.736  -59.694  14.248 0.0000000000
6222  -28.050  -60.243  13.839 0.0000000000
6223  -28.765  -60.969  13.429 0.0000000000
6226  -17.799  -60.910  12.467 0.0000000000
6227  -18.223  -60.671  12.772 0.0000000000
6228  -19.321  -60.053  12.308 0.0000000000
6229  -19.766  -59.813  12.421 0.0000000000
6230  -23.948  -59.967  12.496 0.0000000000
6231  -24.422  -59.882  13.284 0.0000000000
6232  -27.613  -60.010  12.019 0.0000000000
6233  -28.187  -60.432  12.524 0.0000000000
6234  -29.085  -61.389  12.216 0.0000000000
6241  -17.763  -60.924  11.948 0.0000000000
6242  -18.693  -60.711  11.701 0.0000000000
6243  -19.800  -60.522  11.622 0.0000000000
6244  -20.850  -60.530  11.610 0.0000000000
6245  -21.794  -60.429  11.678 0.0000000000
6246  -22.594  -60.306  11.764 0.0000000000
6247  -23.277  -60.156  11.981 0.0000000000
6248  -27.951  -60.335  11.248 0.0000000000
6249  -28.742  -60.957  11.428 0.0000000000
6250  -29.292  -61.447  11.342 0.0000000000
6262  -29.174  -61.207  10.675 0.0000000000
6274  -24.415  -61.006  9.301 0.0000000000
6275  -24.938  -61.029  9.248 0.0000000000
6290  -23.181  -60.388  8.552 0.0000000000
6291  -24.140  -60.488  8.802 0.0000000000
6292  -25.177  -60.677  8.650 0.0000000000
6293  -25.785  -61.055  8.142 0.0000000000
6307  -21.581  -60.345  7.254 0.0000000000
6308  -22.381  -60.139  7.875 0.0000000000
6309  -25.148  -60.227  8.045 0.0000000000
6310  -25.446  -60.687  7.574 0.0000000000
6322  -20.304  -61.023  6.327 0.0000000000
6323  -20.742  -60.654  6.491 0.0000000000
6324  -25.282  -60.549  6.810 0.0000000000
6333  -14.287  -60.914  5.278 0.0000000000
6334  -15.226  -60.550  5.307 0.0000000000
6335  -16.206  -60.526  5.417 0.0000000000
6336  -17.167  -60.751  5.386 0.0000000000
6337  -18.084  -60.769  5.401 0.0000000000
6338  -19.007  -60.597  5.410 0.0000000000
6339  -19.935  -60.809  5.920 0.0000000000
6340  -20.408  -60.255  5.860 0.0000000000
6341  -25.051  -60.475  6.078 0.0000000000
6353  -14.638  -60.312  4.883 0.0000000000
6354  -15.071  -60.226  4.978 0.0000000000
6355  -16.833  -60.145  4.970 0.0000000000
6356  -17.710  -60.269  4.918 0.0000000000
6357  -18.549  -60.253  5.017 0.0000000000
6358  -18.940  -60.222  5.089 0.0000000000
6359  -24.472  -60.526  4.395 0.0000000000
6360  -24.775  -60.463  5.276 0.0000000000
6372  -23.522  -60.829  3.209 0.0000000000
6373  -24.136  -60.348  3.477 0.0000000000
6385  -22.423  -60.823  2.244 0.0000000000
6386  -23.083  -60.579  2.456 0.0000000000
6387  -23.777  -60.202  2.863 0.0000000000
6400  -20.652  -61.009  1.082 0.0000000000
6401  -21.105  -60.922  1.259 0.0000000000
6402  -22.059  -60.556  1.587 0.0000000000
6403  -22.621  -60.442  1.934 0.0000000000
6416  -18.249  -61.053  0.080 0.0000000000
6417  -19.269  -60.819  0.308 0.0000000000
6418  -20.393  -60.593  0.661 0.0000000000
6419  -21.461  -60.220  0.916 0.0000000000
6420  -21.980  -60.037  1.093 0.0000000000
6429  -17.599  -60.323  -0.595 0.0000000000
6430  -18.725  -60.290  -0.383 0.0000000000
6431  -19.715  -60.145  -0.150 0.0000000000
6432  -20.254  -60.027  0.022 0.0000000000
6439  -16.711  -60.359  -1.216 0.0000000000
6440  -17.411  -59.860  -1.449 0.0000000000
6447  -15.881  -60.541  -2.056 0.0000000000
6448  -17.017  -59.896  -2.269 0.0000000000
6449  -17.587  -59.576  -2.043 0.0000000000
6463  -15.577  -60.840  -3.571 0.0000000000
6464  -16.593  -60.149  -3.361 0.0000000000
6478  -15.780  -60.978  -4.834 0.0000000000
6479  -16.315  -60.297  -4.546 0.0000000000
6496  -15.868  -61.094  -5.633 0.0000000000
6497  -16.233  -60.548  -5.504 0.0000000000
6515  -12.955  -60.229  -7.151 0.0000000000
6516  -16.078  -60.796  -6.157 0.0000000000
6517  -16.421  -60.241  -6.246 0.0000000000
6533  -13.716  -60.548  -7.560 0.0000000000
6534  -14.869  -60.478  -7.569 0.0000000000
6535  -15.864  -60.454  -6.934 0.0000000000
6536  -16.231  -59.911  -6.671 0.0000000000
6886  -15.171  -57.166  25.180 0.0000000000
6887  -14.085  -58.138  24.952 0.0000000000
6888  -14.817  -57.377  25.079 0.0000000000
6889  -15.466  -57.311  25.063 0.0000000000
6890  -13.771  -58.307  24.420 0.0000000000
6891  -14.629  -57.763  24.376 0.0000000000
6892  -15.678  -57.457  24.505 0.0000000000
6893  -16.429  -57.518  24.419 0.0000000000
6894  -16.440  -57.652  24.087 0.0000000000
6895  -13.506  -58.691  24.059 0.0000000000
6896  -14.262  -58.193  24.060 0.0000000000
6897  -15.695  -57.552  24.010 0.0000000000
6898  -16.913  -57.614  24.518 0.0000000000
6899  -16.925  -57.765  24.150 0.0000000000
6900  -13.383  -58.676  23.802 0.0000000000
6901  -13.752  -58.444  23.792 0.0000000000
6902  -14.603  -57.782  23.899 0.0000000000
6903  -17.344  -57.622  23.657 0.0000000000
6904  -12.388  -58.452  21.113 0.0000000000
6905  -12.575  -58.544  20.861 0.0000000000
6906  -28.147  -59.031  21.150 0.0000000000
6907  -28.599  -59.081  21.129 0.0000000000
6908  -29.125  -58.882  21.075 0.0000000000
6909  -29.505  -58.592  21.065 0.0000000000
6911  -12.245  -58.745  20.551 0.0000000000
6912  -12.792  -59.066  20.373 0.0000000000
6913  -13.276  -59.272  20.068 0.0000000000
6914  -27.982  -59.210  20.657 0.0000000000
6915  -28.519  -58.885  20.171 0.0000000000
6916  -29.270  -58.667  20.502 0.0000000000
6917  -29.677  -58.461  20.716 0.0000000000
6920  -12.474  -59.483  19.695 0.0000000000
6921  -13.065  -59.756  19.570 0.0000000000
6922  -13.694  -59.694  19.344 0.0000000000
6923  -25.172  -58.541  18.655 0.0000000000
6924  -25.564  -58.852  18.920 0.0000000000
6925  -26.443  -59.335  19.212 0.0000000000
6926  -27.658  -59.302  19.512 0.0000000000
6927  -28.704  -59.172  19.503 0.0000000000
6928  -29.269  -59.115  19.219 0.0000000000
6932  -14.480  -59.962  18.709 0.0000000000
6933  -15.336  -59.945  18.271 0.0000000000
6934  -16.209  -59.900  17.894 0.0000000000
6935  -16.975  -60.171  17.676 0.0000000000
6936  -22.161  -59.279  18.775 0.0000000000
6937  -22.625  -59.193  18.574 0.0000000000
6938  -23.597  -59.014  18.384 0.0000000000
6939  -24.858  -58.783  18.386 0.0000000000
6940  -25.945  -59.179  18.429 0.0000000000
6941  -26.723  -59.606  18.313 0.0000000000
6942  -28.266  -59.629  18.965 0.0000000000
6943  -28.830  -59.487  18.807 0.0000000000
6944  -29.397  -59.236  18.482 0.0000000000
6945  -29.851  -58.937  18.066 0.0000000000
6948  -16.873  -59.519  17.579 0.0000000000
6949  -17.767  -59.823  17.575 0.0000000000
6950  -18.914  -59.792  17.500 0.0000000000
6951  -19.948  -59.641  17.296 0.0000000000
6952  -21.013  -59.338  17.475 0.0000000000
6953  -22.023  -59.196  18.085 0.0000000000
6954  -22.993  -59.488  17.689 0.0000000000
6955  -24.342  -59.238  17.692 0.0000000000
6956  -25.520  -59.188  17.673 0.0000000000
6957  -26.406  -59.534  17.713 0.0000000000
6958  -26.876  -59.929  17.719 0.0000000000
6959  -29.348  -59.178  17.638 0.0000000000
6960  -29.788  -58.877  17.806 0.0000000000
6962  -22.991  -59.646  16.494 0.0000000000
6963  -23.989  -59.337  16.712 0.0000000000
6964  -25.124  -59.253  16.765 0.0000000000
6965  -26.144  -59.724  16.854 0.0000000000
6966  -26.655  -60.063  17.296 0.0000000000
6967  -28.709  -59.035  16.379 0.0000000000
6968  -28.870  -59.271  16.796 0.0000000000
6972  -21.959  -59.588  14.758 0.0000000000
6973  -22.646  -59.504  15.391 0.0000000000
6974  -23.711  -59.278  15.645 0.0000000000
6975  -24.723  -59.223  15.785 0.0000000000
6976  -25.710  -59.648  15.769 0.0000000000
6977  -28.070  -58.860  15.359 0.0000000000
6978  -28.270  -59.226  15.805 0.0000000000
6979  -28.578  -59.412  16.269 0.0000000000
6983  -21.007  -59.580  13.756 0.0000000000
6984  -21.747  -59.354  13.942 0.0000000000
6985  -22.592  -59.238  14.227 0.0000000000
6986  -23.489  -59.207  14.576 0.0000000000
6987  -24.380  -59.247  14.849 0.0000000000
6988  -25.142  -59.499  14.951 0.0000000000
6989  -27.827  -59.056  14.870 0.0000000000
6990  -28.008  -59.236  15.297 0.0000000000
6994  -20.551  -59.514  13.088 0.0000000000
6995  -21.402  -59.221  13.075 0.0000000000
6996  -22.347  -59.101  13.202 0.0000000000
6997  -23.298  -59.152  13.512 0.0000000000
6998  -24.190  -59.398  13.891 0.0000000000
6999  -24.783  -59.515  14.344 0.0000000000
7000  -27.437  -59.182  14.063 0.0000000000
7001  -27.633  -59.705  13.629 0.0000000000
7008  -19.773  -59.813  12.174 0.0000000000
7009  -20.165  -59.664  12.344 0.0000000000
7010  -20.969  -59.425  12.312 0.0000000000
7011  -21.916  -59.238  12.293 0.0000000000
7012  -23.046  -59.398  12.391 0.0000000000
7013  -23.896  -59.393  13.017 0.0000000000
7015  -27.204  -59.381  12.730 0.0000000000
7016  -27.802  -59.940  13.194 0.0000000000
7026  -19.880  -59.888  11.944 0.0000000000
7027  -20.497  -59.871  11.804 0.0000000000
7028  -21.387  -59.774  11.750 0.0000000000
7029  -22.283  -59.736  11.797 0.0000000000
7030  -22.849  -59.836  11.877 0.0000000000
7066  -23.248  -59.698  7.993 0.0000000000
7067  -24.001  -59.853  8.211 0.0000000000
7068  -24.664  -60.174  8.269 0.0000000000
7084  -22.127  -59.575  7.186 0.0000000000
7085  -22.901  -59.290  7.390 0.0000000000
7086  -23.846  -59.340  7.473 0.0000000000
7087  -24.808  -59.842  7.534 0.0000000000
7088  -25.191  -60.231  7.140 0.0000000000
7102  -21.583  -59.613  6.513 0.0000000000
7103  -22.460  -58.910  6.553 0.0000000000
7104  -23.463  -58.808  6.715 0.0000000000
7105  -24.447  -59.163  6.609 0.0000000000
7106  -25.025  -59.935  6.666 0.0000000000
7117  -15.726  -60.205  5.155 0.0000000000
7118  -16.120  -59.976  5.067 0.0000000000
7119  -19.571  -60.314  5.393 0.0000000000
7120  -20.053  -60.029  5.416 0.0000000000
7121  -20.892  -59.560  5.626 0.0000000000
7122  -21.838  -58.883  5.831 0.0000000000
7123  -24.510  -58.959  5.683 0.0000000000
7124  -24.884  -59.602  5.907 0.0000000000
7137  -14.294  -59.892  4.381 0.0000000000
7138  -15.359  -59.877  4.739 0.0000000000
7139  -16.428  -59.651  4.583 0.0000000000
7140  -17.342  -59.733  4.489 0.0000000000
7141  -18.255  -59.771  4.566 0.0000000000
7142  -19.242  -59.818  4.865 0.0000000000
7143  -20.205  -59.413  4.885 0.0000000000
7144  -20.818  -58.936  4.878 0.0000000000
7145  -24.660  -59.396  4.880 0.0000000000
7146  -24.889  -59.967  5.520 0.0000000000
7163  -14.886  -59.378  3.891 0.0000000000
7164  -15.941  -59.175  4.085 0.0000000000
7165  -16.937  -59.220  4.015 0.0000000000
7166  -17.871  -59.236  4.067 0.0000000000
7167  -18.757  -59.223  4.198 0.0000000000
7168  -19.285  -59.180  4.324 0.0000000000
7169  -24.402  -59.593  3.771 0.0000000000
7186  -23.675  -59.527  2.309 0.0000000000
7187  -24.089  -59.714  3.073 0.0000000000
7203  -22.248  -59.950  1.220 0.0000000000
7204  -22.806  -59.822  1.522 0.0000000000
7217  -20.527  -59.961  0.096 0.0000000000
7218  -21.075  -59.820  0.222 0.0000000000
7219  -22.118  -59.514  0.608 0.0000000000
7220  -22.842  -59.040  0.919 0.0000000000
7229  -17.779  -59.786  -1.118 0.0000000000
7230  -18.307  -59.720  -0.991 0.0000000000
7231  -19.258  -59.672  -0.935 0.0000000000
7232  -20.404  -59.496  -0.592 0.0000000000
7233  -21.456  -59.129  -0.307 0.0000000000
7234  -22.103  -58.757  -0.084 0.0000000000
7241  -17.958  -59.535  -1.606 0.0000000000
7242  -18.690  -59.225  -1.665 0.0000000000
7243  -19.653  -58.905  -1.600 0.0000000000
7244  -20.466  -58.731  -1.386 0.0000000000
7249  -17.540  -59.507  -2.503 0.0000000000
7250  -18.073  -59.157  -2.433 0.0000000000
7251  -18.983  -58.491  -2.482 0.0000000000
7252  -19.638  -58.428  -2.183 0.0000000000
7266  -17.496  -59.396  -3.275 0.0000000000
7267  -18.346  -58.477  -3.483 0.0000000000
7268  -18.835  -58.167  -3.127 0.0000000000
7280  -17.048  -59.599  -4.411 0.0000000000
7281  -17.717  -58.840  -4.383 0.0000000000
7294  -12.275  -59.544  -5.733 0.0000000000
7295  -12.880  -59.125  -6.026 0.0000000000
7296  -16.711  -59.777  -5.511 0.0000000000
7297  -17.350  -59.067  -5.286 0.0000000000
7312  -12.477  -59.861  -6.271 0.0000000000
7313  -13.016  -59.611  -6.570 0.0000000000
7314  -13.620  -59.081  -6.659 0.0000000000
7315  -16.542  -59.537  -6.410 0.0000000000
7316  -16.998  -59.118  -6.051 0.0000000000
7330  -13.418  -59.921  -7.200 0.0000000000
7331  -14.091  -59.488  -7.210 0.0000000000
7332  -15.291  -59.582  -7.307 0.0000000000
7333  -16.078  -59.428  -6.964 0.0000000000
7698  -14.035  -57.521  25.146 0.0000000000
7699  -14.633  -57.293  25.186 0.0000000000
7701  -13.468  -58.115  24.695 0.0000000000
7702  -16.180  -56.831  25.193 0.0000000000
7703  -16.800  -57.390  24.795 0.0000000000
7705  -12.975  -58.471  24.379 0.0000000000
7706  -17.301  -57.360  24.588 0.0000000000
7707  -17.938  -57.556  24.140 0.0000000000
7709  -12.988  -58.418  23.537 0.0000000000
7710  -13.880  -57.846  23.407 0.0000000000
7711  -14.897  -57.501  23.637 0.0000000000
7712  -17.488  -57.561  23.185 0.0000000000
7713  -18.212  -57.578  23.327 0.0000000000
7714  -18.756  -57.689  23.119 0.0000000000
7717  -12.419  -58.259  22.440 0.0000000000
7718  -13.085  -58.127  22.613 0.0000000000
7719  -17.727  -57.552  22.845 0.0000000000
7720  -18.198  -57.710  22.898 0.0000000000
7721  -18.545  -57.772  23.001 0.0000000000
7724  -12.131  -58.425  21.462 0.0000000000
7725  -12.674  -58.319  21.573 0.0000000000
7726  -27.687  -58.789  21.179 0.0000000000
7727  -28.320  -58.593  21.271 0.0000000000
7728  -28.798  -58.474  21.223 0.0000000000
7729  -29.188  -58.309  21.203 0.0000000000
7733  -12.820  -58.516  20.886 0.0000000000
7734  -13.148  -58.641  20.611 0.0000000000
7735  -27.425  -58.973  20.447 0.0000000000
7736  -28.933  -58.483  20.095 0.0000000000
7737  -29.444  -58.199  20.437 0.0000000000
7738  -29.634  -58.161  21.063 0.0000000000
7742  -13.616  -58.783  20.134 0.0000000000
7743  -24.796  -58.419  18.613 0.0000000000
7744  -25.295  -58.390  18.877 0.0000000000
7745  -25.874  -58.587  19.356 0.0000000000
7746  -26.895  -58.631  19.801 0.0000000000
7747  -28.847  -58.752  19.824 0.0000000000
7748  -29.235  -58.469  19.759 0.0000000000
7749  -29.831  -58.276  19.354 0.0000000000
7753  -14.209  -58.958  19.457 0.0000000000
7754  -14.908  -58.958  18.709 0.0000000000
7755  -15.650  -59.246  18.236 0.0000000000
7756  -21.954  -59.067  18.643 0.0000000000
7757  -22.303  -59.017  18.950 0.0000000000
7758  -23.019  -58.784  18.681 0.0000000000
7759  -24.069  -58.511  18.649 0.0000000000
7760  -29.692  -58.781  19.163 0.0000000000
7761  -30.108  -58.534  18.637 0.0000000000
7763  -15.470  -58.527  18.314 0.0000000000
7764  -16.167  -58.790  17.730 0.0000000000
7765  -17.255  -58.767  17.229 0.0000000000
7766  -18.369  -59.098  17.140 0.0000000000
7767  -19.402  -59.110  17.125 0.0000000000
7768  -20.416  -58.930  17.368 0.0000000000
7769  -21.486  -58.736  17.935 0.0000000000
7770  -29.401  -58.883  17.205 0.0000000000
7771  -30.046  -58.578  17.580 0.0000000000
7773  -17.949  -58.401  16.723 0.0000000000
7774  -18.824  -58.469  16.687 0.0000000000
7775  -19.850  -58.520  16.865 0.0000000000
7776  -20.779  -58.383  17.222 0.0000000000
7777  -21.366  -58.047  17.633 0.0000000000
7778  -28.676  -58.750  16.118 0.0000000000
7779  -29.257  -58.556  16.590 0.0000000000
7780  -30.179  -58.050  16.636 0.0000000000
7783  -28.019  -58.611  15.088 0.0000000000
7784  -28.560  -58.259  15.480 0.0000000000
7785  -29.692  -57.917  15.933 0.0000000000
7786  -30.331  -57.640  15.992 0.0000000000
7791  -27.742  -58.317  14.526 0.0000000000
7792  -28.249  -57.881  14.759 0.0000000000
7798  -27.181  -58.521  13.469 0.0000000000
7880  -22.414  -58.529  5.890 0.0000000000
7881  -23.006  -58.304  5.988 0.0000000000
7882  -23.920  -58.457  5.954 0.0000000000
7890  -21.402  -58.720  5.183 0.0000000000
7891  -22.278  -58.159  5.126 0.0000000000
7892  -23.377  -58.082  5.147 0.0000000000
7893  -24.184  -58.514  5.092 0.0000000000
7901  -19.701  -59.147  4.437 0.0000000000
7902  -20.314  -58.755  4.357 0.0000000000
7903  -21.221  -58.273  4.338 0.0000000000
7904  -21.907  -57.915  4.445 0.0000000000
7905  -23.721  -58.124  4.285 0.0000000000
7906  -24.315  -58.623  4.547 0.0000000000
7916  -14.542  -58.817  3.256 0.0000000000
7917  -15.537  -58.713  3.420 0.0000000000
7918  -16.533  -58.676  3.513 0.0000000000
7919  -17.496  -58.693  3.589 0.0000000000
7920  -18.407  -58.738  3.664 0.0000000000
7921  -19.429  -58.611  3.713 0.0000000000
7922  -20.483  -58.275  3.814 0.0000000000
7923  -20.915  -58.125  3.855 0.0000000000
7924  -23.739  -58.204  3.196 0.0000000000
7925  -24.309  -58.745  3.928 0.0000000000
7940  -15.192  -58.269  2.738 0.0000000000
7941  -16.159  -58.239  2.860 0.0000000000
7942  -17.119  -58.153  3.058 0.0000000000
7943  -18.089  -58.214  3.209 0.0000000000
7944  -18.744  -58.385  3.325 0.0000000000
7945  -23.564  -58.509  2.279 0.0000000000
7946  -24.223  -58.972  2.994 0.0000000000
7964  -23.299  -58.864  1.482 0.0000000000
7982  -22.589  -58.600  0.381 0.0000000000
7983  -22.901  -58.342  0.908 0.0000000000
7996  -21.039  -58.756  -0.976 0.0000000000
7997  -21.728  -58.259  -0.754 0.0000000000
7998  -22.336  -58.216  -0.140 0.0000000000
8009  -20.166  -58.365  -1.976 0.0000000000
8010  -20.993  -58.076  -1.677 0.0000000000
8011  -21.493  -57.817  -1.214 0.0000000000
8021  -19.147  -57.993  -2.973 0.0000000000
8022  -19.730  -57.884  -2.575 0.0000000000
8023  -20.367  -57.986  -2.170 0.0000000000
8036  -18.532  -57.985  -3.969 0.0000000000
8037  -18.883  -57.715  -3.545 0.0000000000
8038  -19.290  -57.683  -3.071 0.0000000000
8051  -12.628  -58.269  -4.682 0.0000000000
8052  -18.227  -58.055  -4.553 0.0000000000
8053  -18.491  -57.619  -4.150 0.0000000000
8065  -12.334  -59.003  -5.227 0.0000000000
8066  -12.979  -58.518  -5.470 0.0000000000
8067  -13.786  -58.068  -5.675 0.0000000000
8068  -17.691  -58.356  -5.151 0.0000000000
8082  -13.305  -58.919  -6.259 0.0000000000
8083  -14.129  -58.434  -6.406 0.0000000000
8084  -15.347  -58.291  -6.754 0.0000000000
8085  -16.369  -58.632  -6.612 0.0000000000
8086  -17.220  -58.305  -5.842 0.0000000000
8100  -14.870  -58.799  -7.229 0.0000000000
8101  -15.702  -58.915  -7.083 0.0000000000
8102  -16.077  -58.977  -6.967 0.0000000000
8464  -13.709  -57.101  25.224 0.0000000000
8465  -14.803  -56.958  25.317 0.0000000000
8468  -18.274  -56.511  24.691 0.0000000000
8469  -18.477  -56.491  24.498 0.0000000000
8472  -17.668  -56.761  24.892 0.0000000000
8473  -18.361  -56.876  24.144 0.0000000000
8474  -18.975  -56.784  23.724 0.0000000000
8476  -13.999  -57.461  23.028 0.0000000000
8477  -14.736  -57.238  23.182 0.0000000000
8478  -17.098  -57.341  23.030 0.0000000000
8479  -18.355  -57.311  23.646 0.0000000000
8480  -19.129  -57.246  23.383 0.0000000000
8481  -20.334  -57.085  23.254 0.0000000000
8482  -21.154  -57.043  23.256 0.0000000000
8483  -21.533  -57.055  23.112 0.0000000000
8486  -13.568  -57.680  22.624 0.0000000000
8487  -14.132  -57.210  22.527 0.0000000000
8488  -14.867  -56.927  22.736 0.0000000000
8489  -15.741  -56.974  22.881 0.0000000000
8490  -17.019  -57.205  22.873 0.0000000000
8491  -18.127  -57.338  22.390 0.0000000000
8492  -18.998  -57.695  22.699 0.0000000000
8493  -19.999  -57.476  22.809 0.0000000000
8494  -20.903  -57.351  22.838 0.0000000000
8495  -21.343  -57.220  22.986 0.0000000000
8497  -13.155  -57.938  21.854 0.0000000000
8498  -13.596  -57.542  21.985 0.0000000000
8499  -18.523  -57.052  21.908 0.0000000000
8500  -19.008  -57.285  21.991 0.0000000000
8501  -19.860  -57.344  22.144 0.0000000000
8502  -20.547  -57.330  22.352 0.0000000000
8503  -27.592  -58.291  21.129 0.0000000000
8504  -27.965  -58.287  21.197 0.0000000000
8505  -28.465  -58.111  21.154 0.0000000000
8506  -28.954  -58.051  21.145 0.0000000000
8508  -13.004  -58.245  21.182 0.0000000000
8509  -13.436  -57.858  21.018 0.0000000000
8510  -27.316  -58.416  20.610 0.0000000000
8511  -27.928  -57.985  20.616 0.0000000000
8512  -28.887  -57.914  20.470 0.0000000000
8513  -29.369  -57.856  21.014 0.0000000000
8516  -13.922  -57.997  20.096 0.0000000000
8517  -24.802  -58.217  18.699 0.0000000000
8518  -25.332  -58.159  19.033 0.0000000000
8519  -26.105  -57.998  19.599 0.0000000000
8520  -27.219  -57.902  19.870 0.0000000000
8521  -28.275  -57.668  19.822 0.0000000000
8522  -29.315  -57.721  19.586 0.0000000000
8523  -30.005  -57.853  19.020 0.0000000000
8526  -14.448  -58.054  19.353 0.0000000000
8527  -14.932  -57.886  18.653 0.0000000000
8528  -21.964  -58.715  18.623 0.0000000000
8529  -22.499  -58.444  18.619 0.0000000000
8530  -23.364  -58.124  18.584 0.0000000000
8531  -24.457  -57.938  18.681 0.0000000000
8532  -25.450  -57.704  18.850 0.0000000000
8533  -26.541  -57.474  18.949 0.0000000000
8534  -27.618  -57.326  19.179 0.0000000000
8535  -28.615  -57.219  19.105 0.0000000000
8536  -29.543  -57.300  18.795 0.0000000000
8537  -30.459  -57.582  18.235 0.0000000000
8538  -30.636  -57.268  17.459 0.0000000000
8541  -15.522  -57.731  17.944 0.0000000000
8542  -16.394  -57.662  17.164 0.0000000000
8543  -17.312  -57.890  16.731 0.0000000000
8544  -21.905  -58.132  18.185 0.0000000000
8545  -22.682  -57.692  18.041 0.0000000000
8546  -23.713  -57.355  17.945 0.0000000000
8550  -30.549  -57.752  17.226 0.0000000000
8551  -30.697  -57.250  16.850 0.0000000000
8556  -16.983  -57.064  16.487 0.0000000000
8557  -18.049  -57.473  16.067 0.0000000000
8558  -19.289  -57.921  16.154 0.0000000000
8559  -20.282  -57.909  16.481 0.0000000000
8560  -21.158  -57.796  16.811 0.0000000000
8561  -21.948  -57.492  17.284 0.0000000000
8564  -30.568  -57.508  16.398 0.0000000000
8565  -30.789  -57.076  16.082 0.0000000000
8574  -18.359  -56.845  15.615 0.0000000000
8575  -18.909  -57.142  15.528 0.0000000000
8576  -19.874  -57.341  15.637 0.0000000000
8577  -20.809  -57.339  15.945 0.0000000000
8578  -21.657  -57.182  16.312 0.0000000000
8580  -29.447  -57.651  15.233 0.0000000000
8581  -30.213  -57.559  15.323 0.0000000000
8582  -30.727  -57.329  15.475 0.0000000000
8594  -28.011  -57.597  14.313 0.0000000000
8595  -28.817  -57.480  14.568 0.0000000000
8596  -29.917  -57.496  14.516 0.0000000000
8597  -30.743  -57.479  14.585 0.0000000000
8724  -22.922  -57.801  4.727 0.0000000000
8725  -23.308  -57.900  4.626 0.0000000000
8733  -21.709  -57.812  3.968 0.0000000000
8734  -22.421  -57.726  4.209 0.0000000000
8735  -23.101  -57.780  4.269 0.0000000000
8746  -19.468  -58.180  3.257 0.0000000000
8747  -19.932  -58.038  3.248 0.0000000000
8748  -20.961  -57.809  3.458 0.0000000000
8749  -21.937  -57.541  3.329 0.0000000000
8750  -22.944  -57.654  3.437 0.0000000000
8759  -14.328  -57.994  1.968 0.0000000000
8760  -14.894  -57.883  2.059 0.0000000000
8761  -15.786  -57.777  2.199 0.0000000000
8762  -16.727  -57.705  2.381 0.0000000000
8763  -17.730  -57.686  2.584 0.0000000000
8764  -19.008  -57.902  2.821 0.0000000000
8765  -20.158  -57.458  2.471 0.0000000000
8766  -21.224  -57.280  2.528 0.0000000000
8767  -22.186  -57.251  2.318 0.0000000000
8768  -23.119  -57.746  2.329 0.0000000000
8778  -14.414  -57.588  1.389 0.0000000000
8779  -15.409  -57.412  1.462 0.0000000000
8780  -16.352  -57.311  1.603 0.0000000000
8781  -17.237  -57.285  1.846 0.0000000000
8782  -18.207  -57.239  1.932 0.0000000000
8783  -19.217  -57.134  1.855 0.0000000000
8784  -19.980  -56.926  1.671 0.0000000000
8785  -22.550  -57.358  1.419 0.0000000000
8786  -23.125  -57.997  1.358 0.0000000000
8802  -14.080  -57.242  0.474 0.0000000000
8803  -15.064  -56.999  0.538 0.0000000000
8804  -15.976  -57.069  0.900 0.0000000000
8805  -16.479  -57.002  1.103 0.0000000000
8806  -22.525  -57.723  0.480 0.0000000000
8807  -22.846  -58.010  0.871 0.0000000000
8823  -13.960  -56.928  -0.577 0.0000000000
8824  -14.525  -56.873  0.023 0.0000000000
8825  -21.755  -57.474  -0.893 0.0000000000
8826  -22.180  -57.776  -0.372 0.0000000000
8839  -13.326  -56.902  -1.606 0.0000000000
8840  -20.987  -57.236  -1.908 0.0000000000
8841  -21.355  -57.494  -1.435 0.0000000000
8852  -12.941  -57.071  -2.544 0.0000000000
8853  -20.014  -57.241  -2.688 0.0000000000
8854  -20.457  -57.554  -2.276 0.0000000000
8863  -12.738  -57.470  -3.509 0.0000000000
8864  -13.543  -57.254  -3.926 0.0000000000
8865  -19.014  -57.150  -3.618 0.0000000000
8866  -19.470  -57.218  -3.214 0.0000000000
8878  -13.117  -57.772  -4.523 0.0000000000
8879  -14.057  -57.286  -4.638 0.0000000000
8880  -14.760  -57.068  -4.988 0.0000000000
8881  -18.230  -57.295  -4.592 0.0000000000
8882  -18.621  -57.052  -4.036 0.0000000000
8895  -13.643  -57.797  -5.203 0.0000000000
8896  -14.398  -57.603  -5.561 0.0000000000
8897  -15.435  -57.085  -5.590 0.0000000000
8898  -16.543  -57.031  -5.769 0.0000000000
8899  -17.540  -57.396  -5.360 0.0000000000
8914  -15.029  -57.725  -6.227 0.0000000000
8915  -15.952  -57.610  -6.384 0.0000000000
8916  -16.853  -57.760  -6.059 0.0000000000
8917  -17.206  -57.818  -5.768 0.0000000000
9248  -22.205  -55.093  28.177 0.0000000000
9249  -22.467  -55.092  28.143 0.0000000000
9250  -23.119  -55.139  28.059 0.0000000000
9251  -23.980  -55.054  27.963 0.0000000000
9252  -24.863  -54.920  27.915 0.0000000000
9253  -25.503  -54.692  27.827 0.0000000000
9254  -21.015  -55.328  26.951 0.0000000000
9255  -21.314  -55.315  27.164 0.0000000000
9256  -22.032  -55.193  27.722 0.0000000000
9257  -22.779  -55.367  27.606 0.0000000000
9258  -23.621  -55.357  27.447 0.0000000000
9259  -24.383  -55.264  27.382 0.0000000000
9260  -25.243  -55.002  27.401 0.0000000000
9261  -25.919  -54.664  27.485 0.0000000000
9262  -20.811  -55.378  26.581 0.0000000000
9263  -21.570  -55.532  26.804 0.0000000000
9264  -22.379  -55.605  26.936 0.0000000000
9265  -23.218  -55.576  26.871 0.0000000000
9266  -24.035  -55.530  26.779 0.0000000000
9267  -24.873  -55.360  26.819 0.0000000000
9268  -25.925  -54.916  26.761 0.0000000000
9269  -26.302  -54.619  27.160 0.0000000000
9272  -14.007  -56.696  25.290 0.0000000000
9273  -14.489  -56.615  25.314 0.0000000000
9274  -18.199  -56.269  25.095 0.0000000000
9275  -20.196  -55.561  25.667 0.0000000000
9276  -21.144  -55.574  25.924 0.0000000000
9277  -22.027  -55.605  26.063 0.0000000000
9278  -22.892  -55.742  26.135 0.0000000000
9279  -23.763  -55.751  26.138 0.0000000000
9280  -24.640  -55.644  26.147 0.0000000000
9281  -25.532  -55.406  26.142 0.0000000000
9285  -14.425  -56.314  25.190 0.0000000000
9286  -18.760  -56.163  24.775 0.0000000000
9287  -19.682  -55.767  24.812 0.0000000000
9288  -20.713  -55.702  24.991 0.0000000000
9289  -21.679  -55.803  25.158 0.0000000000
9290  -22.603  -55.905  25.285 0.0000000000
9291  -23.501  -55.944  25.381 0.0000000000
9292  -24.383  -55.831  25.442 0.0000000000
9293  -25.249  -55.595  25.482 0.0000000000
9297  -18.675  -56.448  24.354 0.0000000000
9298  -19.188  -56.323  24.052 0.0000000000
9299  -20.257  -55.919  24.062 0.0000000000
9300  -21.311  -55.972  24.195 0.0000000000
9301  -22.286  -56.255  24.411 0.0000000000
9302  -23.259  -56.272  24.579 0.0000000000
9303  -24.161  -56.100  24.697 0.0000000000
9304  -25.014  -55.774  24.777 0.0000000000
9307  -19.299  -56.753  23.641 0.0000000000
9308  -19.846  -56.617  23.593 0.0000000000
9309  -20.815  -56.498  23.562 0.0000000000
9310  -21.843  -56.689  23.455 0.0000000000
9311  -23.016  -56.536  23.670 0.0000000000
9312  -23.958  -56.366  23.913 0.0000000000
9313  -24.783  -55.955  24.013 0.0000000000
9316  -14.186  -57.059  22.210 0.0000000000
9317  -14.514  -56.864  22.247 0.0000000000
9318  -15.357  -56.603  22.378 0.0000000000
9319  -16.437  -56.616  22.473 0.0000000000
9320  -17.385  -56.788  22.351 0.0000000000
9321  -21.012  -57.217  22.346 0.0000000000
9322  -21.557  -56.931  22.600 0.0000000000
9323  -22.789  -56.359  22.518 0.0000000000
9324  -23.776  -56.263  23.098 0.0000000000
9325  -24.453  -55.986  23.403 0.0000000000
9328  -14.031  -57.131  21.785 0.0000000000
9329  -14.755  -56.466  21.560 0.0000000000
9330  -15.916  -56.110  21.841 0.0000000000
9331  -17.032  -56.202  21.898 0.0000000000
9332  -18.036  -56.594  21.728 0.0000000000
9333  -18.810  -56.806  21.528 0.0000000000
9334  -19.621  -56.875  21.514 0.0000000000
9335  -20.810  -56.800  21.676 0.0000000000
9336  -21.977  -56.322  21.815 0.0000000000
9337  -22.612  -55.909  21.826 0.0000000000
9340  -14.074  -57.138  20.811 0.0000000000
9341  -14.621  -56.406  20.488 0.0000000000
9342  -18.509  -56.280  21.271 0.0000000000
9343  -19.111  -56.270  21.070 0.0000000000
9344  -19.990  -56.222  20.979 0.0000000000
9345  -20.741  -55.932  20.889 0.0000000000
9349  -14.216  -57.172  19.876 0.0000000000
9350  -14.697  -56.465  19.542 0.0000000000
9353  -14.559  -57.254  19.164 0.0000000000
9354  -15.003  -56.742  18.531 0.0000000000
9355  -27.168  -57.082  18.496 0.0000000000
9356  -27.924  -56.863  18.485 0.0000000000
9357  -28.838  -56.751  18.416 0.0000000000
9358  -29.742  -56.721  18.181 0.0000000000
9359  -30.420  -56.765  17.664 0.0000000000
9360  -30.684  -56.895  17.148 0.0000000000
9365  -15.644  -56.680  17.577 0.0000000000
9366  -16.394  -56.484  16.989 0.0000000000
9375  -30.729  -56.854  16.670 0.0000000000
9381  -16.867  -56.224  16.514 0.0000000000
9382  -17.390  -56.413  16.100 0.0000000000
9399  -17.981  -56.304  15.678 0.0000000000
9400  -18.618  -56.347  15.357 0.0000000000
9401  -19.481  -56.406  15.028 0.0000000000
9402  -20.463  -56.789  15.138 0.0000000000
9403  -21.414  -56.859  15.363 0.0000000000
9420  -19.748  -55.884  14.770 0.0000000000
9421  -20.192  -56.087  14.678 0.0000000000
9422  -21.019  -56.301  14.607 0.0000000000
9582  -20.636  -56.985  1.884 0.0000000000
9583  -21.307  -56.869  1.675 0.0000000000
9584  -21.918  -56.941  1.382 0.0000000000
9592  -16.860  -56.977  1.304 0.0000000000
9593  -17.548  -56.826  1.257 0.0000000000
9594  -18.486  -56.693  1.192 0.0000000000
9595  -19.411  -56.556  1.109 0.0000000000
9596  -20.410  -56.520  1.074 0.0000000000
9597  -21.313  -56.572  0.785 0.0000000000
9598  -22.077  -56.910  0.673 0.0000000000
9609  -15.312  -56.756  0.117 0.0000000000
9610  -15.758  -56.756  0.216 0.0000000000
9611  -16.742  -56.672  0.592 0.0000000000
9612  -17.808  -56.396  0.504 0.0000000000
9613  -18.725  -56.168  0.407 0.0000000000
9614  -19.611  -56.101  0.364 0.0000000000
9615  -20.478  -56.060  -0.104 0.0000000000
9616  -21.512  -56.509  -0.057 0.0000000000
9617  -22.140  -56.937  -0.003 0.0000000000
9629  -14.596  -56.689  -1.063 0.0000000000
9630  -15.160  -56.654  -0.449 0.0000000000
9631  -16.324  -56.418  -0.418 0.0000000000
9632  -17.276  -56.189  -0.252 0.0000000000
9633  -18.094  -55.865  -0.188 0.0000000000
9634  -18.630  -55.829  -0.112 0.0000000000
9635  -21.015  -56.252  -1.024 0.0000000000
9636  -21.674  -56.881  -0.617 0.0000000000
9637  -22.100  -57.332  -0.302 0.0000000000
9647  -14.232  -56.652  -1.645 0.0000000000
9648  -15.063  -56.483  -1.575 0.0000000000
9649  -15.978  -56.263  -1.368 0.0000000000
9650  -17.032  -55.876  -1.206 0.0000000000
9651  -17.643  -55.785  -0.732 0.0000000000
9652  -20.778  -56.575  -1.841 0.0000000000
9653  -21.399  -56.915  -1.375 0.0000000000
9660  -13.826  -56.772  -2.549 0.0000000000
9661  -14.760  -56.475  -2.549 0.0000000000
9662  -15.731  -56.278  -2.378 0.0000000000
9663  -16.605  -55.893  -2.164 0.0000000000
9664  -19.835  -56.667  -2.812 0.0000000000
9665  -20.481  -56.913  -2.415 0.0000000000
9675  -13.454  -57.012  -3.258 0.0000000000
9676  -14.360  -56.766  -3.692 0.0000000000
9677  -15.512  -56.337  -3.433 0.0000000000
9678  -16.407  -55.974  -3.129 0.0000000000
9679  -18.516  -56.240  -3.734 0.0000000000
9680  -19.017  -56.639  -3.550 0.0000000000
9681  -19.450  -56.704  -3.200 0.0000000000
9695  -14.610  -56.894  -4.488 0.0000000000
9696  -15.328  -56.628  -4.543 0.0000000000
9697  -16.559  -56.132  -4.210 0.0000000000
9698  -17.874  -56.454  -4.429 0.0000000000
9699  -18.487  -56.589  -3.934 0.0000000000
9713  -16.175  -56.552  -5.142 0.0000000000
9714  -17.082  -56.551  -5.144 0.0000000000
9715  -17.537  -56.758  -5.049 0.0000000000
10075  -25.055  -54.197  28.455 0.0000000000
10076  -25.416  -54.230  28.487 0.0000000000
10077  -26.077  -54.195  28.504 0.0000000000
10078  -26.510  -54.148  28.425 0.0000000000
10079  -22.180  -55.092  28.429 0.0000000000
10080  -22.873  -55.046  28.531 0.0000000000
10081  -23.412  -54.800  28.175 0.0000000000
10082  -24.541  -54.482  28.226 0.0000000000
10083  -25.599  -54.668  28.024 0.0000000000
10084  -26.133  -54.450  28.071 0.0000000000
10085  -26.900  -54.204  28.207 0.0000000000
10086  -27.460  -53.993  28.114 0.0000000000
10087  -21.063  -55.184  27.090 0.0000000000
10088  -21.581  -55.136  27.563 0.0000000000
10089  -21.872  -55.003  28.397 0.0000000000
10090  -23.955  -55.412  27.150 0.0000000000
10091  -24.188  -55.380  27.151 0.0000000000
10092  -26.567  -54.483  27.582 0.0000000000
10093  -27.259  -54.258  27.605 0.0000000000
10094  -27.883  -53.852  27.696 0.0000000000
10095  -28.339  -53.585  27.607 0.0000000000
10096  -17.779  -56.088  25.454 0.0000000000
10097  -20.627  -55.104  26.717 0.0000000000
10098  -21.754  -55.003  27.850 0.0000000000
10099  -21.711  -55.051  28.215 0.0000000000
10100  -24.093  -55.464  26.938 0.0000000000
10101  -24.345  -55.411  26.971 0.0000000000
10102  -26.528  -54.895  26.382 0.0000000000
10103  -26.899  -54.556  26.782 0.0000000000
10104  -27.665  -54.101  27.017 0.0000000000
10105  -28.258  -53.737  26.952 0.0000000000
10106  -28.632  -53.472  27.319 0.0000000000
10107  -18.323  -55.783  25.502 0.0000000000
10108  -19.735  -55.339  26.051 0.0000000000
10109  -26.334  -55.177  26.053 0.0000000000
10110  -26.889  -54.926  26.053 0.0000000000
10111  -27.301  -54.712  25.756 0.0000000000
10112  -28.562  -53.648  26.501 0.0000000000
10113  -28.725  -53.510  26.817 0.0000000000
10115  -14.358  -55.867  24.899 0.0000000000
10116  -15.400  -55.853  25.173 0.0000000000
10117  -16.404  -55.456  25.356 0.0000000000
10118  -18.615  -56.011  25.234 0.0000000000
10119  -19.198  -55.745  25.366 0.0000000000
10120  -26.055  -55.287  25.483 0.0000000000
10121  -26.768  -54.990  25.461 0.0000000000
10122  -27.404  -54.644  25.413 0.0000000000
10123  -27.905  -54.399  25.086 0.0000000000
10127  -14.888  -55.398  24.653 0.0000000000
10128  -25.833  -55.418  24.857 0.0000000000
10129  -26.574  -55.066  24.908 0.0000000000
10130  -27.217  -54.745  24.956 0.0000000000
10131  -27.813  -54.483  24.829 0.0000000000
10136  -25.657  -55.593  24.125 0.0000000000
10137  -26.466  -55.266  24.307 0.0000000000
10138  -27.204  -54.896  24.386 0.0000000000
10139  -27.689  -54.591  24.670 0.0000000000
10143  -23.726  -55.794  22.448 0.0000000000
10144  -24.424  -55.730  22.800 0.0000000000
10145  -25.302  -55.450  23.147 0.0000000000
10146  -26.349  -55.211  23.582 0.0000000000
10147  -27.023  -55.080  23.857 0.0000000000
10150  -15.438  -55.790  20.954 0.0000000000
10151  -16.552  -55.615  21.210 0.0000000000
10152  -17.588  -55.824  21.311 0.0000000000
10153  -18.146  -56.068  21.277 0.0000000000
10154  -21.501  -55.844  21.128 0.0000000000
10155  -22.340  -55.595  21.339 0.0000000000
10156  -23.294  -55.261  21.605 0.0000000000
10157  -24.316  -55.247  22.170 0.0000000000
10158  -24.858  -55.331  22.582 0.0000000000
10161  -15.160  -55.838  20.081 0.0000000000
10162  -16.131  -55.239  20.131 0.0000000000
10163  -17.189  -55.272  20.651 0.0000000000
10164  -18.307  -55.568  20.716 0.0000000000
10165  -19.352  -55.616  20.538 0.0000000000
10166  -20.203  -55.489  20.391 0.0000000000
10167  -21.131  -55.145  20.296 0.0000000000
10168  -21.965  -55.189  20.677 0.0000000000
10169  -22.659  -54.988  20.903 0.0000000000
10172  -15.289  -55.712  19.212 0.0000000000
10173  -16.079  -55.048  18.915 0.0000000000
10174  -18.870  -55.065  20.138 0.0000000000
10175  -19.567  -54.989  19.916 0.0000000000
10176  -20.376  -54.858  19.781 0.0000000000
10177  -20.932  -54.692  19.688 0.0000000000
10182  -15.532  -55.728  18.176 0.0000000000
10183  -16.332  -55.160  17.920 0.0000000000
10189  -16.032  -55.842  17.450 0.0000000000
10190  -16.756  -55.451  16.964 0.0000000000
10191  -17.364  -55.290  16.518 0.0000000000
10204  -17.176  -55.768  16.386 0.0000000000
10205  -17.683  -55.579  16.020 0.0000000000
10206  -18.031  -55.418  15.802 0.0000000000
10221  -17.970  -55.724  15.739 0.0000000000
10222  -18.301  -55.621  15.541 0.0000000000
10223  -18.907  -55.648  15.152 0.0000000000
10236  -19.467  -55.558  14.887 0.0000000000
10237  -19.956  -55.479  14.672 0.0000000000
10238  -20.614  -55.471  14.475 0.0000000000
10239  -21.504  -55.596  14.198 0.0000000000
10435  -19.041  -55.832  -0.050 0.0000000000
10436  -19.550  -55.747  -0.344 0.0000000000
10437  -19.947  -55.700  -0.638 0.0000000000
10448  -18.054  -55.642  -0.719 0.0000000000
10449  -18.680  -55.582  -0.659 0.0000000000
10450  -19.479  -55.513  -1.029 0.0000000000
10451  -20.196  -55.736  -1.087 0.0000000000
10461  -17.404  -55.663  -1.495 0.0000000000
10462  -17.858  -55.556  -1.338 0.0000000000
10463  -18.771  -55.427  -1.635 0.0000000000
10464  -19.602  -55.583  -1.824 0.0000000000
10465  -20.356  -55.928  -1.853 0.0000000000
10472  -17.351  -55.617  -1.921 0.0000000000
10473  -18.053  -55.469  -2.327 0.0000000000
10474  -18.901  -55.598  -2.538 0.0000000000
10475  -19.666  -55.998  -2.581 0.0000000000
10476  -20.239  -56.394  -2.316 0.0000000000
10485  -17.250  -55.657  -2.926 0.0000000000
10486  -18.176  -55.666  -3.395 0.0000000000
10487  -18.999  -55.980  -3.235 0.0000000000
10488  -19.402  -56.371  -3.095 0.0000000000
10500  -16.881  -55.835  -3.542 0.0000000000
10501  -17.350  -55.870  -3.752 0.0000000000
10887  -24.833  -54.095  28.469 0.0000000000
10888  -25.327  -54.028  28.644 0.0000000000
10889  -26.060  -54.032  28.804 0.0000000000
10890  -26.906  -53.643  28.714 0.0000000000
10891  -27.887  -53.014  29.134 0.0000000000
10893  -22.285  -54.943  28.585 0.0000000000
10894  -22.942  -54.766  28.320 0.0000000000
10895  -23.668  -54.488  28.188 0.0000000000
10896  -24.287  -54.194  28.328 0.0000000000
10897  -27.281  -53.854  28.397 0.0000000000
10898  -27.855  -53.545  28.419 0.0000000000
10899  -28.474  -52.950  28.927 0.0000000000
10900  -21.140  -55.005  27.242 0.0000000000
10901  -21.478  -54.926  27.503 0.0000000000
10902  -22.039  -54.907  28.398 0.0000000000
10903  -22.531  -54.791  28.306 0.0000000000
10904  -28.211  -53.603  27.972 0.0000000000
10905  -28.662  -53.263  28.052 0.0000000000
10906  -20.795  -54.957  26.962 0.0000000000
10907  -21.308  -54.806  27.378 0.0000000000
10908  -21.982  -54.852  27.859 0.0000000000
10909  -22.069  -54.719  28.050 0.0000000000
10910  -27.278  -54.625  26.182 0.0000000000
10911  -27.622  -54.278  26.402 0.0000000000
10912  -27.941  -53.971  26.607 0.0000000000
10913  -29.055  -53.209  27.197 0.0000000000
10914  -17.486  -55.169  25.546 0.0000000000
10915  -18.891  -55.002  25.947 0.0000000000
10916  -20.136  -54.829  26.464 0.0000000000
10917  -20.736  -54.731  26.880 0.0000000000
10918  -27.140  -54.809  26.011 0.0000000000
10919  -27.600  -54.456  25.801 0.0000000000
10920  -28.193  -53.923  26.120 0.0000000000
10921  -28.970  -53.481  26.204 0.0000000000
10922  -29.276  -53.255  25.755 0.0000000000
10923  -16.013  -55.187  25.097 0.0000000000
10924  -16.607  -54.833  25.181 0.0000000000
10925  -17.250  -54.514  25.276 0.0000000000
10926  -27.723  -54.427  25.401 0.0000000000
10927  -28.102  -54.209  25.302 0.0000000000
10928  -28.560  -53.905  25.387 0.0000000000
10929  -29.176  -53.529  25.199 0.0000000000
10931  -15.668  -54.678  24.535 0.0000000000
10932  -16.889  -54.239  24.838 0.0000000000
10933  -17.435  -54.158  25.129 0.0000000000
10934  -28.164  -54.298  24.867 0.0000000000
10935  -28.728  -53.975  24.648 0.0000000000
10936  -29.244  -53.591  24.361 0.0000000000
10940  -27.447  -54.821  23.871 0.0000000000
10941  -28.058  -54.494  24.120 0.0000000000
10942  -28.939  -53.869  23.863 0.0000000000
10943  -29.290  -53.600  23.977 0.0000000000
10947  -25.583  -55.074  22.755 0.0000000000
10948  -26.080  -54.922  22.883 0.0000000000
10949  -27.371  -54.603  23.136 0.0000000000
10950  -28.408  -54.208  23.379 0.0000000000
10951  -28.885  -53.890  23.334 0.0000000000
10954  -23.591  -54.625  21.231 0.0000000000
10955  -24.168  -54.407  21.406 0.0000000000
10956  -25.324  -54.756  22.262 0.0000000000
10957  -26.465  -54.311  22.385 0.0000000000
10958  -27.184  -54.090  22.403 0.0000000000
10962  -16.926  -54.960  20.143 0.0000000000
10963  -17.557  -54.893  20.106 0.0000000000
10964  -18.268  -54.840  19.964 0.0000000000
10965  -21.726  -54.773  20.239 0.0000000000
10966  -22.292  -54.557  20.314 0.0000000000
10967  -23.322  -54.232  20.631 0.0000000000
10968  -23.955  -53.877  20.881 0.0000000000
10973  -16.877  -54.826  19.533 0.0000000000
10974  -17.733  -54.677  19.265 0.0000000000
10975  -18.766  -54.628  19.266 0.0000000000
10976  -19.774  -54.536  19.110 0.0000000000
10977  -20.644  -54.438  19.131 0.0000000000
10978  -21.565  -54.322  19.522 0.0000000000
10979  -22.540  -53.934  19.781 0.0000000000
10980  -23.069  -53.652  19.914 0.0000000000
10987  -16.972  -54.717  18.568 0.0000000000
10988  -17.970  -54.514  18.129 0.0000000000
10989  -19.158  -54.380  18.191 0.0000000000
10990  -20.141  -54.227  18.272 0.0000000000
10991  -21.056  -53.949  18.419 0.0000000000
10992  -21.625  -53.824  18.768 0.0000000000
10999  -17.073  -54.803  17.670 0.0000000000
11000  -17.582  -54.704  16.887 0.0000000000
11001  -18.626  -54.338  17.092 0.0000000000
11002  -19.680  -54.161  17.296 0.0000000000
11003  -20.532  -53.883  17.491 0.0000000000
11012  -17.704  -55.075  16.344 0.0000000000
11013  -18.261  -54.858  15.967 0.0000000000
11014  -19.366  -54.282  16.218 0.0000000000
11015  -20.297  -54.019  16.530 0.0000000000
11028  -18.660  -55.214  15.457 0.0000000000
11029  -19.281  -54.874  15.242 0.0000000000
11030  -20.332  -54.289  15.443 0.0000000000
11031  -20.922  -54.226  15.172 0.0000000000
11045  -19.685  -55.154  14.846 0.0000000000
11046  -20.120  -54.882  14.771 0.0000000000
11047  -21.041  -54.625  14.660 0.0000000000
11048  -22.005  -54.781  14.133 0.0000000000
11716  -24.892  -53.987  28.754 0.0000000000
11717  -25.522  -53.681  28.722 0.0000000000
11718  -26.343  -53.319  29.039 0.0000000000
11719  -27.436  -52.909  29.414 0.0000000000
11727  -23.355  -54.535  28.194 0.0000000000
11728  -23.797  -54.213  28.223 0.0000000000
11729  -24.696  -53.774  28.445 0.0000000000
11730  -25.575  -53.165  28.818 0.0000000000
11731  -26.220  -53.037  29.173 0.0000000000
11736  -23.165  -54.481  28.162 0.0000000000
11737  -23.761  -53.837  28.171 0.0000000000
11738  -24.685  -53.177  28.275 0.0000000000
11739  -25.381  -52.895  28.483 0.0000000000
11740  -29.288  -52.624  27.983 0.0000000000
11742  -21.196  -54.516  27.139 0.0000000000
11743  -21.597  -54.425  27.308 0.0000000000
11744  -22.670  -54.264  27.710 0.0000000000
11745  -23.812  -53.354  27.598 0.0000000000
11746  -24.410  -53.022  27.887 0.0000000000
11747  -29.352  -52.688  27.301 0.0000000000
11748  -29.409  -52.631  26.869 0.0000000000
11749  -17.880  -54.652  25.640 0.0000000000
11750  -18.326  -54.529  25.800 0.0000000000
11751  -19.393  -54.334  26.094 0.0000000000
11752  -20.768  -54.294  26.665 0.0000000000
11753  -21.826  -53.806  26.865 0.0000000000
11754  -22.960  -53.446  26.824 0.0000000000
11755  -23.617  -53.264  27.040 0.0000000000
11756  -29.299  -53.030  26.746 0.0000000000
11757  -29.399  -52.897  26.230 0.0000000000
11758  -17.801  -54.315  25.484 0.0000000000
11759  -18.621  -53.883  25.596 0.0000000000
11760  -19.857  -53.662  25.590 0.0000000000
11761  -21.174  -53.605  25.983 0.0000000000
11762  -22.229  -53.410  26.168 0.0000000000
11763  -22.791  -53.289  26.261 0.0000000000
11764  -29.475  -52.973  25.432 0.0000000000
11765  -15.719  -54.004  24.044 0.0000000000
11766  -16.438  -53.590  24.195 0.0000000000
11767  -17.708  -53.636  24.887 0.0000000000
11768  -18.901  -53.438  24.991 0.0000000000
11769  -19.518  -53.420  24.987 0.0000000000
11770  -29.561  -53.096  24.578 0.0000000000
11774  -29.309  -53.584  23.728 0.0000000000
11775  -29.574  -53.311  23.806 0.0000000000
11779  -28.168  -54.196  22.888 0.0000000000
11780  -28.694  -53.886  22.867 0.0000000000
11781  -29.347  -53.548  23.152 0.0000000000
11782  -29.980  -52.988  23.010 0.0000000000
11785  -25.062  -53.906  21.511 0.0000000000
11786  -25.895  -53.831  21.769 0.0000000000
11787  -26.859  -53.603  21.847 0.0000000000
11788  -27.958  -53.765  22.264 0.0000000000
11789  -29.027  -53.368  22.257 0.0000000000
11790  -29.802  -53.018  22.306 0.0000000000
11791  -30.095  -52.677  22.393 0.0000000000
11797  -23.879  -53.550  20.540 0.0000000000
11798  -24.489  -53.380  20.883 0.0000000000
11799  -25.440  -53.191  21.206 0.0000000000
11800  -26.194  -53.213  21.420 0.0000000000
11806  -22.125  -53.617  18.998 0.0000000000
11807  -22.822  -53.192  19.309 0.0000000000
11808  -23.564  -53.242  19.933 0.0000000000
11809  -24.122  -53.099  20.317 0.0000000000
11817  -21.172  -53.611  17.589 0.0000000000
11818  -21.751  -53.429  18.115 0.0000000000
11819  -22.432  -53.032  18.472 0.0000000000
11826  -20.976  -53.666  16.797 0.0000000000
11827  -21.585  -53.293  17.088 0.0000000000
11828  -22.269  -52.801  17.436 0.0000000000
11835  -20.900  -53.921  15.933 0.0000000000
11836  -21.405  -53.441  16.145 0.0000000000
11837  -21.943  -52.927  16.403 0.0000000000
11844  -20.909  -54.116  15.444 0.0000000000
11845  -21.347  -53.897  15.184 0.0000000000
11846  -21.867  -53.172  15.442 0.0000000000
11857  -21.662  -54.239  14.540 0.0000000000
12550  -26.753  -52.911  29.305 0.0000000000
12564  -25.629  -52.842  28.736 0.0000000000
12565  -26.358  -52.673  28.934 0.0000000000
12566  -27.264  -52.134  28.993 0.0000000000
12577  -24.727  -52.895  28.011 0.0000000000
12578  -25.423  -52.704  28.218 0.0000000000
12579  -26.678  -52.032  28.190 0.0000000000
12589  -23.932  -53.135  27.167 0.0000000000
12590  -24.533  -52.831  27.419 0.0000000000
12591  -25.739  -52.288  27.159 0.0000000000
12600  -23.093  -53.219  26.337 0.0000000000
12601  -23.728  -53.034  26.560 0.0000000000
12604  -29.489  -52.203  26.749 0.0000000000
12609  -19.976  -53.375  24.905 0.0000000000
12610  -20.748  -53.362  25.135 0.0000000000
12611  -21.806  -53.313  25.350 0.0000000000
12612  -22.942  -53.130  25.694 0.0000000000
12616  -29.501  -52.331  25.908 0.0000000000
12622  -17.374  -53.032  24.040 0.0000000000
12623  -18.377  -53.073  24.274 0.0000000000
12624  -19.432  -53.135  24.428 0.0000000000
12630  -29.621  -52.002  24.295 0.0000000000
12631  -29.591  -52.376  24.908 0.0000000000
12645  -29.650  -51.866  23.848 0.0000000000
12646  -29.809  -52.412  23.683 0.0000000000
12660  -30.178  -52.346  22.616 0.0000000000
12670  -26.717  -52.921  21.345 0.0000000000
12671  -27.506  -52.976  21.488 0.0000000000
12672  -28.513  -52.930  21.554 0.0000000000
12673  -29.457  -52.722  21.571 0.0000000000
12674  -30.211  -52.245  21.673 0.0000000000
12681  -24.467  -52.856  20.385 0.0000000000
12682  -25.067  -52.515  20.464 0.0000000000
12683  -26.058  -52.573  20.920 0.0000000000
12684  -26.981  -52.365  20.964 0.0000000000
12685  -27.947  -52.305  20.984 0.0000000000
12686  -28.942  -52.268  20.944 0.0000000000
12687  -29.764  -52.142  20.938 0.0000000000
12694  -22.836  -52.736  18.775 0.0000000000
12695  -23.412  -52.403  19.056 0.0000000000
12696  -24.252  -52.514  19.846 0.0000000000
12697  -24.826  -52.121  19.914 0.0000000000
12704  -22.832  -52.465  18.190 0.0000000000
12705  -23.335  -51.862  18.060 0.0000000000
12711  -22.830  -52.002  17.319 0.0000000000
12712  -23.287  -51.639  17.497 0.0000000000
12719  -22.426  -52.322  16.460 0.0000000000
12726  -22.222  -52.604  15.742 0.0000000000
13497  -29.554  -51.583  26.535 0.0000000000
13508  -29.480  -51.161  25.202 0.0000000000
13509  -29.545  -51.733  25.596 0.0000000000
13519  -29.473  -51.398  24.205 0.0000000000
13520  -29.588  -51.764  24.845 0.0000000000
13528  -29.784  -51.516  23.254 0.0000000000
13529  -30.152  -51.890  22.873 0.0000000000
13544  -30.098  -51.465  22.617 0.0000000000
13545  -30.303  -51.609  22.128 0.0000000000
13562  -30.371  -51.376  21.342 0.0000000000
13579  -25.731  -52.148  20.431 0.0000000000
13580  -26.366  -51.945  20.412 0.0000000000
13581  -27.331  -51.833  20.376 0.0000000000
13582  -28.338  -51.764  20.365 0.0000000000
13583  -29.326  -51.607  20.386 0.0000000000
13584  -30.208  -51.306  20.568 0.0000000000
13589  -24.030  -52.050  19.298 0.0000000000
13590  -24.579  -51.845  19.435 0.0000000000
13591  -25.505  -51.729  19.837 0.0000000000
13592  -26.658  -51.380  19.756 0.0000000000
13593  -27.677  -51.327  19.811 0.0000000000
13594  -28.676  -51.178  19.791 0.0000000000
13595  -29.729  -50.932  19.711 0.0000000000
13596  -30.313  -50.744  19.884 0.0000000000
13602  -24.038  -51.607  18.681 0.0000000000
13603  -24.982  -51.243  18.885 0.0000000000
13604  -26.013  -51.063  19.152 0.0000000000
13605  -26.638  -50.934  19.277 0.0000000000
13611  -23.225  -51.509  17.062 0.0000000000
13612  -23.819  -51.169  17.539 0.0000000000
13613  -24.460  -51.069  18.219 0.0000000000
14510  -29.223  -50.472  25.768 0.0000000000
14511  -29.522  -51.002  26.152 0.0000000000
14520  -29.173  -50.605  24.650 0.0000000000
14529  -29.288  -50.633  23.392 0.0000000000
14541  -29.901  -50.806  22.239 0.0000000000
14542  -30.351  -50.969  21.586 0.0000000000
14554  -30.256  -50.393  21.401 0.0000000000
14555  -30.456  -50.593  20.845 0.0000000000
14574  -30.535  -50.350  20.038 0.0000000000
14589  -27.124  -50.931  19.408 0.0000000000
14590  -27.909  -50.752  19.306 0.0000000000
14591  -28.943  -50.625  19.204 0.0000000000
14592  -29.727  -50.438  19.098 0.0000000000
14593  -30.423  -50.241  19.292 0.0000000000
14599  -24.879  -50.842  18.321 0.0000000000
14600  -25.510  -50.652  18.458 0.0000000000
14601  -26.819  -50.377  18.745 0.0000000000
14602  -28.228  -50.177  18.725 0.0000000000
14603  -29.262  -50.133  18.671 0.0000000000
14604  -30.070  -50.069  18.710 0.0000000000
14605  -30.502  -49.883  18.809 0.0000000000
14610  -24.162  -50.754  17.312 0.0000000000
14611  -24.680  -50.501  17.613 0.0000000000
14612  -25.822  -49.987  17.881 0.0000000000
14613  -26.727  -49.688  17.893 0.0000000000
15460  -28.766  -49.918  25.262 0.0000000000
15472  -28.322  -49.338  24.536 0.0000000000
15473  -28.716  -50.027  24.059 0.0000000000
15482  -28.369  -49.398  23.421 0.0000000000
15483  -28.826  -49.919  23.110 0.0000000000
15494  -28.636  -49.416  22.433 0.0000000000
15495  -29.235  -50.008  22.348 0.0000000000
15507  -29.075  -49.420  21.735 0.0000000000
15508  -29.806  -49.696  21.395 0.0000000000
15509  -30.361  -49.926  20.908 0.0000000000
15524  -30.232  -49.364  20.642 0.0000000000
15525  -30.625  -49.625  20.221 0.0000000000
15543  -30.889  -49.524  19.447 0.0000000000
15544  -31.191  -49.004  19.267 0.0000000000
15559  -27.674  -49.686  18.074 0.0000000000
15560  -28.780  -49.680  18.126 0.0000000000
15561  -29.738  -49.692  18.216 0.0000000000
15562  -30.453  -49.625  18.412 0.0000000000
15563  -30.891  -49.547  18.790 0.0000000000
15564  -31.225  -49.071  18.940 0.0000000000
15572  -28.348  -49.142  17.420 0.0000000000
15573  -29.437  -49.260  17.600 0.0000000000
15574  -30.324  -49.264  17.809 0.0000000000
15575  -30.971  -49.187  18.125 0.0000000000
15576  -31.196  -48.990  18.490 0.0000000000
16407  -27.822  -48.845  23.802 0.0000000000
16415  -27.995  -48.765  22.656 0.0000000000
16426  -28.590  -48.793  21.571 0.0000000000
16427  -29.281  -49.030  21.224 0.0000000000
16440  -29.086  -48.556  20.857 0.0000000000
16441  -29.766  -48.812  20.648 0.0000000000
16442  -30.421  -48.782  20.118 0.0000000000
16457  -31.034  -48.784  19.607 0.0000000000
16458  -31.276  -48.575  19.005 0.0000000000
16474  -31.338  -48.606  18.584 0.0000000000
16490  -30.148  -48.782  17.176 0.0000000000
16491  -30.913  -48.710  17.473 0.0000000000
16492  -31.396  -48.480  17.940 0.0000000000
139488  -15.871  -57.598  24.207 0.0000000000
139489  -16.142  -57.433  23.561 0.0000000000
139490  -16.697  -57.346  23.102 0.0000000000
139491  -15.590  -56.400  25.368 0.0000000000
139492  -15.976  -57.251  23.211 0.0000000000
139493  -15.469  -57.484  23.748 0.0000000000
139494  -15.361  -57.026  25.252 0.0000000000
139495  -16.384  -56.340  25.387 0.0000000000
139496  -15.290  -56.332  25.310 0.0000000000
139497  -16.228  -56.086  25.446 0.0000000000
139498  -16.737  -56.044  25.440 0.0000000000
139499  -14.924  -56.460  25.278 0.0000000000
139500  -15.833  -56.312  25.398 0.0000000000
139501  -15.426  -56.854  25.287 0.0000000000
139502  -16.721  -55.688  25.441 0.0000000000
139503  -15.337  -56.631  25.326 0.0000000000
139504  -17.599  -56.339  25.315 0.0000000000
139505  -17.361  -56.060  25.446 0.0000000000
