#!ascii label  , from subject Broad_82_YZ vox2ras=TkReg
2078
3515  -35.372  -65.021  -20.775 0.0000000000
3528  -35.456  -64.548  -21.394 0.0000000000
3542  -35.653  -63.985  -21.953 0.0000000000
3952  -27.625  -63.800  -11.891 0.0000000000
4072  -34.475  -64.285  -19.842 0.0000000000
4073  -34.961  -64.605  -20.288 0.0000000000
4074  -35.635  -64.186  -21.114 0.0000000000
4082  -30.127  -64.021  -21.913 0.0000000000
4083  -35.866  -63.664  -21.834 0.0000000000
4084  -36.264  -63.181  -22.354 0.0000000000
4090  -30.466  -63.924  -22.782 0.0000000000
4093  -35.480  -63.787  -22.428 0.0000000000
4094  -36.053  -63.469  -22.497 0.0000000000
4095  -36.539  -63.101  -22.890 0.0000000000
4103  -30.534  -63.651  -23.761 0.0000000000
4107  -35.881  -63.397  -23.077 0.0000000000
4108  -36.352  -63.116  -23.092 0.0000000000
4109  -36.527  -62.932  -23.086 0.0000000000
4508  -27.526  -63.217  -11.211 0.0000000000
4526  -27.562  -63.108  -11.957 0.0000000000
4527  -27.871  -63.387  -12.541 0.0000000000
4545  -28.227  -63.768  -13.107 0.0000000000
4563  -28.687  -63.807  -13.734 0.0000000000
4564  -29.225  -63.612  -14.446 0.0000000000
4575  -29.750  -63.499  -15.143 0.0000000000
4576  -30.313  -63.327  -15.745 0.0000000000
4594  -30.833  -63.065  -16.402 0.0000000000
4595  -31.392  -63.042  -17.063 0.0000000000
4606  -31.824  -62.849  -17.499 0.0000000000
4607  -32.175  -63.094  -18.028 0.0000000000
4624  -32.641  -63.258  -18.560 0.0000000000
4625  -33.093  -63.476  -19.007 0.0000000000
4645  -33.594  -63.874  -19.256 0.0000000000
4646  -34.073  -63.660  -19.723 0.0000000000
4661  -30.405  -63.272  -20.521 0.0000000000
4662  -34.693  -63.587  -20.295 0.0000000000
4663  -35.435  -63.496  -20.869 0.0000000000
4664  -35.869  -63.317  -21.563 0.0000000000
4677  -30.132  -63.837  -21.159 0.0000000000
4678  -30.747  -63.267  -21.714 0.0000000000
4679  -31.366  -62.680  -22.226 0.0000000000
4680  -36.259  -62.914  -22.009 0.0000000000
4681  -36.538  -62.695  -22.545 0.0000000000
4690  -31.050  -63.225  -22.999 0.0000000000
4691  -31.499  -62.639  -22.970 0.0000000000
4692  -36.910  -62.448  -22.968 0.0000000000
4693  -37.089  -62.149  -23.218 0.0000000000
4702  -31.011  -63.250  -23.913 0.0000000000
4703  -31.404  -62.818  -23.674 0.0000000000
4706  -35.509  -63.000  -23.684 0.0000000000
4707  -36.153  -62.831  -23.476 0.0000000000
4708  -36.642  -62.614  -23.260 0.0000000000
4709  -36.918  -62.323  -23.242 0.0000000000
4716  -31.281  -62.986  -24.550 0.0000000000
4719  -35.109  -62.814  -24.314 0.0000000000
4730  -34.862  -62.602  -25.106 0.0000000000
4742  -34.511  -62.460  -26.822 0.0000000000
4750  -34.195  -62.506  -27.210 0.0000000000
4751  -34.664  -62.194  -27.008 0.0000000000
4756  -33.927  -62.313  -27.488 0.0000000000
5121  -27.771  -62.668  -10.489 0.0000000000
5138  -27.607  -62.623  -11.072 0.0000000000
5155  -27.645  -62.609  -11.585 0.0000000000
5156  -27.821  -62.604  -12.322 0.0000000000
5175  -28.300  -62.820  -13.166 0.0000000000
5193  -28.790  -62.603  -14.088 0.0000000000
5194  -29.378  -62.631  -14.725 0.0000000000
5205  -29.859  -62.523  -15.308 0.0000000000
5206  -30.401  -62.345  -15.843 0.0000000000
5226  -30.740  -62.288  -16.258 0.0000000000
5227  -31.085  -62.243  -16.633 0.0000000000
5244  -31.602  -62.190  -17.156 0.0000000000
5245  -32.074  -62.230  -17.679 0.0000000000
5265  -32.504  -62.302  -18.268 0.0000000000
5266  -32.916  -62.583  -18.879 0.0000000000
5287  -33.491  -62.864  -19.464 0.0000000000
5288  -34.188  -62.687  -20.092 0.0000000000
5304  -31.083  -62.363  -20.692 0.0000000000
5305  -31.550  -61.654  -20.891 0.0000000000
5306  -34.896  -62.579  -20.765 0.0000000000
5307  -35.690  -62.448  -21.512 0.0000000000
5308  -36.057  -62.732  -21.796 0.0000000000
5325  -31.238  -62.622  -21.542 0.0000000000
5326  -31.648  -62.062  -21.603 0.0000000000
5327  -35.910  -62.034  -21.866 0.0000000000
5328  -36.052  -61.920  -22.112 0.0000000000
5329  -36.464  -62.438  -22.323 0.0000000000
5344  -31.827  -62.072  -22.602 0.0000000000
5345  -32.043  -61.889  -23.135 0.0000000000
5346  -36.641  -61.639  -22.423 0.0000000000
5347  -36.867  -62.011  -22.616 0.0000000000
5348  -37.258  -61.960  -23.140 0.0000000000
5365  -31.787  -62.295  -23.383 0.0000000000
5366  -32.196  -61.874  -23.715 0.0000000000
5367  -35.480  -62.667  -24.138 0.0000000000
5368  -35.836  -62.486  -24.055 0.0000000000
5369  -36.432  -62.242  -23.905 0.0000000000
5370  -37.056  -61.867  -23.668 0.0000000000
5386  -31.774  -62.419  -24.241 0.0000000000
5387  -32.282  -61.937  -24.641 0.0000000000
5388  -35.437  -62.385  -24.652 0.0000000000
5389  -35.966  -61.819  -24.773 0.0000000000
5390  -36.708  -61.658  -24.369 0.0000000000
5391  -37.089  -61.501  -24.256 0.0000000000
5399  -31.741  -62.554  -25.486 0.0000000000
5400  -32.460  -61.860  -25.464 0.0000000000
5401  -34.631  -62.485  -26.006 0.0000000000
5402  -35.333  -61.892  -25.605 0.0000000000
5403  -35.720  -61.626  -25.330 0.0000000000
5410  -32.379  -62.106  -26.320 0.0000000000
5411  -34.546  -62.490  -26.545 0.0000000000
5412  -34.838  -62.114  -26.532 0.0000000000
5419  -34.648  -61.864  -27.241 0.0000000000
5420  -34.977  -61.802  -26.961 0.0000000000
5423  -33.770  -61.993  -27.594 0.0000000000
5424  -34.275  -61.924  -27.471 0.0000000000
5828  -27.963  -62.213  -10.545 0.0000000000
5845  -27.806  -62.131  -11.020 0.0000000000
5846  -28.374  -61.368  -11.419 0.0000000000
5847  -28.931  -60.855  -11.146 0.0000000000
5865  -27.837  -62.038  -11.815 0.0000000000
5866  -28.139  -61.753  -12.598 0.0000000000
5884  -28.597  -61.841  -13.629 0.0000000000
5885  -28.806  -61.240  -13.725 0.0000000000
5903  -28.789  -61.987  -14.073 0.0000000000
5904  -29.172  -61.588  -14.330 0.0000000000
5905  -29.645  -61.039  -14.600 0.0000000000
5922  -29.592  -62.019  -14.906 0.0000000000
5923  -30.035  -61.385  -15.183 0.0000000000
5944  -30.748  -61.525  -16.070 0.0000000000
5945  -31.400  -61.389  -16.668 0.0000000000
5966  -31.952  -61.408  -17.273 0.0000000000
5967  -32.422  -61.540  -17.812 0.0000000000
5989  -32.656  -61.692  -18.177 0.0000000000
5990  -32.889  -61.770  -18.531 0.0000000000
6008  -33.257  -61.868  -19.107 0.0000000000
6009  -33.746  -61.834  -19.690 0.0000000000
6025  -31.587  -61.028  -20.580 0.0000000000
6026  -34.336  -61.518  -20.363 0.0000000000
6027  -35.088  -61.528  -21.129 0.0000000000
6040  -31.905  -61.146  -21.406 0.0000000000
6041  -32.162  -61.009  -22.095 0.0000000000
6042  -35.769  -61.463  -21.815 0.0000000000
6043  -36.402  -61.185  -22.286 0.0000000000
6056  -31.975  -61.521  -22.108 0.0000000000
6057  -32.374  -61.279  -22.878 0.0000000000
6058  -36.972  -61.218  -22.652 0.0000000000
6059  -37.386  -61.416  -23.025 0.0000000000
6060  -37.409  -61.434  -23.508 0.0000000000
6077  -32.829  -61.280  -24.079 0.0000000000
6078  -33.133  -60.881  -24.467 0.0000000000
6079  -37.403  -61.379  -23.856 0.0000000000
6097  -32.681  -61.532  -24.876 0.0000000000
6098  -33.033  -61.130  -24.860 0.0000000000
6099  -36.503  -61.331  -24.978 0.0000000000
6100  -37.051  -61.119  -24.772 0.0000000000
6101  -37.339  -61.232  -24.256 0.0000000000
6114  -32.832  -61.411  -25.360 0.0000000000
6115  -33.199  -61.003  -25.552 0.0000000000
6116  -35.493  -61.495  -25.908 0.0000000000
6117  -35.919  -61.245  -25.643 0.0000000000
6118  -36.743  -60.819  -25.369 0.0000000000
6128  -32.837  -61.510  -26.008 0.0000000000
6129  -33.292  -60.998  -26.364 0.0000000000
6130  -35.392  -61.500  -26.410 0.0000000000
6131  -35.940  -60.756  -26.587 0.0000000000
6137  -32.843  -61.581  -26.792 0.0000000000
6138  -33.396  -61.092  -27.067 0.0000000000
6139  -34.609  -61.530  -27.380 0.0000000000
6140  -35.197  -61.119  -27.290 0.0000000000
6141  -35.787  -60.624  -27.116 0.0000000000
6142  -33.017  -61.708  -27.327 0.0000000000
6143  -33.660  -61.342  -27.483 0.0000000000
6144  -34.403  -61.194  -27.509 0.0000000000
6145  -34.940  -60.897  -27.533 0.0000000000
6595  -28.806  -60.666  -11.695 0.0000000000
6596  -29.541  -60.623  -11.385 0.0000000000
6597  -30.503  -60.675  -11.227 0.0000000000
6614  -28.541  -60.973  -12.285 0.0000000000
6615  -29.151  -60.340  -12.502 0.0000000000
6616  -30.073  -60.013  -11.927 0.0000000000
6617  -31.107  -60.192  -11.787 0.0000000000
6618  -31.970  -60.396  -12.120 0.0000000000
6638  -28.570  -61.030  -13.124 0.0000000000
6639  -29.116  -60.660  -13.640 0.0000000000
6640  -32.580  -60.474  -12.612 0.0000000000
6641  -33.233  -60.338  -13.297 0.0000000000
6661  -29.468  -60.749  -14.259 0.0000000000
6662  -29.900  -60.491  -14.631 0.0000000000
6663  -33.914  -60.633  -14.084 0.0000000000
6681  -30.481  -60.224  -15.242 0.0000000000
6682  -30.975  -59.778  -15.425 0.0000000000
6702  -30.604  -60.839  -15.647 0.0000000000
6703  -31.235  -60.303  -16.038 0.0000000000
6704  -31.918  -59.997  -16.739 0.0000000000
6723  -31.790  -60.695  -16.833 0.0000000000
6724  -32.460  -60.428  -17.451 0.0000000000
6725  -33.037  -60.516  -18.050 0.0000000000
6747  -32.830  -61.174  -18.069 0.0000000000
6748  -33.311  -61.049  -18.567 0.0000000000
6768  -33.599  -61.226  -19.190 0.0000000000
6769  -33.942  -60.901  -19.634 0.0000000000
6781  -31.816  -60.198  -20.991 0.0000000000
6782  -34.272  -60.541  -20.085 0.0000000000
6783  -34.717  -60.580  -20.642 0.0000000000
6784  -41.227  -60.044  -20.370 0.0000000000
6785  -41.547  -60.184  -20.169 0.0000000000
6786  -41.877  -60.187  -19.841 0.0000000000
6796  -32.092  -60.388  -21.837 0.0000000000
6797  -32.325  -60.632  -22.356 0.0000000000
6798  -35.337  -60.457  -21.305 0.0000000000
6799  -36.009  -60.340  -21.973 0.0000000000
6810  -32.573  -60.396  -22.739 0.0000000000
6811  -36.764  -60.256  -22.551 0.0000000000
6812  -37.399  -60.603  -23.120 0.0000000000
6813  -37.565  -60.999  -23.446 0.0000000000
6827  -32.894  -60.479  -23.376 0.0000000000
6828  -33.195  -60.506  -24.132 0.0000000000
6829  -37.599  -60.563  -23.669 0.0000000000
6830  -37.604  -60.842  -24.045 0.0000000000
6844  -33.309  -60.501  -24.875 0.0000000000
6845  -37.165  -60.663  -25.202 0.0000000000
6846  -37.493  -60.517  -24.963 0.0000000000
6856  -33.487  -60.223  -25.787 0.0000000000
6857  -36.487  -60.460  -25.953 0.0000000000
6858  -37.182  -60.186  -25.667 0.0000000000
6859  -37.506  -60.133  -25.427 0.0000000000
6871  -33.582  -60.333  -26.724 0.0000000000
6872  -36.547  -60.158  -26.505 0.0000000000
6873  -36.829  -60.061  -26.127 0.0000000000
6880  -33.846  -60.490  -27.306 0.0000000000
6881  -35.662  -60.248  -27.337 0.0000000000
6882  -36.216  -60.240  -27.015 0.0000000000
6883  -34.266  -60.513  -27.492 0.0000000000
6884  -34.708  -60.364  -27.583 0.0000000000
6885  -35.122  -60.320  -27.596 0.0000000000
7415  -29.834  -59.815  -12.719 0.0000000000
7416  -30.592  -59.646  -12.586 0.0000000000
7417  -31.532  -59.680  -12.498 0.0000000000
7418  -32.170  -59.899  -12.470 0.0000000000
7439  -29.520  -60.039  -13.259 0.0000000000
7440  -30.096  -59.620  -13.394 0.0000000000
7441  -31.043  -59.286  -13.428 0.0000000000
7442  -32.244  -59.465  -13.089 0.0000000000
7443  -32.911  -59.355  -13.595 0.0000000000
7463  -29.659  -60.117  -13.969 0.0000000000
7464  -30.347  -59.647  -14.352 0.0000000000
7465  -31.153  -59.160  -14.435 0.0000000000
7466  -33.504  -59.532  -13.975 0.0000000000
7467  -34.199  -59.605  -14.519 0.0000000000
7483  -30.828  -59.536  -14.995 0.0000000000
7484  -31.456  -59.182  -15.357 0.0000000000
7485  -34.895  -59.541  -15.239 0.0000000000
7486  -35.542  -59.846  -15.939 0.0000000000
7500  -31.933  -59.308  -16.252 0.0000000000
7501  -32.451  -59.450  -16.900 0.0000000000
7502  -36.142  -60.155  -16.646 0.0000000000
7503  -36.911  -60.008  -17.209 0.0000000000
7504  -37.391  -59.516  -17.242 0.0000000000
7507  -41.824  -59.664  -16.463 0.0000000000
7508  -42.114  -59.436  -15.872 0.0000000000
7518  -32.820  -59.453  -17.392 0.0000000000
7519  -33.074  -59.771  -17.870 0.0000000000
7520  -37.156  -60.487  -17.549 0.0000000000
7521  -37.579  -60.045  -17.636 0.0000000000
7522  -38.113  -60.278  -18.016 0.0000000000
7523  -41.685  -60.013  -17.234 0.0000000000
7524  -41.820  -60.077  -18.132 0.0000000000
7542  -33.415  -60.180  -18.383 0.0000000000
7543  -33.768  -59.808  -18.697 0.0000000000
7544  -38.601  -60.136  -18.361 0.0000000000
7545  -39.141  -59.929  -18.646 0.0000000000
7546  -41.964  -60.135  -18.811 0.0000000000
7563  -33.730  -60.508  -18.959 0.0000000000
7564  -34.217  -59.895  -19.373 0.0000000000
7565  -34.700  -59.431  -19.831 0.0000000000
7566  -39.645  -60.065  -19.073 0.0000000000
7567  -40.310  -59.937  -19.623 0.0000000000
7568  -42.113  -59.963  -19.471 0.0000000000
7578  -31.162  -59.087  -20.672 0.0000000000
7579  -34.568  -59.988  -20.113 0.0000000000
7580  -35.069  -59.582  -20.546 0.0000000000
7581  -40.960  -59.506  -20.490 0.0000000000
7582  -41.556  -59.635  -20.666 0.0000000000
7583  -42.130  -59.653  -20.425 0.0000000000
7597  -31.987  -59.276  -21.915 0.0000000000
7598  -32.347  -60.037  -22.336 0.0000000000
7599  -35.723  -59.320  -21.343 0.0000000000
7600  -36.363  -59.362  -22.071 0.0000000000
7601  -41.514  -59.113  -21.092 0.0000000000
7602  -41.999  -59.214  -21.243 0.0000000000
7603  -42.297  -59.122  -21.000 0.0000000000
7616  -32.287  -58.844  -22.624 0.0000000000
7617  -32.644  -59.494  -22.961 0.0000000000
7618  -36.827  -59.314  -22.621 0.0000000000
7619  -37.252  -59.677  -23.107 0.0000000000
7633  -33.185  -59.771  -23.814 0.0000000000
7634  -33.384  -59.985  -24.406 0.0000000000
7635  -37.573  -59.987  -23.740 0.0000000000
7636  -37.674  -60.301  -24.051 0.0000000000
7648  -33.497  -59.728  -24.967 0.0000000000
7649  -37.752  -59.990  -24.173 0.0000000000
7650  -37.825  -60.053  -24.602 0.0000000000
7659  -33.596  -59.428  -25.562 0.0000000000
7660  -37.356  -59.823  -25.902 0.0000000000
7661  -37.709  -59.716  -25.630 0.0000000000
7673  -33.730  -59.566  -26.301 0.0000000000
7674  -36.626  -59.921  -26.865 0.0000000000
7675  -37.137  -59.690  -26.440 0.0000000000
7676  -38.017  -59.081  -26.654 0.0000000000
7683  -33.927  -59.768  -26.920 0.0000000000
7684  -34.374  -59.498  -27.406 0.0000000000
7685  -35.458  -59.744  -27.579 0.0000000000
7686  -36.326  -59.499  -27.279 0.0000000000
7687  -37.365  -58.877  -27.223 0.0000000000
7688  -38.089  -58.438  -27.286 0.0000000000
7694  -34.211  -59.874  -27.322 0.0000000000
7695  -34.618  -59.761  -27.618 0.0000000000
7696  -35.041  -59.719  -27.739 0.0000000000
8206  -31.693  -58.988  -13.843 0.0000000000
8207  -32.378  -58.888  -13.892 0.0000000000
8208  -33.012  -58.890  -14.058 0.0000000000
8222  -31.848  -58.783  -14.533 0.0000000000
8223  -32.604  -58.634  -14.581 0.0000000000
8224  -33.503  -58.688  -14.656 0.0000000000
8225  -34.299  -58.732  -15.013 0.0000000000
8231  -43.738  -58.141  -14.228 0.0000000000
8237  -32.137  -58.659  -15.115 0.0000000000
8238  -32.830  -58.495  -15.367 0.0000000000
8239  -33.853  -58.118  -15.780 0.0000000000
8240  -34.741  -58.436  -15.515 0.0000000000
8241  -35.403  -58.745  -15.722 0.0000000000
8245  -42.999  -58.063  -15.114 0.0000000000
8246  -43.532  -57.845  -14.746 0.0000000000
8254  -32.197  -58.775  -15.715 0.0000000000
8255  -32.837  -58.665  -16.437 0.0000000000
8256  -33.589  -58.247  -16.722 0.0000000000
8257  -36.106  -58.975  -16.136 0.0000000000
8258  -36.740  -59.173  -16.596 0.0000000000
8259  -37.293  -59.055  -16.891 0.0000000000
8260  -41.784  -59.291  -16.846 0.0000000000
8261  -42.169  -58.764  -16.319 0.0000000000
8274  -32.871  -59.047  -17.068 0.0000000000
8275  -33.422  -58.738  -17.560 0.0000000000
8276  -34.026  -58.437  -18.125 0.0000000000
8277  -37.793  -59.020  -17.276 0.0000000000
8278  -38.339  -59.361  -17.872 0.0000000000
8279  -41.711  -59.566  -17.040 0.0000000000
8280  -41.872  -59.210  -17.617 0.0000000000
8296  -33.498  -59.480  -18.234 0.0000000000
8297  -33.921  -59.028  -18.605 0.0000000000
8298  -38.897  -59.411  -18.345 0.0000000000
8299  -39.459  -59.155  -18.739 0.0000000000
8300  -40.001  -58.726  -19.049 0.0000000000
8301  -42.173  -59.553  -18.775 0.0000000000
8316  -34.523  -58.918  -19.289 0.0000000000
8317  -35.069  -58.799  -19.876 0.0000000000
8318  -39.984  -59.379  -19.256 0.0000000000
8319  -40.446  -58.876  -19.713 0.0000000000
8320  -42.494  -59.161  -19.750 0.0000000000
8321  -42.721  -58.614  -20.278 0.0000000000
8334  -30.470  -58.188  -20.388 0.0000000000
8335  -30.925  -58.202  -20.913 0.0000000000
8336  -35.584  -58.648  -20.566 0.0000000000
8337  -35.978  -58.262  -20.882 0.0000000000
8338  -40.945  -58.462  -20.475 0.0000000000
8339  -41.329  -57.966  -21.098 0.0000000000
8340  -42.529  -58.939  -20.670 0.0000000000
8341  -42.911  -58.364  -20.904 0.0000000000
8357  -30.668  -57.626  -21.049 0.0000000000
8358  -31.289  -58.096  -21.621 0.0000000000
8359  -35.843  -58.631  -21.107 0.0000000000
8360  -36.298  -58.443  -21.485 0.0000000000
8361  -41.290  -58.733  -21.071 0.0000000000
8362  -41.893  -58.275  -21.729 0.0000000000
8363  -42.526  -58.531  -21.473 0.0000000000
8364  -43.094  -57.992  -21.626 0.0000000000
8377  -31.985  -58.246  -22.491 0.0000000000
8378  -32.495  -58.473  -23.178 0.0000000000
8379  -36.755  -58.594  -22.237 0.0000000000
8380  -37.198  -58.726  -22.968 0.0000000000
8381  -42.348  -57.644  -22.224 0.0000000000
8382  -42.567  -57.844  -22.116 0.0000000000
8383  -42.867  -58.050  -22.018 0.0000000000
8395  -33.166  -58.799  -23.933 0.0000000000
8396  -33.372  -59.410  -24.374 0.0000000000
8397  -37.598  -59.130  -23.703 0.0000000000
8409  -33.297  -58.581  -24.427 0.0000000000
8410  -33.461  -58.867  -24.862 0.0000000000
8411  -37.837  -59.547  -24.271 0.0000000000
8412  -38.113  -59.206  -25.004 0.0000000000
8423  -33.686  -58.848  -25.841 0.0000000000
8424  -38.385  -58.790  -25.967 0.0000000000
8436  -34.004  -58.914  -26.642 0.0000000000
8437  -34.291  -58.657  -27.083 0.0000000000
8438  -38.547  -58.289  -26.912 0.0000000000
8445  -34.270  -59.124  -27.142 0.0000000000
8446  -34.635  -58.954  -27.546 0.0000000000
8447  -35.408  -58.996  -27.735 0.0000000000
8448  -36.636  -58.302  -27.608 0.0000000000
8449  -37.670  -58.055  -27.663 0.0000000000
8450  -38.415  -57.651  -27.617 0.0000000000
8458  -34.948  -59.322  -27.794 0.0000000000
8459  -35.149  -59.373  -27.789 0.0000000000
8460  -37.301  -57.607  -27.866 0.0000000000
8461  -37.948  -57.392  -28.014 0.0000000000
8462  -38.493  -57.104  -28.056 0.0000000000
9042  -44.332  -57.575  -14.383 0.0000000000
9043  -44.918  -57.230  -14.225 0.0000000000
9048  -34.378  -57.857  -16.302 0.0000000000
9049  -34.762  -57.863  -15.995 0.0000000000
9050  -35.159  -58.140  -15.811 0.0000000000
9051  -43.249  -57.481  -15.492 0.0000000000
9052  -43.908  -57.441  -15.081 0.0000000000
9053  -44.507  -57.267  -14.620 0.0000000000
9056  -34.110  -57.869  -16.703 0.0000000000
9057  -34.800  -57.571  -16.708 0.0000000000
9058  -35.694  -57.830  -16.276 0.0000000000
9059  -36.640  -58.272  -16.554 0.0000000000
9060  -37.039  -58.590  -16.732 0.0000000000
9061  -42.820  -57.375  -16.227 0.0000000000
9062  -43.417  -57.186  -15.672 0.0000000000
9071  -33.849  -58.120  -17.158 0.0000000000
9072  -34.378  -57.837  -17.667 0.0000000000
9073  -35.636  -57.219  -17.563 0.0000000000
9074  -36.597  -57.436  -17.102 0.0000000000
9075  -37.465  -58.043  -17.022 0.0000000000
9076  -38.290  -58.197  -17.577 0.0000000000
9077  -42.220  -57.970  -17.521 0.0000000000
9087  -34.477  -58.279  -18.639 0.0000000000
9088  -35.314  -57.486  -18.735 0.0000000000
9089  -35.933  -57.346  -19.521 0.0000000000
9090  -38.944  -58.516  -18.142 0.0000000000
9091  -39.642  -58.099  -18.588 0.0000000000
9092  -40.248  -58.060  -19.156 0.0000000000
9093  -42.388  -58.538  -18.811 0.0000000000
9105  -29.994  -57.782  -19.942 0.0000000000
9106  -34.938  -58.247  -19.296 0.0000000000
9107  -35.497  -57.974  -19.814 0.0000000000
9108  -36.043  -57.595  -20.114 0.0000000000
9109  -40.651  -57.923  -19.758 0.0000000000
9110  -42.669  -58.469  -19.731 0.0000000000
9111  -42.945  -58.035  -20.225 0.0000000000
9123  -29.827  -57.327  -19.862 0.0000000000
9124  -30.157  -57.336  -20.451 0.0000000000
9125  -35.882  -58.013  -20.434 0.0000000000
9126  -36.373  -57.687  -20.765 0.0000000000
9127  -36.837  -57.357  -21.004 0.0000000000
9128  -41.000  -57.567  -20.395 0.0000000000
9129  -41.334  -57.240  -20.950 0.0000000000
9130  -43.301  -57.697  -20.932 0.0000000000
9145  -30.383  -57.021  -21.084 0.0000000000
9146  -30.954  -57.071  -21.680 0.0000000000
9147  -36.778  -57.759  -21.465 0.0000000000
9148  -37.130  -57.309  -21.415 0.0000000000
9149  -41.633  -57.210  -21.654 0.0000000000
9150  -43.333  -57.407  -21.658 0.0000000000
9163  -31.639  -57.369  -22.418 0.0000000000
9164  -32.327  -57.649  -23.123 0.0000000000
9165  -36.784  -58.127  -21.858 0.0000000000
9166  -37.272  -57.721  -22.281 0.0000000000
9167  -42.159  -57.257  -22.301 0.0000000000
9168  -42.686  -57.121  -22.750 0.0000000000
9169  -43.188  -57.356  -22.436 0.0000000000
9181  -32.789  -57.999  -23.850 0.0000000000
9182  -37.703  -57.981  -23.732 0.0000000000
9183  -38.104  -57.452  -24.372 0.0000000000
9184  -42.996  -56.738  -23.260 0.0000000000
9185  -43.090  -56.999  -23.050 0.0000000000
9197  -33.248  -58.210  -24.513 0.0000000000
9198  -33.534  -58.218  -25.377 0.0000000000
9199  -37.944  -58.801  -24.379 0.0000000000
9200  -38.302  -58.026  -25.128 0.0000000000
9208  -33.812  -58.300  -26.189 0.0000000000
9209  -34.055  -57.923  -26.462 0.0000000000
9210  -38.670  -57.931  -26.339 0.0000000000
9222  -34.110  -58.335  -26.723 0.0000000000
9223  -34.437  -58.035  -27.113 0.0000000000
9224  -34.984  -57.709  -27.389 0.0000000000
9225  -38.916  -57.377  -27.261 0.0000000000
9226  -39.206  -56.816  -27.839 0.0000000000
9232  -34.980  -58.272  -27.630 0.0000000000
9233  -35.696  -57.812  -27.662 0.0000000000
9234  -36.678  -57.382  -27.826 0.0000000000
9235  -38.894  -57.012  -27.905 0.0000000000
9236  -39.253  -56.604  -28.137 0.0000000000
9244  -37.427  -57.065  -28.195 0.0000000000
9245  -38.131  -56.864  -28.301 0.0000000000
9246  -38.791  -56.660  -28.271 0.0000000000
9247  -39.196  -56.348  -28.308 0.0000000000
9835  -46.484  -56.210  -13.840 0.0000000000
9836  -47.039  -55.926  -14.027 0.0000000000
9841  -45.131  -56.906  -14.404 0.0000000000
9842  -45.591  -56.622  -14.201 0.0000000000
9843  -46.546  -56.081  -14.330 0.0000000000
9844  -47.020  -55.795  -14.231 0.0000000000
9847  -44.180  -56.899  -15.340 0.0000000000
9848  -44.782  -56.731  -14.969 0.0000000000
9849  -45.814  -56.151  -14.872 0.0000000000
9850  -46.444  -55.724  -14.850 0.0000000000
9856  -43.106  -56.753  -16.708 0.0000000000
9857  -43.773  -56.527  -15.960 0.0000000000
9858  -44.640  -56.239  -15.774 0.0000000000
9870  -36.133  -56.947  -18.140 0.0000000000
9871  -36.638  -56.821  -17.913 0.0000000000
9872  -37.509  -57.085  -17.657 0.0000000000
9873  -37.998  -57.513  -17.594 0.0000000000
9874  -42.685  -56.932  -17.455 0.0000000000
9875  -43.320  -56.323  -17.233 0.0000000000
9888  -35.841  -57.056  -18.312 0.0000000000
9889  -36.401  -56.899  -18.865 0.0000000000
9890  -37.549  -56.583  -18.607 0.0000000000
9891  -38.780  -57.080  -18.215 0.0000000000
9892  -39.961  -57.283  -18.910 0.0000000000
9893  -40.363  -57.534  -19.337 0.0000000000
9894  -42.586  -57.407  -18.644 0.0000000000
9895  -43.126  -56.348  -18.449 0.0000000000
9911  -30.541  -56.233  -20.137 0.0000000000
9912  -36.505  -57.036  -20.085 0.0000000000
9913  -37.382  -56.550  -19.774 0.0000000000
9914  -38.611  -56.123  -19.623 0.0000000000
9915  -39.690  -56.381  -19.262 0.0000000000
9916  -40.543  -57.015  -19.641 0.0000000000
9917  -42.705  -57.891  -19.496 0.0000000000
9918  -43.082  -56.979  -19.925 0.0000000000
9927  -29.900  -56.911  -20.022 0.0000000000
9928  -30.309  -56.636  -20.485 0.0000000000
9929  -30.886  -56.183  -20.725 0.0000000000
9930  -36.728  -57.224  -20.637 0.0000000000
9931  -37.159  -56.884  -20.769 0.0000000000
9932  -38.099  -56.242  -20.891 0.0000000000
9933  -40.998  -56.722  -20.473 0.0000000000
9934  -41.350  -56.642  -21.140 0.0000000000
9935  -43.540  -56.896  -21.180 0.0000000000
9949  -30.697  -56.608  -21.169 0.0000000000
9950  -31.285  -56.364  -21.561 0.0000000000
9951  -31.837  -56.311  -22.116 0.0000000000
9952  -37.565  -56.872  -21.621 0.0000000000
9953  -38.108  -56.336  -22.089 0.0000000000
9954  -41.533  -56.477  -21.640 0.0000000000
9955  -43.455  -56.881  -21.960 0.0000000000
9968  -31.543  -56.713  -22.183 0.0000000000
9969  -32.416  -56.708  -22.856 0.0000000000
9970  -33.373  -56.404  -23.065 0.0000000000
9971  -33.964  -56.208  -22.900 0.0000000000
9972  -37.753  -56.950  -22.343 0.0000000000
9973  -38.061  -56.664  -22.826 0.0000000000
9974  -41.844  -56.297  -22.352 0.0000000000
9975  -42.355  -56.626  -22.854 0.0000000000
9976  -43.599  -56.509  -22.541 0.0000000000
9977  -43.912  -56.110  -22.919 0.0000000000
9990  -32.902  -57.364  -23.821 0.0000000000
9991  -33.438  -56.815  -23.883 0.0000000000
9992  -34.351  -56.427  -23.614 0.0000000000
9993  -35.044  -56.249  -23.764 0.0000000000
9994  -37.775  -57.233  -22.971 0.0000000000
9995  -38.079  -56.867  -23.726 0.0000000000
9996  -42.267  -55.980  -23.104 0.0000000000
9997  -42.778  -56.157  -23.501 0.0000000000
9998  -43.419  -56.303  -23.314 0.0000000000
9999  -43.954  -55.845  -23.255 0.0000000000
10014  -33.151  -57.756  -24.244 0.0000000000
10015  -33.628  -57.553  -24.825 0.0000000000
10016  -34.398  -56.809  -24.834 0.0000000000
10017  -35.161  -56.360  -24.467 0.0000000000
10018  -38.415  -56.895  -24.821 0.0000000000
10019  -42.989  -55.674  -24.113 0.0000000000
10020  -43.186  -55.809  -23.876 0.0000000000
10029  -33.796  -57.808  -25.854 0.0000000000
10030  -34.460  -57.384  -26.162 0.0000000000
10031  -35.603  -56.516  -25.847 0.0000000000
10032  -36.350  -55.984  -26.552 0.0000000000
10033  -38.769  -56.854  -26.214 0.0000000000
10048  -34.734  -57.509  -27.005 0.0000000000
10049  -35.291  -57.105  -27.084 0.0000000000
10050  -36.120  -56.406  -27.153 0.0000000000
10051  -39.312  -56.594  -27.373 0.0000000000
10052  -39.593  -56.346  -27.960 0.0000000000
10061  -36.107  -57.045  -27.591 0.0000000000
10062  -36.827  -56.514  -28.002 0.0000000000
10063  -39.534  -56.114  -28.219 0.0000000000
10071  -37.661  -56.457  -28.371 0.0000000000
10072  -38.264  -56.303  -28.459 0.0000000000
10073  -38.848  -56.066  -28.471 0.0000000000
10074  -39.312  -55.902  -28.376 0.0000000000
10629  -47.175  -55.473  -13.733 0.0000000000
10630  -47.651  -54.951  -13.719 0.0000000000
10639  -46.933  -55.575  -14.547 0.0000000000
10640  -47.412  -55.331  -14.224 0.0000000000
10641  -47.760  -54.972  -13.905 0.0000000000
10648  -45.294  -55.935  -15.634 0.0000000000
10649  -46.078  -55.575  -15.457 0.0000000000
10650  -46.770  -55.167  -15.301 0.0000000000
10651  -47.273  -55.136  -14.769 0.0000000000
10661  -43.893  -55.838  -17.041 0.0000000000
10662  -44.666  -55.661  -16.497 0.0000000000
10663  -45.770  -55.184  -16.310 0.0000000000
10664  -46.305  -55.161  -15.809 0.0000000000
10679  -43.583  -55.767  -17.796 0.0000000000
10680  -44.300  -55.136  -17.785 0.0000000000
10681  -45.133  -54.961  -17.084 0.0000000000
10696  -32.939  -55.262  -19.193 0.0000000000
10697  -43.687  -55.590  -18.520 0.0000000000
10698  -44.176  -55.180  -19.072 0.0000000000
10716  -32.407  -55.573  -19.894 0.0000000000
10717  -33.487  -55.351  -19.871 0.0000000000
10718  -34.251  -55.219  -20.071 0.0000000000
10719  -39.076  -55.844  -20.112 0.0000000000
10720  -39.492  -55.833  -20.034 0.0000000000
10721  -40.385  -56.124  -20.081 0.0000000000
10722  -43.575  -55.850  -19.448 0.0000000000
10723  -44.036  -55.332  -19.957 0.0000000000
10731  -31.831  -55.967  -20.933 0.0000000000
10732  -32.962  -55.706  -20.847 0.0000000000
10733  -33.978  -55.526  -20.724 0.0000000000
10734  -34.843  -55.075  -20.564 0.0000000000
10735  -35.264  -54.865  -20.813 0.0000000000
10736  -39.125  -55.708  -20.684 0.0000000000
10737  -40.129  -55.507  -20.743 0.0000000000
10738  -41.057  -55.952  -20.879 0.0000000000
10739  -41.335  -56.237  -21.324 0.0000000000
10740  -43.772  -55.962  -20.651 0.0000000000
10741  -44.260  -55.188  -20.623 0.0000000000
10752  -31.809  -56.107  -21.689 0.0000000000
10753  -32.541  -56.036  -21.946 0.0000000000
10754  -33.621  -55.789  -21.641 0.0000000000
10755  -34.558  -55.465  -21.459 0.0000000000
10756  -35.193  -55.078  -21.266 0.0000000000
10757  -38.814  -55.663  -21.861 0.0000000000
10758  -39.793  -55.257  -21.707 0.0000000000
10759  -40.755  -55.414  -21.623 0.0000000000
10760  -41.394  -55.923  -21.645 0.0000000000
10761  -43.729  -56.130  -21.885 0.0000000000
10762  -44.182  -55.328  -21.483 0.0000000000
10770  -32.894  -56.291  -22.598 0.0000000000
10771  -33.427  -56.090  -22.435 0.0000000000
10772  -34.326  -55.850  -22.397 0.0000000000
10773  -35.363  -55.366  -22.173 0.0000000000
10774  -36.026  -55.189  -22.562 0.0000000000
10775  -38.572  -55.967  -23.082 0.0000000000
10776  -39.515  -55.225  -22.874 0.0000000000
10777  -40.628  -54.998  -22.701 0.0000000000
10778  -41.337  -55.493  -22.277 0.0000000000
10779  -43.868  -56.055  -22.538 0.0000000000
10780  -44.239  -55.378  -22.685 0.0000000000
10791  -34.408  -56.138  -23.002 0.0000000000
10792  -35.018  -55.999  -23.113 0.0000000000
10793  -35.865  -55.545  -23.134 0.0000000000
10794  -38.537  -56.150  -24.192 0.0000000000
10795  -39.261  -55.333  -24.095 0.0000000000
10796  -41.045  -54.908  -23.206 0.0000000000
10797  -41.617  -55.256  -23.227 0.0000000000
10798  -42.307  -55.595  -23.677 0.0000000000
10799  -43.439  -55.643  -23.870 0.0000000000
10800  -43.895  -55.275  -23.815 0.0000000000
10816  -35.606  -55.991  -23.893 0.0000000000
10817  -36.408  -55.444  -24.150 0.0000000000
10818  -36.992  -55.031  -24.648 0.0000000000
10819  -38.764  -55.967  -25.185 0.0000000000
10820  -39.426  -55.227  -25.436 0.0000000000
10821  -42.036  -55.150  -24.072 0.0000000000
10822  -42.627  -55.285  -24.341 0.0000000000
10823  -43.325  -55.169  -24.464 0.0000000000
10824  -43.737  -54.903  -24.408 0.0000000000
10836  -35.951  -56.025  -24.802 0.0000000000
10837  -36.740  -55.436  -25.678 0.0000000000
10838  -37.265  -54.852  -25.128 0.0000000000
10839  -39.086  -55.848  -26.100 0.0000000000
10840  -39.599  -55.347  -26.516 0.0000000000
10841  -42.916  -54.875  -24.835 0.0000000000
10842  -43.155  -54.702  -24.970 0.0000000000
10855  -36.932  -55.495  -27.365 0.0000000000
10856  -37.556  -54.872  -27.628 0.0000000000
10857  -39.297  -56.073  -26.825 0.0000000000
10858  -39.764  -55.636  -27.457 0.0000000000
10859  -40.151  -54.974  -27.394 0.0000000000
10872  -37.467  -55.840  -28.286 0.0000000000
10873  -37.661  -55.114  -28.145 0.0000000000
10874  -39.942  -55.667  -28.035 0.0000000000
10875  -40.226  -55.038  -27.702 0.0000000000
10882  -37.881  -56.041  -28.481 0.0000000000
10883  -38.242  -55.511  -28.467 0.0000000000
10884  -39.089  -55.314  -28.498 0.0000000000
10885  -39.740  -55.308  -28.281 0.0000000000
10886  -40.240  -55.024  -28.057 0.0000000000
11451  -46.693  -55.074  -13.579 0.0000000000
11452  -47.410  -54.706  -13.657 0.0000000000
11453  -48.121  -54.363  -13.739 0.0000000000
11454  -48.823  -53.860  -13.900 0.0000000000
11466  -47.608  -54.867  -14.622 0.0000000000
11467  -48.239  -54.398  -14.432 0.0000000000
11468  -48.999  -53.733  -14.232 0.0000000000
11479  -46.924  -54.770  -15.572 0.0000000000
11480  -47.467  -54.524  -15.354 0.0000000000
11481  -48.112  -54.169  -15.075 0.0000000000
11496  -46.099  -54.807  -16.556 0.0000000000
11497  -46.569  -54.669  -16.178 0.0000000000
11498  -47.163  -54.007  -16.477 0.0000000000
11516  -45.180  -54.618  -17.812 0.0000000000
11517  -45.964  -54.571  -17.174 0.0000000000
11518  -46.769  -53.962  -17.208 0.0000000000
11519  -47.099  -53.793  -16.975 0.0000000000
11535  -33.753  -54.934  -18.809 0.0000000000
11536  -34.964  -54.197  -18.500 0.0000000000
11537  -35.550  -53.874  -18.945 0.0000000000
11538  -44.892  -54.600  -18.740 0.0000000000
11539  -45.775  -54.122  -18.337 0.0000000000
11540  -46.289  -54.024  -17.740 0.0000000000
11556  -34.091  -55.136  -19.583 0.0000000000
11557  -34.779  -54.825  -19.668 0.0000000000
11558  -35.452  -54.228  -19.446 0.0000000000
11559  -44.612  -54.650  -19.936 0.0000000000
11560  -45.407  -54.048  -19.480 0.0000000000
11570  -35.056  -54.822  -20.199 0.0000000000
11571  -35.526  -54.524  -20.377 0.0000000000
11572  -36.039  -54.198  -20.779 0.0000000000
11573  -44.675  -54.636  -21.063 0.0000000000
11574  -45.262  -53.986  -20.593 0.0000000000
11586  -35.490  -54.770  -21.038 0.0000000000
11587  -35.855  -54.510  -21.173 0.0000000000
11588  -44.511  -54.671  -21.925 0.0000000000
11589  -45.149  -53.913  -21.772 0.0000000000
11600  -35.619  -54.887  -21.534 0.0000000000
11601  -36.152  -54.662  -22.018 0.0000000000
11602  -36.807  -54.328  -22.497 0.0000000000
11603  -39.686  -55.053  -23.520 0.0000000000
11604  -40.071  -54.876  -23.312 0.0000000000
11605  -44.739  -54.324  -22.564 0.0000000000
11606  -45.277  -53.552  -22.857 0.0000000000
11616  -36.527  -54.948  -23.053 0.0000000000
11617  -37.164  -54.304  -23.278 0.0000000000
11618  -39.923  -54.858  -23.853 0.0000000000
11619  -40.738  -54.739  -23.726 0.0000000000
11620  -41.504  -54.806  -24.138 0.0000000000
11621  -44.580  -54.135  -23.476 0.0000000000
11622  -45.000  -53.503  -23.381 0.0000000000
11637  -36.899  -54.818  -23.909 0.0000000000
11638  -37.412  -54.370  -24.422 0.0000000000
11639  -40.021  -54.727  -24.648 0.0000000000
11640  -40.946  -54.497  -24.839 0.0000000000
11641  -41.903  -54.673  -24.826 0.0000000000
11642  -42.523  -54.690  -24.979 0.0000000000
11643  -43.646  -54.688  -24.670 0.0000000000
11644  -44.049  -54.337  -24.535 0.0000000000
11658  -37.278  -54.926  -26.678 0.0000000000
11659  -37.681  -54.359  -25.768 0.0000000000
11660  -40.227  -54.660  -25.919 0.0000000000
11661  -41.243  -54.259  -25.783 0.0000000000
11662  -42.137  -54.267  -25.571 0.0000000000
11663  -42.847  -54.444  -25.364 0.0000000000
11664  -43.495  -54.272  -25.196 0.0000000000
11665  -43.891  -54.113  -24.992 0.0000000000
11680  -37.376  -54.942  -27.250 0.0000000000
11681  -37.769  -54.422  -27.115 0.0000000000
11682  -40.020  -54.923  -26.948 0.0000000000
11683  -40.649  -54.452  -26.993 0.0000000000
11684  -41.673  -53.908  -26.514 0.0000000000
11685  -42.505  -53.914  -25.967 0.0000000000
11686  -43.014  -54.093  -25.719 0.0000000000
11699  -38.121  -54.360  -27.976 0.0000000000
11700  -38.557  -54.003  -28.215 0.0000000000
11701  -40.622  -54.464  -27.767 0.0000000000
11702  -41.224  -53.965  -27.401 0.0000000000
11707  -38.148  -54.849  -28.354 0.0000000000
11708  -38.708  -54.469  -28.450 0.0000000000
11709  -39.590  -54.458  -28.448 0.0000000000
11710  -40.363  -54.373  -28.231 0.0000000000
11711  -40.930  -53.950  -27.907 0.0000000000
12250  -46.768  -54.150  -13.762 0.0000000000
12251  -47.675  -53.719  -13.646 0.0000000000
12252  -48.722  -53.196  -13.621 0.0000000000
12253  -49.422  -52.974  -13.963 0.0000000000
12254  -49.866  -52.559  -14.075 0.0000000000
12269  -48.784  -53.747  -14.546 0.0000000000
12270  -49.247  -53.172  -14.576 0.0000000000
12271  -49.665  -52.739  -14.253 0.0000000000
12290  -47.979  -54.001  -15.380 0.0000000000
12291  -48.538  -53.503  -15.254 0.0000000000
12292  -49.101  -53.059  -15.057 0.0000000000
12306  -47.721  -53.696  -15.969 0.0000000000
12307  -48.181  -53.080  -16.516 0.0000000000
12321  -35.439  -53.158  -17.718 0.0000000000
12322  -46.930  -53.608  -17.562 0.0000000000
12323  -47.383  -53.419  -17.249 0.0000000000
12324  -48.000  -52.881  -17.267 0.0000000000
12338  -35.221  -53.589  -17.884 0.0000000000
12339  -35.787  -53.250  -18.504 0.0000000000
12340  -36.277  -52.945  -18.863 0.0000000000
12341  -41.890  -53.203  -19.201 0.0000000000
12342  -42.255  -53.181  -19.265 0.0000000000
12343  -46.073  -53.611  -19.159 0.0000000000
12344  -46.697  -53.503  -18.245 0.0000000000
12345  -47.389  -53.003  -18.304 0.0000000000
12361  -35.921  -53.742  -19.382 0.0000000000
12362  -36.297  -53.257  -19.296 0.0000000000
12363  -41.532  -53.080  -19.734 0.0000000000
12364  -42.130  -53.276  -19.710 0.0000000000
12365  -45.897  -53.412  -20.097 0.0000000000
12366  -46.650  -53.071  -19.632 0.0000000000
12367  -47.174  -52.917  -19.035 0.0000000000
12377  -35.880  -54.084  -19.856 0.0000000000
12378  -36.397  -53.660  -20.298 0.0000000000
12379  -36.920  -53.175  -20.830 0.0000000000
12380  -41.383  -52.947  -20.436 0.0000000000
12381  -41.920  -53.243  -20.390 0.0000000000
12382  -45.829  -53.275  -21.152 0.0000000000
12383  -46.431  -52.864  -20.600 0.0000000000
12394  -36.340  -54.103  -21.245 0.0000000000
12395  -36.849  -53.565  -21.321 0.0000000000
12396  -41.448  -52.965  -21.001 0.0000000000
12397  -41.728  -53.119  -20.811 0.0000000000
12398  -45.831  -53.082  -22.138 0.0000000000
12399  -46.386  -52.534  -21.584 0.0000000000
12412  -36.708  -54.049  -21.876 0.0000000000
12413  -37.351  -53.587  -22.339 0.0000000000
12414  -38.005  -53.038  -22.869 0.0000000000
12415  -45.817  -52.728  -22.809 0.0000000000
12416  -46.170  -52.493  -22.374 0.0000000000
12429  -37.727  -53.607  -23.556 0.0000000000
12430  -38.393  -52.889  -23.760 0.0000000000
12431  -44.859  -53.444  -23.632 0.0000000000
12432  -45.314  -52.986  -23.487 0.0000000000
12442  -38.095  -53.609  -24.665 0.0000000000
12443  -38.741  -52.864  -24.918 0.0000000000
12444  -44.634  -53.311  -24.140 0.0000000000
12445  -45.025  -52.759  -23.825 0.0000000000
12457  -38.384  -53.492  -25.627 0.0000000000
12458  -38.891  -52.971  -26.048 0.0000000000
12459  -43.572  -53.599  -25.530 0.0000000000
12460  -44.004  -53.643  -25.048 0.0000000000
12472  -38.360  -53.642  -26.712 0.0000000000
12473  -38.935  -52.985  -26.986 0.0000000000
12474  -41.786  -53.610  -27.146 0.0000000000
12475  -42.283  -53.524  -26.621 0.0000000000
12476  -43.048  -53.562  -26.065 0.0000000000
12484  -38.231  -53.959  -27.448 0.0000000000
12485  -38.764  -53.474  -27.796 0.0000000000
12486  -39.286  -53.188  -28.061 0.0000000000
12487  -41.410  -53.389  -27.633 0.0000000000
12488  -42.094  -53.221  -27.159 0.0000000000
12489  -42.556  -53.197  -26.711 0.0000000000
12493  -38.806  -53.833  -28.307 0.0000000000
12494  -39.363  -53.583  -28.383 0.0000000000
12495  -40.164  -53.684  -28.396 0.0000000000
12496  -40.776  -53.548  -28.124 0.0000000000
13112  -50.197  -51.501  -13.529 0.0000000000
13113  -50.265  -51.658  -13.602 0.0000000000
13117  -43.808  -52.432  -13.791 0.0000000000
13118  -44.339  -52.342  -14.049 0.0000000000
13119  -46.157  -52.557  -14.148 0.0000000000
13120  -46.743  -52.914  -13.934 0.0000000000
13121  -47.953  -52.616  -13.597 0.0000000000
13122  -48.832  -52.236  -13.524 0.0000000000
13123  -49.681  -52.031  -13.536 0.0000000000
13124  -50.144  -52.154  -13.855 0.0000000000
13125  -50.634  -51.711  -14.022 0.0000000000
13142  -44.216  -52.598  -14.096 0.0000000000
13143  -44.692  -52.611  -14.256 0.0000000000
13144  -45.661  -52.840  -14.265 0.0000000000
13145  -46.238  -53.620  -14.048 0.0000000000
13146  -49.635  -52.668  -14.540 0.0000000000
13147  -50.145  -52.198  -14.418 0.0000000000
13148  -50.747  -51.481  -14.315 0.0000000000
13165  -48.994  -52.896  -15.344 0.0000000000
13166  -49.502  -52.482  -15.165 0.0000000000
13167  -50.113  -51.839  -15.095 0.0000000000
13174  -35.925  -51.949  -16.686 0.0000000000
13175  -36.458  -51.799  -17.070 0.0000000000
13176  -42.336  -52.023  -17.025 0.0000000000
13177  -42.809  -51.875  -17.060 0.0000000000
13178  -48.864  -52.532  -16.049 0.0000000000
13179  -49.493  -52.027  -16.046 0.0000000000
13192  -35.779  -52.623  -17.679 0.0000000000
13193  -36.382  -52.061  -17.575 0.0000000000
13194  -40.819  -52.071  -18.038 0.0000000000
13195  -41.727  -52.436  -17.629 0.0000000000
13196  -43.026  -52.283  -17.638 0.0000000000
13197  -43.696  -52.057  -18.140 0.0000000000
13198  -47.932  -52.681  -17.963 0.0000000000
13199  -48.558  -52.413  -17.332 0.0000000000
13200  -49.315  -51.850  -17.016 0.0000000000
13216  -35.989  -52.744  -18.254 0.0000000000
13217  -36.463  -52.445  -18.512 0.0000000000
13218  -37.045  -52.123  -19.032 0.0000000000
13219  -40.521  -52.004  -19.068 0.0000000000
13220  -41.275  -52.799  -18.827 0.0000000000
13221  -42.447  -52.936  -18.719 0.0000000000
13222  -43.432  -52.411  -18.685 0.0000000000
13223  -47.750  -52.501  -18.965 0.0000000000
13224  -48.503  -51.916  -18.566 0.0000000000
13225  -48.918  -51.836  -17.781 0.0000000000
13240  -36.542  -52.842  -19.135 0.0000000000
13241  -36.924  -52.528  -19.376 0.0000000000
13242  -40.438  -51.775  -19.916 0.0000000000
13243  -40.915  -52.470  -19.893 0.0000000000
13244  -42.550  -53.105  -19.497 0.0000000000
13245  -43.223  -52.760  -19.610 0.0000000000
13246  -43.874  -52.316  -20.070 0.0000000000
13247  -46.855  -52.690  -20.253 0.0000000000
13248  -47.311  -52.500  -19.924 0.0000000000
13249  -48.028  -51.932  -19.819 0.0000000000
13258  -36.705  -53.026  -19.663 0.0000000000
13259  -37.166  -52.729  -20.292 0.0000000000
13260  -37.672  -52.353  -20.826 0.0000000000
13261  -40.567  -52.038  -20.500 0.0000000000
13262  -40.959  -52.562  -20.770 0.0000000000
13263  -42.623  -53.130  -20.225 0.0000000000
13264  -43.404  -52.646  -20.737 0.0000000000
13265  -44.106  -52.114  -20.646 0.0000000000
13266  -46.910  -52.355  -20.768 0.0000000000
13267  -47.439  -51.852  -20.666 0.0000000000
13268  -47.782  -51.598  -20.389 0.0000000000
13280  -37.402  -52.901  -21.329 0.0000000000
13281  -38.077  -52.318  -21.514 0.0000000000
13282  -40.574  -52.119  -21.241 0.0000000000
13283  -41.196  -52.696  -21.506 0.0000000000
13284  -42.246  -53.079  -21.352 0.0000000000
13285  -43.457  -52.570  -21.849 0.0000000000
13286  -46.839  -51.876  -21.373 0.0000000000
13287  -47.094  -51.476  -21.095 0.0000000000
13302  -37.895  -52.821  -22.123 0.0000000000
13303  -38.495  -52.318  -22.642 0.0000000000
13304  -40.818  -52.260  -22.110 0.0000000000
13305  -41.592  -52.673  -22.342 0.0000000000
13306  -42.662  -52.668  -22.723 0.0000000000
13307  -43.714  -52.234  -22.749 0.0000000000
13308  -46.141  -52.311  -22.703 0.0000000000
13309  -46.424  -52.013  -22.334 0.0000000000
13321  -39.396  -52.225  -23.898 0.0000000000
13322  -40.095  -52.066  -24.147 0.0000000000
13323  -41.079  -52.363  -22.843 0.0000000000
13324  -41.751  -52.502  -23.252 0.0000000000
13325  -42.461  -52.437  -23.590 0.0000000000
13326  -43.170  -52.369  -23.431 0.0000000000
13327  -45.386  -52.119  -23.445 0.0000000000
13328  -45.912  -52.200  -23.066 0.0000000000
13329  -46.226  -51.908  -22.766 0.0000000000
13338  -39.502  -52.465  -25.444 0.0000000000
13339  -40.411  -52.280  -25.005 0.0000000000
13340  -41.284  -52.374  -25.411 0.0000000000
13341  -41.604  -52.393  -25.628 0.0000000000
13342  -44.126  -52.430  -24.715 0.0000000000
13343  -44.784  -52.460  -24.022 0.0000000000
13344  -45.287  -52.453  -23.555 0.0000000000
13358  -39.456  -52.602  -26.509 0.0000000000
13359  -40.197  -52.311  -26.194 0.0000000000
13360  -41.057  -52.321  -26.040 0.0000000000
13361  -41.407  -52.394  -25.825 0.0000000000
13362  -43.606  -52.923  -25.593 0.0000000000
13363  -44.314  -52.910  -24.790 0.0000000000
13375  -39.358  -52.732  -27.177 0.0000000000
13376  -39.893  -52.463  -27.086 0.0000000000
13377  -40.829  -52.388  -26.898 0.0000000000
13378  -41.584  -52.469  -26.995 0.0000000000
13379  -42.252  -52.580  -26.734 0.0000000000
13380  -42.812  -52.895  -26.425 0.0000000000
13388  -39.118  -52.989  -27.450 0.0000000000
13389  -39.448  -52.875  -27.686 0.0000000000
13390  -40.164  -52.630  -27.750 0.0000000000
13391  -40.999  -52.783  -27.857 0.0000000000
13392  -41.829  -52.824  -27.314 0.0000000000
13393  -42.364  -52.894  -26.960 0.0000000000
13394  -39.667  -52.997  -28.118 0.0000000000
13395  -40.162  -53.065  -28.268 0.0000000000
13396  -40.546  -53.235  -28.232 0.0000000000
14067  -43.066  -51.384  -12.401 0.0000000000
14068  -50.122  -51.197  -13.429 0.0000000000
14069  -50.670  -50.989  -13.527 0.0000000000
14070  -51.270  -50.423  -13.539 0.0000000000
14087  -43.693  -51.283  -13.320 0.0000000000
14088  -44.739  -51.782  -14.016 0.0000000000
14089  -46.017  -51.926  -14.080 0.0000000000
14090  -47.214  -51.776  -13.704 0.0000000000
14091  -48.289  -51.603  -13.528 0.0000000000
14092  -49.208  -51.469  -13.451 0.0000000000
14093  -49.734  -51.384  -13.426 0.0000000000
14094  -50.582  -51.489  -13.752 0.0000000000
14095  -51.259  -50.900  -13.921 0.0000000000
14096  -51.710  -50.465  -14.070 0.0000000000
14118  -45.110  -52.329  -14.279 0.0000000000
14119  -45.386  -52.188  -14.249 0.0000000000
14120  -50.513  -51.516  -14.779 0.0000000000
14121  -51.085  -50.860  -14.691 0.0000000000
14122  -51.527  -50.585  -14.253 0.0000000000
14135  -35.705  -51.377  -15.688 0.0000000000
14136  -36.371  -51.267  -15.892 0.0000000000
14137  -36.975  -51.169  -16.042 0.0000000000
14138  -49.902  -51.798  -15.649 0.0000000000
14139  -50.523  -51.117  -15.611 0.0000000000
14140  -51.013  -50.637  -15.259 0.0000000000
14148  -36.131  -51.520  -16.215 0.0000000000
14149  -36.587  -51.496  -16.583 0.0000000000
14150  -37.434  -51.209  -16.685 0.0000000000
14151  -38.026  -50.992  -16.991 0.0000000000
14152  -41.028  -51.105  -16.921 0.0000000000
14153  -41.509  -51.502  -16.822 0.0000000000
14154  -42.662  -51.373  -16.675 0.0000000000
14155  -43.490  -51.121  -16.858 0.0000000000
14156  -49.907  -51.501  -16.361 0.0000000000
14157  -50.282  -50.976  -16.561 0.0000000000
14174  -36.946  -51.622  -17.440 0.0000000000
14175  -37.723  -51.230  -17.577 0.0000000000
14176  -38.354  -50.869  -17.491 0.0000000000
14177  -40.772  -51.312  -17.377 0.0000000000
14178  -41.157  -51.883  -17.405 0.0000000000
14179  -43.214  -51.653  -17.125 0.0000000000
14180  -44.027  -51.420  -17.653 0.0000000000
14181  -44.750  -50.962  -17.796 0.0000000000
14182  -49.866  -51.194  -17.174 0.0000000000
14183  -50.220  -50.686  -17.074 0.0000000000
14200  -36.768  -51.928  -18.025 0.0000000000
14201  -37.346  -51.631  -18.521 0.0000000000
14202  -38.216  -51.011  -18.282 0.0000000000
14203  -40.338  -51.311  -18.397 0.0000000000
14204  -44.146  -51.884  -18.732 0.0000000000
14205  -44.919  -51.129  -18.697 0.0000000000
14206  -45.527  -50.794  -19.112 0.0000000000
14207  -48.801  -51.385  -18.795 0.0000000000
14208  -49.311  -51.283  -18.143 0.0000000000
14209  -49.927  -50.789  -17.628 0.0000000000
14221  -37.509  -51.997  -19.672 0.0000000000
14222  -38.426  -51.193  -19.428 0.0000000000
14223  -39.392  -51.040  -19.775 0.0000000000
14224  -40.046  -51.249  -19.418 0.0000000000
14225  -43.882  -52.241  -19.402 0.0000000000
14226  -44.584  -51.732  -19.929 0.0000000000
14227  -45.452  -51.000  -19.797 0.0000000000
14228  -48.460  -51.327  -19.438 0.0000000000
14229  -48.913  -51.121  -18.912 0.0000000000
14243  -37.632  -52.204  -20.350 0.0000000000
14244  -38.154  -51.852  -20.586 0.0000000000
14245  -39.002  -51.318  -20.661 0.0000000000
14246  -39.993  -51.472  -20.651 0.0000000000
14247  -43.967  -52.180  -21.289 0.0000000000
14248  -44.521  -51.704  -21.130 0.0000000000
14249  -45.290  -51.237  -20.885 0.0000000000
14250  -47.228  -51.066  -20.844 0.0000000000
14251  -47.461  -51.312  -20.711 0.0000000000
14252  -48.005  -51.445  -20.151 0.0000000000
14266  -38.702  -51.727  -21.642 0.0000000000
14267  -39.488  -51.468  -21.690 0.0000000000
14268  -40.233  -51.707  -21.852 0.0000000000
14269  -44.222  -51.965  -21.963 0.0000000000
14270  -44.909  -51.449  -21.891 0.0000000000
14271  -45.856  -51.245  -21.706 0.0000000000
14272  -46.665  -51.428  -21.513 0.0000000000
14273  -47.051  -51.230  -21.132 0.0000000000
14287  -39.230  -51.771  -22.615 0.0000000000
14288  -39.858  -51.664  -22.603 0.0000000000
14289  -40.482  -52.006  -22.761 0.0000000000
14290  -44.421  -51.770  -22.625 0.0000000000
14291  -45.046  -51.529  -22.727 0.0000000000
14292  -45.844  -51.534  -22.599 0.0000000000
14293  -46.226  -51.727  -22.581 0.0000000000
14306  -39.633  -51.843  -23.143 0.0000000000
14307  -40.118  -51.936  -23.484 0.0000000000
14308  -40.957  -52.265  -23.619 0.0000000000
14309  -41.859  -52.278  -24.088 0.0000000000
14310  -42.800  -52.297  -24.150 0.0000000000
14311  -43.960  -51.972  -23.591 0.0000000000
14312  -44.994  -51.850  -23.578 0.0000000000
14313  -45.817  -51.829  -23.076 0.0000000000
14314  -46.101  -51.869  -22.928 0.0000000000
14323  -40.526  -52.163  -24.175 0.0000000000
14324  -41.165  -52.326  -24.595 0.0000000000
14325  -42.014  -52.320  -25.072 0.0000000000
14326  -43.153  -52.228  -24.711 0.0000000000
14327  -44.057  -52.089  -24.368 0.0000000000
14328  -44.497  -52.173  -24.161 0.0000000000
14341  -41.337  -52.402  -26.265 0.0000000000
14342  -41.672  -52.393  -25.954 0.0000000000
14343  -42.511  -52.370  -25.591 0.0000000000
14344  -43.398  -52.338  -25.219 0.0000000000
14355  -41.174  -52.383  -26.456 0.0000000000
14356  -41.438  -52.415  -26.508 0.0000000000
14357  -42.030  -52.454  -26.333 0.0000000000
14358  -42.793  -52.491  -26.042 0.0000000000
15020  -43.185  -50.495  -10.757 0.0000000000
15026  -43.213  -50.478  -11.755 0.0000000000
15032  -43.617  -50.378  -12.673 0.0000000000
15033  -44.125  -50.099  -13.078 0.0000000000
15034  -50.512  -50.375  -13.329 0.0000000000
15035  -50.922  -50.070  -13.351 0.0000000000
15036  -51.674  -49.825  -13.431 0.0000000000
15037  -52.113  -49.720  -13.759 0.0000000000
15047  -43.910  -50.544  -13.187 0.0000000000
15048  -44.506  -50.593  -13.427 0.0000000000
15049  -45.503  -50.821  -13.685 0.0000000000
15050  -46.576  -50.824  -13.673 0.0000000000
15051  -47.656  -50.728  -13.559 0.0000000000
15052  -48.704  -50.637  -13.460 0.0000000000
15053  -49.705  -50.642  -13.364 0.0000000000
15054  -51.684  -50.209  -13.673 0.0000000000
15055  -52.066  -49.989  -14.037 0.0000000000
15071  -51.578  -50.344  -14.554 0.0000000000
15072  -51.886  -50.163  -14.261 0.0000000000
15086  -36.152  -51.007  -15.476 0.0000000000
15087  -36.699  -50.870  -15.447 0.0000000000
15088  -37.788  -50.815  -15.719 0.0000000000
15089  -38.995  -50.033  -15.553 0.0000000000
15090  -39.597  -49.689  -15.871 0.0000000000
15091  -51.018  -50.438  -15.653 0.0000000000
15092  -51.452  -50.138  -15.126 0.0000000000
15093  -51.858  -49.884  -14.611 0.0000000000
15112  -37.987  -50.967  -16.505 0.0000000000
15113  -38.639  -50.670  -16.691 0.0000000000
15114  -39.714  -50.034  -16.538 0.0000000000
15115  -40.886  -50.483  -16.684 0.0000000000
15116  -42.064  -50.528  -16.246 0.0000000000
15117  -43.160  -50.428  -16.448 0.0000000000
15118  -44.182  -50.435  -16.903 0.0000000000
15119  -44.724  -50.059  -16.941 0.0000000000
15120  -50.725  -50.278  -16.411 0.0000000000
15121  -51.305  -49.981  -15.798 0.0000000000
15142  -38.745  -50.672  -17.403 0.0000000000
15143  -39.210  -50.527  -17.439 0.0000000000
15144  -40.051  -50.625  -17.675 0.0000000000
15145  -44.472  -50.809  -17.426 0.0000000000
15146  -44.939  -50.406  -17.390 0.0000000000
15147  -45.526  -50.457  -17.783 0.0000000000
15148  -46.035  -50.290  -17.882 0.0000000000
15149  -50.242  -50.199  -17.419 0.0000000000
15163  -38.767  -50.696  -17.940 0.0000000000
15164  -39.303  -50.655  -18.270 0.0000000000
15165  -39.774  -50.859  -18.708 0.0000000000
15166  -45.200  -50.773  -18.004 0.0000000000
15167  -45.682  -50.598  -18.504 0.0000000000
15168  -46.583  -50.334  -18.560 0.0000000000
15169  -47.455  -50.339  -18.893 0.0000000000
15170  -48.212  -50.410  -18.920 0.0000000000
15171  -48.944  -50.653  -18.658 0.0000000000
15172  -49.638  -50.509  -17.969 0.0000000000
15187  -38.767  -50.732  -18.627 0.0000000000
15188  -39.226  -50.738  -19.061 0.0000000000
15189  -39.614  -50.928  -19.256 0.0000000000
15190  -46.049  -50.557  -19.410 0.0000000000
15191  -46.896  -50.520  -19.643 0.0000000000
15192  -47.673  -50.600  -19.680 0.0000000000
15193  -48.321  -50.825  -19.548 0.0000000000
15194  -48.731  -50.971  -19.213 0.0000000000
15216  -46.296  -50.825  -20.586 0.0000000000
15217  -47.165  -50.770  -20.417 0.0000000000
15218  -47.719  -50.895  -20.305 0.0000000000
15219  -48.064  -51.141  -20.105 0.0000000000
15242  -46.482  -51.108  -21.255 0.0000000000
15243  -46.839  -51.027  -20.988 0.0000000000
15955  -43.342  -49.616  -10.274 0.0000000000
15957  -43.541  -49.562  -11.241 0.0000000000
15958  -44.048  -49.211  -11.853 0.0000000000
15961  -43.654  -49.756  -12.061 0.0000000000
15962  -44.361  -49.455  -12.586 0.0000000000
15963  -45.023  -49.367  -13.035 0.0000000000
15964  -50.177  -49.565  -13.206 0.0000000000
15965  -50.872  -49.404  -13.179 0.0000000000
15966  -51.703  -49.281  -13.186 0.0000000000
15967  -52.211  -49.100  -13.395 0.0000000000
15968  -52.542  -48.757  -13.521 0.0000000000
15980  -44.598  -49.845  -13.154 0.0000000000
15981  -45.189  -49.945  -13.383 0.0000000000
15982  -46.043  -49.931  -13.511 0.0000000000
15983  -47.046  -49.806  -13.530 0.0000000000
15984  -48.101  -49.716  -13.485 0.0000000000
15985  -49.161  -49.553  -13.396 0.0000000000
15986  -52.381  -49.275  -13.755 0.0000000000
15987  -52.583  -48.795  -13.716 0.0000000000
16009  -52.281  -49.374  -14.277 0.0000000000
16010  -52.595  -48.875  -13.937 0.0000000000
16030  -40.260  -48.816  -15.617 0.0000000000
16031  -51.633  -49.572  -15.511 0.0000000000
16032  -51.960  -49.312  -14.951 0.0000000000
16050  -39.873  -49.509  -15.998 0.0000000000
16051  -40.482  -49.265  -16.060 0.0000000000
16052  -41.617  -49.465  -16.088 0.0000000000
16053  -42.712  -49.449  -16.220 0.0000000000
16054  -43.714  -49.450  -16.550 0.0000000000
16055  -44.647  -49.462  -16.763 0.0000000000
16056  -45.472  -49.352  -16.820 0.0000000000
16057  -46.023  -49.503  -16.934 0.0000000000
16058  -50.588  -49.394  -16.817 0.0000000000
16059  -51.421  -49.352  -16.094 0.0000000000
16060  -51.873  -49.037  -15.500 0.0000000000
16073  -45.085  -49.852  -16.999 0.0000000000
16074  -45.673  -49.973  -17.273 0.0000000000
16075  -46.605  -49.755  -17.446 0.0000000000
16076  -47.577  -49.540  -17.645 0.0000000000
16077  -48.401  -49.482  -17.736 0.0000000000
16078  -49.196  -49.522  -17.693 0.0000000000
16079  -49.943  -49.606  -17.532 0.0000000000
16091  -47.260  -50.037  -18.147 0.0000000000
16092  -47.965  -49.969  -18.288 0.0000000000
16093  -48.726  -50.028  -18.244 0.0000000000
16094  -49.429  -50.071  -18.027 0.0000000000
16095  -49.880  -50.089  -17.821 0.0000000000
16909  -43.226  -48.463  -9.216 0.0000000000
16910  -43.666  -48.083  -9.898 0.0000000000
16912  -43.486  -48.775  -9.995 0.0000000000
16913  -44.133  -48.176  -10.507 0.0000000000
16914  -44.798  -48.002  -11.001 0.0000000000
16923  -43.731  -48.954  -10.653 0.0000000000
16924  -44.266  -48.682  -11.271 0.0000000000
16925  -45.075  -48.204  -11.628 0.0000000000
16937  -44.625  -48.776  -12.006 0.0000000000
16938  -45.569  -48.583  -12.525 0.0000000000
16939  -46.827  -48.204  -12.848 0.0000000000
16940  -47.408  -48.085  -13.019 0.0000000000
16941  -48.904  -48.251  -13.232 0.0000000000
16942  -49.708  -48.575  -13.169 0.0000000000
16943  -50.735  -48.591  -13.029 0.0000000000
16944  -51.626  -48.549  -12.925 0.0000000000
16945  -52.372  -48.460  -12.990 0.0000000000
16946  -52.764  -48.315  -13.324 0.0000000000
16967  -45.616  -49.318  -13.213 0.0000000000
16968  -46.409  -49.037  -13.248 0.0000000000
16969  -47.527  -48.715  -13.321 0.0000000000
16970  -48.502  -48.868  -13.408 0.0000000000
16971  -49.085  -48.804  -13.366 0.0000000000
16972  -52.843  -48.331  -13.753 0.0000000000
16999  -52.391  -48.722  -14.621 0.0000000000
17000  -52.707  -48.465  -14.213 0.0000000000
17019  -40.975  -47.983  -15.454 0.0000000000
17020  -41.672  -47.896  -15.681 0.0000000000
17021  -52.246  -48.494  -15.115 0.0000000000
17022  -52.746  -47.983  -14.671 0.0000000000
17035  -40.653  -48.597  -15.641 0.0000000000
17036  -41.287  -48.596  -15.813 0.0000000000
17037  -42.274  -48.374  -16.046 0.0000000000
17038  -43.315  -48.381  -16.555 0.0000000000
17039  -44.229  -48.504  -16.813 0.0000000000
17040  -45.166  -48.564  -16.698 0.0000000000
17041  -46.307  -48.742  -16.676 0.0000000000
17042  -47.458  -48.357  -16.729 0.0000000000
17043  -48.434  -48.257  -16.799 0.0000000000
17044  -49.384  -48.304  -16.799 0.0000000000
17045  -50.300  -48.545  -16.695 0.0000000000
17046  -51.189  -48.569  -16.270 0.0000000000
17047  -51.919  -48.402  -15.710 0.0000000000
17055  -43.849  -47.913  -16.967 0.0000000000
17056  -44.260  -47.798  -17.084 0.0000000000
17057  -47.208  -49.111  -17.032 0.0000000000
17058  -47.980  -48.894  -17.241 0.0000000000
17059  -48.853  -48.898  -17.267 0.0000000000
17060  -49.661  -48.995  -17.220 0.0000000000
17061  -50.145  -49.138  -17.098 0.0000000000
17816  -43.422  -47.583  -9.627 0.0000000000
17827  -44.022  -47.444  -10.231 0.0000000000
17828  -44.950  -47.347  -10.570 0.0000000000
17829  -45.792  -47.012  -10.799 0.0000000000
17841  -45.480  -47.596  -11.136 0.0000000000
17842  -46.200  -47.082  -11.381 0.0000000000
17850  -45.759  -47.725  -11.796 0.0000000000
17851  -46.588  -47.393  -12.214 0.0000000000
17852  -47.509  -47.484  -12.748 0.0000000000
17853  -48.452  -47.561  -12.930 0.0000000000
17854  -49.419  -47.611  -12.877 0.0000000000
17855  -50.348  -47.683  -12.813 0.0000000000
17856  -51.316  -47.659  -12.737 0.0000000000
17857  -52.259  -47.625  -12.675 0.0000000000
17858  -53.125  -47.553  -12.913 0.0000000000
17859  -53.682  -47.046  -13.250 0.0000000000
17871  -47.809  -47.982  -13.121 0.0000000000
17872  -48.234  -48.249  -13.264 0.0000000000
17873  -53.316  -47.627  -13.500 0.0000000000
17874  -53.835  -46.949  -13.741 0.0000000000
17894  -53.355  -47.529  -14.184 0.0000000000
17895  -53.939  -46.743  -14.237 0.0000000000
17912  -41.448  -47.190  -15.444 0.0000000000
17913  -42.256  -47.316  -15.817 0.0000000000
17914  -51.618  -47.172  -15.846 0.0000000000
17915  -52.183  -47.314  -15.640 0.0000000000
17916  -52.626  -47.566  -15.298 0.0000000000
17917  -53.270  -47.288  -14.819 0.0000000000
17930  -42.876  -47.479  -16.438 0.0000000000
17931  -43.517  -47.439  -16.934 0.0000000000
17932  -44.782  -47.828  -16.920 0.0000000000
17933  -45.655  -47.472  -16.777 0.0000000000
17934  -46.894  -47.582  -16.514 0.0000000000
17935  -47.955  -47.530  -16.538 0.0000000000
17936  -48.984  -47.509  -16.481 0.0000000000
17937  -50.041  -47.571  -16.408 0.0000000000
17938  -50.971  -47.753  -16.158 0.0000000000
17939  -51.704  -47.864  -15.895 0.0000000000
17940  -52.119  -47.806  -15.614 0.0000000000
17952  -43.975  -47.417  -17.426 0.0000000000
17953  -44.562  -47.343  -17.372 0.0000000000
17954  -45.020  -47.362  -17.193 0.0000000000
18718  -43.666  -46.972  -10.058 0.0000000000
18730  -44.478  -46.562  -10.444 0.0000000000
18731  -45.507  -46.435  -10.696 0.0000000000
18732  -46.337  -46.358  -11.010 0.0000000000
18736  -47.113  -46.418  -11.564 0.0000000000
18737  -48.063  -46.179  -11.872 0.0000000000
18738  -48.897  -46.153  -12.055 0.0000000000
18739  -49.708  -46.196  -12.142 0.0000000000
18740  -50.484  -46.220  -12.206 0.0000000000
18741  -51.164  -46.215  -12.247 0.0000000000
18744  -47.459  -46.765  -12.231 0.0000000000
18745  -48.227  -46.751  -12.467 0.0000000000
18746  -49.112  -46.824  -12.521 0.0000000000
18747  -49.992  -46.866  -12.540 0.0000000000
18748  -50.869  -46.853  -12.526 0.0000000000
18749  -51.843  -46.668  -12.418 0.0000000000
18750  -52.898  -46.714  -12.527 0.0000000000
18751  -53.686  -46.626  -12.854 0.0000000000
18752  -54.123  -46.451  -13.382 0.0000000000
18758  -54.304  -46.279  -14.033 0.0000000000
18776  -53.778  -46.758  -14.669 0.0000000000
18777  -54.232  -46.209  -14.637 0.0000000000
18796  -41.141  -46.325  -15.186 0.0000000000
18797  -42.110  -46.376  -15.534 0.0000000000
18798  -51.686  -46.681  -15.936 0.0000000000
18799  -52.180  -46.699  -15.835 0.0000000000
18800  -52.820  -46.701  -15.635 0.0000000000
18801  -53.581  -46.511  -15.269 0.0000000000
18802  -54.067  -46.299  -14.981 0.0000000000
18823  -42.804  -46.525  -16.212 0.0000000000
18824  -43.247  -46.781  -16.814 0.0000000000
18825  -45.796  -46.699  -17.100 0.0000000000
18826  -46.615  -46.597  -16.807 0.0000000000
18827  -47.526  -46.835  -16.505 0.0000000000
18828  -48.487  -46.683  -16.436 0.0000000000
18829  -49.637  -46.642  -16.337 0.0000000000
18830  -50.938  -46.642  -16.058 0.0000000000
18831  -51.924  -46.199  -16.087 0.0000000000
18832  -52.723  -46.110  -16.041 0.0000000000
18833  -53.457  -45.990  -15.844 0.0000000000
18852  -43.690  -46.642  -17.508 0.0000000000
18853  -44.307  -46.884  -17.868 0.0000000000
18854  -45.191  -46.762  -17.745 0.0000000000
18855  -46.084  -46.228  -17.519 0.0000000000
18872  -44.063  -46.346  -18.106 0.0000000000
18873  -44.556  -46.322  -18.429 0.0000000000
18874  -45.173  -46.271  -18.869 0.0000000000
18889  -44.737  -46.013  -18.968 0.0000000000
18890  -44.976  -46.014  -19.283 0.0000000000
19695  -45.193  -45.712  -10.771 0.0000000000
19696  -46.092  -45.607  -10.968 0.0000000000
19704  -46.985  -45.515  -11.277 0.0000000000
19705  -47.897  -45.503  -11.514 0.0000000000
19706  -48.745  -45.521  -11.654 0.0000000000
19707  -49.517  -45.574  -11.764 0.0000000000
19708  -50.230  -45.628  -11.900 0.0000000000
19709  -50.903  -45.658  -12.067 0.0000000000
19715  -51.633  -45.763  -12.251 0.0000000000
19716  -52.510  -45.891  -12.335 0.0000000000
19717  -53.452  -45.822  -12.645 0.0000000000
19718  -54.164  -45.989  -12.962 0.0000000000
19724  -53.928  -45.489  -13.202 0.0000000000
19725  -54.344  -45.636  -13.716 0.0000000000
19740  -54.535  -45.508  -14.614 0.0000000000
19741  -54.816  -45.155  -15.212 0.0000000000
19759  -40.732  -45.434  -15.265 0.0000000000
19760  -41.712  -45.462  -15.474 0.0000000000
19761  -53.925  -45.844  -15.637 0.0000000000
19762  -54.373  -45.641  -15.336 0.0000000000
19763  -54.916  -45.044  -15.642 0.0000000000
19779  -42.646  -45.413  -16.045 0.0000000000
19780  -43.391  -45.765  -16.869 0.0000000000
19781  -46.849  -45.819  -17.280 0.0000000000
19782  -47.795  -45.930  -16.825 0.0000000000
19783  -49.116  -45.790  -16.630 0.0000000000
19784  -50.334  -45.757  -16.548 0.0000000000
19785  -51.474  -45.657  -16.497 0.0000000000
19786  -52.467  -45.584  -16.509 0.0000000000
19787  -53.325  -45.529  -16.406 0.0000000000
19788  -54.172  -45.366  -16.194 0.0000000000
19789  -54.804  -45.094  -15.935 0.0000000000
19790  -55.007  -44.978  -15.905 0.0000000000
19809  -43.924  -45.620  -17.901 0.0000000000
19810  -44.214  -45.159  -18.169 0.0000000000
19811  -45.765  -46.035  -18.362 0.0000000000
19812  -46.542  -45.640  -18.047 0.0000000000
19813  -47.533  -45.223  -17.761 0.0000000000
19814  -48.693  -45.175  -17.369 0.0000000000
19815  -49.884  -45.160  -17.253 0.0000000000
19816  -51.046  -45.107  -17.181 0.0000000000
19817  -52.135  -45.079  -17.134 0.0000000000
19818  -53.098  -45.071  -17.029 0.0000000000
19819  -53.799  -45.092  -16.828 0.0000000000
19839  -44.182  -45.997  -18.347 0.0000000000
19840  -44.408  -45.536  -18.600 0.0000000000
19841  -45.689  -45.870  -19.063 0.0000000000
19842  -46.288  -45.614  -18.897 0.0000000000
19843  -47.064  -45.283  -18.675 0.0000000000
19861  -44.836  -45.554  -19.266 0.0000000000
19862  -45.366  -45.689  -19.432 0.0000000000
19863  -46.047  -45.570  -19.583 0.0000000000
19864  -46.866  -45.293  -19.594 0.0000000000
19879  -45.761  -45.271  -19.935 0.0000000000
19880  -46.435  -45.230  -20.351 0.0000000000
19881  -47.412  -45.181  -20.485 0.0000000000
19882  -48.323  -45.228  -20.979 0.0000000000
19883  -49.225  -45.207  -21.317 0.0000000000
19884  -49.950  -45.261  -21.664 0.0000000000
19898  -46.861  -45.198  -21.100 0.0000000000
19899  -47.582  -45.198  -21.538 0.0000000000
19900  -48.495  -45.264  -21.821 0.0000000000
19901  -49.314  -45.371  -22.130 0.0000000000
19902  -50.119  -45.268  -22.397 0.0000000000
19913  -47.956  -45.151  -22.247 0.0000000000
19914  -48.597  -45.297  -22.682 0.0000000000
19915  -49.435  -45.391  -22.909 0.0000000000
19916  -50.038  -45.042  -23.189 0.0000000000
19926  -42.688  -45.328  -24.370 0.0000000000
19927  -48.934  -45.254  -23.313 0.0000000000
19928  -49.435  -45.049  -23.498 0.0000000000
19929  -49.789  -44.807  -23.603 0.0000000000
20760  -44.949  -44.991  -11.145 0.0000000000
20761  -45.718  -45.052  -11.140 0.0000000000
20773  -45.673  -44.292  -11.419 0.0000000000
20774  -46.607  -44.590  -11.392 0.0000000000
20775  -47.727  -44.635  -11.512 0.0000000000
20776  -48.638  -44.803  -11.525 0.0000000000
20777  -49.372  -44.963  -11.544 0.0000000000
20778  -50.074  -44.995  -11.691 0.0000000000
20779  -50.625  -45.203  -11.881 0.0000000000
20786  -50.589  -44.816  -11.977 0.0000000000
20787  -51.198  -45.080  -12.173 0.0000000000
20788  -52.028  -45.246  -12.522 0.0000000000
20789  -52.791  -45.336  -12.689 0.0000000000
20794  -50.819  -44.603  -12.363 0.0000000000
20795  -51.515  -44.652  -12.768 0.0000000000
20796  -52.421  -44.830  -12.979 0.0000000000
20797  -53.327  -45.049  -13.219 0.0000000000
20798  -53.977  -45.104  -13.706 0.0000000000
20813  -51.950  -44.508  -13.343 0.0000000000
20814  -52.662  -44.576  -13.703 0.0000000000
20815  -53.570  -44.637  -14.070 0.0000000000
20816  -54.378  -44.797  -14.467 0.0000000000
20817  -54.843  -44.903  -14.937 0.0000000000
20833  -40.255  -44.831  -15.813 0.0000000000
20834  -41.190  -44.764  -15.765 0.0000000000
20835  -42.058  -44.662  -15.811 0.0000000000
20836  -54.565  -44.441  -15.001 0.0000000000
20837  -54.942  -44.660  -15.509 0.0000000000
20851  -39.650  -44.804  -16.720 0.0000000000
20852  -40.697  -44.450  -16.456 0.0000000000
20853  -41.547  -44.307  -16.425 0.0000000000
20854  -42.513  -44.333  -16.618 0.0000000000
20855  -43.165  -44.932  -16.615 0.0000000000
20856  -54.250  -44.763  -16.845 0.0000000000
20857  -54.703  -44.642  -16.417 0.0000000000
20858  -55.022  -44.733  -15.960 0.0000000000
20875  -40.475  -44.327  -17.416 0.0000000000
20876  -41.058  -44.166  -16.874 0.0000000000
20877  -42.836  -43.873  -17.109 0.0000000000
20878  -43.533  -44.435  -17.411 0.0000000000
20879  -44.077  -44.930  -17.891 0.0000000000
20880  -47.731  -44.928  -18.563 0.0000000000
20881  -48.442  -44.747  -18.229 0.0000000000
20882  -49.497  -44.677  -18.059 0.0000000000
20883  -50.642  -44.683  -18.007 0.0000000000
20884  -51.783  -44.668  -17.947 0.0000000000
20885  -52.844  -44.681  -17.821 0.0000000000
20886  -53.810  -44.629  -17.525 0.0000000000
20887  -54.488  -44.202  -17.277 0.0000000000
20903  -40.884  -44.283  -19.028 0.0000000000
20904  -43.845  -43.939  -18.044 0.0000000000
20905  -44.260  -44.506  -18.320 0.0000000000
20906  -47.538  -45.009  -19.232 0.0000000000
20907  -48.222  -44.687  -19.051 0.0000000000
20908  -49.121  -44.505  -18.949 0.0000000000
20909  -50.210  -44.518  -18.930 0.0000000000
20910  -51.372  -44.575  -18.910 0.0000000000
20911  -52.528  -44.646  -18.819 0.0000000000
20912  -53.524  -44.476  -18.537 0.0000000000
20913  -54.222  -44.146  -18.200 0.0000000000
20927  -44.647  -44.858  -19.068 0.0000000000
20928  -45.250  -44.821  -19.633 0.0000000000
20929  -47.478  -45.061  -19.827 0.0000000000
20930  -47.950  -44.831  -19.701 0.0000000000
20931  -48.691  -44.642  -19.727 0.0000000000
20932  -49.686  -44.583  -19.820 0.0000000000
20933  -50.832  -44.566  -19.872 0.0000000000
20934  -52.032  -44.647  -19.831 0.0000000000
20935  -53.315  -44.342  -19.711 0.0000000000
20936  -53.989  -44.097  -18.954 0.0000000000
20951  -45.924  -44.614  -20.353 0.0000000000
20952  -46.446  -44.668  -21.023 0.0000000000
20953  -47.734  -44.984  -20.079 0.0000000000
20954  -48.177  -44.913  -20.265 0.0000000000
20955  -49.043  -44.870  -20.508 0.0000000000
20956  -50.146  -44.900  -20.819 0.0000000000
20957  -51.356  -44.671  -20.791 0.0000000000
20958  -52.455  -44.446  -20.727 0.0000000000
20959  -53.237  -43.997  -20.744 0.0000000000
20973  -46.863  -44.726  -21.748 0.0000000000
20974  -47.413  -44.942  -22.217 0.0000000000
20975  -50.751  -44.970  -21.683 0.0000000000
20976  -51.675  -44.263  -21.698 0.0000000000
20977  -52.642  -43.969  -21.299 0.0000000000
20978  -53.050  -43.666  -21.132 0.0000000000
20989  -42.439  -44.897  -22.840 0.0000000000
20990  -47.236  -44.360  -22.377 0.0000000000
20991  -47.814  -44.705  -22.898 0.0000000000
20992  -48.452  -44.971  -23.302 0.0000000000
20993  -50.732  -44.536  -22.616 0.0000000000
20994  -51.251  -43.972  -22.416 0.0000000000
21003  -42.847  -44.866  -23.586 0.0000000000
21004  -48.127  -44.523  -23.681 0.0000000000
21005  -48.818  -44.834  -23.910 0.0000000000
21006  -49.513  -44.663  -24.017 0.0000000000
21007  -50.137  -44.296  -23.700 0.0000000000
21016  -43.524  -44.900  -24.670 0.0000000000
21017  -44.099  -44.468  -24.985 0.0000000000
21018  -48.184  -44.264  -24.677 0.0000000000
21019  -49.070  -44.508  -24.717 0.0000000000
21020  -49.678  -44.137  -24.635 0.0000000000
21021  -50.013  -43.863  -24.334 0.0000000000
21030  -43.416  -45.300  -25.356 0.0000000000
21031  -44.238  -44.896  -25.705 0.0000000000
21032  -44.941  -44.397  -25.899 0.0000000000
21033  -48.038  -44.113  -25.684 0.0000000000
21034  -48.730  -44.254  -25.467 0.0000000000
21035  -49.278  -44.067  -25.332 0.0000000000
21043  -44.342  -45.182  -26.901 0.0000000000
21044  -45.376  -44.496  -26.474 0.0000000000
21045  -46.631  -44.331  -26.592 0.0000000000
21046  -47.644  -44.223  -26.403 0.0000000000
21047  -48.508  -44.142  -26.245 0.0000000000
21048  -49.106  -43.983  -26.051 0.0000000000
21051  -45.129  -44.606  -27.451 0.0000000000
21052  -46.188  -44.440  -27.290 0.0000000000
21053  -47.275  -44.310  -27.285 0.0000000000
21054  -48.337  -44.204  -27.067 0.0000000000
21055  -49.013  -44.011  -26.759 0.0000000000
21059  -45.924  -44.206  -27.999 0.0000000000
21060  -46.735  -44.190  -27.791 0.0000000000
21966  -46.408  -43.537  -11.668 0.0000000000
21967  -47.532  -43.552  -11.951 0.0000000000
21968  -48.573  -44.028  -11.877 0.0000000000
21969  -49.352  -44.408  -11.781 0.0000000000
21970  -49.751  -44.653  -11.716 0.0000000000
21978  -47.873  -43.115  -12.478 0.0000000000
21979  -48.505  -43.380  -12.661 0.0000000000
21980  -49.492  -43.898  -12.365 0.0000000000
21981  -50.143  -44.416  -12.039 0.0000000000
21988  -48.061  -43.212  -13.786 0.0000000000
21989  -48.662  -43.363  -13.572 0.0000000000
21990  -49.490  -43.668  -13.307 0.0000000000
21991  -50.605  -44.223  -13.027 0.0000000000
21992  -51.431  -44.409  -13.294 0.0000000000
22005  -47.982  -43.262  -14.181 0.0000000000
22006  -48.414  -43.351  -14.309 0.0000000000
22007  -49.280  -43.540  -14.236 0.0000000000
22008  -50.322  -43.867  -14.136 0.0000000000
22009  -51.651  -44.217  -14.062 0.0000000000
22010  -52.918  -44.246  -14.574 0.0000000000
22011  -53.858  -44.202  -14.835 0.0000000000
22012  -54.266  -44.187  -15.057 0.0000000000
22028  -48.911  -43.384  -15.069 0.0000000000
22029  -49.913  -43.573  -15.061 0.0000000000
22030  -51.033  -43.846  -15.133 0.0000000000
22031  -52.252  -43.895  -15.257 0.0000000000
22032  -53.337  -43.828  -15.404 0.0000000000
22033  -54.161  -43.803  -15.527 0.0000000000
22034  -54.646  -43.978  -15.700 0.0000000000
22035  -55.022  -44.344  -15.977 0.0000000000
22047  -41.392  -44.060  -16.850 0.0000000000
22048  -41.751  -43.947  -16.841 0.0000000000
22049  -49.479  -43.323  -15.784 0.0000000000
22050  -50.479  -43.424  -15.962 0.0000000000
22051  -51.662  -43.510  -16.078 0.0000000000
22052  -52.804  -43.506  -16.117 0.0000000000
22053  -53.740  -43.511  -16.130 0.0000000000
22054  -54.402  -43.646  -16.230 0.0000000000
22055  -54.784  -44.014  -16.516 0.0000000000
22056  -54.958  -44.428  -16.223 0.0000000000
22072  -40.798  -44.106  -17.544 0.0000000000
22073  -41.169  -43.947  -17.358 0.0000000000
22074  -42.070  -43.594  -17.327 0.0000000000
22075  -42.893  -43.514  -17.523 0.0000000000
22076  -54.381  -43.535  -16.855 0.0000000000
22077  -54.469  -43.604  -17.325 0.0000000000
22092  -40.728  -44.096  -17.861 0.0000000000
22093  -41.171  -43.816  -18.283 0.0000000000
22094  -42.227  -43.271  -18.328 0.0000000000
22095  -43.362  -43.357  -18.069 0.0000000000
22096  -44.056  -43.545  -18.488 0.0000000000
22097  -54.517  -43.639  -17.982 0.0000000000
22111  -41.419  -43.829  -19.329 0.0000000000
22112  -42.177  -43.263  -19.226 0.0000000000
22113  -44.771  -43.727  -19.150 0.0000000000
22114  -45.507  -43.749  -20.050 0.0000000000
22115  -54.010  -43.592  -19.382 0.0000000000
22116  -54.329  -43.626  -18.693 0.0000000000
22127  -41.343  -44.406  -20.402 0.0000000000
22128  -41.942  -43.551  -20.061 0.0000000000
22129  -46.191  -43.659  -21.014 0.0000000000
22130  -46.559  -44.218  -21.438 0.0000000000
22131  -53.636  -43.424  -20.156 0.0000000000
22142  -41.973  -44.104  -21.336 0.0000000000
22143  -42.717  -43.395  -21.586 0.0000000000
22144  -46.265  -43.175  -21.644 0.0000000000
22145  -46.702  -43.681  -22.002 0.0000000000
22146  -52.195  -43.645  -21.681 0.0000000000
22147  -52.714  -43.200  -21.430 0.0000000000
22148  -53.292  -43.284  -20.885 0.0000000000
22159  -42.209  -44.754  -22.274 0.0000000000
22160  -42.916  -43.751  -22.489 0.0000000000
22161  -47.227  -43.738  -23.146 0.0000000000
22162  -47.690  -44.281  -23.422 0.0000000000
22163  -50.771  -43.459  -23.024 0.0000000000
22164  -51.670  -43.427  -22.260 0.0000000000
22165  -52.188  -43.236  -21.850 0.0000000000
22175  -43.858  -43.794  -23.858 0.0000000000
22176  -44.555  -43.274  -24.091 0.0000000000
22177  -47.121  -43.420  -24.140 0.0000000000
22178  -47.643  -44.022  -23.947 0.0000000000
22179  -50.283  -43.415  -24.056 0.0000000000
22185  -44.026  -44.237  -24.611 0.0000000000
22186  -44.706  -43.736  -24.884 0.0000000000
22187  -45.950  -43.420  -25.029 0.0000000000
22188  -46.856  -43.476  -24.889 0.0000000000
22189  -47.452  -43.812  -24.606 0.0000000000
22190  -49.591  -43.742  -25.318 0.0000000000
22191  -49.891  -43.425  -24.921 0.0000000000
22199  -44.811  -44.248  -25.574 0.0000000000
22200  -45.488  -44.008  -25.661 0.0000000000
22201  -46.494  -43.755  -25.540 0.0000000000
22202  -47.404  -43.873  -25.350 0.0000000000
22203  -49.440  -43.731  -25.847 0.0000000000
22204  -49.789  -43.358  -25.917 0.0000000000
22213  -46.205  -44.132  -26.065 0.0000000000
22214  -47.007  -43.986  -26.022 0.0000000000
22215  -47.546  -44.056  -25.881 0.0000000000
22216  -49.517  -43.577  -26.641 0.0000000000
22217  -49.808  -43.215  -26.520 0.0000000000
22219  -47.254  -44.091  -27.857 0.0000000000
22220  -47.953  -43.984  -27.855 0.0000000000
22221  -49.351  -43.790  -27.727 0.0000000000
22222  -50.152  -43.283  -28.315 0.0000000000
22226  -45.649  -43.826  -28.693 0.0000000000
22227  -46.987  -43.793  -28.430 0.0000000000
22228  -48.384  -43.616  -28.666 0.0000000000
22229  -49.571  -43.236  -28.885 0.0000000000
22230  -50.157  -43.027  -28.637 0.0000000000
22234  -46.344  -43.222  -29.195 0.0000000000
22235  -47.557  -43.126  -29.211 0.0000000000
22236  -48.650  -42.977  -29.339 0.0000000000
22237  -49.281  -42.761  -29.335 0.0000000000
23196  -46.884  -42.881  -12.003 0.0000000000
23207  -46.654  -42.350  -12.456 0.0000000000
23208  -47.435  -42.719  -12.577 0.0000000000
23209  -47.985  -42.940  -12.831 0.0000000000
23222  -46.311  -42.413  -14.041 0.0000000000
23223  -46.820  -42.465  -13.456 0.0000000000
23224  -47.696  -42.860  -13.345 0.0000000000
23225  -48.209  -43.087  -13.227 0.0000000000
23240  -46.043  -42.319  -14.610 0.0000000000
23241  -46.731  -42.663  -14.475 0.0000000000
23242  -47.537  -43.075  -14.209 0.0000000000
23243  -47.986  -43.259  -14.423 0.0000000000
23262  -45.752  -42.148  -15.404 0.0000000000
23263  -46.453  -42.546  -15.363 0.0000000000
23264  -47.342  -42.933  -15.209 0.0000000000
23265  -48.073  -43.235  -14.895 0.0000000000
23275  -45.582  -41.877  -15.903 0.0000000000
23276  -45.977  -42.235  -16.255 0.0000000000
23277  -47.017  -42.683  -16.186 0.0000000000
23278  -48.369  -43.032  -16.062 0.0000000000
23279  -49.766  -42.973  -16.654 0.0000000000
23280  -51.062  -42.990  -16.856 0.0000000000
23281  -52.302  -43.027  -16.856 0.0000000000
23282  -53.366  -43.140  -16.811 0.0000000000
23283  -54.037  -43.365  -16.705 0.0000000000
23297  -46.097  -41.909  -16.778 0.0000000000
23298  -46.588  -42.144  -16.896 0.0000000000
23299  -47.622  -42.457  -17.068 0.0000000000
23300  -48.883  -42.497  -17.320 0.0000000000
23301  -50.346  -42.301  -17.748 0.0000000000
23302  -51.789  -42.453  -17.596 0.0000000000
23303  -52.995  -42.518  -17.514 0.0000000000
23304  -54.082  -42.970  -17.459 0.0000000000
23305  -54.471  -43.269  -17.801 0.0000000000
23320  -42.826  -42.884  -18.824 0.0000000000
23321  -43.580  -42.998  -18.704 0.0000000000
23322  -44.083  -43.030  -18.999 0.0000000000
23323  -50.645  -41.746  -18.445 0.0000000000
23324  -51.422  -41.917  -18.303 0.0000000000
23325  -52.488  -42.016  -18.246 0.0000000000
23326  -53.551  -42.297  -18.468 0.0000000000
23327  -54.376  -43.001  -18.435 0.0000000000
23340  -42.547  -43.025  -19.583 0.0000000000
23341  -43.333  -42.758  -19.464 0.0000000000
23342  -44.259  -42.716  -19.608 0.0000000000
23343  -45.053  -42.923  -19.819 0.0000000000
23344  -53.879  -42.710  -19.444 0.0000000000
23345  -54.265  -43.215  -19.025 0.0000000000
23357  -42.600  -43.100  -20.327 0.0000000000
23358  -43.428  -42.684  -20.382 0.0000000000
23359  -44.382  -42.537  -20.510 0.0000000000
23360  -45.362  -42.841  -20.656 0.0000000000
23361  -53.106  -41.821  -20.909 0.0000000000
23362  -53.418  -42.469  -20.540 0.0000000000
23374  -42.771  -43.140  -21.024 0.0000000000
23375  -43.431  -42.787  -21.391 0.0000000000
23376  -44.566  -42.446  -21.427 0.0000000000
23377  -45.674  -42.655  -21.624 0.0000000000
23378  -46.261  -42.871  -22.103 0.0000000000
23379  -52.770  -42.207  -21.376 0.0000000000
23380  -53.139  -42.796  -21.090 0.0000000000
23392  -43.792  -42.677  -22.165 0.0000000000
23393  -44.695  -42.454  -22.387 0.0000000000
23394  -45.639  -42.514  -22.652 0.0000000000
23395  -46.485  -42.900  -22.841 0.0000000000
23396  -50.864  -42.883  -23.172 0.0000000000
23397  -51.200  -42.558  -22.911 0.0000000000
23398  -52.091  -42.582  -22.136 0.0000000000
23410  -43.909  -42.967  -22.921 0.0000000000
23411  -44.711  -42.774  -23.428 0.0000000000
23412  -45.717  -42.634  -23.575 0.0000000000
23413  -46.538  -42.988  -23.769 0.0000000000
23414  -50.739  -42.627  -23.681 0.0000000000
23415  -51.077  -42.191  -23.466 0.0000000000
23422  -45.027  -42.920  -24.155 0.0000000000
23423  -45.734  -42.998  -24.380 0.0000000000
23424  -46.464  -43.171  -24.463 0.0000000000
23425  -50.331  -42.683  -24.753 0.0000000000
23434  -50.137  -42.876  -25.601 0.0000000000
23442  -49.852  -43.112  -26.954 0.0000000000
23443  -50.138  -42.781  -26.525 0.0000000000
23448  -49.799  -43.366  -27.256 0.0000000000
23449  -50.433  -42.910  -27.584 0.0000000000
23450  -51.023  -42.471  -27.758 0.0000000000
23452  -50.115  -42.745  -28.790 0.0000000000
23453  -50.612  -42.599  -28.416 0.0000000000
23454  -51.157  -42.465  -28.026 0.0000000000
23458  -46.884  -42.361  -29.441 0.0000000000
23459  -47.973  -42.244  -29.472 0.0000000000
23460  -48.938  -42.181  -29.509 0.0000000000
23461  -49.756  -42.332  -29.161 0.0000000000
23462  -50.340  -42.272  -28.787 0.0000000000
24398  -45.814  -41.933  -13.709 0.0000000000
24399  -46.277  -41.895  -12.886 0.0000000000
24406  -44.931  -41.311  -14.979 0.0000000000
24407  -45.471  -41.814  -14.719 0.0000000000
24424  -44.924  -41.189  -15.771 0.0000000000
24425  -45.333  -41.627  -15.528 0.0000000000
24443  -44.974  -41.112  -16.136 0.0000000000
24444  -45.335  -41.426  -16.393 0.0000000000
24445  -45.839  -41.770  -16.682 0.0000000000
24457  -45.385  -41.093  -17.077 0.0000000000
24458  -45.949  -41.493  -17.274 0.0000000000
24459  -46.976  -41.793  -17.621 0.0000000000
24460  -48.049  -41.909  -17.914 0.0000000000
24461  -49.183  -41.892  -18.206 0.0000000000
24462  -49.990  -41.717  -18.425 0.0000000000
24479  -46.489  -41.194  -17.940 0.0000000000
24480  -47.298  -41.189  -18.323 0.0000000000
24481  -48.421  -41.218  -18.602 0.0000000000
24482  -49.464  -41.253  -18.853 0.0000000000
24483  -50.311  -41.358  -18.878 0.0000000000
24484  -51.136  -41.411  -18.865 0.0000000000
24485  -52.061  -41.513  -18.845 0.0000000000
24486  -52.877  -41.734  -18.887 0.0000000000
24498  -49.961  -40.941  -19.237 0.0000000000
24499  -50.676  -40.944  -19.360 0.0000000000
24500  -51.648  -41.031  -19.398 0.0000000000
24501  -52.621  -41.267  -19.540 0.0000000000
24502  -53.388  -41.850  -19.423 0.0000000000
24515  -53.101  -41.515  -20.309 0.0000000000
24516  -53.540  -42.112  -19.948 0.0000000000
24530  -52.628  -41.194  -21.294 0.0000000000
24543  -51.633  -41.974  -22.673 0.0000000000
24544  -52.051  -41.360  -22.410 0.0000000000
24556  -51.019  -42.054  -23.793 0.0000000000
24557  -51.367  -41.502  -23.523 0.0000000000
24558  -51.745  -40.887  -23.198 0.0000000000
24568  -50.877  -41.859  -24.510 0.0000000000
24569  -51.308  -41.139  -24.580 0.0000000000
24576  -50.628  -42.053  -25.831 0.0000000000
24577  -51.254  -41.194  -25.477 0.0000000000
24583  -50.751  -42.140  -27.061 0.0000000000
24584  -51.544  -41.204  -26.735 0.0000000000
24585  -52.198  -40.744  -27.191 0.0000000000
24591  -50.926  -42.386  -27.557 0.0000000000
24592  -51.414  -41.904  -27.659 0.0000000000
24593  -51.941  -40.996  -27.615 0.0000000000
24596  -50.760  -41.945  -28.633 0.0000000000
24597  -51.359  -41.594  -28.350 0.0000000000
24598  -51.816  -41.315  -28.019 0.0000000000
24603  -46.295  -41.526  -29.602 0.0000000000
24604  -47.337  -41.487  -29.671 0.0000000000
24605  -48.390  -41.244  -29.751 0.0000000000
24606  -49.435  -41.256  -29.541 0.0000000000
24607  -50.363  -41.540  -28.933 0.0000000000
24608  -50.941  -41.479  -28.658 0.0000000000
24609  -48.665  -40.709  -29.905 0.0000000000
24610  -48.909  -40.901  -29.796 0.0000000000
25508  -44.727  -40.674  -16.213 0.0000000000
25509  -45.094  -40.796  -16.860 0.0000000000
25526  -44.835  -40.215  -16.904 0.0000000000
25527  -45.473  -40.409  -17.536 0.0000000000
25528  -46.014  -40.905  -17.840 0.0000000000
25546  -45.755  -39.855  -18.076 0.0000000000
25547  -46.376  -40.342  -18.342 0.0000000000
25548  -47.688  -40.253  -18.980 0.0000000000
25549  -48.894  -40.651  -19.204 0.0000000000
25550  -49.534  -40.792  -19.272 0.0000000000
25565  -47.883  -39.722  -19.377 0.0000000000
25566  -48.494  -39.947  -19.577 0.0000000000
25567  -49.835  -40.268  -19.770 0.0000000000
25568  -51.151  -40.520  -19.913 0.0000000000
25569  -52.105  -40.744  -20.012 0.0000000000
25570  -52.656  -41.032  -20.112 0.0000000000
25583  -50.168  -39.876  -20.444 0.0000000000
25584  -50.801  -40.094  -20.409 0.0000000000
25585  -51.712  -40.238  -20.674 0.0000000000
25586  -52.514  -40.771  -20.612 0.0000000000
25600  -51.897  -40.035  -21.159 0.0000000000
25601  -52.237  -40.297  -21.304 0.0000000000
25613  -52.178  -40.409  -22.177 0.0000000000
25625  -51.717  -40.639  -23.754 0.0000000000
25626  -52.020  -40.281  -23.293 0.0000000000
25638  -51.591  -40.742  -24.295 0.0000000000
25639  -52.092  -40.120  -24.557 0.0000000000
25645  -51.705  -40.598  -25.111 0.0000000000
25646  -52.354  -40.107  -25.711 0.0000000000
25651  -51.891  -40.659  -25.972 0.0000000000
25652  -52.614  -40.331  -26.720 0.0000000000
25653  -53.216  -40.010  -27.456 0.0000000000
25660  -52.602  -40.476  -27.588 0.0000000000
25661  -53.027  -40.010  -28.099 0.0000000000
25665  -51.579  -40.923  -28.418 0.0000000000
25666  -52.163  -40.472  -28.348 0.0000000000
25667  -52.815  -39.899  -28.418 0.0000000000
25674  -46.835  -40.728  -29.782 0.0000000000
25675  -47.620  -40.773  -29.885 0.0000000000
25676  -49.623  -40.600  -29.544 0.0000000000
25677  -50.141  -40.668  -29.225 0.0000000000
25678  -51.173  -40.687  -28.769 0.0000000000
25679  -51.877  -40.037  -28.866 0.0000000000
25680  -46.617  -40.028  -29.887 0.0000000000
25681  -47.325  -40.106  -30.049 0.0000000000
25682  -48.220  -40.305  -30.080 0.0000000000
25683  -49.162  -40.360  -29.921 0.0000000000
26493  -44.873  -39.447  -17.215 0.0000000000
26494  -45.426  -39.312  -17.817 0.0000000000
26513  -45.977  -39.274  -18.375 0.0000000000
26514  -46.803  -39.296  -18.898 0.0000000000
26515  -47.485  -39.489  -19.268 0.0000000000
26534  -48.858  -39.491  -20.356 0.0000000000
26535  -49.669  -39.796  -20.356 0.0000000000
26552  -49.804  -39.544  -20.897 0.0000000000
26553  -50.689  -39.739  -20.869 0.0000000000
26554  -51.192  -39.930  -20.794 0.0000000000
26568  -50.566  -39.471  -21.537 0.0000000000
26569  -51.453  -39.790  -21.312 0.0000000000
26570  -51.944  -39.971  -21.411 0.0000000000
26580  -50.426  -39.238  -22.215 0.0000000000
26581  -51.309  -39.365  -22.291 0.0000000000
26582  -51.948  -39.850  -21.890 0.0000000000
26592  -51.645  -39.165  -22.835 0.0000000000
26593  -52.022  -39.498  -22.904 0.0000000000
26603  -52.304  -39.411  -24.155 0.0000000000
26607  -52.831  -39.359  -25.587 0.0000000000
26608  -53.442  -39.008  -26.246 0.0000000000
26614  -52.902  -39.787  -26.230 0.0000000000
26615  -53.651  -39.440  -26.853 0.0000000000
26616  -54.100  -39.004  -27.300 0.0000000000
26625  -53.692  -39.548  -27.995 0.0000000000
26626  -54.089  -38.997  -27.839 0.0000000000
26631  -52.718  -39.784  -28.635 0.0000000000
26632  -53.273  -39.493  -28.730 0.0000000000
26633  -53.994  -38.857  -28.884 0.0000000000
26641  -46.153  -39.480  -29.775 0.0000000000
26642  -49.789  -40.114  -29.493 0.0000000000
26643  -50.559  -39.863  -29.359 0.0000000000
26644  -51.561  -39.674  -29.345 0.0000000000
26645  -52.562  -39.467  -29.220 0.0000000000
26646  -53.565  -38.672  -29.702 0.0000000000
26647  -53.983  -38.459  -29.577 0.0000000000
26648  -46.995  -39.378  -30.039 0.0000000000
26649  -47.740  -39.425  -30.212 0.0000000000
26650  -48.677  -39.404  -30.264 0.0000000000
26651  -49.834  -39.382  -30.024 0.0000000000
26652  -51.000  -39.052  -29.902 0.0000000000
26653  -52.057  -38.962  -29.985 0.0000000000
26654  -52.960  -38.733  -30.143 0.0000000000
26655  -53.458  -38.388  -30.306 0.0000000000
27566  -50.331  -38.953  -22.768 0.0000000000
27567  -50.861  -39.072  -22.570 0.0000000000
27579  -50.171  -38.653  -23.575 0.0000000000
27580  -51.217  -38.842  -23.103 0.0000000000
27581  -51.767  -39.071  -23.120 0.0000000000
27592  -51.184  -38.287  -24.313 0.0000000000
27593  -51.921  -38.864  -23.722 0.0000000000
27599  -51.824  -38.005  -24.933 0.0000000000
27600  -52.369  -38.524  -24.987 0.0000000000
27601  -53.181  -38.649  -25.930 0.0000000000
27609  -53.694  -38.598  -26.733 0.0000000000
27610  -54.061  -38.913  -27.032 0.0000000000
27619  -53.862  -38.353  -27.229 0.0000000000
27620  -54.055  -38.565  -27.506 0.0000000000
27627  -46.675  -37.897  -29.207 0.0000000000
27628  -54.124  -38.362  -28.518 0.0000000000
27636  -46.898  -38.404  -29.697 0.0000000000
27637  -47.560  -37.945  -29.959 0.0000000000
27638  -54.006  -38.205  -29.991 0.0000000000
27639  -54.158  -38.095  -29.590 0.0000000000
27640  -47.370  -38.904  -30.133 0.0000000000
27641  -47.961  -38.445  -30.250 0.0000000000
27642  -49.206  -38.410  -30.417 0.0000000000
27643  -50.428  -38.382  -30.493 0.0000000000
27644  -51.560  -38.437  -30.592 0.0000000000
27645  -52.502  -38.423  -30.608 0.0000000000
27646  -53.223  -38.220  -30.653 0.0000000000
27647  -53.849  -37.923  -30.574 0.0000000000
27648  -54.155  -37.812  -30.291 0.0000000000
27649  -52.808  -37.955  -30.998 0.0000000000
27650  -53.388  -37.713  -31.099 0.0000000000
27651  -53.853  -37.554  -31.132 0.0000000000
28565  -50.450  -37.622  -24.875 0.0000000000
28566  -51.315  -37.746  -25.075 0.0000000000
28573  -50.790  -37.323  -25.819 0.0000000000
28574  -52.076  -37.765  -25.635 0.0000000000
28575  -52.988  -38.114  -25.883 0.0000000000
28576  -53.337  -38.376  -26.267 0.0000000000
28584  -50.867  -37.278  -26.908 0.0000000000
28585  -51.858  -37.478  -26.624 0.0000000000
28586  -52.825  -37.783  -26.513 0.0000000000
28587  -53.337  -38.159  -26.509 0.0000000000
28597  -50.682  -37.246  -27.808 0.0000000000
28598  -51.614  -37.498  -27.642 0.0000000000
28599  -52.655  -37.641  -27.430 0.0000000000
28600  -53.559  -37.998  -27.229 0.0000000000
28601  -53.887  -38.264  -27.488 0.0000000000
28610  -47.263  -36.708  -28.919 0.0000000000
28611  -50.535  -36.982  -28.347 0.0000000000
28612  -51.240  -37.140  -28.663 0.0000000000
28613  -52.386  -37.442  -28.447 0.0000000000
28614  -53.361  -37.646  -28.261 0.0000000000
28615  -53.969  -38.026  -28.014 0.0000000000
28621  -46.988  -37.724  -29.320 0.0000000000
28622  -47.567  -37.195  -29.621 0.0000000000
28623  -48.188  -36.695  -30.055 0.0000000000
28624  -51.502  -36.760  -29.231 0.0000000000
28625  -52.122  -36.910  -29.282 0.0000000000
28626  -53.122  -37.192  -29.289 0.0000000000
28627  -53.956  -37.570  -29.283 0.0000000000
28628  -47.886  -37.723  -30.111 0.0000000000
28629  -48.581  -37.306  -30.364 0.0000000000
28630  -49.856  -37.465  -30.767 0.0000000000
28631  -51.154  -37.448  -31.107 0.0000000000
28632  -52.137  -37.971  -31.034 0.0000000000
28633  -54.270  -37.539  -30.705 0.0000000000
28634  -54.290  -37.314  -30.381 0.0000000000
28635  -51.646  -36.749  -31.479 0.0000000000
28636  -52.535  -37.168  -31.442 0.0000000000
28637  -53.626  -37.049  -31.517 0.0000000000
28638  -54.225  -37.267  -31.198 0.0000000000
28639  -54.456  -37.253  -30.910 0.0000000000
29588  -50.156  -36.939  -26.475 0.0000000000
29596  -50.082  -36.932  -27.227 0.0000000000
29605  -50.032  -36.813  -28.024 0.0000000000
29615  -50.347  -36.408  -28.779 0.0000000000
29616  -51.058  -36.589  -29.210 0.0000000000
29621  -47.625  -35.997  -28.964 0.0000000000
29622  -48.109  -36.091  -29.707 0.0000000000
29623  -50.806  -36.063  -29.409 0.0000000000
29624  -51.615  -36.182  -29.617 0.0000000000
29625  -52.786  -36.245  -30.119 0.0000000000
29626  -53.759  -36.720  -30.012 0.0000000000
29627  -54.199  -36.998  -30.087 0.0000000000
29628  -48.610  -36.147  -30.351 0.0000000000
29629  -49.562  -36.275  -31.012 0.0000000000
29630  -50.334  -36.865  -31.107 0.0000000000
29631  -53.156  -35.673  -30.553 0.0000000000
29632  -53.617  -35.889  -30.597 0.0000000000
29633  -54.252  -36.379  -30.684 0.0000000000
29634  -50.104  -35.666  -31.406 0.0000000000
29635  -50.843  -36.164  -31.466 0.0000000000
29636  -52.052  -36.075  -31.819 0.0000000000
29637  -53.215  -35.949  -32.139 0.0000000000
29638  -54.054  -36.258  -31.727 0.0000000000
29639  -54.403  -36.662  -31.158 0.0000000000
29640  -53.578  -35.153  -32.476 0.0000000000
29641  -53.852  -35.435  -32.250 0.0000000000
30591  -47.192  -35.314  -28.396 0.0000000000
30594  -50.373  -35.610  -29.200 0.0000000000
30599  -47.594  -35.030  -28.792 0.0000000000
30600  -47.981  -35.154  -29.335 0.0000000000
30601  -50.290  -34.921  -29.260 0.0000000000
30602  -51.013  -35.232  -29.667 0.0000000000
30603  -52.042  -35.277  -30.237 0.0000000000
30604  -52.783  -35.445  -30.514 0.0000000000
30605  -48.420  -35.206  -30.035 0.0000000000
30606  -49.002  -35.223  -30.728 0.0000000000
30607  -52.594  -34.897  -30.673 0.0000000000
30608  -53.246  -35.080  -30.940 0.0000000000
30609  -53.952  -35.317  -31.357 0.0000000000
30610  -54.265  -35.941  -31.364 0.0000000000
30611  -49.692  -35.113  -31.317 0.0000000000
30612  -50.499  -35.031  -31.716 0.0000000000
30613  -51.526  -35.088  -32.199 0.0000000000
30614  -52.440  -35.332  -32.397 0.0000000000
30615  -54.213  -35.258  -32.003 0.0000000000
30616  -54.280  -36.046  -31.592 0.0000000000
30617  -52.300  -34.598  -32.557 0.0000000000
30618  -53.098  -34.719  -32.708 0.0000000000
30619  -53.822  -34.542  -32.620 0.0000000000
31704  -47.256  -34.388  -28.374 0.0000000000
31712  -47.680  -34.264  -28.987 0.0000000000
31713  -48.217  -34.269  -29.622 0.0000000000
31714  -50.678  -34.213  -29.588 0.0000000000
31715  -51.489  -34.273  -30.228 0.0000000000
31716  -52.158  -34.508  -30.600 0.0000000000
31719  -48.757  -34.268  -30.324 0.0000000000
31720  -49.358  -34.213  -31.024 0.0000000000
31721  -52.046  -33.897  -30.773 0.0000000000
31722  -52.716  -34.158  -31.126 0.0000000000
31723  -53.676  -34.115  -31.619 0.0000000000
31724  -54.097  -34.491  -32.008 0.0000000000
31725  -50.038  -34.108  -31.698 0.0000000000
31726  -50.989  -33.965  -32.305 0.0000000000
31727  -51.821  -34.158  -32.539 0.0000000000
31728  -53.983  -33.890  -32.236 0.0000000000
31729  -54.081  -34.071  -32.582 0.0000000000
31730  -51.748  -33.435  -32.734 0.0000000000
31731  -52.522  -33.682  -32.902 0.0000000000
31732  -53.310  -33.587  -33.032 0.0000000000
31733  -53.950  -33.714  -33.008 0.0000000000
32924  -47.016  -33.822  -28.160 0.0000000000
32930  -46.864  -33.063  -28.178 0.0000000000
32931  -47.189  -33.380  -28.484 0.0000000000
32940  -47.773  -33.335  -29.305 0.0000000000
32941  -48.475  -33.314  -29.931 0.0000000000
32943  -51.159  -33.324  -29.957 0.0000000000
32948  -49.148  -33.269  -30.624 0.0000000000
32949  -49.688  -33.170  -31.463 0.0000000000
32950  -51.725  -33.383  -30.576 0.0000000000
32951  -52.371  -33.104  -31.276 0.0000000000
32952  -53.141  -33.361  -31.637 0.0000000000
32953  -50.401  -33.020  -32.197 0.0000000000
32954  -51.295  -32.777  -32.704 0.0000000000
32955  -53.051  -32.621  -31.906 0.0000000000
32956  -53.497  -33.082  -32.443 0.0000000000
32957  -53.950  -33.446  -32.761 0.0000000000
32958  -52.113  -32.677  -33.191 0.0000000000
32959  -52.950  -32.708  -33.254 0.0000000000
32960  -53.636  -32.904  -33.073 0.0000000000
32961  -54.071  -33.493  -32.988 0.0000000000
34048  -46.759  -32.423  -28.158 0.0000000000
34049  -47.417  -32.363  -28.874 0.0000000000
34056  -48.143  -32.344  -29.535 0.0000000000
34057  -48.845  -32.301  -30.271 0.0000000000
34066  -49.467  -32.213  -31.141 0.0000000000
34067  -50.030  -32.097  -32.051 0.0000000000
34068  -51.687  -32.327  -30.766 0.0000000000
34069  -52.570  -31.983  -31.798 0.0000000000
34073  -50.878  -31.925  -32.624 0.0000000000
34074  -51.712  -31.792  -33.161 0.0000000000
34075  -53.109  -31.995  -32.573 0.0000000000
34076  -53.440  -32.373  -32.988 0.0000000000
34077  -52.521  -31.802  -33.357 0.0000000000
34078  -53.123  -31.879  -33.239 0.0000000000
34079  -53.311  -32.390  -33.204 0.0000000000
35282  -47.753  -31.348  -29.182 0.0000000000
35288  -48.494  -31.328  -29.911 0.0000000000
35289  -49.274  -31.251  -30.747 0.0000000000
35299  -49.799  -31.143  -31.866 0.0000000000
35300  -50.610  -31.099  -32.546 0.0000000000
35301  -51.970  -30.995  -32.064 0.0000000000
35302  -52.656  -31.464  -32.399 0.0000000000
35306  -51.320  -31.016  -33.060 0.0000000000
35307  -52.235  -30.991  -33.265 0.0000000000
35308  -52.761  -31.245  -32.911 0.0000000000
35309  -52.737  -31.316  -33.361 0.0000000000
35310  -52.806  -31.067  -33.391 0.0000000000
36438  -48.877  -30.309  -30.376 0.0000000000
36448  -49.684  -30.215  -31.421 0.0000000000
36449  -50.744  -30.166  -32.439 0.0000000000
36450  -51.552  -29.940  -32.365 0.0000000000
36455  -51.057  -30.546  -32.887 0.0000000000
36456  -51.588  -30.288  -33.036 0.0000000000
37539  -49.403  -29.292  -30.786 0.0000000000
37540  -50.262  -29.252  -31.983 0.0000000000
37541  -51.221  -29.312  -32.659 0.0000000000
