#!ascii label  , from subject Broad_82_YZ vox2ras=TkReg
358
114412  -35.228  38.111  -29.714 0.0000000000
115170  -29.435  38.592  -28.950 0.0000000000
115171  -30.467  38.444  -28.796 0.0000000000
115172  -31.575  38.432  -28.643 0.0000000000
115173  -32.699  38.619  -28.616 0.0000000000
115174  -33.796  38.781  -28.723 0.0000000000
115175  -34.807  38.794  -28.826 0.0000000000
115176  -35.635  38.822  -29.023 0.0000000000
115177  -36.041  38.939  -29.288 0.0000000000
115188  -29.188  38.419  -29.886 0.0000000000
115189  -30.065  38.074  -29.690 0.0000000000
115190  -31.175  37.920  -29.616 0.0000000000
115191  -32.292  37.986  -29.334 0.0000000000
115192  -33.329  38.178  -29.296 0.0000000000
115193  -34.289  38.293  -29.302 0.0000000000
115194  -35.092  38.356  -29.355 0.0000000000
115195  -35.678  38.525  -29.712 0.0000000000
115939  -26.352  39.804  -26.943 0.0000000000
115940  -26.833  39.900  -27.030 0.0000000000
115951  -27.045  39.649  -27.474 0.0000000000
115952  -28.139  39.594  -27.622 0.0000000000
115953  -29.172  39.469  -27.453 0.0000000000
115954  -30.267  39.608  -27.395 0.0000000000
115955  -31.356  39.823  -27.507 0.0000000000
115956  -32.342  40.013  -27.710 0.0000000000
115957  -32.840  40.239  -28.005 0.0000000000
115975  -27.750  39.272  -28.316 0.0000000000
115976  -28.755  39.011  -28.214 0.0000000000
115977  -29.802  38.889  -28.048 0.0000000000
115978  -30.898  39.009  -28.010 0.0000000000
115979  -32.021  39.158  -27.982 0.0000000000
115980  -33.185  39.646  -28.257 0.0000000000
115981  -34.426  39.544  -28.545 0.0000000000
115982  -35.421  39.495  -28.681 0.0000000000
115983  -36.275  39.531  -28.998 0.0000000000
115984  -36.519  40.082  -29.281 0.0000000000
116001  -28.458  38.824  -29.110 0.0000000000
116002  -36.211  39.216  -29.602 0.0000000000
116003  -36.468  39.870  -29.548 0.0000000000
116016  -35.909  39.205  -30.216 0.0000000000
116017  -36.300  39.630  -29.839 0.0000000000
116739  -26.270  40.996  -26.203 0.0000000000
116740  -26.792  41.081  -26.319 0.0000000000
116745  -25.844  40.281  -26.489 0.0000000000
116746  -26.931  40.511  -26.680 0.0000000000
116747  -28.077  40.699  -26.552 0.0000000000
116748  -29.093  40.903  -26.567 0.0000000000
116749  -29.989  41.131  -26.732 0.0000000000
116750  -30.500  41.361  -26.875 0.0000000000
116757  -27.078  39.960  -27.063 0.0000000000
116758  -27.624  40.046  -27.072 0.0000000000
116759  -28.608  40.105  -26.999 0.0000000000
116760  -29.643  40.266  -26.958 0.0000000000
116761  -30.774  40.745  -27.062 0.0000000000
116762  -31.844  40.741  -27.463 0.0000000000
116763  -32.634  40.780  -27.861 0.0000000000
116774  -33.291  40.647  -28.250 0.0000000000
116775  -34.148  40.432  -28.446 0.0000000000
116776  -35.150  40.330  -28.529 0.0000000000
116777  -35.999  40.258  -28.680 0.0000000000
116778  -36.505  40.398  -29.042 0.0000000000
116794  -36.706  40.615  -29.577 0.0000000000
116795  -36.911  40.939  -29.806 0.0000000000
116812  -35.953  40.226  -30.459 0.0000000000
116813  -36.513  40.311  -30.023 0.0000000000
116814  -36.815  40.733  -29.880 0.0000000000
117561  -25.847  41.742  -25.784 0.0000000000
117562  -26.936  41.753  -26.072 0.0000000000
117563  -27.972  41.938  -25.611 0.0000000000
117564  -28.506  42.147  -25.748 0.0000000000
117567  -27.064  41.143  -26.334 0.0000000000
117568  -27.603  41.281  -26.247 0.0000000000
117569  -28.646  41.655  -26.026 0.0000000000
117570  -29.599  41.800  -26.402 0.0000000000
117571  -30.337  41.881  -26.751 0.0000000000
117576  -30.892  41.769  -27.090 0.0000000000
117577  -31.530  41.614  -27.428 0.0000000000
117578  -32.313  41.601  -27.829 0.0000000000
117586  -33.082  41.547  -28.361 0.0000000000
117587  -33.988  41.385  -28.557 0.0000000000
117588  -34.885  41.179  -28.591 0.0000000000
117589  -35.875  41.225  -28.717 0.0000000000
117590  -36.327  40.784  -28.859 0.0000000000
117601  -36.318  41.794  -29.096 0.0000000000
117602  -36.682  41.307  -29.222 0.0000000000
117603  -37.065  41.287  -29.755 0.0000000000
117619  -36.588  41.281  -30.506 0.0000000000
117620  -36.987  41.031  -30.052 0.0000000000
117636  -36.195  41.537  -30.809 0.0000000000
118395  -26.487  42.668  -25.529 0.0000000000
118396  -27.534  42.745  -25.536 0.0000000000
118397  -28.519  42.795  -25.719 0.0000000000
118398  -29.016  43.221  -25.905 0.0000000000
118402  -28.776  42.289  -25.805 0.0000000000
118403  -29.291  42.699  -26.060 0.0000000000
118404  -30.138  42.686  -26.570 0.0000000000
118408  -30.855  42.632  -27.004 0.0000000000
118409  -31.368  42.465  -27.491 0.0000000000
118410  -31.958  42.429  -27.858 0.0000000000
118418  -32.677  42.481  -28.446 0.0000000000
118419  -33.792  42.520  -29.017 0.0000000000
118420  -34.765  41.986  -28.908 0.0000000000
118421  -35.327  41.668  -28.841 0.0000000000
118432  -34.277  43.129  -29.498 0.0000000000
118433  -34.792  42.773  -29.510 0.0000000000
118434  -35.745  42.289  -29.250 0.0000000000
118435  -36.663  42.311  -29.414 0.0000000000
118436  -37.264  42.091  -29.672 0.0000000000
118454  -36.907  42.342  -30.618 0.0000000000
118455  -37.336  41.760  -30.186 0.0000000000
118472  -36.351  42.024  -30.919 0.0000000000
119214  -26.403  44.157  -24.858 0.0000000000
119215  -26.931  44.329  -24.962 0.0000000000
119218  -26.052  43.377  -25.168 0.0000000000
119219  -27.115  43.735  -25.136 0.0000000000
119220  -28.088  43.693  -25.502 0.0000000000
119221  -28.804  43.743  -25.831 0.0000000000
119225  -29.332  43.703  -26.152 0.0000000000
119226  -29.942  43.596  -26.480 0.0000000000
119231  -30.684  43.569  -26.926 0.0000000000
119232  -31.287  43.460  -27.724 0.0000000000
119233  -31.653  42.934  -27.883 0.0000000000
119241  -31.644  43.939  -28.180 0.0000000000
119242  -32.107  43.464  -28.300 0.0000000000
119243  -33.170  43.511  -28.782 0.0000000000
119254  -33.973  43.637  -29.301 0.0000000000
119255  -34.762  43.664  -29.467 0.0000000000
119256  -35.577  43.461  -29.603 0.0000000000
119257  -36.373  43.258  -29.719 0.0000000000
119258  -37.042  43.084  -29.794 0.0000000000
119278  -36.784  43.365  -30.618 0.0000000000
119279  -37.323  42.769  -30.179 0.0000000000
119297  -36.397  42.868  -31.119 0.0000000000
120024  -25.898  44.984  -24.644 0.0000000000
120025  -26.834  44.943  -24.951 0.0000000000
120026  -27.411  45.076  -25.190 0.0000000000
120028  -27.254  44.538  -25.085 0.0000000000
120029  -27.819  44.668  -25.373 0.0000000000
120030  -28.550  44.582  -25.753 0.0000000000
120034  -29.189  44.535  -26.060 0.0000000000
120035  -29.746  44.489  -26.447 0.0000000000
120040  -30.326  44.473  -26.872 0.0000000000
120041  -30.954  44.544  -27.521 0.0000000000
120042  -31.534  44.917  -27.890 0.0000000000
120053  -31.431  44.292  -27.997 0.0000000000
120054  -31.988  44.599  -28.267 0.0000000000
120055  -32.772  44.498  -28.706 0.0000000000
120070  -33.637  44.492  -29.099 0.0000000000
120071  -34.514  44.506  -29.332 0.0000000000
120072  -35.398  44.460  -29.459 0.0000000000
120073  -36.197  44.342  -29.650 0.0000000000
120074  -36.760  44.185  -29.914 0.0000000000
120092  -36.603  44.490  -30.625 0.0000000000
120093  -36.878  43.840  -30.171 0.0000000000
120107  -35.347  44.290  -31.646 0.0000000000
120108  -36.167  43.904  -31.136 0.0000000000
120816  -26.552  45.761  -24.727 0.0000000000
120817  -27.357  45.795  -24.963 0.0000000000
120818  -28.046  46.014  -25.064 0.0000000000
120820  -27.806  45.454  -25.297 0.0000000000
120821  -28.445  45.648  -25.596 0.0000000000
120822  -29.161  45.879  -25.807 0.0000000000
120826  -29.010  45.228  -25.891 0.0000000000
120827  -29.634  45.507  -26.217 0.0000000000
120828  -30.256  45.784  -26.506 0.0000000000
120832  -30.100  45.160  -26.672 0.0000000000
120833  -30.675  45.505  -26.992 0.0000000000
120834  -31.365  45.564  -27.526 0.0000000000
120847  -32.024  45.538  -27.908 0.0000000000
120848  -32.547  45.512  -28.550 0.0000000000
120862  -33.367  45.415  -28.888 0.0000000000
120863  -34.148  45.388  -29.328 0.0000000000
120864  -35.096  45.398  -29.446 0.0000000000
120865  -35.998  45.360  -29.414 0.0000000000
120866  -36.709  45.352  -29.674 0.0000000000
120881  -36.515  45.317  -30.673 0.0000000000
120882  -37.053  45.359  -30.188 0.0000000000
120899  -34.934  45.428  -31.722 0.0000000000
120900  -35.937  45.242  -31.162 0.0000000000
121645  -33.179  46.438  -28.681 0.0000000000
121661  -33.768  46.130  -29.264 0.0000000000
121662  -34.635  46.399  -29.437 0.0000000000
121663  -35.665  46.273  -29.457 0.0000000000
121664  -36.433  46.327  -29.448 0.0000000000
121665  -37.000  46.490  -29.595 0.0000000000
121679  -35.654  46.581  -30.920 0.0000000000
121680  -36.223  46.269  -30.733 0.0000000000
121681  -37.184  46.910  -30.098 0.0000000000
121695  -34.525  46.322  -31.880 0.0000000000
121696  -35.339  46.354  -31.253 0.0000000000
121697  -35.903  45.953  -31.121 0.0000000000
122534  -36.356  47.872  -28.901 0.0000000000
122535  -36.879  47.989  -28.914 0.0000000000
122552  -35.341  47.042  -29.287 0.0000000000
122553  -36.103  47.097  -29.236 0.0000000000
122554  -36.766  47.243  -29.201 0.0000000000
122555  -37.168  47.704  -29.334 0.0000000000
122567  -34.862  47.554  -31.067 0.0000000000
122568  -35.328  47.180  -30.736 0.0000000000
122569  -36.478  47.603  -30.315 0.0000000000
122570  -37.025  48.037  -29.746 0.0000000000
122584  -34.442  47.412  -31.558 0.0000000000
122585  -35.029  46.960  -31.208 0.0000000000
123374  -37.089  48.663  -28.892 0.0000000000
123384  -36.981  49.012  -29.576 0.0000000000
123385  -37.094  48.781  -29.393 0.0000000000
123390  -34.861  48.095  -30.830 0.0000000000
123391  -35.801  48.432  -30.476 0.0000000000
123392  -36.741  48.757  -29.868 0.0000000000
123393  -37.020  48.509  -29.658 0.0000000000
123406  -34.337  48.730  -31.296 0.0000000000
124124  -37.202  49.505  -28.911 0.0000000000
124133  -36.946  49.534  -29.509 0.0000000000
124134  -37.152  49.488  -29.244 0.0000000000
124139  -35.041  49.455  -30.729 0.0000000000
124140  -36.085  49.459  -30.184 0.0000000000
124141  -36.587  49.484  -29.841 0.0000000000
124152  -34.369  49.536  -31.260 0.0000000000
124851  -37.072  50.501  -28.491 0.0000000000
124857  -37.016  50.431  -29.492 0.0000000000
124858  -37.314  50.279  -29.077 0.0000000000
124862  -35.093  50.603  -30.800 0.0000000000
124863  -35.784  50.433  -30.401 0.0000000000
124864  -36.539  50.217  -29.889 0.0000000000
124874  -34.419  50.378  -31.254 0.0000000000
125402  -38.994  51.468  -24.027 0.0000000000
125403  -39.820  51.678  -23.786 0.0000000000
125404  -40.747  52.014  -23.656 0.0000000000
125405  -41.779  52.032  -23.221 0.0000000000
125422  -38.801  51.603  -24.868 0.0000000000
125423  -39.741  51.972  -24.579 0.0000000000
125424  -40.220  52.019  -24.123 0.0000000000
125440  -38.680  51.538  -25.722 0.0000000000
125441  -39.436  51.883  -25.456 0.0000000000
125454  -37.784  51.452  -26.802 0.0000000000
125455  -38.563  51.548  -26.516 0.0000000000
125456  -39.261  51.775  -26.318 0.0000000000
125467  -37.527  51.283  -27.720 0.0000000000
125468  -38.581  51.710  -27.369 0.0000000000
125469  -39.037  51.733  -26.871 0.0000000000
125479  -37.828  51.384  -28.560 0.0000000000
125480  -38.260  51.505  -27.973 0.0000000000
125486  -36.922  50.910  -29.779 0.0000000000
125487  -37.366  51.263  -29.371 0.0000000000
125493  -34.804  51.172  -31.019 0.0000000000
125494  -35.506  51.574  -30.712 0.0000000000
125495  -36.528  51.291  -30.218 0.0000000000
125496  -37.057  51.426  -29.851 0.0000000000
125507  -34.900  51.729  -31.091 0.0000000000
126070  -40.971  52.340  -24.040 0.0000000000
126071  -41.497  52.601  -23.966 0.0000000000
126072  -42.420  52.777  -23.200 0.0000000000
126085  -40.126  52.234  -24.743 0.0000000000
126086  -40.602  52.412  -24.498 0.0000000000
126087  -41.440  53.064  -24.863 0.0000000000
126099  -40.070  52.302  -25.142 0.0000000000
126100  -40.724  52.716  -25.490 0.0000000000
126101  -41.433  53.367  -25.774 0.0000000000
126113  -40.052  52.174  -26.053 0.0000000000
126114  -40.783  52.865  -26.581 0.0000000000
126115  -41.407  53.642  -26.510 0.0000000000
126126  -38.992  51.999  -27.611 0.0000000000
126127  -39.604  52.161  -27.230 0.0000000000
126128  -40.540  53.008  -27.586 0.0000000000
126137  -38.257  51.877  -28.647 0.0000000000
126138  -38.718  52.226  -28.205 0.0000000000
126139  -39.797  52.925  -28.101 0.0000000000
126140  -40.415  53.443  -28.134 0.0000000000
126146  -38.075  52.140  -29.063 0.0000000000
126147  -38.645  52.915  -29.038 0.0000000000
126152  -35.739  52.389  -30.785 0.0000000000
126153  -36.357  52.298  -30.506 0.0000000000
126154  -37.303  52.308  -29.929 0.0000000000
126163  -35.021  52.627  -31.138 0.0000000000
126717  -42.511  53.603  -22.966 0.0000000000
126734  -42.177  53.392  -24.313 0.0000000000
126735  -42.632  53.903  -23.883 0.0000000000
126751  -42.072  53.719  -25.179 0.0000000000
126752  -42.482  54.149  -24.752 0.0000000000
126765  -41.983  54.211  -25.967 0.0000000000
126766  -42.314  54.227  -25.303 0.0000000000
126774  -41.097  53.585  -27.200 0.0000000000
126775  -41.505  54.240  -26.927 0.0000000000
126784  -40.843  53.720  -27.837 0.0000000000
126785  -41.149  54.171  -27.597 0.0000000000
126794  -39.316  53.240  -28.773 0.0000000000
126795  -40.035  53.613  -28.588 0.0000000000
126796  -40.577  54.115  -28.366 0.0000000000
126797  -40.929  54.116  -27.962 0.0000000000
126808  -38.203  53.123  -29.630 0.0000000000
126809  -38.948  53.750  -29.587 0.0000000000
126810  -39.709  53.949  -29.152 0.0000000000
126811  -40.147  54.095  -28.816 0.0000000000
126824  -36.131  53.028  -30.900 0.0000000000
126825  -37.017  53.146  -30.610 0.0000000000
126826  -37.884  53.673  -30.305 0.0000000000
126827  -38.450  53.735  -29.977 0.0000000000
126835  -35.872  53.765  -31.483 0.0000000000
126836  -36.885  53.799  -31.109 0.0000000000
126837  -37.420  53.794  -30.725 0.0000000000
127392  -41.950  54.081  -22.990 0.0000000000
127410  -41.483  54.569  -23.579 0.0000000000
127411  -42.357  54.475  -23.635 0.0000000000
127426  -40.822  54.908  -24.608 0.0000000000
127427  -42.042  55.240  -24.261 0.0000000000
127428  -42.597  54.769  -24.506 0.0000000000
127440  -39.795  54.964  -25.723 0.0000000000
127441  -40.805  55.341  -25.597 0.0000000000
127442  -42.198  54.819  -25.949 0.0000000000
127443  -42.417  54.742  -25.320 0.0000000000
127454  -38.730  54.885  -26.699 0.0000000000
127455  -39.641  55.282  -26.631 0.0000000000
127456  -41.916  54.860  -26.628 0.0000000000
127467  -37.703  54.779  -27.426 0.0000000000
127468  -38.472  55.205  -27.675 0.0000000000
127469  -40.956  55.030  -27.946 0.0000000000
127470  -41.256  54.879  -27.572 0.0000000000
127478  -37.718  55.083  -28.207 0.0000000000
127479  -38.379  55.357  -28.338 0.0000000000
127480  -40.733  54.824  -28.270 0.0000000000
127481  -40.962  54.445  -27.964 0.0000000000
127488  -39.016  54.199  -29.886 0.0000000000
127489  -39.315  54.450  -29.671 0.0000000000
127490  -40.091  54.621  -29.051 0.0000000000
127508  -38.143  54.200  -30.477 0.0000000000
127509  -38.639  54.354  -30.245 0.0000000000
127510  -39.185  54.888  -30.104 0.0000000000
127529  -36.707  54.766  -31.518 0.0000000000
127530  -37.814  54.484  -30.819 0.0000000000
127531  -38.388  54.811  -30.619 0.0000000000
128153  -41.626  55.351  -25.233 0.0000000000
128154  -42.320  55.224  -24.999 0.0000000000
128155  -42.579  55.044  -25.003 0.0000000000
128165  -40.366  55.441  -26.377 0.0000000000
128166  -41.234  55.566  -26.192 0.0000000000
128167  -42.148  55.324  -25.862 0.0000000000
128168  -42.422  55.119  -25.269 0.0000000000
128175  -39.257  55.417  -27.312 0.0000000000
128176  -39.976  55.408  -27.061 0.0000000000
128177  -40.605  55.449  -27.077 0.0000000000
128178  -41.444  55.427  -27.038 0.0000000000
128188  -38.946  55.530  -28.009 0.0000000000
128189  -39.762  55.658  -27.879 0.0000000000
128190  -40.717  55.316  -27.917 0.0000000000
128191  -41.136  55.233  -27.480 0.0000000000
128203  -37.784  55.414  -28.906 0.0000000000
128204  -38.805  55.467  -28.784 0.0000000000
128205  -39.700  55.461  -28.834 0.0000000000
128206  -40.232  55.140  -28.893 0.0000000000
128221  -37.948  55.574  -29.678 0.0000000000
128222  -38.811  55.483  -29.676 0.0000000000
128223  -39.516  55.093  -29.584 0.0000000000
128224  -40.007  54.976  -29.242 0.0000000000
128238  -37.851  55.723  -30.502 0.0000000000
128239  -38.661  55.182  -30.359 0.0000000000
128240  -39.158  55.168  -30.030 0.0000000000
128256  -37.645  55.617  -31.235 0.0000000000
128257  -38.219  55.058  -30.835 0.0000000000
