#!ascii label  , from subject Broad_82_YZ vox2ras=TkReg
970
111159  0.372  33.235  -33.704 0.0000000000
111168  0.288  33.566  -34.462 0.0000000000
111171  -3.549  33.046  -35.085 0.0000000000
111182  0.607  33.710  -35.137 0.0000000000
111183  -0.062  33.654  -35.287 0.0000000000
111185  -3.619  33.189  -36.185 0.0000000000
111200  -0.078  33.905  -35.867 0.0000000000
111201  -0.823  33.415  -36.275 0.0000000000
111202  -1.988  33.325  -36.894 0.0000000000
111203  -3.089  33.548  -37.113 0.0000000000
111213  -1.332  33.946  -37.025 0.0000000000
111214  -2.145  34.222  -37.207 0.0000000000
111215  -2.871  34.581  -37.472 0.0000000000
111956  0.350  33.579  -32.969 0.0000000000
111957  -0.245  33.824  -32.751 0.0000000000
111958  -1.159  34.181  -32.600 0.0000000000
111959  -1.839  34.555  -32.315 0.0000000000
111968  0.416  33.661  -33.606 0.0000000000
111969  0.172  34.188  -33.446 0.0000000000
111970  -0.426  34.421  -33.098 0.0000000000
111982  0.616  33.914  -34.320 0.0000000000
111983  0.455  34.144  -34.034 0.0000000000
111984  -3.476  34.117  -35.326 0.0000000000
111995  1.153  33.901  -35.029 0.0000000000
111996  0.437  34.055  -35.528 0.0000000000
111997  -3.451  34.402  -36.329 0.0000000000
112009  -0.046  34.345  -36.266 0.0000000000
112010  -0.643  34.189  -36.919 0.0000000000
112011  -3.454  34.839  -37.184 0.0000000000
112021  -0.347  34.800  -36.993 0.0000000000
112022  -1.229  34.786  -37.200 0.0000000000
112023  -2.196  35.096  -37.482 0.0000000000
112024  -3.014  35.345  -37.693 0.0000000000
112796  -1.579  35.121  -32.800 0.0000000000
112807  -0.189  34.791  -33.549 0.0000000000
112808  -0.830  35.005  -33.223 0.0000000000
112809  -3.483  34.861  -34.553 0.0000000000
112821  0.667  34.288  -34.339 0.0000000000
112822  0.336  34.747  -34.229 0.0000000000
112823  -3.418  35.138  -35.372 0.0000000000
112824  -3.670  35.738  -34.409 0.0000000000
112836  0.924  34.379  -34.649 0.0000000000
112837  0.525  34.866  -35.382 0.0000000000
112838  -3.384  35.874  -36.496 0.0000000000
112839  -3.350  35.611  -36.350 0.0000000000
112853  -0.081  35.302  -36.447 0.0000000000
112854  -3.444  35.926  -36.725 0.0000000000
112855  -3.451  35.789  -37.233 0.0000000000
112868  -0.597  35.516  -37.178 0.0000000000
112869  -1.425  35.697  -37.486 0.0000000000
112870  -2.287  35.909  -37.786 0.0000000000
112871  -3.114  36.141  -37.977 0.0000000000
113645  -0.350  35.508  -33.776 0.0000000000
113646  -1.138  36.030  -33.226 0.0000000000
113658  -0.135  35.746  -34.662 0.0000000000
113659  -3.405  36.111  -35.226 0.0000000000
113660  -3.945  36.715  -34.397 0.0000000000
113671  -0.326  36.038  -35.726 0.0000000000
113672  -0.682  36.624  -36.251 0.0000000000
113673  -3.339  36.112  -36.452 0.0000000000
113674  -3.181  36.432  -35.923 0.0000000000
113688  -0.406  36.224  -36.769 0.0000000000
113689  -0.730  36.809  -36.746 0.0000000000
113690  -3.436  36.285  -36.839 0.0000000000
113691  -3.381  36.563  -37.389 0.0000000000
113705  -0.850  36.264  -37.395 0.0000000000
113706  -1.508  36.550  -37.826 0.0000000000
113707  -2.355  36.660  -38.100 0.0000000000
113708  -3.115  37.019  -38.093 0.0000000000
113719  -1.763  37.110  -38.204 0.0000000000
113720  -2.329  37.334  -38.387 0.0000000000
113721  -2.842  37.631  -38.506 0.0000000000
114468  -0.517  36.574  -33.959 0.0000000000
114469  -1.186  37.217  -33.482 0.0000000000
114488  -0.573  36.786  -34.884 0.0000000000
114489  -3.451  37.040  -35.143 0.0000000000
114490  -4.097  37.697  -34.437 0.0000000000
114506  -0.793  36.987  -35.631 0.0000000000
114507  -1.051  37.174  -36.311 0.0000000000
114508  -3.272  36.567  -36.413 0.0000000000
114509  -3.186  37.229  -36.085 0.0000000000
114522  -0.722  36.696  -37.149 0.0000000000
114523  -1.006  37.272  -37.095 0.0000000000
114524  -3.331  36.804  -36.776 0.0000000000
114525  -3.360  37.443  -37.128 0.0000000000
114541  -0.945  36.848  -37.551 0.0000000000
114542  -1.203  37.392  -37.910 0.0000000000
114543  -3.343  37.874  -38.043 0.0000000000
114556  -1.684  37.711  -38.443 0.0000000000
114557  -2.276  37.974  -38.680 0.0000000000
114558  -2.913  38.249  -38.679 0.0000000000
115244  -0.811  37.750  -34.297 0.0000000000
115245  -1.310  38.257  -33.664 0.0000000000
115247  -4.731  38.343  -33.877 0.0000000000
115248  -5.338  38.878  -33.507 0.0000000000
115265  -0.786  37.599  -35.078 0.0000000000
115266  -3.548  38.007  -35.190 0.0000000000
115267  -4.244  38.661  -34.523 0.0000000000
115268  -4.973  39.161  -34.057 0.0000000000
115286  -1.141  37.800  -35.679 0.0000000000
115287  -1.365  37.905  -36.472 0.0000000000
115288  -3.356  38.260  -36.155 0.0000000000
115306  -1.410  38.043  -37.300 0.0000000000
115307  -3.450  38.493  -37.164 0.0000000000
115323  -1.388  38.245  -38.100 0.0000000000
115324  -3.267  38.761  -38.078 0.0000000000
115337  -1.718  38.433  -38.731 0.0000000000
115338  -2.299  38.677  -38.958 0.0000000000
115339  -2.971  39.008  -38.894 0.0000000000
116050  -0.942  38.954  -34.163 0.0000000000
116053  -5.645  39.602  -33.705 0.0000000000
116054  -5.967  39.715  -33.283 0.0000000000
116072  -0.866  38.680  -35.092 0.0000000000
116073  -3.721  39.016  -35.249 0.0000000000
116074  -4.567  39.635  -34.641 0.0000000000
116075  -5.293  39.775  -34.235 0.0000000000
116092  -1.354  38.609  -35.900 0.0000000000
116093  -1.553  38.777  -36.623 0.0000000000
116094  -3.570  39.260  -36.211 0.0000000000
116095  -4.065  39.873  -35.383 0.0000000000
116112  -1.626  38.899  -37.430 0.0000000000
116113  -3.524  39.466  -37.219 0.0000000000
116127  -1.636  39.103  -38.283 0.0000000000
116128  -3.325  39.640  -38.210 0.0000000000
116137  -1.675  39.223  -39.182 0.0000000000
116138  -2.377  39.395  -39.351 0.0000000000
116139  -3.145  39.857  -39.232 0.0000000000
116147  -1.858  39.795  -39.688 0.0000000000
116148  -2.440  40.023  -39.922 0.0000000000
116149  -3.071  40.435  -39.803 0.0000000000
116848  -5.741  40.096  -34.071 0.0000000000
116849  -6.233  40.329  -33.487 0.0000000000
116850  -6.601  40.440  -32.942 0.0000000000
116863  -0.609  40.057  -34.624 0.0000000000
116865  -4.593  40.268  -34.906 0.0000000000
116866  -5.297  40.468  -34.553 0.0000000000
116867  -5.895  40.444  -34.129 0.0000000000
116878  -1.194  39.892  -36.017 0.0000000000
116879  -1.547  39.396  -36.824 0.0000000000
116880  -3.811  40.319  -36.202 0.0000000000
116881  -4.397  40.570  -35.324 0.0000000000
116882  -4.807  40.603  -34.939 0.0000000000
116893  -1.197  40.561  -36.686 0.0000000000
116894  -1.538  39.995  -37.321 0.0000000000
116895  -3.604  40.394  -37.343 0.0000000000
116909  -1.538  40.059  -38.610 0.0000000000
116910  -3.449  40.506  -38.297 0.0000000000
116920  -1.470  40.061  -39.460 0.0000000000
116921  -3.313  40.781  -39.075 0.0000000000
116925  -1.090  40.915  -40.068 0.0000000000
116926  -1.501  40.616  -40.138 0.0000000000
116927  -2.508  40.858  -40.193 0.0000000000
116928  -3.140  41.125  -39.669 0.0000000000
116929  -1.347  41.126  -40.392 0.0000000000
116930  -1.847  41.196  -40.500 0.0000000000
116931  -2.342  41.460  -40.397 0.0000000000
117652  -6.574  41.386  -33.678 0.0000000000
117653  -6.818  40.936  -33.014 0.0000000000
117661  0.602  41.852  -34.982 0.0000000000
117662  -0.301  41.318  -34.693 0.0000000000
117663  -0.956  40.828  -34.163 0.0000000000
117664  -5.521  41.409  -34.682 0.0000000000
117665  -6.065  40.957  -34.236 0.0000000000
117672  0.558  41.839  -35.856 0.0000000000
117673  -0.173  41.048  -35.438 0.0000000000
117674  -3.750  41.358  -36.538 0.0000000000
117675  -4.299  41.208  -35.623 0.0000000000
117676  -4.935  41.004  -35.094 0.0000000000
117685  0.416  42.014  -36.388 0.0000000000
117686  -0.534  41.375  -36.662 0.0000000000
117687  -1.254  40.817  -37.047 0.0000000000
117688  -3.625  41.108  -37.543 0.0000000000
117698  -0.893  41.637  -37.459 0.0000000000
117699  -1.425  41.152  -37.779 0.0000000000
117700  -3.479  41.355  -38.223 0.0000000000
117706  -0.701  41.427  -39.893 0.0000000000
117707  -1.249  41.034  -39.257 0.0000000000
117708  -3.070  41.887  -39.288 0.0000000000
117709  -3.263  41.572  -38.962 0.0000000000
117713  -0.949  41.294  -40.466 0.0000000000
117714  -0.960  40.960  -40.005 0.0000000000
117715  -2.785  41.693  -39.885 0.0000000000
117716  -3.097  41.548  -39.469 0.0000000000
117719  -1.404  41.628  -40.772 0.0000000000
117720  -2.045  41.957  -40.695 0.0000000000
117721  -2.401  41.957  -40.400 0.0000000000
118485  -6.594  42.392  -33.635 0.0000000000
118486  -7.087  41.878  -33.089 0.0000000000
118495  0.705  42.933  -34.858 0.0000000000
118496  -0.096  42.370  -34.588 0.0000000000
118497  -0.989  41.871  -34.367 0.0000000000
118498  -4.801  42.724  -35.059 0.0000000000
118499  -5.486  42.330  -34.634 0.0000000000
118500  -6.137  41.897  -34.248 0.0000000000
118507  1.493  43.275  -35.876 0.0000000000
118508  1.152  42.591  -35.483 0.0000000000
118509  -3.673  42.493  -36.337 0.0000000000
118510  -4.264  42.117  -35.706 0.0000000000
118511  -4.965  41.803  -35.210 0.0000000000
118519  1.347  43.316  -36.228 0.0000000000
118520  0.945  42.695  -36.241 0.0000000000
118521  0.202  42.390  -36.784 0.0000000000
118522  -3.411  41.889  -37.264 0.0000000000
118530  -0.603  42.259  -37.695 0.0000000000
118531  -1.035  41.721  -37.805 0.0000000000
118532  -2.813  42.527  -38.446 0.0000000000
118533  -3.173  42.187  -38.078 0.0000000000
118538  -0.675  42.184  -39.173 0.0000000000
118539  -1.078  41.717  -38.361 0.0000000000
118540  -2.682  42.403  -39.173 0.0000000000
118541  -3.087  42.143  -38.798 0.0000000000
118544  -0.357  42.135  -40.308 0.0000000000
118545  -2.412  42.438  -39.988 0.0000000000
118548  -0.789  42.299  -41.227 0.0000000000
118549  -1.624  42.252  -41.117 0.0000000000
118550  -2.148  42.499  -40.717 0.0000000000
118551  -0.980  42.985  -41.593 0.0000000000
118552  -1.385  42.808  -41.409 0.0000000000
118553  -1.855  42.780  -41.187 0.0000000000
119313  -5.693  43.799  -33.767 0.0000000000
119314  -6.423  43.383  -33.457 0.0000000000
119326  0.550  43.977  -35.021 0.0000000000
119327  -0.144  43.461  -34.613 0.0000000000
119328  -0.975  42.956  -34.354 0.0000000000
119329  -4.564  43.702  -34.808 0.0000000000
119330  -5.274  43.275  -34.418 0.0000000000
119331  -5.982  42.856  -34.067 0.0000000000
119341  1.680  44.111  -35.811 0.0000000000
119342  1.153  43.541  -35.443 0.0000000000
119343  -3.434  43.551  -36.034 0.0000000000
119344  -4.128  43.128  -35.543 0.0000000000
119356  1.610  43.831  -36.216 0.0000000000
119357  0.971  43.590  -36.688 0.0000000000
119358  0.564  42.960  -36.667 0.0000000000
119359  -2.490  43.625  -37.423 0.0000000000
119360  -3.063  42.919  -37.027 0.0000000000
119368  0.353  43.894  -37.687 0.0000000000
119369  0.130  43.132  -37.241 0.0000000000
119370  -1.599  43.802  -38.921 0.0000000000
119371  -2.334  43.183  -38.426 0.0000000000
119372  -2.777  42.864  -37.855 0.0000000000
119379  0.124  43.914  -38.324 0.0000000000
119380  -0.201  43.351  -38.453 0.0000000000
119381  -1.788  43.623  -39.750 0.0000000000
119382  -2.122  43.048  -39.402 0.0000000000
119386  0.208  43.728  -40.597 0.0000000000
119387  -0.058  43.204  -39.818 0.0000000000
119388  -1.726  43.772  -40.422 0.0000000000
119389  -2.063  43.087  -40.215 0.0000000000
119394  0.027  43.825  -41.182 0.0000000000
119395  -0.133  43.042  -40.844 0.0000000000
119396  -1.591  43.764  -41.043 0.0000000000
119397  -1.998  43.219  -40.891 0.0000000000
119401  -0.249  44.011  -41.371 0.0000000000
119402  -0.561  43.480  -41.423 0.0000000000
119403  -1.232  43.522  -41.451 0.0000000000
119404  -1.663  43.219  -41.269 0.0000000000
120129  0.447  44.971  -35.103 0.0000000000
120130  -0.232  44.556  -34.661 0.0000000000
120131  -1.008  44.060  -34.258 0.0000000000
120132  -4.470  44.778  -34.711 0.0000000000
120133  -5.056  44.277  -34.202 0.0000000000
120144  1.892  45.042  -35.652 0.0000000000
120145  1.124  44.520  -35.485 0.0000000000
120146  -2.762  45.168  -36.335 0.0000000000
120147  -3.280  44.680  -35.817 0.0000000000
120148  -3.906  44.172  -35.288 0.0000000000
120158  2.057  44.714  -36.323 0.0000000000
120159  1.510  44.181  -36.553 0.0000000000
120160  -2.338  44.722  -37.067 0.0000000000
120161  -2.783  44.064  -36.513 0.0000000000
120170  1.654  45.182  -36.726 0.0000000000
120171  1.089  44.675  -37.145 0.0000000000
120172  -1.563  44.933  -38.655 0.0000000000
120173  -1.932  44.235  -37.958 0.0000000000
120179  0.280  44.490  -38.513 0.0000000000
120180  0.040  43.914  -38.611 0.0000000000
120181  -1.573  44.549  -39.750 0.0000000000
120185  0.243  44.379  -39.901 0.0000000000
120186  -0.040  43.894  -39.098 0.0000000000
120187  -1.493  44.552  -40.712 0.0000000000
120192  0.353  44.494  -40.926 0.0000000000
120193  -1.227  44.342  -41.253 0.0000000000
120196  -0.039  44.505  -41.352 0.0000000000
120197  -0.489  44.325  -41.442 0.0000000000
120198  -0.910  44.091  -41.513 0.0000000000
120924  0.415  45.523  -35.115 0.0000000000
120925  -0.239  45.701  -34.845 0.0000000000
120926  -1.132  45.190  -34.277 0.0000000000
120939  1.827  46.037  -35.605 0.0000000000
120940  1.004  45.621  -35.337 0.0000000000
120941  0.399  45.823  -35.115 0.0000000000
120942  -2.833  45.765  -36.326 0.0000000000
120956  2.320  45.722  -35.961 0.0000000000
120957  -2.466  45.931  -36.800 0.0000000000
120965  1.912  45.707  -36.481 0.0000000000
120966  1.359  45.708  -37.146 0.0000000000
120967  -1.510  46.032  -38.430 0.0000000000
120968  -1.887  45.406  -37.701 0.0000000000
120974  0.471  45.635  -37.968 0.0000000000
120975  -1.231  45.677  -39.357 0.0000000000
120981  0.389  45.521  -39.355 0.0000000000
120982  -1.134  46.180  -40.860 0.0000000000
120983  -1.268  45.477  -40.331 0.0000000000
120988  0.426  45.459  -40.536 0.0000000000
120989  -0.983  46.062  -41.211 0.0000000000
120990  -1.143  45.380  -41.161 0.0000000000
120994  0.187  45.400  -41.308 0.0000000000
120995  -0.328  45.149  -41.481 0.0000000000
120996  -0.809  44.798  -41.388 0.0000000000
121720  -0.485  46.674  -34.751 0.0000000000
121721  -1.534  46.456  -34.291 0.0000000000
121735  1.851  46.735  -35.589 0.0000000000
121736  1.285  46.624  -35.360 0.0000000000
121737  0.379  46.464  -35.076 0.0000000000
121747  2.168  46.551  -35.843 0.0000000000
121748  -2.372  46.941  -36.924 0.0000000000
121754  2.144  46.502  -36.260 0.0000000000
121755  1.670  46.539  -36.865 0.0000000000
121756  -1.537  46.895  -38.388 0.0000000000
121757  -1.941  46.640  -37.650 0.0000000000
121762  0.957  46.595  -37.640 0.0000000000
121763  -1.176  46.666  -39.034 0.0000000000
121767  0.601  46.591  -38.801 0.0000000000
121768  -1.009  46.898  -40.771 0.0000000000
121769  -0.944  46.513  -40.017 0.0000000000
121773  0.645  46.577  -40.095 0.0000000000
121774  -0.808  46.664  -41.316 0.0000000000
121775  -0.721  46.014  -41.331 0.0000000000
121779  0.549  46.574  -41.293 0.0000000000
121780  -0.207  46.416  -41.752 0.0000000000
121781  -0.626  45.550  -41.393 0.0000000000
121782  0.298  47.074  -41.962 0.0000000000
121783  0.051  47.130  -42.171 0.0000000000
122601  -0.078  47.273  -34.843 0.0000000000
122602  -0.907  47.473  -34.627 0.0000000000
122603  -1.884  47.731  -34.262 0.0000000000
122616  2.031  47.156  -35.746 0.0000000000
122617  1.587  47.385  -35.532 0.0000000000
122618  0.695  47.571  -35.239 0.0000000000
122629  2.286  47.266  -36.029 0.0000000000
122636  1.972  47.348  -36.562 0.0000000000
122637  1.458  47.430  -37.318 0.0000000000
122638  -1.609  47.611  -38.065 0.0000000000
122639  -2.050  47.676  -37.316 0.0000000000
122645  0.869  47.560  -38.229 0.0000000000
122646  -1.286  47.516  -38.780 0.0000000000
122650  0.773  47.641  -39.430 0.0000000000
122651  -0.795  47.500  -40.273 0.0000000000
122652  -0.939  47.403  -39.436 0.0000000000
122656  0.869  47.804  -40.702 0.0000000000
122657  -0.798  47.580  -41.090 0.0000000000
122660  0.568  47.730  -41.670 0.0000000000
122661  -0.508  47.518  -41.733 0.0000000000
122662  0.196  47.738  -42.147 0.0000000000
122663  -0.154  47.455  -42.099 0.0000000000
123424  -0.211  48.182  -34.894 0.0000000000
123425  -1.159  48.538  -34.608 0.0000000000
123437  1.974  47.919  -35.804 0.0000000000
123438  1.341  48.373  -35.534 0.0000000000
123439  0.468  48.734  -35.338 0.0000000000
123448  2.169  48.169  -36.242 0.0000000000
123455  1.798  48.238  -36.928 0.0000000000
123456  1.245  48.333  -37.729 0.0000000000
123457  -1.687  48.403  -37.731 0.0000000000
123458  -2.296  48.742  -37.138 0.0000000000
123464  1.245  48.963  -38.805 0.0000000000
123465  1.142  48.582  -38.709 0.0000000000
123466  -0.766  48.697  -39.086 0.0000000000
123467  -1.172  48.539  -38.643 0.0000000000
123471  1.258  48.988  -39.118 0.0000000000
123472  1.045  48.662  -39.827 0.0000000000
123473  -0.788  48.333  -39.556 0.0000000000
123474  -1.072  47.945  -39.094 0.0000000000
123478  1.373  49.154  -40.822 0.0000000000
123479  1.277  48.872  -40.699 0.0000000000
123480  -0.656  48.366  -40.614 0.0000000000
123483  1.350  49.140  -41.061 0.0000000000
123484  0.969  48.714  -41.411 0.0000000000
123485  -0.573  48.474  -41.429 0.0000000000
123486  0.390  48.599  -41.948 0.0000000000
123487  -0.189  48.572  -42.082 0.0000000000
124172  -0.424  49.462  -35.076 0.0000000000
124173  -1.430  49.518  -34.434 0.0000000000
124185  1.962  49.261  -35.864 0.0000000000
124186  1.049  49.427  -35.514 0.0000000000
124187  0.388  49.473  -35.352 0.0000000000
124196  2.029  48.995  -36.548 0.0000000000
124197  -2.925  49.591  -36.712 0.0000000000
124204  1.595  49.183  -37.418 0.0000000000
124205  1.184  48.901  -38.144 0.0000000000
124206  -1.636  49.463  -37.821 0.0000000000
124207  -2.319  49.788  -37.308 0.0000000000
124213  1.331  49.306  -38.557 0.0000000000
124214  1.211  48.933  -38.469 0.0000000000
124215  -0.658  49.272  -39.261 0.0000000000
124216  -1.049  49.672  -38.548 0.0000000000
124221  1.341  49.479  -39.635 0.0000000000
124222  1.286  49.126  -40.285 0.0000000000
124223  -0.585  49.075  -40.131 0.0000000000
124227  1.341  49.487  -40.617 0.0000000000
124228  1.345  49.153  -40.553 0.0000000000
124229  -0.560  49.314  -40.933 0.0000000000
124232  1.118  49.615  -41.322 0.0000000000
124233  0.629  49.469  -41.789 0.0000000000
124234  -0.419  49.510  -41.674 0.0000000000
124235  0.223  49.488  -42.148 0.0000000000
124236  -0.163  49.856  -42.130 0.0000000000
124895  -0.306  50.536  -34.989 0.0000000000
124896  -1.030  50.442  -34.514 0.0000000000
124906  2.140  50.616  -35.881 0.0000000000
124907  1.431  50.473  -35.572 0.0000000000
124908  0.414  50.275  -35.350 0.0000000000
124917  2.070  50.171  -36.635 0.0000000000
124918  -3.194  50.673  -36.552 0.0000000000
124925  1.555  50.299  -37.780 0.0000000000
124926  -1.914  50.556  -37.569 0.0000000000
124927  -2.591  50.603  -37.092 0.0000000000
124932  1.415  50.383  -38.946 0.0000000000
124933  -0.681  50.582  -39.037 0.0000000000
124934  -1.339  50.540  -38.223 0.0000000000
124940  1.379  50.433  -40.014 0.0000000000
124941  -0.518  50.146  -40.184 0.0000000000
124947  1.274  50.463  -40.950 0.0000000000
124948  -0.433  50.312  -41.185 0.0000000000
124953  0.788  50.466  -41.698 0.0000000000
124954  0.467  49.979  -42.028 0.0000000000
124955  -0.312  50.489  -41.851 0.0000000000
124959  0.611  50.939  -42.005 0.0000000000
124960  0.250  50.508  -42.126 0.0000000000
124961  -0.104  50.546  -42.109 0.0000000000
125531  0.170  52.029  -34.811 0.0000000000
125532  -0.422  51.489  -34.659 0.0000000000
125543  2.235  52.339  -35.630 0.0000000000
125544  1.957  51.719  -35.564 0.0000000000
125545  0.704  51.519  -35.214 0.0000000000
125546  0.065  50.976  -35.137 0.0000000000
125555  2.405  52.184  -35.793 0.0000000000
125556  2.371  51.561  -36.207 0.0000000000
125557  -2.796  51.530  -36.861 0.0000000000
125558  -3.407  51.611  -36.405 0.0000000000
125564  1.807  51.370  -37.157 0.0000000000
125565  -1.540  51.449  -37.824 0.0000000000
125566  -2.214  51.475  -37.382 0.0000000000
125571  1.427  51.370  -38.282 0.0000000000
125572  -0.583  51.649  -39.097 0.0000000000
125573  -1.006  51.498  -38.483 0.0000000000
125579  1.312  51.399  -39.411 0.0000000000
125580  -0.544  51.379  -39.890 0.0000000000
125586  1.347  51.404  -40.441 0.0000000000
125587  -0.355  51.095  -40.688 0.0000000000
125591  1.172  51.380  -41.281 0.0000000000
125592  -0.220  51.288  -41.363 0.0000000000
125596  0.897  51.318  -41.686 0.0000000000
125597  0.460  51.375  -41.982 0.0000000000
125598  -0.073  51.330  -42.010 0.0000000000
126186  0.577  52.548  -34.870 0.0000000000
126187  -0.193  52.545  -34.498 0.0000000000
126197  2.385  52.749  -35.681 0.0000000000
126198  2.064  52.655  -35.437 0.0000000000
126199  1.390  52.510  -35.215 0.0000000000
126207  2.565  52.602  -36.075 0.0000000000
126208  1.911  52.457  -36.665 0.0000000000
126209  -3.041  52.429  -36.714 0.0000000000
126216  1.372  52.402  -37.661 0.0000000000
126217  -1.818  52.319  -37.595 0.0000000000
126218  -2.488  52.371  -37.228 0.0000000000
126223  1.159  52.400  -38.821 0.0000000000
126224  -0.669  52.391  -38.707 0.0000000000
126225  -1.238  52.348  -38.109 0.0000000000
126230  1.366  52.411  -39.926 0.0000000000
126231  -0.519  52.392  -39.557 0.0000000000
126237  1.391  52.355  -40.907 0.0000000000
126238  -0.289  52.346  -40.641 0.0000000000
126242  1.123  52.207  -41.556 0.0000000000
126243  0.323  52.549  -41.668 0.0000000000
126244  -0.024  52.123  -41.386 0.0000000000
126248  0.918  52.029  -41.838 0.0000000000
126249  0.351  51.974  -41.868 0.0000000000
126250  0.011  52.012  -41.674 0.0000000000
126857  0.221  53.387  -34.647 0.0000000000
126870  2.292  53.363  -35.398 0.0000000000
126871  1.784  53.287  -35.169 0.0000000000
126872  1.058  53.318  -34.973 0.0000000000
126879  2.545  53.375  -35.761 0.0000000000
126880  2.244  53.380  -36.336 0.0000000000
126881  -2.663  53.241  -36.976 0.0000000000
126882  -3.216  53.294  -36.476 0.0000000000
126888  1.427  53.477  -37.149 0.0000000000
126889  1.021  53.961  -37.731 0.0000000000
126890  -1.472  53.059  -37.784 0.0000000000
126891  -2.058  53.174  -37.448 0.0000000000
126896  1.018  53.459  -38.204 0.0000000000
126897  0.898  54.113  -38.097 0.0000000000
126898  -0.562  53.157  -39.080 0.0000000000
126899  -0.949  53.347  -38.353 0.0000000000
126904  1.167  53.459  -39.390 0.0000000000
126905  -0.446  53.380  -39.878 0.0000000000
126911  1.466  53.423  -40.450 0.0000000000
126912  -0.241  53.599  -40.645 0.0000000000
126916  1.251  53.305  -41.267 0.0000000000
126917  0.790  53.357  -41.707 0.0000000000
126918  0.157  53.375  -41.272 0.0000000000
126922  1.049  52.780  -41.823 0.0000000000
126923  0.658  52.535  -41.773 0.0000000000
127565  1.743  54.569  -34.874 0.0000000000
127566  0.797  54.283  -34.864 0.0000000000
127579  2.580  54.089  -35.340 0.0000000000
127580  2.158  53.989  -35.034 0.0000000000
127581  1.535  53.888  -34.982 0.0000000000
127589  2.600  54.114  -35.900 0.0000000000
127590  1.909  54.300  -36.531 0.0000000000
127591  -1.952  54.785  -36.917 0.0000000000
127592  -2.719  54.215  -36.564 0.0000000000
127599  1.223  54.497  -37.582 0.0000000000
127600  0.977  54.226  -37.851 0.0000000000
127601  -0.835  54.796  -38.117 0.0000000000
127602  -1.470  54.092  -37.690 0.0000000000
127603  -2.288  53.957  -37.249 0.0000000000
127609  1.113  54.520  -38.645 0.0000000000
127610  0.984  54.375  -38.058 0.0000000000
127611  -0.449  54.249  -38.975 0.0000000000
127612  -0.913  54.121  -38.263 0.0000000000
127617  1.529  54.532  -39.902 0.0000000000
127618  -0.329  54.442  -40.183 0.0000000000
127624  1.498  54.481  -40.791 0.0000000000
127625  -0.003  54.353  -40.941 0.0000000000
127630  1.176  54.492  -41.427 0.0000000000
127631  0.609  54.320  -41.368 0.0000000000
127632  0.287  54.231  -41.229 0.0000000000
128296  1.933  55.170  -34.805 0.0000000000
128297  1.262  55.241  -34.758 0.0000000000
128298  0.038  55.315  -34.559 0.0000000000
128306  2.740  54.478  -35.169 0.0000000000
128307  2.531  54.879  -35.001 0.0000000000
128315  2.703  54.520  -35.429 0.0000000000
128316  2.464  55.048  -35.878 0.0000000000
128317  -1.862  55.559  -36.807 0.0000000000
128324  1.698  55.353  -36.877 0.0000000000
128325  -0.706  55.459  -37.962 0.0000000000
128326  -1.241  55.473  -37.395 0.0000000000
128332  1.363  55.583  -38.123 0.0000000000
128333  -0.463  55.432  -38.597 0.0000000000
128339  2.040  56.242  -39.644 0.0000000000
128340  1.583  55.857  -39.443 0.0000000000
128341  -0.238  55.398  -39.619 0.0000000000
128347  2.337  56.101  -39.947 0.0000000000
128348  1.806  55.476  -40.311 0.0000000000
128349  0.520  55.875  -40.958 0.0000000000
128350  0.261  55.455  -40.603 0.0000000000
128357  2.082  56.224  -40.478 0.0000000000
128358  1.606  55.698  -40.926 0.0000000000
128359  0.851  55.651  -41.297 0.0000000000
128360  0.389  54.805  -41.116 0.0000000000
129030  0.528  56.794  -34.224 0.0000000000
129044  2.579  56.851  -34.743 0.0000000000
129045  1.975  56.033  -34.737 0.0000000000
129046  0.900  56.072  -34.592 0.0000000000
129047  0.213  56.148  -34.390 0.0000000000
129053  2.899  56.742  -34.995 0.0000000000
129054  2.633  56.110  -35.254 0.0000000000
129063  2.195  56.858  -36.761 0.0000000000
129064  2.140  56.108  -36.254 0.0000000000
129072  2.098  56.893  -37.273 0.0000000000
129073  1.841  56.473  -37.439 0.0000000000
129074  -0.497  56.223  -37.900 0.0000000000
129075  -1.020  56.520  -37.260 0.0000000000
129081  1.900  57.045  -38.969 0.0000000000
129082  1.672  56.554  -38.710 0.0000000000
129083  0.326  57.229  -39.180 0.0000000000
129084  0.065  56.475  -38.951 0.0000000000
129089  2.131  56.730  -39.472 0.0000000000
129090  1.764  56.400  -39.339 0.0000000000
129091  0.437  56.979  -39.762 0.0000000000
129092  0.188  56.145  -40.065 0.0000000000
129098  2.539  56.920  -40.203 0.0000000000
129099  0.573  56.455  -40.623 0.0000000000
129100  0.357  56.008  -40.481 0.0000000000
129108  2.191  56.853  -40.768 0.0000000000
129109  1.579  56.707  -41.031 0.0000000000
129110  1.081  56.762  -41.064 0.0000000000
129726  2.484  58.214  -34.040 0.0000000000
129727  2.185  57.933  -33.899 0.0000000000
129728  1.262  57.661  -34.027 0.0000000000
129740  2.501  57.781  -34.426 0.0000000000
129741  2.041  57.171  -34.347 0.0000000000
129742  1.377  56.773  -34.424 0.0000000000
129749  2.694  57.383  -35.202 0.0000000000
129750  2.722  56.722  -35.265 0.0000000000
129758  2.329  57.542  -36.292 0.0000000000
129759  2.375  56.788  -35.746 0.0000000000
129766  2.042  57.412  -37.568 0.0000000000
129767  1.744  56.932  -38.045 0.0000000000
129768  0.058  57.686  -37.774 0.0000000000
129769  -0.465  57.347  -37.348 0.0000000000
129775  2.219  57.656  -38.839 0.0000000000
129776  1.873  57.141  -38.452 0.0000000000
129777  0.300  57.618  -38.551 0.0000000000
129778  -0.009  57.027  -38.056 0.0000000000
129785  3.140  58.430  -40.206 0.0000000000
129786  2.728  57.875  -39.776 0.0000000000
129787  0.465  57.822  -39.390 0.0000000000
129795  3.151  58.665  -40.285 0.0000000000
129796  2.654  58.013  -40.426 0.0000000000
129797  1.303  58.145  -40.564 0.0000000000
129798  0.659  57.770  -40.212 0.0000000000
129805  2.135  57.732  -40.862 0.0000000000
129806  1.526  57.513  -40.862 0.0000000000
129807  0.982  57.343  -40.787 0.0000000000
130396  2.364  58.601  -33.803 0.0000000000
130397  1.759  58.557  -33.583 0.0000000000
130398  0.803  58.489  -33.622 0.0000000000
130407  2.597  58.515  -34.163 0.0000000000
130412  2.617  58.385  -34.800 0.0000000000
130420  2.494  58.365  -35.749 0.0000000000
130421  0.295  58.953  -37.068 0.0000000000
130422  -0.286  58.492  -36.752 0.0000000000
130429  2.261  58.471  -36.896 0.0000000000
130430  0.355  58.537  -37.698 0.0000000000
130431  -0.076  58.009  -37.383 0.0000000000
130437  2.309  58.621  -38.110 0.0000000000
130438  0.383  58.695  -38.813 0.0000000000
130446  3.343  58.853  -39.752 0.0000000000
130447  2.709  58.747  -39.146 0.0000000000
130448  0.628  58.700  -39.638 0.0000000000
130455  3.307  59.071  -40.350 0.0000000000
130456  3.044  58.697  -40.591 0.0000000000
130457  1.655  58.953  -40.402 0.0000000000
130458  1.049  58.793  -40.168 0.0000000000
130464  3.142  59.186  -40.661 0.0000000000
130465  2.680  58.773  -40.777 0.0000000000
130466  1.889  58.572  -40.611 0.0000000000
131030  2.572  59.064  -33.880 0.0000000000
131031  2.214  59.284  -33.509 0.0000000000
131032  1.237  59.532  -33.372 0.0000000000
131043  2.626  59.149  -34.386 0.0000000000
131049  2.520  59.178  -35.220 0.0000000000
131057  2.389  59.286  -36.256 0.0000000000
131058  0.183  59.394  -36.782 0.0000000000
131064  2.350  59.571  -37.416 0.0000000000
131065  0.456  59.586  -37.353 0.0000000000
131070  3.476  60.255  -38.975 0.0000000000
131071  2.825  59.709  -38.510 0.0000000000
131072  0.637  59.636  -38.240 0.0000000000
131078  3.481  59.968  -39.818 0.0000000000
131079  3.329  59.477  -39.234 0.0000000000
131080  1.171  59.999  -39.570 0.0000000000
131081  0.693  59.695  -39.200 0.0000000000
131087  3.273  59.842  -40.435 0.0000000000
131088  1.466  59.734  -40.115 0.0000000000
131089  0.958  59.381  -39.752 0.0000000000
131095  3.056  59.651  -40.863 0.0000000000
131096  2.518  59.551  -40.866 0.0000000000
131097  1.961  59.628  -40.671 0.0000000000
131574  1.686  60.699  -33.105 0.0000000000
131589  2.668  59.955  -33.836 0.0000000000
131590  2.096  60.259  -33.262 0.0000000000
131591  1.540  60.220  -33.186 0.0000000000
131604  2.433  59.943  -34.732 0.0000000000
131616  2.390  59.999  -35.666 0.0000000000
131627  2.358  60.158  -36.625 0.0000000000
131628  0.437  60.393  -36.721 0.0000000000
131634  2.446  60.949  -37.707 0.0000000000
131635  2.395  60.378  -37.347 0.0000000000
131636  1.364  61.258  -38.196 0.0000000000
131637  0.914  60.635  -37.672 0.0000000000
131642  2.926  60.907  -38.448 0.0000000000
131643  2.557  60.311  -37.933 0.0000000000
131644  1.189  61.400  -38.637 0.0000000000
131645  0.900  60.750  -38.697 0.0000000000
131651  3.455  61.160  -39.201 0.0000000000
131652  1.506  60.809  -39.711 0.0000000000
131653  1.068  60.465  -39.289 0.0000000000
131658  3.299  60.982  -40.174 0.0000000000
131659  2.597  61.111  -40.447 0.0000000000
131660  1.870  60.655  -40.503 0.0000000000
131665  3.142  60.204  -40.556 0.0000000000
131666  2.895  60.326  -40.709 0.0000000000
131667  2.406  60.263  -40.706 0.0000000000
132147  2.303  61.843  -32.781 0.0000000000
132148  1.481  61.469  -32.830 0.0000000000
132157  2.486  61.181  -33.470 0.0000000000
132158  2.095  61.087  -33.067 0.0000000000
132167  2.528  60.889  -34.414 0.0000000000
132175  2.416  60.657  -35.222 0.0000000000
132184  2.443  60.824  -36.072 0.0000000000
132185  1.604  62.886  -37.541 0.0000000000
132186  1.172  61.641  -36.938 0.0000000000
132187  0.177  61.460  -36.400 0.0000000000
132195  2.368  61.489  -37.316 0.0000000000
132196  2.330  60.901  -36.954 0.0000000000
132197  1.557  61.807  -37.760 0.0000000000
132198  1.336  61.293  -37.609 0.0000000000
132206  2.643  61.630  -37.879 0.0000000000
132207  1.458  61.993  -38.531 0.0000000000
132208  1.062  61.514  -38.945 0.0000000000
132213  3.224  62.003  -38.301 0.0000000000
132214  1.507  61.858  -39.354 0.0000000000
132215  1.080  61.135  -39.261 0.0000000000
132220  3.420  62.355  -39.174 0.0000000000
132221  2.903  62.329  -40.142 0.0000000000
132222  2.028  61.793  -40.036 0.0000000000
132715  1.648  63.178  -31.828 0.0000000000
132725  2.383  62.617  -32.552 0.0000000000
132726  1.813  62.607  -32.284 0.0000000000
132736  2.621  62.334  -33.129 0.0000000000
132747  2.515  61.996  -34.145 0.0000000000
132757  2.433  61.644  -35.400 0.0000000000
132764  2.400  61.580  -36.572 0.0000000000
132765  1.103  62.789  -36.659 0.0000000000
132766  0.630  62.251  -36.394 0.0000000000
132767  -0.139  62.403  -36.081 0.0000000000
132775  2.479  61.848  -37.497 0.0000000000
132783  2.532  62.268  -37.594 0.0000000000
132788  2.589  62.959  -37.619 0.0000000000
132789  1.815  62.874  -38.885 0.0000000000
132794  2.473  62.062  -38.777 0.0000000000
132795  1.849  62.421  -39.619 0.0000000000
133284  2.372  63.907  -31.947 0.0000000000
133285  2.125  63.495  -31.780 0.0000000000
133286  1.387  63.648  -31.506 0.0000000000
133293  2.423  63.371  -32.558 0.0000000000
133294  2.296  62.994  -32.225 0.0000000000
133304  2.460  63.142  -33.730 0.0000000000
133314  2.369  62.892  -35.010 0.0000000000
133322  2.374  62.631  -36.521 0.0000000000
133323  0.138  63.406  -36.098 0.0000000000
133324  -0.328  63.255  -35.674 0.0000000000
133329  0.392  63.017  -36.439 0.0000000000
133330  -0.055  63.040  -36.141 0.0000000000
133789  2.171  64.787  -30.865 0.0000000000
133790  1.613  64.821  -30.811 0.0000000000
133806  2.370  64.445  -31.443 0.0000000000
133807  1.926  64.111  -31.044 0.0000000000
133808  1.125  64.280  -31.139 0.0000000000
133815  2.416  64.408  -32.226 0.0000000000
133826  2.348  64.247  -33.251 0.0000000000
133836  2.386  64.078  -34.502 0.0000000000
133837  -0.229  64.330  -35.101 0.0000000000
133844  2.292  63.792  -35.801 0.0000000000
133845  0.685  63.698  -36.193 0.0000000000
133846  0.217  63.897  -35.816 0.0000000000
133853  2.272  63.493  -36.708 0.0000000000
134346  2.014  65.442  -30.624 0.0000000000
134347  1.294  65.559  -30.667 0.0000000000
134363  2.410  65.344  -31.037 0.0000000000
134374  2.481  65.313  -31.751 0.0000000000
134386  2.389  65.297  -32.721 0.0000000000
134387  -0.411  66.333  -34.226 0.0000000000
134395  2.382  65.247  -33.925 0.0000000000
134396  0.877  66.361  -35.329 0.0000000000
134397  0.271  66.069  -34.807 0.0000000000
134398  -0.651  65.040  -34.343 0.0000000000
134403  2.333  65.010  -35.200 0.0000000000
134404  0.970  64.661  -35.814 0.0000000000
134409  2.062  64.287  -36.499 0.0000000000
134909  2.237  66.048  -30.784 0.0000000000
134910  1.738  66.275  -30.560 0.0000000000
134911  0.910  66.398  -30.539 0.0000000000
134927  2.425  66.201  -31.280 0.0000000000
134941  2.489  66.268  -32.104 0.0000000000
134951  2.482  66.304  -33.212 0.0000000000
134960  2.516  66.341  -34.498 0.0000000000
134961  -0.296  66.778  -34.303 0.0000000000
134967  2.419  65.891  -35.608 0.0000000000
135482  2.266  67.046  -30.645 0.0000000000
135483  1.387  67.221  -30.429 0.0000000000
135505  2.465  67.211  -31.484 0.0000000000
135518  2.447  67.292  -32.432 0.0000000000
135529  2.466  67.329  -33.543 0.0000000000
135537  2.445  67.362  -34.420 0.0000000000
136029  1.734  68.218  -30.475 0.0000000000
136030  0.886  68.144  -30.248 0.0000000000
136053  2.468  68.217  -30.878 0.0000000000
136066  2.511  68.293  -31.708 0.0000000000
136077  2.371  68.342  -32.724 0.0000000000
136078  -0.312  68.239  -34.411 0.0000000000
136085  2.265  68.264  -33.859 0.0000000000
136086  2.069  68.476  -34.513 0.0000000000
136090  2.298  67.796  -34.717 0.0000000000
136091  2.010  67.883  -35.422 0.0000000000
136485  0.611  69.974  -29.647 0.0000000000
136486  0.127  69.479  -29.498 0.0000000000
136498  2.028  69.301  -30.571 0.0000000000
136499  1.029  69.362  -30.171 0.0000000000
136500  0.402  68.722  -29.909 0.0000000000
136521  2.644  69.329  -31.051 0.0000000000
136533  2.526  69.425  -31.939 0.0000000000
136542  2.223  69.494  -33.033 0.0000000000
136543  1.997  69.925  -33.722 0.0000000000
136551  2.033  69.099  -33.936 0.0000000000
136552  1.654  69.361  -34.494 0.0000000000
136556  1.205  68.897  -35.335 0.0000000000
136557  0.471  69.847  -35.442 0.0000000000
136558  0.327  70.446  -35.569 0.0000000000
136911  -0.124  71.148  -28.848 0.0000000000
136912  -0.569  70.748  -28.719 0.0000000000
136919  0.968  70.500  -29.757 0.0000000000
136920  0.192  70.591  -29.279 0.0000000000
136921  -0.619  70.020  -29.088 0.0000000000
136929  2.234  70.342  -30.653 0.0000000000
136930  1.649  70.351  -30.237 0.0000000000
136942  2.577  70.505  -31.219 0.0000000000
136955  2.382  70.644  -32.139 0.0000000000
136967  2.149  70.807  -33.089 0.0000000000
136968  1.752  70.806  -33.922 0.0000000000
136978  1.465  70.619  -34.802 0.0000000000
136982  1.232  70.600  -35.628 0.0000000000
136983  0.627  70.720  -35.845 0.0000000000
137340  -0.844  71.819  -27.352 0.0000000000
137352  0.974  72.213  -29.219 0.0000000000
137353  0.427  71.651  -28.982 0.0000000000
137354  -0.522  71.584  -28.383 0.0000000000
137355  -0.941  70.914  -28.349 0.0000000000
137362  2.153  72.174  -29.842 0.0000000000
137363  1.543  71.582  -29.614 0.0000000000
137364  0.722  71.104  -29.493 0.0000000000
137371  2.343  71.615  -30.444 0.0000000000
137372  1.986  70.972  -30.259 0.0000000000
137378  2.580  71.747  -31.405 0.0000000000
137389  2.432  71.892  -32.389 0.0000000000
137406  2.189  71.972  -33.338 0.0000000000
137407  1.728  71.970  -34.163 0.0000000000
137423  1.389  71.830  -35.019 0.0000000000
137435  1.121  71.679  -35.923 0.0000000000
137436  0.482  71.311  -36.120 0.0000000000
137437  0.004  71.295  -36.080 0.0000000000
137445  0.747  71.886  -36.363 0.0000000000
137446  0.262  71.716  -36.423 0.0000000000
137752  0.765  72.435  -25.051 0.0000000000
137753  -0.053  72.516  -25.805 0.0000000000
137779  -0.412  72.584  -26.796 0.0000000000
137804  0.267  73.218  -28.100 0.0000000000
137805  -0.232  72.692  -27.912 0.0000000000
137822  1.390  72.787  -29.084 0.0000000000
137823  0.548  72.800  -28.623 0.0000000000
137824  0.011  72.212  -28.520 0.0000000000
137832  2.507  72.767  -29.932 0.0000000000
137833  2.003  72.782  -29.504 0.0000000000
137839  2.725  72.862  -30.708 0.0000000000
137842  2.797  72.955  -31.676 0.0000000000
137843  1.639  73.887  -32.594 0.0000000000
137847  2.532  73.042  -32.646 0.0000000000
137848  1.599  73.590  -33.123 0.0000000000
137849  1.148  72.945  -33.161 0.0000000000
137859  2.232  73.091  -33.598 0.0000000000
137860  1.588  73.131  -34.099 0.0000000000
137861  0.871  72.648  -34.049 0.0000000000
137871  1.018  72.705  -35.198 0.0000000000
137872  0.214  72.613  -34.681 0.0000000000
137881  0.772  72.431  -36.037 0.0000000000
137882  0.273  72.461  -36.153 0.0000000000
137892  0.471  72.150  -36.439 0.0000000000
138166  1.171  73.423  -24.799 0.0000000000
138176  0.536  73.476  -25.591 0.0000000000
138177  -0.008  73.246  -26.366 0.0000000000
138198  0.438  73.956  -26.615 0.0000000000
138199  0.003  73.372  -27.249 0.0000000000
138216  1.636  74.423  -28.094 0.0000000000
138217  0.792  73.891  -27.923 0.0000000000
138218  0.180  73.316  -27.801 0.0000000000
138232  2.690  74.470  -29.144 0.0000000000
138233  2.045  73.878  -28.798 0.0000000000
138234  1.169  73.378  -28.651 0.0000000000
138243  2.770  73.951  -29.838 0.0000000000
138244  2.372  73.354  -29.507 0.0000000000
138248  3.303  74.584  -31.071 0.0000000000
138249  3.268  74.028  -30.964 0.0000000000
138250  1.622  74.650  -31.286 0.0000000000
138252  3.204  74.494  -31.333 0.0000000000
138253  2.859  74.037  -31.871 0.0000000000
138254  1.684  74.210  -31.943 0.0000000000
138256  2.354  74.001  -32.762 0.0000000000
138257  1.901  74.177  -32.874 0.0000000000
138262  2.013  73.776  -33.500 0.0000000000
138263  1.783  73.638  -33.424 0.0000000000
138270  0.766  72.832  -35.702 0.0000000000
138271  0.502  72.971  -35.449 0.0000000000
138272  0.042  72.881  -35.298 0.0000000000
138279  0.528  72.773  -35.886 0.0000000000
138280  0.162  72.759  -35.719 0.0000000000
138503  1.388  74.640  -24.931 0.0000000000
138504  1.001  74.018  -25.218 0.0000000000
138513  1.476  75.229  -26.131 0.0000000000
138514  0.981  74.365  -25.851 0.0000000000
138525  1.807  75.271  -27.093 0.0000000000
138526  1.154  74.608  -26.861 0.0000000000
138537  2.655  75.535  -28.472 0.0000000000
138538  2.127  75.136  -28.014 0.0000000000
138539  1.544  74.666  -27.581 0.0000000000
138551  2.911  75.161  -29.304 0.0000000000
138552  2.566  74.872  -28.733 0.0000000000
138566  3.326  74.967  -30.790 0.0000000000
138567  3.206  74.894  -30.340 0.0000000000
138568  1.492  75.402  -29.776 0.0000000000
138571  3.260  74.886  -31.119 0.0000000000
138572  3.301  74.717  -30.873 0.0000000000
138573  1.589  75.042  -30.503 0.0000000000
138575  3.042  74.762  -31.568 0.0000000000
138576  2.563  74.656  -31.893 0.0000000000
138577  2.086  74.997  -31.624 0.0000000000
138578  2.165  74.521  -32.336 0.0000000000
138579  1.967  74.534  -32.245 0.0000000000
138751  1.522  75.745  -24.448 0.0000000000
138761  1.677  75.926  -25.498 0.0000000000
138764  2.387  76.499  -27.063 0.0000000000
138765  2.162  76.069  -26.635 0.0000000000
138776  2.621  76.116  -27.635 0.0000000000
138777  2.290  75.652  -27.314 0.0000000000
138791  2.697  76.186  -28.715 0.0000000000
138792  1.574  76.289  -29.123 0.0000000000
138806  3.159  75.315  -30.764 0.0000000000
138807  2.675  75.782  -29.920 0.0000000000
138808  1.901  75.878  -29.872 0.0000000000
138810  3.047  75.194  -31.308 0.0000000000
138811  2.776  75.545  -30.973 0.0000000000
138812  2.287  75.515  -30.742 0.0000000000
138813  2.861  75.002  -31.599 0.0000000000
138814  2.660  75.176  -31.456 0.0000000000
138815  2.487  75.354  -31.220 0.0000000000
138957  1.734  76.684  -25.021 0.0000000000
138967  1.917  76.753  -25.911 0.0000000000
138974  2.412  76.764  -27.252 0.0000000000
138975  2.206  76.787  -26.691 0.0000000000
138985  2.543  76.795  -27.907 0.0000000000
138986  1.351  76.950  -27.645 0.0000000000
138995  2.366  76.891  -28.557 0.0000000000
138996  1.639  76.843  -28.393 0.0000000000
139004  2.504  76.396  -29.088 0.0000000000
139005  2.168  76.502  -29.227 0.0000000000
139133  1.694  77.329  -25.267 0.0000000000
139142  2.182  77.004  -26.925 0.0000000000
139143  1.788  77.218  -26.407 0.0000000000
139151  2.214  77.092  -27.317 0.0000000000
139152  1.751  77.176  -27.443 0.0000000000
139158  2.282  77.158  -27.896 0.0000000000
139159  2.041  77.251  -28.157 0.0000000000
140268  2.322  61.803  -37.051 0.0000000000
140269  2.285  63.463  -37.039 0.0000000000
140270  1.841  63.975  -36.736 0.0000000000
140271  2.302  63.305  -37.171 0.0000000000
140272  1.845  63.690  -36.904 0.0000000000
140273  2.099  63.303  -36.937 0.0000000000
140274  0.853  63.322  -36.592 0.0000000000
140275  1.475  63.653  -36.554 0.0000000000
140276  1.662  65.280  -36.008 0.0000000000
140277  2.308  62.828  -37.432 0.0000000000
140278  1.301  65.970  -35.606 0.0000000000
140279  1.851  66.065  -36.211 0.0000000000
140280  2.247  62.770  -39.743 0.0000000000
140281  1.313  66.798  -35.485 0.0000000000
140282  1.646  66.453  -35.790 0.0000000000
140283  2.160  66.452  -36.076 0.0000000000
140284  0.858  66.654  -35.159 0.0000000000
140285  1.253  67.225  -35.401 0.0000000000
140286  1.795  66.890  -35.993 0.0000000000
140287  2.489  67.009  -35.221 0.0000000000
140288  1.474  67.514  -35.468 0.0000000000
140289  1.855  66.487  -36.089 0.0000000000
140290  0.900  67.346  -35.187 0.0000000000
140291  0.179  67.506  -34.571 0.0000000000
140292  0.654  68.087  -35.049 0.0000000000
140294  0.320  68.644  -34.918 0.0000000000
140295  -0.446  69.302  -34.666 0.0000000000
140298  -0.629  69.944  -34.865 0.0000000000
140299  -0.260  70.572  -35.445 0.0000000000
140300  -0.959  70.184  -34.786 0.0000000000
140302  -0.887  70.758  -35.354 0.0000000000
140310  -0.869  69.722  -34.607 0.0000000000
140311  -0.323  71.157  -35.926 0.0000000000
