#!ascii label  , from subject Broad_82_YZ vox2ras=TkReg
447
63414  -35.658  -5.790  -3.837 0.0000000000
63433  -36.186  -6.300  -4.260 0.0000000000
63434  -37.033  -5.715  -4.425 0.0000000000
63449  -37.274  -6.372  -5.167 0.0000000000
64760  -34.578  -5.628  -3.745 0.0000000000
64761  -35.311  -5.412  -3.743 0.0000000000
64762  -36.012  -5.212  -3.763 0.0000000000
64784  -34.099  -5.440  -3.888 0.0000000000
64785  -36.873  -4.950  -4.188 0.0000000000
64786  -37.565  -5.165  -4.647 0.0000000000
64807  -37.964  -5.287  -5.266 0.0000000000
66181  -34.959  -5.088  -3.846 0.0000000000
66182  -35.539  -4.621  -3.947 0.0000000000
66183  -36.354  -4.398  -3.987 0.0000000000
66196  -34.476  -4.911  -4.330 0.0000000000
66197  -35.387  -4.277  -4.678 0.0000000000
66198  -37.059  -4.042  -4.393 0.0000000000
66199  -37.811  -4.064  -4.718 0.0000000000
66200  -38.755  -3.862  -4.959 0.0000000000
66201  -39.237  -3.931  -5.382 0.0000000000
66212  -33.744  -4.941  -5.197 0.0000000000
66213  -34.842  -4.159  -5.527 0.0000000000
66214  -35.512  -4.009  -5.260 0.0000000000
66215  -38.099  -4.535  -4.964 0.0000000000
66216  -38.576  -4.518  -5.402 0.0000000000
66231  -34.077  -4.528  -6.461 0.0000000000
67523  -35.912  -4.115  -4.340 0.0000000000
67524  -36.082  -4.177  -4.076 0.0000000000
67545  -35.965  -3.918  -4.991 0.0000000000
67546  -36.614  -3.871  -4.633 0.0000000000
67547  -37.823  -3.104  -4.773 0.0000000000
67548  -38.884  -3.111  -4.719 0.0000000000
67549  -39.810  -3.227  -5.189 0.0000000000
67550  -40.455  -3.216  -5.388 0.0000000000
67567  -35.144  -3.602  -6.113 0.0000000000
67568  -35.648  -3.468  -5.786 0.0000000000
67569  -36.453  -3.421  -5.403 0.0000000000
67570  -37.180  -3.221  -5.208 0.0000000000
67571  -39.752  -3.691  -5.845 0.0000000000
67572  -40.438  -3.129  -5.750 0.0000000000
67573  -40.989  -3.051  -5.683 0.0000000000
67589  -34.829  -3.737  -6.560 0.0000000000
67590  -35.283  -3.177  -6.583 0.0000000000
67593  -40.925  -3.054  -6.347 0.0000000000
67607  -34.641  -3.976  -7.359 0.0000000000
67608  -35.070  -3.242  -7.359 0.0000000000
67625  -35.197  -3.707  -8.266 0.0000000000
68808  -38.335  -2.479  -5.114 0.0000000000
68809  -38.958  -2.236  -5.017 0.0000000000
68810  -39.764  -2.525  -5.165 0.0000000000
68811  -40.511  -2.788  -5.707 0.0000000000
68812  -40.962  -2.656  -6.131 0.0000000000
68813  -41.461  -2.500  -5.982 0.0000000000
68830  -36.279  -2.980  -6.006 0.0000000000
68831  -36.989  -2.961  -5.889 0.0000000000
68832  -37.823  -2.551  -5.558 0.0000000000
68833  -38.548  -2.212  -5.378 0.0000000000
68834  -40.726  -3.076  -5.702 0.0000000000
68835  -41.084  -2.920  -6.130 0.0000000000
68836  -41.441  -2.971  -6.385 0.0000000000
68853  -35.866  -2.784  -6.557 0.0000000000
68854  -36.602  -2.465  -6.572 0.0000000000
68855  -37.280  -2.437  -6.253 0.0000000000
68857  -41.956  -3.169  -6.631 0.0000000000
68871  -35.549  -2.691  -7.282 0.0000000000
68872  -36.075  -2.249  -7.284 0.0000000000
68891  -35.514  -2.730  -8.130 0.0000000000
68892  -35.819  -2.321  -7.882 0.0000000000
68912  -35.606  -2.830  -8.896 0.0000000000
68913  -36.023  -2.918  -9.619 0.0000000000
70108  -41.223  -1.961  -6.026 0.0000000000
70109  -41.122  -2.039  -5.888 0.0000000000
70110  -41.539  -1.993  -6.115 0.0000000000
70122  -39.326  -2.053  -5.359 0.0000000000
70123  -39.726  -2.144  -5.494 0.0000000000
70124  -40.394  -2.301  -5.796 0.0000000000
70125  -40.978  -2.162  -6.010 0.0000000000
70126  -41.361  -2.242  -6.114 0.0000000000
70138  -38.405  -2.096  -5.876 0.0000000000
70139  -39.028  -1.913  -5.729 0.0000000000
70140  -39.493  -2.060  -5.635 0.0000000000
70141  -41.567  -2.464  -6.767 0.0000000000
70151  -37.116  -2.036  -6.758 0.0000000000
70152  -37.791  -1.957  -6.468 0.0000000000
70153  -38.581  -1.685  -6.530 0.0000000000
70154  -42.710  -2.026  -7.599 0.0000000000
70155  -43.451  -1.473  -7.556 0.0000000000
70156  -44.034  -1.192  -7.359 0.0000000000
70168  -36.713  -1.907  -7.382 0.0000000000
70169  -37.394  -1.717  -7.349 0.0000000000
70170  -38.110  -1.561  -7.340 0.0000000000
70184  -35.804  -2.191  -8.457 0.0000000000
70185  -36.263  -1.886  -8.217 0.0000000000
70186  -37.075  -1.550  -8.299 0.0000000000
70187  -37.723  -1.532  -8.024 0.0000000000
70205  -35.679  -2.365  -8.713 0.0000000000
70206  -36.071  -1.944  -9.284 0.0000000000
70207  -36.657  -1.473  -9.009 0.0000000000
70224  -36.456  -2.255  -10.117 0.0000000000
70239  -36.900  -1.774  -10.494 0.0000000000
70240  -37.474  -1.793  -10.887 0.0000000000
70241  -38.130  -1.545  -11.439 0.0000000000
70255  -38.768  -1.414  -11.874 0.0000000000
70256  -39.353  -1.318  -12.284 0.0000000000
71415  -41.150  -1.978  -6.275 0.0000000000
71416  -41.289  -1.931  -6.141 0.0000000000
71417  -41.851  -1.951  -5.905 0.0000000000
71429  -40.299  -1.805  -6.124 0.0000000000
71430  -40.910  -1.821  -6.259 0.0000000000
71431  -41.516  -1.624  -6.744 0.0000000000
71432  -41.693  -1.888  -6.728 0.0000000000
71433  -42.084  -1.663  -7.001 0.0000000000
71443  -39.503  -1.821  -6.177 0.0000000000
71444  -39.748  -1.879  -6.219 0.0000000000
71445  -40.771  -1.522  -6.531 0.0000000000
71446  -41.311  -1.117  -7.105 0.0000000000
71447  -42.355  -1.905  -7.265 0.0000000000
71448  -42.551  -1.748  -7.319 0.0000000000
71457  -39.252  -1.504  -6.650 0.0000000000
71458  -39.892  -1.371  -6.807 0.0000000000
71459  -40.498  -1.027  -7.168 0.0000000000
71460  -41.065  -0.972  -7.241 0.0000000000
71461  -42.963  -1.587  -7.473 0.0000000000
71462  -43.303  -1.117  -7.396 0.0000000000
71463  -44.103  -0.728  -7.510 0.0000000000
71476  -38.871  -1.403  -7.457 0.0000000000
71477  -39.644  -1.258  -7.566 0.0000000000
71478  -40.391  -1.111  -7.642 0.0000000000
71479  -40.914  -0.927  -7.918 0.0000000000
71492  -37.676  -1.297  -8.713 0.0000000000
71493  -38.351  -1.312  -8.398 0.0000000000
71494  -39.227  -1.147  -8.435 0.0000000000
71495  -40.117  -0.931  -8.582 0.0000000000
71496  -40.854  -0.876  -8.322 0.0000000000
71511  -36.921  -1.244  -9.822 0.0000000000
71512  -37.280  -1.086  -9.392 0.0000000000
71513  -37.951  -0.834  -9.347 0.0000000000
71514  -38.737  -0.755  -9.261 0.0000000000
71515  -39.497  -0.727  -9.238 0.0000000000
71529  -36.785  -1.467  -10.187 0.0000000000
71538  -36.814  -1.051  -10.898 0.0000000000
71539  -37.294  -0.713  -11.529 0.0000000000
71540  -38.020  -0.739  -11.770 0.0000000000
71551  -37.562  -0.216  -12.057 0.0000000000
71552  -38.381  -0.365  -12.208 0.0000000000
71553  -39.276  -0.367  -12.449 0.0000000000
71554  -40.157  -0.487  -12.615 0.0000000000
72709  -42.152  -1.112  -7.029 0.0000000000
72710  -42.138  -1.664  -7.130 0.0000000000
72711  -41.966  -1.970  -7.165 0.0000000000
72720  -42.141  -0.862  -7.103 0.0000000000
72721  -42.495  -0.952  -7.355 0.0000000000
72722  -42.657  -1.118  -7.351 0.0000000000
72733  -42.122  -0.844  -7.405 0.0000000000
72734  -42.811  -0.561  -7.409 0.0000000000
72735  -43.519  -0.596  -7.412 0.0000000000
72736  -44.271  -0.271  -7.417 0.0000000000
72749  -41.958  -0.619  -7.852 0.0000000000
72750  -42.775  -0.242  -7.731 0.0000000000
72751  -43.544  0.170  -7.668 0.0000000000
72752  -44.458  0.024  -7.485 0.0000000000
72768  -40.857  -0.660  -9.042 0.0000000000
72769  -41.568  -0.423  -8.626 0.0000000000
72770  -42.537  0.024  -8.456 0.0000000000
72771  -43.478  0.163  -8.317 0.0000000000
72772  -44.458  0.352  -8.238 0.0000000000
72790  -36.954  -0.461  -10.023 0.0000000000
72791  -37.369  -0.089  -9.856 0.0000000000
72792  -38.217  0.042  -9.882 0.0000000000
72793  -39.144  -0.186  -9.994 0.0000000000
72794  -40.201  -0.385  -9.779 0.0000000000
72795  -41.252  -0.070  -9.652 0.0000000000
72796  -42.260  0.140  -9.421 0.0000000000
72797  -43.318  0.434  -9.242 0.0000000000
72798  -44.019  0.595  -8.777 0.0000000000
72811  -36.743  -0.489  -10.581 0.0000000000
72812  -36.770  0.300  -10.461 0.0000000000
72813  -37.573  0.672  -10.740 0.0000000000
72814  -38.610  0.511  -10.799 0.0000000000
72815  -39.636  0.324  -10.784 0.0000000000
72816  -40.725  0.322  -10.618 0.0000000000
72817  -41.908  0.476  -10.450 0.0000000000
72818  -42.834  0.612  -10.041 0.0000000000
72832  -36.641  -0.188  -11.346 0.0000000000
72833  -37.036  0.176  -11.876 0.0000000000
72834  -38.142  1.100  -11.544 0.0000000000
72835  -39.058  0.834  -11.620 0.0000000000
72836  -40.128  0.777  -11.565 0.0000000000
72837  -41.246  0.845  -11.271 0.0000000000
72838  -42.184  0.870  -11.204 0.0000000000
72854  -37.608  0.403  -12.245 0.0000000000
72855  -38.351  0.680  -12.295 0.0000000000
72856  -39.514  0.430  -12.297 0.0000000000
72857  -40.390  0.570  -12.330 0.0000000000
72858  -40.790  0.892  -12.389 0.0000000000
72875  -40.999  0.136  -12.730 0.0000000000
74195  -43.996  0.836  -9.314 0.0000000000
74196  -44.795  1.013  -9.023 0.0000000000
74214  -36.553  0.263  -11.066 0.0000000000
74215  -36.832  0.822  -11.236 0.0000000000
74216  -37.416  1.111  -11.555 0.0000000000
74217  -42.800  0.786  -10.756 0.0000000000
74218  -43.789  1.271  -10.268 0.0000000000
74219  -45.244  1.581  -9.833 0.0000000000
74236  -36.664  0.478  -11.585 0.0000000000
74237  -37.110  0.893  -12.018 0.0000000000
74238  -37.749  1.142  -12.111 0.0000000000
74239  -40.226  2.342  -11.469 0.0000000000
74240  -40.667  1.654  -11.643 0.0000000000
74241  -41.841  1.524  -11.421 0.0000000000
74242  -42.894  1.395  -11.246 0.0000000000
74243  -43.397  1.731  -11.090 0.0000000000
74258  -37.700  0.901  -12.318 0.0000000000
74259  -37.946  0.974  -12.325 0.0000000000
74260  -40.047  2.247  -11.702 0.0000000000
74261  -40.328  1.769  -12.095 0.0000000000
74262  -40.749  1.629  -12.403 0.0000000000
74276  -41.476  1.569  -12.806 0.0000000000
75562  -39.911  3.115  -10.697 0.0000000000
75563  -40.452  3.066  -10.608 0.0000000000
75564  -41.346  3.049  -10.685 0.0000000000
75565  -42.308  2.945  -11.016 0.0000000000
75566  -43.448  2.375  -11.218 0.0000000000
75567  -44.774  2.219  -10.691 0.0000000000
75583  -39.774  2.703  -11.159 0.0000000000
75584  -40.606  2.554  -11.147 0.0000000000
75585  -41.529  2.356  -11.284 0.0000000000
75586  -42.533  2.128  -11.344 0.0000000000
75587  -43.102  1.930  -11.298 0.0000000000
75604  -39.485  2.491  -11.854 0.0000000000
75605  -39.895  2.451  -12.309 0.0000000000
75606  -40.598  2.456  -12.622 0.0000000000
75620  -41.423  2.540  -12.931 0.0000000000
76879  -39.613  3.287  -11.026 0.0000000000
76880  -40.385  3.571  -10.741 0.0000000000
76881  -41.233  3.782  -10.590 0.0000000000
76882  -42.039  3.876  -10.728 0.0000000000
76883  -43.048  3.768  -11.317 0.0000000000
76884  -44.313  3.191  -11.353 0.0000000000
76898  -39.010  3.023  -11.460 0.0000000000
76899  -44.006  4.126  -11.492 0.0000000000
76917  -38.991  3.006  -12.247 0.0000000000
76918  -39.806  3.250  -12.731 0.0000000000
76919  -40.616  3.129  -12.869 0.0000000000
76933  -40.377  3.710  -12.997 0.0000000000
76934  -41.252  3.541  -13.134 0.0000000000
78235  -41.515  4.798  -10.411 0.0000000000
78236  -41.708  4.890  -10.326 0.0000000000
78249  -39.339  3.460  -11.370 0.0000000000
78250  -40.083  3.978  -11.305 0.0000000000
78251  -41.219  4.463  -10.621 0.0000000000
78252  -41.990  4.742  -10.309 0.0000000000
78253  -42.673  4.742  -10.772 0.0000000000
78269  -39.141  3.651  -11.764 0.0000000000
78270  -39.758  4.277  -11.952 0.0000000000
78271  -43.445  4.816  -11.279 0.0000000000
78272  -44.416  4.823  -11.488 0.0000000000
78290  -39.348  3.749  -12.344 0.0000000000
78291  -40.138  4.301  -12.629 0.0000000000
78292  -40.795  4.745  -12.906 0.0000000000
78302  -40.705  4.212  -13.062 0.0000000000
78303  -41.481  4.579  -13.151 0.0000000000
78304  -42.545  4.781  -13.247 0.0000000000
79502  -41.508  5.036  -10.438 0.0000000000
79503  -41.900  5.236  -10.275 0.0000000000
79516  -40.308  4.585  -11.606 0.0000000000
79517  -41.024  5.109  -11.157 0.0000000000
79518  -42.244  5.450  -10.383 0.0000000000
79519  -42.738  5.583  -10.572 0.0000000000
79520  -43.355  6.001  -10.959 0.0000000000
79532  -40.566  4.981  -11.984 0.0000000000
79533  -41.100  5.761  -11.718 0.0000000000
79534  -43.140  5.410  -10.934 0.0000000000
79535  -43.881  5.677  -11.329 0.0000000000
79554  -40.852  5.080  -12.520 0.0000000000
79555  -41.298  5.304  -12.792 0.0000000000
79568  -41.955  5.476  -12.967 0.0000000000
79569  -42.718  5.715  -13.089 0.0000000000
80765  -41.758  5.635  -10.565 0.0000000000
80766  -42.116  5.608  -10.387 0.0000000000
80779  -41.731  6.392  -11.261 0.0000000000
80780  -42.466  6.232  -10.702 0.0000000000
80781  -43.292  6.546  -10.763 0.0000000000
80782  -44.172  6.594  -11.012 0.0000000000
80783  -44.803  6.983  -11.138 0.0000000000
80797  -41.153  5.678  -12.236 0.0000000000
80798  -41.414  6.411  -12.002 0.0000000000
80799  -44.456  6.096  -11.339 0.0000000000
80816  -41.265  5.572  -12.537 0.0000000000
80817  -41.770  6.277  -12.609 0.0000000000
80818  -42.290  7.032  -12.730 0.0000000000
80831  -42.249  6.066  -12.894 0.0000000000
80832  -42.719  6.715  -13.055 0.0000000000
82094  -42.094  7.157  -11.476 0.0000000000
82095  -42.482  7.516  -11.060 0.0000000000
82096  -43.140  7.420  -10.601 0.0000000000
82097  -43.960  7.450  -10.624 0.0000000000
82098  -44.691  7.476  -10.871 0.0000000000
82115  -41.830  7.027  -11.836 0.0000000000
82116  -42.205  7.702  -11.693 0.0000000000
82133  -41.756  6.808  -12.224 0.0000000000
82134  -42.199  7.397  -12.336 0.0000000000
82149  -42.661  7.639  -12.812 0.0000000000
82150  -43.371  7.773  -13.132 0.0000000000
83422  -42.623  8.340  -10.939 0.0000000000
83423  -42.938  8.349  -10.584 0.0000000000
83424  -43.732  8.345  -10.459 0.0000000000
83425  -44.651  8.340  -10.527 0.0000000000
83426  -45.371  8.694  -10.831 0.0000000000
83445  -42.472  8.425  -11.396 0.0000000000
83446  -45.148  8.086  -10.990 0.0000000000
83463  -42.495  8.480  -12.082 0.0000000000
83464  -42.806  8.841  -12.463 0.0000000000
83481  -42.654  8.185  -12.516 0.0000000000
83482  -43.058  8.625  -12.848 0.0000000000
83483  -43.824  8.786  -13.096 0.0000000000
84682  -49.762  9.897  -9.875 0.0000000000
84683  -50.517  9.542  -9.593 0.0000000000
84694  -42.801  8.938  -11.045 0.0000000000
84695  -43.430  9.270  -10.678 0.0000000000
84696  -44.298  9.176  -10.450 0.0000000000
84697  -45.144  9.285  -10.535 0.0000000000
84698  -46.078  9.347  -11.040 0.0000000000
84700  -48.332  9.544  -10.630 0.0000000000
84701  -49.309  9.575  -10.209 0.0000000000
84702  -49.946  9.452  -9.960 0.0000000000
84715  -42.632  9.375  -11.716 0.0000000000
84716  -43.038  9.634  -11.289 0.0000000000
84734  -42.736  9.324  -12.240 0.0000000000
84735  -43.096  9.605  -12.583 0.0000000000
84736  -43.533  10.021  -12.747 0.0000000000
84753  -43.468  9.402  -12.870 0.0000000000
84754  -44.034  9.859  -12.957 0.0000000000
84755  -44.671  10.211  -13.350 0.0000000000
86009  -48.255  10.830  -10.339 0.0000000000
86010  -48.913  10.766  -9.923 0.0000000000
86011  -49.804  10.506  -9.712 0.0000000000
86028  -44.082  9.816  -10.738 0.0000000000
86029  -44.758  9.911  -10.582 0.0000000000
86030  -45.611  10.247  -10.578 0.0000000000
86031  -46.743  10.246  -10.712 0.0000000000
86032  -47.798  10.281  -10.588 0.0000000000
86033  -48.659  10.260  -10.295 0.0000000000
86034  -49.274  10.241  -9.974 0.0000000000
86045  -42.860  10.296  -11.737 0.0000000000
86046  -43.540  10.217  -11.270 0.0000000000
86047  -44.417  10.447  -10.957 0.0000000000
86048  -45.002  10.449  -10.707 0.0000000000
86059  -42.843  10.209  -12.239 0.0000000000
86060  -43.346  10.696  -12.733 0.0000000000
86061  -43.698  10.413  -12.890 0.0000000000
86070  -43.453  11.325  -13.086 0.0000000000
86071  -43.989  10.947  -13.198 0.0000000000
86072  -44.881  10.989  -13.762 0.0000000000
87300  -48.061  11.026  -10.435 0.0000000000
87301  -48.469  11.255  -10.187 0.0000000000
87302  -49.331  11.314  -9.795 0.0000000000
87303  -50.206  11.102  -9.653 0.0000000000
87314  -45.676  10.738  -10.692 0.0000000000
87315  -46.191  10.866  -10.617 0.0000000000
87316  -47.528  11.161  -10.580 0.0000000000
87317  -48.386  11.643  -10.587 0.0000000000
87318  -49.843  11.633  -9.874 0.0000000000
87330  -42.781  10.705  -11.837 0.0000000000
87331  -43.063  10.911  -11.769 0.0000000000
87332  -43.953  11.121  -11.585 0.0000000000
87333  -45.269  11.052  -11.120 0.0000000000
87334  -46.374  11.454  -11.076 0.0000000000
87335  -47.133  11.774  -11.196 0.0000000000
87343  -42.797  10.730  -12.079 0.0000000000
87344  -43.080  11.121  -12.332 0.0000000000
87345  -44.579  11.757  -11.885 0.0000000000
87346  -45.212  11.739  -11.678 0.0000000000
87353  -43.276  11.586  -12.872 0.0000000000
87354  -43.631  11.836  -13.369 0.0000000000
87355  -44.398  11.820  -13.679 0.0000000000
87365  -45.207  11.853  -14.159 0.0000000000
88562  -48.988  11.816  -10.202 0.0000000000
88563  -49.442  11.788  -9.969 0.0000000000
88568  -47.983  11.882  -11.132 0.0000000000
88569  -48.964  12.074  -11.010 0.0000000000
88570  -49.802  12.001  -10.495 0.0000000000
88579  -43.311  11.477  -12.003 0.0000000000
88580  -43.789  11.798  -12.089 0.0000000000
88581  -45.703  11.776  -11.487 0.0000000000
88582  -46.393  12.133  -11.573 0.0000000000
88583  -47.351  12.320  -11.693 0.0000000000
88584  -48.449  12.586  -11.722 0.0000000000
88585  -49.465  12.488  -11.347 0.0000000000
88598  -43.408  11.840  -12.497 0.0000000000
88599  -44.176  12.313  -12.602 0.0000000000
88600  -45.381  12.357  -12.192 0.0000000000
88601  -46.559  12.697  -12.300 0.0000000000
88602  -47.596  12.862  -12.390 0.0000000000
88603  -48.309  13.117  -12.315 0.0000000000
88616  -43.523  12.241  -13.012 0.0000000000
88617  -44.394  12.516  -13.415 0.0000000000
88618  -44.820  12.469  -13.914 0.0000000000
88631  -44.814  13.062  -14.008 0.0000000000
88632  -45.419  12.858  -14.417 0.0000000000
89790  -48.704  13.059  -12.096 0.0000000000
89791  -49.189  13.059  -11.899 0.0000000000
89801  -44.949  12.977  -13.109 0.0000000000
89802  -45.844  13.230  -12.914 0.0000000000
89803  -46.871  13.362  -12.945 0.0000000000
89804  -47.875  13.696  -12.800 0.0000000000
89805  -48.814  13.581  -12.411 0.0000000000
89806  -49.716  13.576  -12.300 0.0000000000
89819  -44.902  13.518  -13.791 0.0000000000
89820  -45.379  13.837  -13.512 0.0000000000
89821  -46.238  14.018  -13.371 0.0000000000
89822  -47.125  14.048  -13.319 0.0000000000
89835  -45.111  13.678  -14.301 0.0000000000
89836  -45.693  13.782  -14.861 0.0000000000
90940  -48.553  14.238  -12.885 0.0000000000
90941  -49.353  14.239  -12.768 0.0000000000
90951  -45.101  14.249  -13.932 0.0000000000
90952  -45.738  14.786  -13.878 0.0000000000
90953  -46.776  14.722  -13.624 0.0000000000
90954  -47.846  14.657  -13.369 0.0000000000
90955  -48.900  14.877  -13.274 0.0000000000
90956  -49.865  14.927  -13.094 0.0000000000
90968  -44.965  14.048  -14.161 0.0000000000
90969  -45.368  14.495  -14.529 0.0000000000
90980  -45.928  14.673  -15.384 0.0000000000
90981  -46.217  15.084  -15.638 0.0000000000
92184  -46.080  15.238  -14.360 0.0000000000
92185  -46.569  15.258  -14.145 0.0000000000
92186  -47.408  15.294  -13.938 0.0000000000
92187  -48.345  15.624  -13.846 0.0000000000
92188  -49.377  15.670  -13.454 0.0000000000
92200  -45.777  15.201  -14.621 0.0000000000
92201  -46.475  15.650  -14.717 0.0000000000
92202  -47.207  15.749  -14.394 0.0000000000
92203  -47.766  15.762  -14.184 0.0000000000
92213  -45.531  15.101  -15.040 0.0000000000
92214  -46.212  15.410  -15.341 0.0000000000
93490  -48.450  16.085  -14.093 0.0000000000
93491  -48.912  16.192  -13.967 0.0000000000
93506  -46.691  15.960  -14.905 0.0000000000
93507  -47.017  16.144  -14.812 0.0000000000
93508  -48.088  16.435  -14.456 0.0000000000
93521  -46.700  16.045  -15.200 0.0000000000
93522  -47.263  16.768  -15.332 0.0000000000
93523  -48.062  17.301  -15.207 0.0000000000
93530  -46.779  16.209  -16.103 0.0000000000
93531  -47.219  17.056  -16.114 0.0000000000
