#!ascii label  , from subject Broad_82_YZ vox2ras=TkReg
1396
50193  -51.469  -17.001  -5.899 0.0000000000
50194  -51.718  -17.089  -5.715 0.0000000000
51059  -53.508  -16.244  8.121 0.0000000000
51060  -54.267  -16.170  8.186 0.0000000000
51061  -55.163  -15.916  8.267 0.0000000000
51062  -55.667  -15.687  8.304 0.0000000000
51069  -53.125  -16.241  7.772 0.0000000000
51070  -53.670  -16.330  7.326 0.0000000000
51071  -54.789  -16.359  7.470 0.0000000000
51072  -55.885  -16.033  7.747 0.0000000000
51073  -56.836  -15.847  7.545 0.0000000000
51074  -57.324  -15.732  7.492 0.0000000000
51078  -53.636  -16.142  6.653 0.0000000000
51079  -54.287  -16.224  6.419 0.0000000000
51080  -55.428  -16.386  6.697 0.0000000000
51081  -56.447  -16.279  6.847 0.0000000000
51082  -57.420  -16.157  6.961 0.0000000000
51083  -57.902  -16.194  6.480 0.0000000000
51089  -54.461  -15.881  5.692 0.0000000000
51090  -55.114  -16.149  5.813 0.0000000000
51091  -56.070  -16.361  5.936 0.0000000000
51092  -57.046  -16.345  6.131 0.0000000000
51093  -57.606  -16.289  6.296 0.0000000000
51183  -50.397  -17.028  -5.860 0.0000000000
51184  -52.290  -16.896  -5.737 0.0000000000
51185  -52.677  -16.812  -5.766 0.0000000000
51186  -53.519  -16.694  -5.716 0.0000000000
51196  -49.303  -16.404  -6.307 0.0000000000
51197  -49.973  -16.572  -6.551 0.0000000000
51198  -50.992  -16.808  -6.300 0.0000000000
51199  -51.994  -16.685  -6.103 0.0000000000
51200  -53.044  -16.276  -6.487 0.0000000000
51201  -54.091  -16.179  -6.325 0.0000000000
51202  -54.994  -15.981  -6.105 0.0000000000
51203  -55.552  -15.896  -5.995 0.0000000000
51209  -50.584  -16.366  -7.044 0.0000000000
51210  -51.432  -16.358  -6.997 0.0000000000
51211  -52.310  -16.146  -6.950 0.0000000000
51212  -52.811  -15.940  -6.958 0.0000000000
52210  -52.601  -15.182  10.029 0.0000000000
52220  -52.156  -15.548  9.291 0.0000000000
52221  -53.287  -15.368  9.507 0.0000000000
52222  -54.274  -15.224  9.404 0.0000000000
52223  -55.000  -15.014  9.339 0.0000000000
52232  -52.685  -16.007  8.369 0.0000000000
52233  -53.781  -15.729  8.713 0.0000000000
52234  -54.680  -15.544  8.788 0.0000000000
52235  -55.587  -15.222  8.817 0.0000000000
52236  -56.327  -15.022  8.628 0.0000000000
52237  -56.908  -14.891  8.461 0.0000000000
52246  -51.704  -15.828  7.476 0.0000000000
52247  -52.685  -16.035  7.229 0.0000000000
52248  -53.204  -16.039  6.737 0.0000000000
52249  -56.017  -15.511  8.354 0.0000000000
52250  -56.561  -15.438  8.136 0.0000000000
52251  -57.370  -15.247  7.973 0.0000000000
52252  -58.037  -15.226  7.681 0.0000000000
52257  -51.076  -15.488  6.738 0.0000000000
52258  -51.915  -15.600  6.635 0.0000000000
52259  -52.674  -15.697  6.366 0.0000000000
52260  -53.437  -15.814  6.150 0.0000000000
52261  -53.956  -15.806  5.787 0.0000000000
52262  -57.702  -15.651  7.447 0.0000000000
52263  -58.321  -15.704  6.951 0.0000000000
52264  -58.987  -15.526  6.207 0.0000000000
52273  -51.367  -15.332  6.119 0.0000000000
52274  -52.023  -15.359  5.859 0.0000000000
52275  -52.794  -15.440  5.563 0.0000000000
52276  -53.504  -15.496  5.446 0.0000000000
52277  -54.135  -15.505  5.282 0.0000000000
52278  -54.838  -15.632  5.197 0.0000000000
52279  -55.694  -15.777  5.224 0.0000000000
52280  -56.713  -15.920  5.300 0.0000000000
52281  -58.036  -16.040  5.617 0.0000000000
52282  -59.260  -15.268  5.200 0.0000000000
52291  -53.088  -15.250  5.064 0.0000000000
52292  -53.644  -15.145  4.872 0.0000000000
52293  -54.417  -15.114  4.719 0.0000000000
52294  -55.258  -15.182  4.610 0.0000000000
52295  -56.204  -15.265  4.576 0.0000000000
52296  -57.272  -15.342  4.510 0.0000000000
52297  -58.461  -15.101  4.219 0.0000000000
52298  -59.452  -14.672  4.221 0.0000000000
52308  -58.643  -14.452  3.645 0.0000000000
52309  -59.014  -14.678  3.763 0.0000000000
52370  -48.190  -15.668  -5.831 0.0000000000
52371  -56.007  -15.775  -5.954 0.0000000000
52380  -48.916  -15.655  -6.734 0.0000000000
52381  -49.435  -16.133  -6.771 0.0000000000
52382  -53.182  -15.752  -6.998 0.0000000000
52383  -53.766  -15.669  -6.837 0.0000000000
52384  -54.636  -15.345  -6.823 0.0000000000
52385  -55.586  -15.371  -6.409 0.0000000000
52386  -56.567  -15.238  -6.234 0.0000000000
52387  -57.546  -15.310  -5.915 0.0000000000
52393  -49.285  -15.190  -7.360 0.0000000000
52394  -49.832  -15.742  -7.277 0.0000000000
52395  -50.884  -15.759  -7.488 0.0000000000
52396  -51.808  -15.666  -7.440 0.0000000000
52397  -52.726  -15.529  -7.339 0.0000000000
52398  -53.585  -15.273  -7.294 0.0000000000
52399  -54.122  -15.217  -7.136 0.0000000000
53541  -53.001  -14.418  11.492 0.0000000000
53542  -53.817  -14.184  11.199 0.0000000000
53556  -52.343  -14.796  10.672 0.0000000000
53557  -53.373  -14.721  10.514 0.0000000000
53558  -54.402  -14.293  10.632 0.0000000000
53559  -55.097  -14.047  10.267 0.0000000000
53573  -54.028  -14.841  9.996 0.0000000000
53574  -54.733  -14.589  9.860 0.0000000000
53575  -55.622  -14.326  9.628 0.0000000000
53576  -56.444  -14.059  9.373 0.0000000000
53577  -57.052  -13.902  9.143 0.0000000000
53593  -56.152  -14.624  9.090 0.0000000000
53594  -56.713  -14.427  8.854 0.0000000000
53595  -57.509  -14.265  8.568 0.0000000000
53596  -58.240  -14.135  8.232 0.0000000000
53615  -57.989  -14.717  8.085 0.0000000000
53616  -58.642  -14.573  7.604 0.0000000000
53617  -59.485  -14.399  7.150 0.0000000000
53618  -60.060  -14.090  6.738 0.0000000000
53635  -49.845  -14.855  6.178 0.0000000000
53636  -50.663  -15.109  6.068 0.0000000000
53637  -59.092  -15.061  6.895 0.0000000000
53638  -59.688  -14.712  6.174 0.0000000000
53639  -60.480  -13.914  5.974 0.0000000000
53660  -49.262  -14.503  5.447 0.0000000000
53661  -50.227  -14.637  5.368 0.0000000000
53662  -51.285  -14.874  5.413 0.0000000000
53663  -52.213  -15.090  5.131 0.0000000000
53664  -52.719  -15.192  5.042 0.0000000000
53665  -60.298  -14.451  4.951 0.0000000000
53666  -60.940  -13.438  5.120 0.0000000000
53684  -48.613  -14.231  4.745 0.0000000000
53685  -49.621  -14.232  4.443 0.0000000000
53686  -50.737  -14.423  4.585 0.0000000000
53687  -51.765  -14.574  4.570 0.0000000000
53688  -52.857  -14.772  4.577 0.0000000000
53689  -53.883  -14.543  4.384 0.0000000000
53690  -54.799  -14.449  4.293 0.0000000000
53691  -55.720  -14.469  4.158 0.0000000000
53692  -56.675  -14.536  3.995 0.0000000000
53693  -57.637  -14.559  3.812 0.0000000000
53694  -58.221  -14.523  3.722 0.0000000000
53695  -60.120  -14.131  3.949 0.0000000000
53696  -60.798  -13.588  4.125 0.0000000000
53711  -49.764  -14.028  3.827 0.0000000000
53712  -50.308  -14.119  3.841 0.0000000000
53713  -51.250  -14.257  3.802 0.0000000000
53714  -52.274  -14.244  3.807 0.0000000000
53715  -53.299  -14.111  3.820 0.0000000000
53716  -54.271  -13.939  3.765 0.0000000000
53717  -55.228  -13.808  3.651 0.0000000000
53718  -56.185  -13.744  3.556 0.0000000000
53719  -57.152  -13.708  3.492 0.0000000000
53720  -58.198  -13.775  3.373 0.0000000000
53721  -59.343  -13.901  3.371 0.0000000000
53722  -60.347  -13.543  3.359 0.0000000000
53802  -48.136  -14.732  -5.385 0.0000000000
53810  -48.506  -14.577  -6.596 0.0000000000
53811  -54.793  -14.899  -7.122 0.0000000000
53812  -55.234  -14.792  -6.974 0.0000000000
53813  -56.188  -14.568  -6.706 0.0000000000
53814  -57.398  -14.399  -6.611 0.0000000000
53815  -58.700  -14.765  -5.875 0.0000000000
53821  -48.963  -14.515  -7.553 0.0000000000
53822  -49.633  -14.845  -7.818 0.0000000000
53823  -50.438  -15.069  -7.919 0.0000000000
53824  -51.341  -15.152  -7.965 0.0000000000
53825  -52.229  -15.043  -7.884 0.0000000000
53826  -53.188  -14.784  -7.754 0.0000000000
53827  -54.513  -14.534  -7.546 0.0000000000
53828  -55.798  -14.143  -7.369 0.0000000000
53829  -56.820  -13.950  -7.175 0.0000000000
53830  -57.362  -13.860  -7.013 0.0000000000
53836  -49.410  -14.203  -8.303 0.0000000000
53837  -50.114  -14.350  -8.443 0.0000000000
53838  -51.001  -14.523  -8.460 0.0000000000
53839  -51.774  -14.627  -8.331 0.0000000000
53840  -52.575  -14.376  -8.363 0.0000000000
53841  -53.595  -14.077  -8.298 0.0000000000
53842  -54.400  -13.790  -8.270 0.0000000000
54803  -53.099  -13.177  15.945 0.0000000000
54804  -53.611  -13.147  15.915 0.0000000000
54822  -52.736  -13.464  15.245 0.0000000000
54823  -53.729  -13.272  15.341 0.0000000000
54824  -54.292  -13.213  15.148 0.0000000000
54845  -53.298  -13.591  14.449 0.0000000000
54846  -54.392  -13.377  14.516 0.0000000000
54847  -55.491  -13.321  14.179 0.0000000000
54848  -56.548  -13.246  13.975 0.0000000000
54849  -57.166  -13.183  13.833 0.0000000000
54867  -53.788  -13.662  13.508 0.0000000000
54868  -54.831  -13.511  13.398 0.0000000000
54869  -55.900  -13.487  13.248 0.0000000000
54870  -57.085  -13.433  13.157 0.0000000000
54871  -57.694  -13.446  12.663 0.0000000000
54884  -53.169  -14.017  12.566 0.0000000000
54885  -54.217  -13.696  12.542 0.0000000000
54886  -55.196  -13.499  12.407 0.0000000000
54887  -56.219  -13.482  12.295 0.0000000000
54888  -57.153  -13.550  12.136 0.0000000000
54889  -58.118  -13.591  12.087 0.0000000000
54890  -58.874  -13.370  11.739 0.0000000000
54903  -53.737  -13.933  11.849 0.0000000000
54904  -54.553  -13.763  11.552 0.0000000000
54905  -55.531  -13.517  11.488 0.0000000000
54906  -56.462  -13.480  11.366 0.0000000000
54907  -57.395  -13.521  11.261 0.0000000000
54908  -58.328  -13.509  11.082 0.0000000000
54909  -59.397  -13.407  10.991 0.0000000000
54910  -60.130  -13.133  10.727 0.0000000000
54921  -55.021  -13.686  10.835 0.0000000000
54922  -55.797  -13.650  10.542 0.0000000000
54923  -56.733  -13.517  10.519 0.0000000000
54924  -57.616  -13.435  10.340 0.0000000000
54925  -58.603  -13.281  10.113 0.0000000000
54926  -59.703  -12.903  9.953 0.0000000000
54927  -60.335  -12.811  10.420 0.0000000000
54938  -56.254  -13.677  9.888 0.0000000000
54939  -56.967  -13.633  9.753 0.0000000000
54940  -57.787  -13.498  9.343 0.0000000000
54941  -58.848  -12.886  8.986 0.0000000000
54942  -59.617  -12.774  9.207 0.0000000000
54954  -58.217  -13.638  8.642 0.0000000000
54955  -58.808  -13.496  8.068 0.0000000000
54956  -59.391  -13.400  7.734 0.0000000000
54967  -59.181  -13.854  7.549 0.0000000000
54968  -59.876  -13.678  7.350 0.0000000000
54969  -60.527  -13.493  6.755 0.0000000000
54978  -61.082  -13.053  5.999 0.0000000000
54999  -48.774  -13.931  3.983 0.0000000000
55000  -49.377  -13.924  3.768 0.0000000000
55012  -48.976  -13.654  3.306 0.0000000000
55013  -49.802  -13.770  3.291 0.0000000000
55014  -50.737  -13.755  3.196 0.0000000000
55015  -51.730  -13.733  3.147 0.0000000000
55016  -52.745  -13.685  3.131 0.0000000000
55017  -53.722  -13.513  3.167 0.0000000000
55018  -54.689  -13.342  3.064 0.0000000000
55019  -55.726  -12.997  2.895 0.0000000000
55020  -56.651  -12.951  3.061 0.0000000000
55021  -57.615  -12.773  2.985 0.0000000000
55022  -58.787  -12.555  2.616 0.0000000000
55037  -48.479  -13.439  2.680 0.0000000000
55038  -49.311  -13.409  2.619 0.0000000000
55039  -50.198  -13.397  2.554 0.0000000000
55040  -51.154  -13.365  2.479 0.0000000000
55041  -52.216  -13.195  2.362 0.0000000000
55042  -53.187  -13.127  2.530 0.0000000000
55043  -54.115  -12.890  2.527 0.0000000000
55044  -55.018  -12.643  2.479 0.0000000000
55065  -48.790  -13.108  2.023 0.0000000000
55066  -49.641  -12.993  1.961 0.0000000000
55067  -50.575  -12.975  1.880 0.0000000000
55068  -51.473  -12.926  1.863 0.0000000000
55170  -48.854  -13.363  -5.459 0.0000000000
55171  -49.427  -12.746  -5.475 0.0000000000
55178  -48.600  -13.458  -6.509 0.0000000000
55179  -57.664  -13.774  -6.909 0.0000000000
55180  -58.352  -13.557  -6.713 0.0000000000
55181  -59.637  -13.693  -6.055 0.0000000000
55182  -60.400  -13.240  -5.875 0.0000000000
55187  -48.671  -13.494  -7.485 0.0000000000
55188  -54.872  -13.850  -8.109 0.0000000000
55189  -55.484  -13.696  -7.978 0.0000000000
55190  -56.545  -13.202  -7.753 0.0000000000
55191  -57.569  -13.271  -7.232 0.0000000000
55192  -58.166  -13.033  -7.060 0.0000000000
55197  -48.986  -13.543  -8.342 0.0000000000
55198  -49.753  -13.501  -8.970 0.0000000000
55199  -50.700  -13.829  -9.011 0.0000000000
55200  -51.779  -13.962  -8.922 0.0000000000
55201  -52.923  -13.687  -8.973 0.0000000000
55202  -53.994  -13.228  -8.906 0.0000000000
55203  -55.039  -13.209  -8.529 0.0000000000
55204  -55.983  -12.913  -8.305 0.0000000000
55205  -56.473  -12.740  -8.110 0.0000000000
55213  -50.461  -13.155  -9.487 0.0000000000
55214  -51.281  -13.258  -9.529 0.0000000000
55215  -52.260  -13.112  -9.469 0.0000000000
55216  -53.232  -12.898  -9.406 0.0000000000
55217  -53.791  -12.766  -9.328 0.0000000000
56080  -54.353  -11.991  17.885 0.0000000000
56098  -54.096  -12.368  17.318 0.0000000000
56099  -55.134  -11.944  17.282 0.0000000000
56100  -55.700  -11.810  16.985 0.0000000000
56114  -53.700  -12.854  16.442 0.0000000000
56115  -54.809  -12.498  16.491 0.0000000000
56116  -55.883  -12.077  16.491 0.0000000000
56117  -56.528  -11.981  16.232 0.0000000000
56130  -53.895  -13.129  15.861 0.0000000000
56131  -54.464  -13.011  15.648 0.0000000000
56132  -55.517  -12.615  15.684 0.0000000000
56133  -56.748  -12.281  15.657 0.0000000000
56134  -58.059  -12.053  15.264 0.0000000000
56135  -58.708  -11.741  15.076 0.0000000000
56148  -54.563  -13.175  15.080 0.0000000000
56149  -55.102  -13.093  15.005 0.0000000000
56150  -56.142  -12.887  14.826 0.0000000000
56151  -57.456  -12.767  14.386 0.0000000000
56152  -58.939  -12.146  14.437 0.0000000000
56153  -59.673  -11.807  14.105 0.0000000000
56166  -57.548  -13.152  13.679 0.0000000000
56167  -58.425  -13.106  13.214 0.0000000000
56168  -59.892  -12.111  13.406 0.0000000000
56169  -60.621  -11.772  13.132 0.0000000000
56180  -58.806  -13.319  12.345 0.0000000000
56181  -59.675  -12.909  12.105 0.0000000000
56182  -60.891  -12.054  12.450 0.0000000000
56192  -60.060  -13.135  11.270 0.0000000000
56193  -60.713  -12.649  11.126 0.0000000000
56200  -60.127  -12.675  9.307 0.0000000000
56201  -60.704  -12.511  9.917 0.0000000000
56209  -59.303  -12.966  8.249 0.0000000000
56210  -59.883  -12.699  8.618 0.0000000000
56211  -60.783  -12.431  8.888 0.0000000000
56221  -59.307  -13.151  7.929 0.0000000000
56222  -59.945  -12.981  7.747 0.0000000000
56223  -60.720  -12.334  7.944 0.0000000000
56231  -60.370  -13.249  7.260 0.0000000000
56232  -61.000  -12.734  6.942 0.0000000000
56239  -61.353  -12.506  6.157 0.0000000000
56260  -56.317  -12.472  2.633 0.0000000000
56261  -56.937  -12.189  2.511 0.0000000000
56262  -57.869  -11.963  2.340 0.0000000000
56271  -52.808  -12.809  2.092 0.0000000000
56272  -53.463  -12.480  1.976 0.0000000000
56273  -54.577  -12.163  1.895 0.0000000000
56274  -55.935  -11.826  1.979 0.0000000000
56275  -57.166  -11.505  1.866 0.0000000000
56291  -48.265  -12.991  1.473 0.0000000000
56292  -49.016  -12.673  1.379 0.0000000000
56293  -49.978  -12.571  1.267 0.0000000000
56294  -51.037  -12.431  1.307 0.0000000000
56295  -52.375  -12.433  1.462 0.0000000000
56296  -53.792  -11.768  1.038 0.0000000000
56297  -55.121  -11.580  1.213 0.0000000000
56298  -55.769  -11.385  1.293 0.0000000000
56316  -48.297  -12.733  0.725 0.0000000000
56317  -49.257  -12.380  0.547 0.0000000000
56318  -50.381  -12.128  0.454 0.0000000000
56319  -51.539  -11.968  0.629 0.0000000000
56320  -52.656  -11.737  0.503 0.0000000000
56321  -53.488  -11.478  0.245 0.0000000000
56336  -48.424  -12.495  -0.279 0.0000000000
56337  -49.542  -12.104  -0.422 0.0000000000
56338  -50.397  -11.891  -0.319 0.0000000000
56357  -48.715  -12.149  -1.394 0.0000000000
56358  -49.564  -11.896  -1.207 0.0000000000
56377  -47.833  -12.234  -2.467 0.0000000000
56378  -48.813  -11.790  -2.401 0.0000000000
56394  -47.025  -12.240  -3.435 0.0000000000
56395  -47.746  -12.002  -3.302 0.0000000000
56396  -48.325  -11.809  -3.065 0.0000000000
56399  -53.537  -12.066  -3.744 0.0000000000
56400  -53.943  -11.775  -3.616 0.0000000000
56411  -50.495  -12.454  -5.018 0.0000000000
56413  -52.290  -11.967  -4.572 0.0000000000
56414  -53.028  -11.943  -4.263 0.0000000000
56426  -49.377  -12.517  -5.933 0.0000000000
56427  -50.020  -12.157  -5.714 0.0000000000
56428  -50.981  -11.810  -5.447 0.0000000000
56429  -51.713  -11.612  -5.092 0.0000000000
56430  -60.915  -12.717  -5.769 0.0000000000
56438  -48.999  -12.315  -6.514 0.0000000000
56439  -49.573  -11.925  -6.264 0.0000000000
56440  -58.503  -12.818  -6.943 0.0000000000
56441  -59.165  -12.643  -6.730 0.0000000000
56442  -60.239  -12.598  -6.351 0.0000000000
56447  -48.696  -12.307  -7.482 0.0000000000
56448  -56.793  -12.544  -8.025 0.0000000000
56449  -57.404  -12.264  -7.782 0.0000000000
56450  -58.222  -12.469  -7.261 0.0000000000
56451  -58.681  -12.446  -6.999 0.0000000000
56456  -48.762  -12.623  -8.328 0.0000000000
56457  -49.131  -12.702  -9.028 0.0000000000
56458  -54.176  -12.606  -9.290 0.0000000000
56459  -54.748  -12.570  -9.032 0.0000000000
56460  -55.669  -12.159  -8.887 0.0000000000
56461  -56.526  -12.257  -8.363 0.0000000000
56462  -56.968  -12.199  -8.117 0.0000000000
56472  -49.871  -12.432  -9.785 0.0000000000
56473  -50.853  -12.600  -9.946 0.0000000000
56474  -51.719  -12.533  -9.876 0.0000000000
56475  -52.664  -12.201  -9.979 0.0000000000
56476  -53.755  -12.263  -9.694 0.0000000000
56477  -54.559  -12.110  -9.460 0.0000000000
56478  -55.056  -12.093  -9.227 0.0000000000
56490  -49.974  -11.875  -10.348 0.0000000000
56491  -50.531  -11.964  -10.378 0.0000000000
56492  -51.377  -12.016  -10.305 0.0000000000
56493  -51.959  -12.028  -10.119 0.0000000000
57478  -55.317  -11.180  18.959 0.0000000000
57497  -55.049  -11.539  18.118 0.0000000000
57498  -56.237  -11.248  18.362 0.0000000000
57499  -57.304  -11.101  18.006 0.0000000000
57500  -57.833  -10.893  17.759 0.0000000000
57515  -55.341  -11.699  17.593 0.0000000000
57516  -55.862  -11.615  17.388 0.0000000000
57517  -56.944  -11.358  17.400 0.0000000000
57518  -57.717  -11.035  17.358 0.0000000000
57529  -55.998  -11.756  16.855 0.0000000000
57530  -56.659  -11.683  16.630 0.0000000000
57531  -57.867  -11.211  16.622 0.0000000000
57532  -58.535  -11.002  16.275 0.0000000000
57544  -56.851  -11.916  16.138 0.0000000000
57545  -57.479  -11.700  15.980 0.0000000000
57546  -58.752  -11.306  15.648 0.0000000000
57547  -59.883  -11.001  15.473 0.0000000000
57559  -59.053  -11.627  14.947 0.0000000000
57560  -59.722  -11.533  14.627 0.0000000000
57573  -59.984  -11.669  13.941 0.0000000000
57652  -56.061  -11.266  1.297 0.0000000000
57653  -56.580  -11.069  1.282 0.0000000000
57659  -54.013  -11.433  0.331 0.0000000000
57660  -54.667  -11.353  0.408 0.0000000000
57661  -55.803  -11.240  0.675 0.0000000000
57667  -51.025  -11.839  -0.029 0.0000000000
57668  -51.866  -11.594  -0.168 0.0000000000
57669  -52.927  -11.419  -0.362 0.0000000000
57670  -54.009  -11.330  -0.374 0.0000000000
57671  -55.037  -11.228  -0.394 0.0000000000
57680  -50.123  -11.838  -0.872 0.0000000000
57681  -50.990  -11.616  -0.842 0.0000000000
57682  -52.156  -11.381  -1.126 0.0000000000
57683  -53.303  -11.331  -1.333 0.0000000000
57684  -54.305  -11.311  -1.398 0.0000000000
57694  -49.338  -11.766  -1.780 0.0000000000
57695  -50.163  -11.586  -1.646 0.0000000000
57696  -51.314  -11.404  -1.929 0.0000000000
57697  -52.507  -11.271  -2.222 0.0000000000
57698  -53.567  -11.240  -2.405 0.0000000000
57699  -54.300  -11.582  -2.355 0.0000000000
57710  -49.575  -11.568  -2.382 0.0000000000
57711  -50.428  -11.380  -2.725 0.0000000000
57712  -51.628  -11.115  -3.050 0.0000000000
57713  -52.771  -10.869  -3.277 0.0000000000
57714  -53.712  -10.952  -3.421 0.0000000000
57715  -53.981  -11.495  -3.490 0.0000000000
57726  -47.498  -11.901  -3.739 0.0000000000
57727  -48.059  -11.636  -3.749 0.0000000000
57728  -49.234  -11.344  -3.435 0.0000000000
57729  -50.666  -11.002  -3.883 0.0000000000
57730  -51.854  -10.672  -4.073 0.0000000000
57731  -52.808  -10.706  -4.239 0.0000000000
57732  -53.416  -11.352  -4.193 0.0000000000
57733  -53.828  -11.635  -3.837 0.0000000000
57746  -47.221  -11.659  -4.439 0.0000000000
57747  -48.470  -11.174  -4.564 0.0000000000
57748  -49.697  -10.617  -4.818 0.0000000000
57749  -50.952  -10.418  -4.806 0.0000000000
57750  -51.877  -10.465  -4.900 0.0000000000
57751  -52.340  -11.038  -5.036 0.0000000000
57752  -52.841  -11.532  -4.555 0.0000000000
57768  -46.729  -11.133  -5.348 0.0000000000
57769  -47.739  -10.940  -5.343 0.0000000000
57770  -48.808  -10.551  -5.368 0.0000000000
57771  -49.424  -10.365  -5.407 0.0000000000
57772  -49.913  -11.567  -6.235 0.0000000000
57773  -50.511  -11.177  -6.141 0.0000000000
57774  -51.445  -11.108  -5.581 0.0000000000
57775  -61.428  -12.182  -5.670 0.0000000000
57776  -61.893  -11.576  -5.299 0.0000000000
57791  -48.893  -11.684  -7.086 0.0000000000
57792  -49.456  -11.221  -6.718 0.0000000000
57793  -50.063  -10.791  -6.431 0.0000000000
57794  -59.815  -11.460  -6.657 0.0000000000
57795  -61.125  -11.615  -6.192 0.0000000000
57796  -61.595  -11.041  -5.741 0.0000000000
57814  -48.773  -11.160  -7.584 0.0000000000
57815  -49.071  -10.992  -7.164 0.0000000000
57816  -57.662  -11.156  -7.935 0.0000000000
57817  -58.274  -11.519  -7.510 0.0000000000
57818  -58.892  -11.901  -7.114 0.0000000000
57829  -48.841  -11.567  -8.643 0.0000000000
57830  -48.946  -12.153  -8.866 0.0000000000
57831  -56.011  -11.096  -9.123 0.0000000000
57832  -56.501  -11.393  -8.629 0.0000000000
57833  -57.065  -11.680  -8.230 0.0000000000
57845  -48.886  -11.364  -9.231 0.0000000000
57846  -49.108  -11.734  -9.438 0.0000000000
57847  -52.798  -11.627  -10.372 0.0000000000
57848  -53.455  -11.523  -10.252 0.0000000000
57849  -54.308  -11.497  -9.866 0.0000000000
57850  -55.152  -11.430  -9.407 0.0000000000
57857  -49.531  -11.572  -10.218 0.0000000000
57858  -50.095  -11.315  -10.794 0.0000000000
57859  -51.103  -11.384  -10.906 0.0000000000
57860  -52.144  -11.497  -10.550 0.0000000000
57861  -52.910  -11.198  -10.608 0.0000000000
57867  -50.162  -10.874  -11.068 0.0000000000
57868  -50.533  -10.932  -11.153 0.0000000000
58721  -56.397  -10.948  18.791 0.0000000000
58722  -56.880  -10.837  18.670 0.0000000000
58723  -58.043  -10.592  18.284 0.0000000000
58733  -58.235  -10.744  17.421 0.0000000000
58734  -58.992  -10.407  17.517 0.0000000000
58745  -58.107  -10.878  17.004 0.0000000000
58746  -58.681  -10.725  16.713 0.0000000000
58761  -58.822  -10.881  16.164 0.0000000000
58762  -59.308  -10.772  16.141 0.0000000000
58890  -49.711  -10.294  -5.428 0.0000000000
58891  -50.240  -10.239  -5.461 0.0000000000
58892  -51.080  -10.277  -5.451 0.0000000000
58893  -51.597  -10.579  -5.326 0.0000000000
58912  -47.045  -10.554  -5.983 0.0000000000
58913  -48.133  -10.343  -6.044 0.0000000000
58914  -49.372  -10.233  -5.925 0.0000000000
58915  -50.383  -10.127  -6.016 0.0000000000
58916  -51.024  -10.586  -5.744 0.0000000000
58917  -51.627  -10.774  -5.458 0.0000000000
58918  -62.027  -10.427  -5.586 0.0000000000
58936  -45.933  -9.888  -6.289 0.0000000000
58937  -46.515  -10.040  -6.438 0.0000000000
58938  -47.413  -10.091  -6.636 0.0000000000
58939  -48.398  -10.225  -6.901 0.0000000000
58940  -49.597  -10.543  -6.419 0.0000000000
58941  -50.383  -10.555  -6.212 0.0000000000
58942  -59.735  -10.254  -6.783 0.0000000000
58943  -60.651  -10.492  -6.420 0.0000000000
58944  -61.419  -10.622  -6.032 0.0000000000
58961  -48.353  -10.427  -7.748 0.0000000000
58962  -48.946  -10.718  -7.110 0.0000000000
58963  -57.713  -10.258  -8.071 0.0000000000
58964  -58.331  -10.490  -7.618 0.0000000000
58965  -59.074  -10.859  -7.205 0.0000000000
58977  -48.466  -10.606  -8.561 0.0000000000
58978  -56.147  -10.570  -9.145 0.0000000000
58979  -56.526  -10.396  -8.818 0.0000000000
58980  -57.124  -10.754  -8.341 0.0000000000
58986  -48.735  -10.806  -9.579 0.0000000000
58987  -49.076  -11.233  -10.030 0.0000000000
58988  -54.061  -10.962  -10.230 0.0000000000
58989  -54.740  -10.568  -9.981 0.0000000000
58990  -55.700  -10.471  -9.403 0.0000000000
58991  -56.202  -10.263  -9.147 0.0000000000
58995  -48.746  -10.335  -10.224 0.0000000000
58996  -49.300  -10.640  -10.639 0.0000000000
58997  -49.901  -10.823  -10.984 0.0000000000
58998  -51.818  -10.946  -11.135 0.0000000000
58999  -52.542  -10.548  -11.018 0.0000000000
59000  -53.520  -10.621  -10.566 0.0000000000
59001  -54.185  -10.498  -10.341 0.0000000000
59006  -49.528  -10.035  -11.147 0.0000000000
59007  -50.132  -10.379  -11.252 0.0000000000
59008  -51.212  -10.520  -11.382 0.0000000000
59009  -51.947  -10.454  -11.321 0.0000000000
59881  -44.317  -9.033  -1.938 0.0000000000
59932  -62.103  -9.885  -5.728 0.0000000000
59933  -62.593  -9.677  -5.463 0.0000000000
59945  -45.588  -9.451  -5.993 0.0000000000
59946  -46.226  -9.343  -6.651 0.0000000000
59947  -46.870  -9.667  -7.027 0.0000000000
59948  -47.497  -9.863  -7.232 0.0000000000
59949  -59.710  -9.768  -6.884 0.0000000000
59950  -60.216  -9.525  -6.685 0.0000000000
59951  -61.603  -9.579  -6.090 0.0000000000
59952  -62.429  -8.886  -5.796 0.0000000000
59963  -46.610  -9.155  -7.297 0.0000000000
59964  -47.086  -9.428  -7.690 0.0000000000
59965  -47.736  -9.923  -7.739 0.0000000000
59966  -57.728  -9.864  -8.172 0.0000000000
59967  -58.147  -9.662  -7.952 0.0000000000
59968  -59.273  -9.605  -7.300 0.0000000000
59969  -60.008  -8.812  -7.093 0.0000000000
59980  -47.393  -9.430  -8.257 0.0000000000
59981  -47.884  -9.982  -8.423 0.0000000000
59982  -56.703  -9.874  -8.789 0.0000000000
59983  -57.310  -9.689  -8.507 0.0000000000
59984  -58.077  -9.026  -8.318 0.0000000000
59990  -47.563  -9.424  -8.834 0.0000000000
59991  -48.034  -9.893  -9.268 0.0000000000
59992  -54.823  -10.067  -10.185 0.0000000000
59993  -55.274  -9.778  -9.945 0.0000000000
59994  -56.388  -9.614  -9.255 0.0000000000
59995  -57.159  -8.916  -9.081 0.0000000000
60001  -48.382  -9.822  -10.012 0.0000000000
60002  -48.766  -9.964  -10.513 0.0000000000
60003  -52.605  -10.017  -11.178 0.0000000000
60004  -53.095  -9.793  -10.974 0.0000000000
60005  -54.340  -9.788  -10.483 0.0000000000
60006  -55.062  -9.071  -10.353 0.0000000000
60012  -48.490  -9.410  -10.535 0.0000000000
60013  -48.992  -9.586  -11.047 0.0000000000
60014  -49.778  -9.462  -11.454 0.0000000000
60015  -50.791  -9.543  -11.617 0.0000000000
60016  -52.122  -9.689  -11.473 0.0000000000
60017  -52.866  -9.014  -11.244 0.0000000000
60919  -43.514  -8.497  -2.185 0.0000000000
60920  -44.395  -8.480  -1.921 0.0000000000
60921  -45.060  -8.369  -1.881 0.0000000000
60930  -43.385  -8.013  -2.674 0.0000000000
60931  -44.705  -8.804  -2.128 0.0000000000
60932  -45.252  -8.568  -2.359 0.0000000000
60943  -43.059  -8.030  -3.438 0.0000000000
60944  -43.434  -7.683  -3.048 0.0000000000
60964  -45.434  -8.689  -5.389 0.0000000000
60965  -63.240  -8.534  -5.468 0.0000000000
60976  -45.842  -8.589  -6.277 0.0000000000
60977  -46.346  -8.560  -7.046 0.0000000000
60978  -60.851  -8.416  -6.720 0.0000000000
60979  -62.028  -8.414  -6.238 0.0000000000
60980  -62.653  -8.326  -5.874 0.0000000000
60989  -46.760  -8.681  -7.847 0.0000000000
60990  -47.068  -9.068  -8.124 0.0000000000
60991  -58.767  -8.862  -7.989 0.0000000000
60992  -59.647  -8.385  -7.746 0.0000000000
60993  -60.247  -8.308  -7.265 0.0000000000
61005  -46.849  -8.336  -8.225 0.0000000000
61006  -47.149  -8.711  -8.592 0.0000000000
61007  -57.740  -8.708  -8.722 0.0000000000
61008  -58.510  -8.313  -8.609 0.0000000000
61009  -59.098  -8.348  -8.253 0.0000000000
61019  -47.560  -8.999  -9.524 0.0000000000
61020  -47.965  -9.422  -9.756 0.0000000000
61021  -55.807  -8.842  -9.995 0.0000000000
61022  -56.772  -8.309  -9.749 0.0000000000
61023  -57.584  -8.274  -9.258 0.0000000000
61024  -58.011  -8.255  -8.938 0.0000000000
61029  -47.658  -8.833  -9.893 0.0000000000
61030  -47.921  -8.972  -10.161 0.0000000000
61031  -53.629  -8.897  -10.892 0.0000000000
61032  -54.514  -8.666  -10.732 0.0000000000
61033  -55.371  -8.279  -10.660 0.0000000000
61034  -56.126  -8.154  -10.350 0.0000000000
61040  -48.446  -8.707  -10.844 0.0000000000
61041  -49.177  -8.613  -11.461 0.0000000000
61042  -50.176  -8.530  -11.849 0.0000000000
61043  -51.339  -8.568  -11.927 0.0000000000
61044  -52.368  -8.491  -11.707 0.0000000000
61045  -53.219  -8.306  -11.488 0.0000000000
61046  -54.031  -8.122  -11.259 0.0000000000
61047  -54.764  -7.999  -11.137 0.0000000000
62085  -43.744  -7.845  -2.307 0.0000000000
62086  -44.351  -7.633  -2.059 0.0000000000
62087  -45.125  -7.761  -1.751 0.0000000000
62088  -45.752  -7.472  -1.781 0.0000000000
62099  -43.857  -7.360  -2.670 0.0000000000
62100  -44.335  -7.139  -2.332 0.0000000000
62101  -45.625  -8.024  -1.961 0.0000000000
62102  -46.355  -7.500  -2.163 0.0000000000
62103  -47.056  -7.334  -2.625 0.0000000000
62114  -43.249  -7.717  -3.678 0.0000000000
62115  -43.535  -7.419  -3.565 0.0000000000
62116  -45.806  -8.128  -2.680 0.0000000000
62117  -46.462  -7.715  -3.037 0.0000000000
62118  -47.060  -7.312  -3.443 0.0000000000
62125  -43.165  -7.717  -4.084 0.0000000000
62126  -43.610  -7.318  -4.520 0.0000000000
62127  -45.798  -8.136  -3.648 0.0000000000
62128  -46.376  -7.546  -4.056 0.0000000000
62129  -46.931  -7.120  -4.458 0.0000000000
62136  -45.778  -8.013  -4.717 0.0000000000
62137  -46.432  -7.404  -5.236 0.0000000000
62138  -46.881  -7.053  -5.087 0.0000000000
62139  -63.377  -7.910  -5.636 0.0000000000
62140  -63.911  -7.694  -5.481 0.0000000000
62151  -45.850  -7.982  -5.650 0.0000000000
62152  -46.333  -7.656  -6.436 0.0000000000
62153  -46.702  -7.290  -7.187 0.0000000000
62154  -61.030  -7.737  -6.965 0.0000000000
62155  -61.680  -7.770  -6.686 0.0000000000
62156  -62.931  -7.584  -6.187 0.0000000000
62157  -63.710  -7.285  -5.890 0.0000000000
62167  -46.550  -7.924  -7.561 0.0000000000
62168  -46.774  -7.440  -7.732 0.0000000000
62169  -59.955  -7.844  -8.075 0.0000000000
62170  -60.532  -7.700  -7.588 0.0000000000
62171  -61.307  -7.348  -7.188 0.0000000000
62172  -62.023  -7.224  -6.915 0.0000000000
62182  -46.728  -8.180  -8.018 0.0000000000
62183  -46.882  -7.780  -8.330 0.0000000000
62184  -58.799  -7.867  -8.955 0.0000000000
62185  -59.423  -7.756  -8.614 0.0000000000
62186  -60.156  -7.500  -8.335 0.0000000000
62199  -47.394  -7.946  -9.369 0.0000000000
62200  -47.635  -7.440  -9.730 0.0000000000
62201  -57.033  -7.671  -10.039 0.0000000000
62202  -57.520  -7.621  -9.794 0.0000000000
62203  -58.255  -7.792  -9.289 0.0000000000
62204  -58.961  -7.514  -9.254 0.0000000000
62211  -47.625  -8.519  -9.887 0.0000000000
62212  -47.868  -7.867  -10.277 0.0000000000
62213  -55.935  -7.728  -10.777 0.0000000000
62214  -56.673  -7.531  -10.506 0.0000000000
62215  -57.239  -7.337  -10.253 0.0000000000
62221  -48.579  -7.753  -11.176 0.0000000000
62222  -49.477  -7.556  -11.718 0.0000000000
62223  -50.676  -7.312  -12.245 0.0000000000
62224  -51.849  -7.681  -12.190 0.0000000000
62225  -52.781  -7.697  -12.032 0.0000000000
62226  -53.622  -7.590  -11.837 0.0000000000
62227  -54.518  -7.400  -11.711 0.0000000000
62228  -55.370  -7.471  -11.292 0.0000000000
62229  -56.131  -7.210  -11.109 0.0000000000
62235  -51.057  -6.677  -12.319 0.0000000000
62236  -51.524  -6.878  -12.376 0.0000000000
62237  -52.341  -6.964  -12.384 0.0000000000
62238  -53.199  -6.988  -12.334 0.0000000000
62239  -53.961  -6.976  -12.194 0.0000000000
63384  -44.698  -6.963  -2.137 0.0000000000
63385  -45.153  -7.108  -1.793 0.0000000000
63386  -45.529  -7.278  -1.704 0.0000000000
63395  -44.015  -6.897  -3.259 0.0000000000
63396  -44.499  -6.741  -2.709 0.0000000000
63397  -45.284  -6.455  -2.239 0.0000000000
63398  -46.067  -6.799  -1.760 0.0000000000
63399  -47.412  -6.734  -2.102 0.0000000000
63400  -48.534  -6.307  -1.989 0.0000000000
63401  -49.128  -6.103  -1.919 0.0000000000
63415  -44.012  -6.830  -4.019 0.0000000000
63416  -44.508  -6.554  -3.566 0.0000000000
63417  -45.123  -6.299  -3.209 0.0000000000
63418  -47.723  -7.044  -2.890 0.0000000000
63419  -48.431  -6.716  -2.414 0.0000000000
63420  -49.154  -6.359  -2.180 0.0000000000
63435  -44.121  -6.826  -4.977 0.0000000000
63436  -44.626  -6.423  -4.440 0.0000000000
63437  -45.025  -6.315  -3.932 0.0000000000
63438  -47.545  -6.817  -3.940 0.0000000000
63439  -48.362  -6.538  -3.472 0.0000000000
63440  -49.010  -6.468  -2.818 0.0000000000
63452  -44.517  -6.240  -5.430 0.0000000000
63453  -46.832  -6.990  -5.539 0.0000000000
63454  -47.308  -6.784  -5.099 0.0000000000
63455  -48.001  -6.445  -4.607 0.0000000000
63456  -64.134  -7.071  -5.746 0.0000000000
63472  -46.608  -7.152  -5.902 0.0000000000
63473  -46.998  -6.765  -6.334 0.0000000000
63474  -47.805  -6.251  -5.672 0.0000000000
63475  -63.159  -6.897  -6.633 0.0000000000
63476  -63.757  -6.801  -6.322 0.0000000000
63477  -64.493  -6.615  -5.956 0.0000000000
63492  -47.136  -6.875  -7.725 0.0000000000
63493  -47.930  -5.990  -6.961 0.0000000000
63494  -48.639  -5.718  -7.104 0.0000000000
63495  -61.111  -7.090  -7.767 0.0000000000
63496  -61.715  -6.878  -7.495 0.0000000000
63497  -62.627  -6.688  -7.180 0.0000000000
63498  -63.326  -6.545  -6.904 0.0000000000
63512  -47.334  -7.079  -8.879 0.0000000000
63513  -47.930  -6.362  -8.349 0.0000000000
63514  -48.681  -5.850  -7.764 0.0000000000
63515  -60.013  -7.127  -8.783 0.0000000000
63516  -60.642  -6.890  -8.465 0.0000000000
63517  -61.356  -6.633  -8.138 0.0000000000
63518  -62.018  -6.434  -7.917 0.0000000000
63534  -47.525  -7.279  -9.446 0.0000000000
63535  -47.958  -6.787  -9.641 0.0000000000
63536  -48.731  -5.897  -8.953 0.0000000000
63537  -58.030  -7.308  -9.774 0.0000000000
63538  -58.607  -7.145  -9.759 0.0000000000
63539  -59.568  -6.797  -9.444 0.0000000000
63540  -60.208  -6.683  -9.021 0.0000000000
63551  -48.372  -7.015  -10.619 0.0000000000
63552  -49.038  -6.082  -10.351 0.0000000000
63553  -57.177  -7.112  -10.599 0.0000000000
63554  -57.811  -6.814  -10.420 0.0000000000
63555  -58.913  -6.472  -10.189 0.0000000000
63556  -59.481  -6.300  -10.034 0.0000000000
63567  -48.900  -6.864  -11.251 0.0000000000
63568  -49.741  -6.345  -11.593 0.0000000000
63569  -50.763  -6.170  -12.103 0.0000000000
63570  -51.358  -5.926  -12.220 0.0000000000
63571  -55.111  -7.028  -11.831 0.0000000000
63572  -55.737  -6.604  -11.782 0.0000000000
63573  -56.925  -6.706  -11.187 0.0000000000
63574  -57.572  -6.406  -11.087 0.0000000000
63583  -51.317  -6.370  -12.312 0.0000000000
63584  -51.893  -6.209  -12.381 0.0000000000
63585  -52.745  -6.207  -12.420 0.0000000000
63586  -53.651  -6.235  -12.418 0.0000000000
63587  -54.727  -6.461  -12.282 0.0000000000
63588  -55.358  -6.129  -12.265 0.0000000000
64736  -52.796  -5.066  -1.703 0.0000000000
64737  -53.374  -5.085  -1.673 0.0000000000
64738  -53.744  -5.016  -1.616 0.0000000000
64742  -46.068  -6.048  -2.174 0.0000000000
64743  -46.867  -5.965  -2.028 0.0000000000
64744  -47.928  -5.693  -2.135 0.0000000000
64745  -48.872  -5.671  -2.020 0.0000000000
64746  -49.775  -5.659  -2.133 0.0000000000
64747  -51.017  -5.330  -2.092 0.0000000000
64748  -52.148  -5.258  -1.989 0.0000000000
64749  -53.132  -5.411  -2.057 0.0000000000
64750  -54.113  -5.266  -1.966 0.0000000000
64751  -55.291  -5.193  -2.239 0.0000000000
64752  -56.355  -5.152  -2.370 0.0000000000
64753  -57.340  -5.147  -2.425 0.0000000000
64754  -58.187  -5.167  -2.486 0.0000000000
64755  -58.682  -5.110  -2.579 0.0000000000
64763  -45.827  -5.962  -2.937 0.0000000000
64764  -46.537  -5.512  -2.815 0.0000000000
64765  -47.264  -5.348  -2.553 0.0000000000
64766  -49.672  -6.079  -2.793 0.0000000000
64767  -50.584  -5.727  -2.789 0.0000000000
64768  -51.635  -5.484  -2.837 0.0000000000
64769  -52.690  -5.403  -2.883 0.0000000000
64770  -53.745  -5.495  -2.876 0.0000000000
64771  -54.819  -5.511  -2.869 0.0000000000
64772  -55.877  -5.494  -2.968 0.0000000000
64773  -56.883  -5.441  -3.013 0.0000000000
64774  -57.791  -5.439  -2.964 0.0000000000
64775  -58.667  -5.321  -3.022 0.0000000000
64787  -45.112  -6.156  -4.364 0.0000000000
64788  -45.624  -5.734  -4.087 0.0000000000
64789  -46.159  -5.507  -3.424 0.0000000000
64790  -48.554  -6.177  -4.380 0.0000000000
64791  -49.189  -6.073  -3.821 0.0000000000
64792  -50.121  -5.684  -3.788 0.0000000000
64793  -51.125  -5.482  -3.849 0.0000000000
64794  -52.195  -5.434  -3.928 0.0000000000
64795  -53.304  -5.399  -3.962 0.0000000000
64796  -54.448  -5.408  -3.919 0.0000000000
64797  -55.409  -5.464  -3.742 0.0000000000
64798  -56.465  -5.478  -4.048 0.0000000000
64799  -57.401  -5.451  -3.653 0.0000000000
64800  -58.133  -5.310  -3.558 0.0000000000
64810  -45.064  -5.919  -4.916 0.0000000000
64811  -45.429  -5.262  -5.218 0.0000000000
64812  -48.332  -6.080  -5.112 0.0000000000
64813  -48.849  -5.783  -4.977 0.0000000000
64814  -49.647  -5.622  -4.903 0.0000000000
64815  -50.608  -5.551  -4.979 0.0000000000
64816  -51.649  -5.398  -5.074 0.0000000000
64817  -52.764  -5.232  -5.130 0.0000000000
64818  -53.974  -5.154  -5.136 0.0000000000
64819  -55.426  -5.146  -5.067 0.0000000000
64820  -56.337  -5.187  -4.828 0.0000000000
64831  -44.902  -5.609  -5.891 0.0000000000
64832  -45.354  -5.015  -6.262 0.0000000000
64833  -48.438  -5.831  -5.883 0.0000000000
64834  -49.149  -5.605  -5.911 0.0000000000
64835  -50.004  -5.452  -6.042 0.0000000000
64836  -51.014  -5.300  -6.190 0.0000000000
64837  -52.133  -5.183  -6.325 0.0000000000
64838  -53.311  -5.025  -6.330 0.0000000000
64839  -54.559  -4.929  -6.399 0.0000000000
64840  -55.303  -4.810  -6.039 0.0000000000
64841  -64.262  -6.384  -6.419 0.0000000000
64842  -64.775  -6.033  -6.435 0.0000000000
64857  -48.681  -5.685  -6.591 0.0000000000
64858  -49.284  -5.550  -6.985 0.0000000000
64859  -50.304  -5.409  -7.210 0.0000000000
64860  -51.368  -5.144  -7.442 0.0000000000
64861  -52.625  -4.900  -7.669 0.0000000000
64862  -53.751  -4.824  -7.225 0.0000000000
64863  -54.350  -4.718  -7.195 0.0000000000
64864  -63.172  -6.282  -7.342 0.0000000000
64865  -63.897  -6.038  -7.072 0.0000000000
64866  -64.896  -5.177  -7.161 0.0000000000
64867  -65.509  -4.868  -6.823 0.0000000000
64882  -49.546  -5.603  -8.108 0.0000000000
64883  -50.512  -5.287  -8.395 0.0000000000
64884  -51.586  -4.865  -8.793 0.0000000000
64885  -52.352  -4.682  -8.529 0.0000000000
64886  -61.050  -6.390  -8.638 0.0000000000
64887  -61.607  -6.112  -8.555 0.0000000000
64888  -62.812  -5.795  -8.184 0.0000000000
64889  -64.095  -5.326  -7.964 0.0000000000
64890  -64.570  -4.869  -7.774 0.0000000000
64907  -49.701  -5.571  -9.251 0.0000000000
64908  -50.554  -5.233  -9.517 0.0000000000
64909  -51.166  -4.871  -10.036 0.0000000000
64910  -59.824  -6.202  -9.881 0.0000000000
64911  -60.622  -5.993  -9.432 0.0000000000
64912  -61.882  -5.543  -9.108 0.0000000000
64913  -62.470  -5.340  -8.978 0.0000000000
64930  -49.892  -5.519  -10.106 0.0000000000
64931  -50.457  -5.267  -10.493 0.0000000000
64932  -50.980  -4.949  -10.999 0.0000000000
64933  -57.878  -6.277  -11.029 0.0000000000
64934  -58.370  -6.017  -10.818 0.0000000000
64935  -59.549  -5.664  -10.526 0.0000000000
64936  -60.360  -5.501  -10.258 0.0000000000
64950  -49.819  -5.624  -10.851 0.0000000000
64951  -50.430  -5.542  -11.373 0.0000000000
64952  -51.193  -5.392  -11.788 0.0000000000
64953  -51.831  -5.032  -11.933 0.0000000000
64954  -52.407  -4.853  -12.100 0.0000000000
64955  -55.756  -5.881  -12.237 0.0000000000
64956  -56.450  -5.874  -11.902 0.0000000000
64957  -57.557  -5.700  -11.566 0.0000000000
64958  -58.594  -5.347  -11.371 0.0000000000
64959  -59.238  -5.037  -11.399 0.0000000000
64969  -51.695  -5.598  -12.185 0.0000000000
64970  -52.273  -5.522  -12.292 0.0000000000
64971  -53.100  -5.284  -12.368 0.0000000000
64972  -54.142  -5.419  -12.456 0.0000000000
64973  -55.141  -5.463  -12.452 0.0000000000
64974  -55.986  -5.228  -12.395 0.0000000000
64975  -56.733  -5.154  -12.193 0.0000000000
66158  -53.023  -4.691  -1.592 0.0000000000
66159  -53.522  -4.758  -1.608 0.0000000000
66160  -53.992  -4.780  -1.685 0.0000000000
66165  -48.496  -5.164  -2.313 0.0000000000
66166  -49.188  -4.663  -2.376 0.0000000000
66167  -50.409  -4.678  -2.013 0.0000000000
66168  -51.499  -4.605  -1.784 0.0000000000
66169  -52.374  -4.623  -1.661 0.0000000000
66170  -54.771  -4.768  -1.860 0.0000000000
66171  -55.829  -4.726  -2.050 0.0000000000
66172  -56.879  -4.678  -2.160 0.0000000000
66173  -57.850  -4.714  -2.174 0.0000000000
66174  -58.604  -4.788  -2.390 0.0000000000
66175  -59.126  -4.927  -2.679 0.0000000000
66176  -59.540  -4.684  -2.933 0.0000000000
66184  -47.081  -5.043  -3.077 0.0000000000
66185  -47.933  -4.493  -3.035 0.0000000000
66186  -48.769  -4.042  -2.890 0.0000000000
66187  -59.228  -4.938  -3.172 0.0000000000
66188  -59.560  -4.487  -3.390 0.0000000000
66202  -45.908  -5.082  -4.715 0.0000000000
66203  -46.608  -4.801  -4.028 0.0000000000
66204  -47.582  -4.003  -4.465 0.0000000000
66205  -57.215  -5.367  -4.207 0.0000000000
66206  -57.832  -5.137  -4.207 0.0000000000
66207  -58.816  -4.673  -3.930 0.0000000000
66208  -59.491  -4.352  -3.797 0.0000000000
66218  -46.066  -4.643  -5.583 0.0000000000
66219  -47.146  -4.029  -5.567 0.0000000000
66220  -47.662  -3.750  -5.191 0.0000000000
66221  -56.353  -4.911  -5.323 0.0000000000
66222  -57.092  -4.952  -4.814 0.0000000000
66223  -58.125  -4.421  -4.849 0.0000000000
66224  -58.634  -4.359  -4.526 0.0000000000
66236  -55.292  -4.641  -6.580 0.0000000000
66237  -55.962  -4.485  -6.074 0.0000000000
66238  -56.920  -4.436  -5.647 0.0000000000
66239  -57.491  -4.428  -5.317 0.0000000000
66254  -53.444  -4.561  -7.932 0.0000000000
66255  -54.108  -4.444  -7.680 0.0000000000
66256  -54.929  -4.391  -7.346 0.0000000000
66257  -55.617  -4.228  -6.878 0.0000000000
66258  -64.879  -4.555  -7.688 0.0000000000
66259  -65.515  -4.283  -7.337 0.0000000000
66274  -52.278  -4.523  -9.040 0.0000000000
66275  -52.922  -4.436  -8.616 0.0000000000
66276  -53.777  -4.074  -8.444 0.0000000000
66277  -54.429  -3.983  -7.988 0.0000000000
66278  -62.834  -5.117  -8.953 0.0000000000
66279  -63.482  -4.952  -8.644 0.0000000000
66280  -64.359  -4.478  -8.361 0.0000000000
66281  -64.985  -4.095  -7.980 0.0000000000
66296  -51.901  -4.493  -9.743 0.0000000000
66297  -52.628  -4.093  -9.554 0.0000000000
66298  -53.264  -3.942  -9.098 0.0000000000
66299  -60.801  -5.245  -10.176 0.0000000000
66300  -61.427  -5.116  -9.824 0.0000000000
66301  -62.328  -4.827  -9.556 0.0000000000
66302  -63.066  -4.606  -9.283 0.0000000000
66303  -63.673  -4.351  -9.028 0.0000000000
66318  -51.597  -4.522  -10.670 0.0000000000
66319  -52.198  -4.115  -10.413 0.0000000000
66320  -59.752  -4.916  -11.209 0.0000000000
66321  -60.360  -4.972  -10.777 0.0000000000
66322  -61.179  -4.621  -10.565 0.0000000000
66323  -61.808  -4.563  -10.177 0.0000000000
66335  -51.511  -4.799  -11.387 0.0000000000
66336  -52.132  -4.316  -11.414 0.0000000000
66337  -52.868  -4.330  -12.013 0.0000000000
66338  -58.068  -4.892  -11.912 0.0000000000
66339  -58.747  -4.694  -11.913 0.0000000000
66340  -59.444  -4.389  -11.801 0.0000000000
66341  -60.091  -4.412  -11.446 0.0000000000
66342  -60.722  -4.372  -11.215 0.0000000000
66354  -53.687  -4.485  -12.321 0.0000000000
66355  -54.568  -4.574  -12.447 0.0000000000
66356  -55.431  -4.508  -12.468 0.0000000000
66357  -56.289  -4.406  -12.444 0.0000000000
66358  -57.280  -4.473  -12.262 0.0000000000
66359  -58.157  -4.178  -12.300 0.0000000000
66360  -58.869  -4.064  -12.280 0.0000000000
67499  -52.795  -4.234  -1.732 0.0000000000
67500  -53.367  -4.360  -1.730 0.0000000000
67501  -53.727  -4.539  -1.705 0.0000000000
67506  -49.277  -3.789  -2.891 0.0000000000
67507  -50.018  -3.859  -2.570 0.0000000000
67508  -51.031  -3.868  -2.275 0.0000000000
67509  -52.140  -3.869  -2.032 0.0000000000
67510  -53.141  -3.806  -2.080 0.0000000000
67511  -54.092  -4.241  -2.067 0.0000000000
67512  -55.288  -4.277  -2.272 0.0000000000
67513  -56.391  -4.148  -2.260 0.0000000000
67514  -57.478  -4.094  -2.133 0.0000000000
67515  -58.489  -4.241  -2.167 0.0000000000
67516  -59.173  -4.438  -2.533 0.0000000000
67517  -59.461  -4.564  -2.700 0.0000000000
67525  -48.220  -3.755  -4.136 0.0000000000
67526  -48.851  -3.627  -3.633 0.0000000000
67527  -49.739  -3.422  -3.507 0.0000000000
67528  -50.633  -3.358  -3.221 0.0000000000
67529  -51.637  -3.406  -3.017 0.0000000000
67530  -52.691  -3.499  -3.003 0.0000000000
67531  -53.752  -3.657  -3.014 0.0000000000
67532  -54.833  -3.782  -2.942 0.0000000000
67533  -55.876  -3.653  -2.822 0.0000000000
67534  -57.000  -3.526  -3.086 0.0000000000
67535  -58.184  -3.613  -2.714 0.0000000000
67536  -59.216  -3.738  -2.639 0.0000000000
67537  -60.032  -4.037  -2.898 0.0000000000
67538  -60.679  -3.595  -3.086 0.0000000000
67551  -48.112  -3.609  -4.983 0.0000000000
67552  -48.742  -3.459  -4.691 0.0000000000
67553  -49.495  -3.309  -4.566 0.0000000000
67554  -50.282  -3.273  -4.443 0.0000000000
67555  -51.245  -3.351  -4.117 0.0000000000
67558  -54.508  -3.257  -3.985 0.0000000000
67559  -55.563  -3.259  -3.722 0.0000000000
67560  -56.251  -3.318  -3.430 0.0000000000
67561  -59.415  -4.187  -4.149 0.0000000000
67562  -60.021  -3.870  -3.787 0.0000000000
67563  -60.463  -3.730  -3.295 0.0000000000
67575  -47.869  -3.543  -5.810 0.0000000000
67576  -48.604  -3.313  -5.646 0.0000000000
67577  -49.122  -3.283  -5.221 0.0000000000
67582  -58.360  -3.916  -5.249 0.0000000000
67583  -58.931  -3.906  -4.731 0.0000000000
67584  -59.601  -3.824  -4.374 0.0000000000
67599  -56.143  -3.889  -6.776 0.0000000000
67600  -56.800  -3.876  -6.349 0.0000000000
67601  -57.791  -3.739  -5.811 0.0000000000
67602  -58.568  -3.506  -5.467 0.0000000000
67614  -54.948  -3.681  -7.927 0.0000000000
67615  -55.725  -3.528  -7.510 0.0000000000
67616  -56.701  -3.376  -7.114 0.0000000000
67617  -57.330  -3.298  -6.629 0.0000000000
67618  -66.077  -3.477  -7.575 0.0000000000
67631  -53.779  -3.634  -9.138 0.0000000000
67632  -54.487  -3.331  -8.666 0.0000000000
67633  -55.248  -3.168  -8.210 0.0000000000
67634  -64.739  -3.804  -8.488 0.0000000000
67635  -65.380  -3.463  -8.189 0.0000000000
67649  -52.720  -3.811  -10.293 0.0000000000
67650  -53.307  -3.570  -9.869 0.0000000000
67651  -54.119  -3.227  -9.680 0.0000000000
67652  -62.780  -4.367  -9.740 0.0000000000
67653  -63.316  -4.017  -9.704 0.0000000000
67654  -64.172  -3.757  -9.147 0.0000000000
67655  -64.785  -3.298  -8.841 0.0000000000
67669  -52.537  -3.888  -10.875 0.0000000000
67670  -53.083  -3.611  -10.817 0.0000000000
67671  -53.871  -3.177  -10.721 0.0000000000
67672  -61.732  -4.296  -10.621 0.0000000000
67673  -62.440  -4.032  -10.402 0.0000000000
67674  -63.181  -3.460  -10.232 0.0000000000
67683  -52.787  -3.911  -11.391 0.0000000000
67684  -53.484  -3.683  -11.685 0.0000000000
67685  -54.404  -3.249  -11.655 0.0000000000
67686  -55.221  -3.177  -11.861 0.0000000000
67687  -55.866  -3.024  -11.972 0.0000000000
67688  -59.847  -4.009  -11.838 0.0000000000
67689  -60.386  -3.763  -11.779 0.0000000000
67690  -61.450  -3.846  -11.273 0.0000000000
67691  -62.249  -3.293  -11.174 0.0000000000
67701  -54.157  -3.859  -12.242 0.0000000000
67702  -54.901  -3.783  -12.286 0.0000000000
67703  -55.704  -3.682  -12.330 0.0000000000
67704  -56.561  -3.409  -12.354 0.0000000000
67705  -57.531  -3.437  -12.455 0.0000000000
67706  -58.416  -3.360  -12.481 0.0000000000
67707  -59.466  -3.468  -12.307 0.0000000000
67708  -60.228  -3.032  -12.306 0.0000000000
68788  -61.768  -2.679  -1.935 0.0000000000
68789  -62.464  -2.420  -2.055 0.0000000000
68790  -62.549  -2.190  -2.311 0.0000000000
68795  -57.250  -2.927  -3.661 0.0000000000
68796  -57.856  -3.018  -3.432 0.0000000000
68797  -58.887  -2.796  -3.406 0.0000000000
68798  -60.094  -3.092  -3.013 0.0000000000
68799  -61.094  -3.166  -2.760 0.0000000000
68800  -62.174  -2.685  -2.571 0.0000000000
68801  -62.446  -2.436  -2.357 0.0000000000
68814  -49.751  -3.216  -4.960 0.0000000000
68815  -49.883  -3.231  -4.753 0.0000000000
68818  -55.300  -2.328  -4.878 0.0000000000
68819  -56.582  -2.691  -4.145 0.0000000000
68820  -57.559  -2.454  -3.959 0.0000000000
68821  -58.120  -2.527  -3.668 0.0000000000
68822  -60.440  -3.397  -4.104 0.0000000000
68823  -60.974  -3.276  -3.532 0.0000000000
68824  -61.647  -3.000  -3.045 0.0000000000
68845  -59.108  -3.192  -5.348 0.0000000000
68846  -59.867  -3.124  -4.699 0.0000000000
68847  -60.666  -2.969  -4.276 0.0000000000
68864  -57.845  -2.881  -6.482 0.0000000000
68865  -58.650  -2.718  -6.053 0.0000000000
68866  -59.427  -2.572  -5.550 0.0000000000
68881  -55.831  -2.815  -8.179 0.0000000000
68882  -56.512  -2.729  -7.766 0.0000000000
68883  -57.478  -2.541  -7.294 0.0000000000
68884  -58.220  -2.345  -6.801 0.0000000000
68901  -54.720  -2.821  -9.470 0.0000000000
68902  -55.347  -2.566  -8.904 0.0000000000
68903  -56.409  -2.210  -8.655 0.0000000000
68904  -57.084  -2.145  -8.072 0.0000000000
68905  -65.978  -2.538  -8.136 0.0000000000
68920  -54.602  -2.849  -10.268 0.0000000000
68921  -55.251  -2.448  -9.953 0.0000000000
68922  -56.019  -2.068  -9.626 0.0000000000
68923  -63.705  -3.336  -9.798 0.0000000000
68924  -64.380  -2.851  -9.526 0.0000000000
68925  -65.198  -2.632  -8.860 0.0000000000
68937  -54.511  -2.804  -10.991 0.0000000000
68938  -55.091  -2.554  -10.796 0.0000000000
68939  -55.847  -2.076  -10.714 0.0000000000
68940  -62.839  -3.200  -10.738 0.0000000000
68941  -63.539  -2.645  -10.404 0.0000000000
68942  -64.353  -2.186  -10.087 0.0000000000
68949  -54.937  -2.841  -11.365 0.0000000000
68950  -55.532  -2.615  -11.440 0.0000000000
68951  -56.359  -2.341  -11.758 0.0000000000
68952  -57.066  -2.055  -12.089 0.0000000000
68953  -60.889  -3.144  -11.975 0.0000000000
68954  -61.633  -2.679  -11.798 0.0000000000
68955  -62.652  -2.438  -11.285 0.0000000000
68956  -63.363  -1.898  -11.039 0.0000000000
68966  -57.034  -2.718  -12.278 0.0000000000
68967  -57.765  -2.443  -12.411 0.0000000000
68968  -58.722  -2.475  -12.570 0.0000000000
68969  -59.646  -2.359  -12.599 0.0000000000
68970  -60.673  -2.261  -12.470 0.0000000000
68971  -61.470  -1.855  -12.417 0.0000000000
70098  -60.387  -1.407  -2.286 0.0000000000
70099  -61.330  -1.725  -1.908 0.0000000000
70100  -62.191  -1.754  -1.808 0.0000000000
70101  -62.619  -1.605  -2.264 0.0000000000
70102  -62.841  -1.240  -2.469 0.0000000000
70111  -57.952  -0.932  -3.763 0.0000000000
70112  -58.910  -1.488  -3.488 0.0000000000
70113  -59.863  -2.047  -2.986 0.0000000000
70114  -60.818  -2.433  -2.425 0.0000000000
70115  -62.403  -2.325  -2.932 0.0000000000
70116  -62.677  -1.862  -2.681 0.0000000000
70117  -62.754  -1.470  -2.527 0.0000000000
70128  -56.182  -1.353  -4.812 0.0000000000
70129  -57.243  -1.425  -4.399 0.0000000000
70130  -58.216  -1.972  -4.011 0.0000000000
70131  -61.202  -2.598  -4.139 0.0000000000
70132  -61.958  -2.366  -3.491 0.0000000000
70133  -62.495  -2.052  -3.144 0.0000000000
70145  -60.015  -2.211  -5.408 0.0000000000
70146  -60.692  -2.225  -4.824 0.0000000000
70147  -61.478  -1.858  -4.443 0.0000000000
70161  -58.820  -1.971  -6.756 0.0000000000
70162  -59.589  -1.713  -6.231 0.0000000000
70163  -60.556  -1.499  -5.674 0.0000000000
70164  -61.177  -1.437  -5.152 0.0000000000
70177  -57.711  -1.783  -7.966 0.0000000000
70178  -58.401  -1.739  -7.460 0.0000000000
70179  -59.252  -1.390  -7.180 0.0000000000
70194  -56.746  -1.709  -9.397 0.0000000000
70195  -57.362  -1.564  -8.757 0.0000000000
70196  -58.359  -1.195  -8.400 0.0000000000
70197  -59.001  -1.079  -7.835 0.0000000000
70198  -66.362  -1.712  -8.318 0.0000000000
70213  -56.620  -1.681  -10.236 0.0000000000
70214  -57.373  -1.200  -9.802 0.0000000000
70215  -57.982  -1.034  -9.166 0.0000000000
70216  -64.920  -2.131  -9.557 0.0000000000
70217  -65.651  -1.550  -8.992 0.0000000000
70218  -66.426  -1.088  -8.669 0.0000000000
70230  -56.510  -1.717  -11.055 0.0000000000
70231  -57.157  -1.295  -10.876 0.0000000000
70232  -63.984  -1.850  -10.585 0.0000000000
70233  -64.880  -1.380  -10.251 0.0000000000
70234  -65.559  -0.754  -9.652 0.0000000000
70242  -56.918  -1.743  -11.540 0.0000000000
70243  -57.579  -1.457  -11.838 0.0000000000
70244  -58.227  -1.152  -12.097 0.0000000000
70245  -62.155  -1.937  -12.060 0.0000000000
70246  -62.855  -1.398  -11.754 0.0000000000
70247  -63.847  -1.128  -11.114 0.0000000000
70248  -64.551  -0.562  -10.784 0.0000000000
70258  -58.202  -1.762  -12.379 0.0000000000
70259  -58.892  -1.428  -12.548 0.0000000000
70260  -59.892  -1.360  -12.754 0.0000000000
70261  -60.884  -1.176  -12.801 0.0000000000
70262  -61.955  -1.049  -12.526 0.0000000000
70263  -62.692  -0.593  -12.224 0.0000000000
71400  -62.073  -0.016  -1.666 0.0000000000
71401  -62.471  0.076  -1.709 0.0000000000
71405  -58.973  0.232  -2.413 0.0000000000
71406  -59.977  -0.236  -2.250 0.0000000000
71407  -60.909  -0.648  -2.010 0.0000000000
71408  -61.770  -0.828  -1.819 0.0000000000
71409  -62.582  -0.587  -1.891 0.0000000000
71410  -63.048  -0.755  -2.349 0.0000000000
71418  -56.696  0.260  -3.435 0.0000000000
71419  -57.582  0.037  -3.351 0.0000000000
71420  -58.540  -0.338  -3.164 0.0000000000
71421  -59.416  -0.922  -2.694 0.0000000000
71422  -63.307  -0.881  -3.081 0.0000000000
71423  -63.060  -1.063  -2.640 0.0000000000
71434  -55.603  -0.267  -4.795 0.0000000000
71435  -56.366  -0.223  -4.212 0.0000000000
71436  -57.201  -0.400  -3.938 0.0000000000
71437  -62.067  -1.472  -4.142 0.0000000000
71438  -62.608  -1.374  -3.501 0.0000000000
71452  -61.786  -1.052  -4.872 0.0000000000
71453  -62.458  -0.675  -4.378 0.0000000000
71468  -59.846  -0.953  -6.942 0.0000000000
71469  -60.516  -0.934  -6.505 0.0000000000
71470  -61.471  -0.687  -5.891 0.0000000000
71471  -62.230  -0.382  -5.199 0.0000000000
71486  -59.646  -0.708  -7.615 0.0000000000
71487  -60.458  -0.411  -7.322 0.0000000000
71488  -61.121  -0.352  -6.793 0.0000000000
71504  -58.560  -0.635  -9.043 0.0000000000
71505  -59.304  -0.382  -8.467 0.0000000000
71506  -60.007  -0.111  -7.904 0.0000000000
71520  -57.697  -0.841  -10.493 0.0000000000
71521  -58.177  -0.530  -9.836 0.0000000000
71522  -58.978  -0.085  -9.400 0.0000000000
71523  -66.154  -0.537  -9.139 0.0000000000
71530  -57.724  -0.959  -11.134 0.0000000000
71531  -58.201  -0.441  -10.898 0.0000000000
71532  -65.178  -0.344  -10.222 0.0000000000
71533  -65.738  0.037  -9.608 0.0000000000
71541  -58.066  -0.886  -11.567 0.0000000000
71542  -58.611  -0.420  -11.898 0.0000000000
71543  -59.268  0.124  -12.261 0.0000000000
71544  -63.292  -0.615  -11.758 0.0000000000
71545  -63.983  -0.071  -11.399 0.0000000000
71546  -64.801  0.189  -10.763 0.0000000000
71555  -59.318  -0.652  -12.471 0.0000000000
71556  -60.095  -0.211  -12.642 0.0000000000
71557  -61.178  -0.152  -12.740 0.0000000000
71558  -62.137  0.026  -12.521 0.0000000000
71559  -63.123  0.181  -12.136 0.0000000000
71560  -63.760  0.649  -11.738 0.0000000000
72687  -56.615  1.367  -2.542 0.0000000000
72690  -59.504  0.794  -1.900 0.0000000000
72691  -60.479  0.390  -1.876 0.0000000000
72692  -61.352  0.089  -1.766 0.0000000000
72693  -62.730  0.351  -1.757 0.0000000000
72694  -63.221  0.267  -2.066 0.0000000000
72698  -55.604  1.062  -3.348 0.0000000000
72699  -56.121  0.927  -2.871 0.0000000000
72700  -57.034  0.734  -2.791 0.0000000000
72701  -58.015  0.648  -2.718 0.0000000000
72702  -63.556  -0.191  -3.241 0.0000000000
72703  -63.667  -0.017  -2.735 0.0000000000
72712  -54.736  1.079  -4.568 0.0000000000
72713  -55.436  0.792  -4.134 0.0000000000
72714  -56.020  0.547  -3.564 0.0000000000
72715  -63.138  -0.193  -3.733 0.0000000000
72716  -63.714  0.466  -3.428 0.0000000000
72726  -55.038  0.452  -4.814 0.0000000000
72729  -62.956  0.336  -4.801 0.0000000000
72730  -63.627  0.681  -4.101 0.0000000000
72743  -61.696  0.219  -6.588 0.0000000000
72744  -62.341  0.237  -5.829 0.0000000000
72762  -60.567  0.197  -7.795 0.0000000000
72763  -61.202  0.267  -7.330 0.0000000000
72782  -59.530  0.351  -9.014 0.0000000000
72783  -60.216  0.495  -8.479 0.0000000000
72784  -60.980  0.637  -7.981 0.0000000000
72803  -58.766  0.101  -10.286 0.0000000000
72804  -59.469  0.662  -9.791 0.0000000000
72805  -59.909  0.877  -9.143 0.0000000000
72806  -66.462  0.440  -9.248 0.0000000000
72824  -58.702  0.127  -11.106 0.0000000000
72825  -59.271  0.704  -10.809 0.0000000000
72826  -65.426  0.424  -10.198 0.0000000000
72827  -65.950  0.739  -9.778 0.0000000000
72845  -59.113  0.304  -11.590 0.0000000000
72846  -59.902  0.862  -11.792 0.0000000000
72847  -60.667  1.195  -12.222 0.0000000000
72848  -64.556  0.864  -11.313 0.0000000000
72849  -65.180  0.838  -10.656 0.0000000000
72865  -60.598  0.555  -12.487 0.0000000000
72866  -61.415  0.857  -12.487 0.0000000000
72867  -62.452  0.948  -12.416 0.0000000000
72868  -63.295  1.086  -12.085 0.0000000000
72869  -63.929  1.218  -11.716 0.0000000000
74090  -52.997  1.905  -3.935 0.0000000000
74091  -53.672  1.928  -3.652 0.0000000000
74092  -54.480  1.916  -3.159 0.0000000000
74093  -55.374  1.572  -2.830 0.0000000000
74107  -52.042  1.942  -4.995 0.0000000000
74108  -52.744  1.893  -4.598 0.0000000000
74109  -53.533  1.663  -4.226 0.0000000000
74110  -54.448  1.529  -3.960 0.0000000000
74111  -55.100  1.439  -3.483 0.0000000000
74118  -64.150  1.281  -3.781 0.0000000000
74122  -50.767  1.579  -5.780 0.0000000000
74123  -51.483  1.668  -5.456 0.0000000000
74124  -52.564  1.510  -5.365 0.0000000000
74125  -53.504  1.561  -5.028 0.0000000000
74126  -54.144  1.449  -4.611 0.0000000000
74133  -62.993  1.025  -5.563 0.0000000000
74134  -63.892  1.540  -4.751 0.0000000000
74140  -49.754  1.410  -6.657 0.0000000000
74141  -50.452  1.397  -6.221 0.0000000000
74142  -51.379  1.176  -6.075 0.0000000000
74143  -52.093  1.259  -5.856 0.0000000000
74150  -61.717  0.672  -7.013 0.0000000000
74151  -62.439  1.075  -6.595 0.0000000000
74152  -63.422  1.804  -5.844 0.0000000000
74172  -61.624  1.086  -7.515 0.0000000000
74173  -62.223  1.767  -7.197 0.0000000000
74190  -60.312  1.111  -8.936 0.0000000000
74191  -61.024  1.395  -8.549 0.0000000000
74205  -59.647  1.108  -10.260 0.0000000000
74206  -60.267  1.546  -9.720 0.0000000000
74207  -61.004  2.155  -9.196 0.0000000000
74227  -59.818  1.361  -10.797 0.0000000000
74228  -60.381  1.853  -10.796 0.0000000000
74229  -65.676  1.063  -10.225 0.0000000000
74230  -66.421  1.574  -9.937 0.0000000000
74249  -60.150  1.502  -11.287 0.0000000000
74250  -60.703  1.796  -11.613 0.0000000000
74251  -61.356  2.093  -11.970 0.0000000000
74252  -64.432  1.776  -11.441 0.0000000000
74253  -65.354  1.687  -10.697 0.0000000000
74254  -65.903  2.165  -10.296 0.0000000000
74268  -61.147  1.581  -12.196 0.0000000000
74269  -61.887  1.777  -12.357 0.0000000000
74270  -62.826  1.765  -12.226 0.0000000000
74271  -63.620  1.805  -11.875 0.0000000000
75464  -53.078  2.414  -3.729 0.0000000000
75465  -53.796  2.503  -3.369 0.0000000000
75480  -52.159  2.231  -4.685 0.0000000000
75481  -52.550  2.319  -4.227 0.0000000000
75492  -50.028  2.168  -5.797 0.0000000000
75493  -50.457  2.073  -5.564 0.0000000000
75494  -51.400  2.336  -5.004 0.0000000000
75501  -64.200  2.370  -5.344 0.0000000000
75507  -49.682  2.048  -6.169 0.0000000000
75508  -50.308  1.747  -5.889 0.0000000000
75514  -62.943  2.166  -6.637 0.0000000000
75515  -63.804  2.724  -6.019 0.0000000000
75523  -49.134  2.683  -6.715 0.0000000000
75530  -61.665  1.938  -7.738 0.0000000000
75531  -62.431  2.651  -7.407 0.0000000000
75544  -61.630  2.599  -8.441 0.0000000000
75545  -62.354  3.329  -8.013 0.0000000000
75556  -60.838  2.261  -9.696 0.0000000000
75557  -61.347  2.994  -9.600 0.0000000000
75575  -60.775  2.374  -10.262 0.0000000000
75576  -61.228  3.080  -10.664 0.0000000000
75594  -60.766  2.468  -11.040 0.0000000000
75595  -61.438  2.823  -11.554 0.0000000000
75596  -62.064  2.957  -12.021 0.0000000000
75597  -64.053  2.575  -11.636 0.0000000000
75598  -64.971  2.569  -11.186 0.0000000000
75599  -65.636  2.640  -10.624 0.0000000000
75612  -61.787  2.448  -12.068 0.0000000000
75613  -62.461  2.491  -12.161 0.0000000000
75614  -63.220  2.481  -11.997 0.0000000000
76789  -53.292  2.958  -3.612 0.0000000000
76802  -52.025  2.611  -4.578 0.0000000000
76803  -52.541  3.094  -4.142 0.0000000000
76816  -50.056  2.413  -5.786 0.0000000000
76817  -50.538  2.885  -5.462 0.0000000000
76818  -51.538  3.247  -4.901 0.0000000000
76819  -52.291  3.780  -4.803 0.0000000000
76830  -49.693  2.963  -6.102 0.0000000000
76831  -50.257  3.539  -5.957 0.0000000000
76836  -63.294  3.024  -6.683 0.0000000000
76845  -49.346  3.302  -7.036 0.0000000000
76851  -63.134  3.722  -7.261 0.0000000000
76865  -61.865  3.739  -8.686 0.0000000000
76866  -62.537  4.113  -8.050 0.0000000000
76875  -61.634  4.053  -9.472 0.0000000000
76891  -61.576  3.913  -10.266 0.0000000000
76908  -61.635  3.899  -11.139 0.0000000000
76909  -62.343  3.700  -11.727 0.0000000000
76910  -63.428  3.415  -11.799 0.0000000000
76911  -64.623  3.460  -11.379 0.0000000000
76925  -62.630  3.101  -12.013 0.0000000000
76926  -62.933  2.878  -12.064 0.0000000000
78180  -50.861  3.694  -5.569 0.0000000000
78181  -51.675  4.301  -5.506 0.0000000000
78194  -49.930  3.648  -6.607 0.0000000000
78195  -50.637  4.365  -6.431 0.0000000000
78196  -51.505  5.068  -6.266 0.0000000000
78208  -50.410  4.930  -7.347 0.0000000000
78229  -62.214  4.351  -8.503 0.0000000000
78230  -62.557  4.921  -8.283 0.0000000000
78244  -61.960  4.679  -8.957 0.0000000000
78245  -62.331  5.301  -8.840 0.0000000000
78261  -61.870  4.924  -9.893 0.0000000000
78262  -62.191  5.211  -10.595 0.0000000000
78280  -61.832  4.580  -10.687 0.0000000000
78281  -62.347  4.814  -11.247 0.0000000000
78282  -63.252  4.607  -11.599 0.0000000000
78283  -64.327  4.492  -11.498 0.0000000000
79464  -51.116  5.323  -7.026 0.0000000000
79511  -62.146  5.250  -9.318 0.0000000000
79527  -62.191  5.495  -9.641 0.0000000000
79528  -62.389  5.903  -10.094 0.0000000000
79545  -62.639  5.783  -10.916 0.0000000000
79546  -63.116  5.603  -11.427 0.0000000000
