#!ascii label  , from subject Broad_82_YZ vox2ras=TkReg
1435
60618  -9.302  -8.322  22.578 0.0000000000
60619  -10.312  -8.290  22.348 0.0000000000
61761  -8.462  -7.513  22.579 0.0000000000
61762  -9.471  -7.468  22.322 0.0000000000
61763  -10.482  -7.399  21.944 0.0000000000
61764  -11.258  -7.618  21.710 0.0000000000
61779  -11.004  -7.049  21.561 0.0000000000
61780  -11.669  -7.338  21.176 0.0000000000
61781  -12.366  -7.474  20.856 0.0000000000
61804  -12.010  -7.056  20.613 0.0000000000
61805  -12.597  -7.125  20.338 0.0000000000
61806  -13.441  -7.223  20.133 0.0000000000
61822  -13.973  -6.938  19.764 0.0000000000
61858  -2.294  -6.795  15.277 0.0000000000
61859  -3.100  -7.413  15.019 0.0000000000
61860  -4.216  -7.481  14.587 0.0000000000
61879  -0.913  -6.729  14.330 0.0000000000
61897  -1.465  -6.853  13.188 0.0000000000
61911  -1.552  -7.197  11.922 0.0000000000
63071  -7.658  -6.710  22.738 0.0000000000
63072  -8.690  -6.650  22.607 0.0000000000
63073  -9.690  -6.492  22.354 0.0000000000
63074  -10.649  -6.288  21.979 0.0000000000
63092  -11.261  -6.432  21.380 0.0000000000
63093  -11.659  -6.498  20.804 0.0000000000
63111  -12.162  -6.498  20.358 0.0000000000
63112  -12.806  -6.462  19.652 0.0000000000
63113  -13.503  -6.748  19.627 0.0000000000
63121  -13.075  -5.909  19.213 0.0000000000
63122  -13.868  -6.213  19.086 0.0000000000
63123  -15.043  -6.535  19.069 0.0000000000
63133  -14.086  -5.787  18.401 0.0000000000
63134  -14.676  -6.033  18.168 0.0000000000
63144  -14.892  -5.868  17.523 0.0000000000
63145  -15.446  -6.344  17.391 0.0000000000
63153  -1.086  -6.117  16.035 0.0000000000
63161  -0.785  -5.830  15.526 0.0000000000
63162  -1.572  -6.101  15.361 0.0000000000
63163  -2.797  -6.470  14.648 0.0000000000
63164  -3.789  -6.822  14.447 0.0000000000
63165  -4.795  -6.869  14.330 0.0000000000
63169  -15.197  -6.588  14.430 0.0000000000
63170  -15.422  -6.631  15.189 0.0000000000
63176  -0.616  -5.888  14.603 0.0000000000
63177  -1.720  -5.712  14.777 0.0000000000
63178  -2.235  -5.886  14.581 0.0000000000
63180  -8.203  -6.624  13.804 0.0000000000
63181  -9.480  -6.352  13.210 0.0000000000
63182  -10.672  -6.786  13.187 0.0000000000
63183  -11.733  -6.966  13.074 0.0000000000
63184  -12.725  -6.944  12.970 0.0000000000
63185  -13.637  -6.586  13.166 0.0000000000
63186  -14.563  -6.613  13.682 0.0000000000
63192  -0.779  -5.460  12.746 0.0000000000
63193  -0.787  -5.911  13.520 0.0000000000
63194  -9.785  -5.758  12.763 0.0000000000
63195  -10.304  -6.009  12.645 0.0000000000
63196  -11.242  -6.163  12.623 0.0000000000
63197  -12.187  -6.243  12.584 0.0000000000
63198  -12.959  -6.214  12.658 0.0000000000
63207  -0.688  -5.454  12.307 0.0000000000
63208  -0.968  -6.042  12.232 0.0000000000
63221  -1.508  -6.392  11.098 0.0000000000
63234  -1.654  -6.712  10.214 0.0000000000
64426  -7.462  -5.251  23.325 0.0000000000
64427  -8.340  -5.158  23.296 0.0000000000
64428  -9.204  -4.994  23.140 0.0000000000
64429  -9.678  -4.858  23.064 0.0000000000
64448  -6.860  -5.837  22.989 0.0000000000
64449  -7.993  -5.956  23.084 0.0000000000
64450  -8.963  -5.762  22.823 0.0000000000
64451  -9.983  -5.393  22.730 0.0000000000
64452  -10.992  -5.280  22.132 0.0000000000
64453  -11.389  -4.845  21.798 0.0000000000
64467  -11.146  -5.881  21.694 0.0000000000
64468  -11.623  -5.453  21.171 0.0000000000
64469  -12.109  -5.072  20.611 0.0000000000
64481  -11.845  -6.042  20.597 0.0000000000
64482  -12.202  -5.673  20.260 0.0000000000
64492  -12.691  -5.451  19.508 0.0000000000
64493  -13.208  -5.350  18.941 0.0000000000
64502  -13.696  -5.326  18.332 0.0000000000
64503  -14.138  -5.561  17.985 0.0000000000
64514  -13.912  -5.131  17.664 0.0000000000
64515  -14.401  -5.482  17.338 0.0000000000
64516  -14.988  -5.741  17.113 0.0000000000
64525  -14.687  -5.481  16.653 0.0000000000
64526  -15.221  -5.908  16.549 0.0000000000
64531  -14.934  -5.490  15.957 0.0000000000
64532  -15.355  -6.071  15.827 0.0000000000
64538  -1.112  -5.481  15.181 0.0000000000
64539  -1.396  -5.530  14.847 0.0000000000
64540  -3.540  -6.334  14.254 0.0000000000
64541  -4.242  -6.245  14.083 0.0000000000
64542  -5.281  -6.183  13.942 0.0000000000
64543  -6.289  -6.112  13.914 0.0000000000
64544  -7.018  -6.003  13.886 0.0000000000
64545  -15.210  -5.727  15.051 0.0000000000
64546  -15.363  -6.263  15.427 0.0000000000
64552  -0.881  -4.903  13.557 0.0000000000
64553  -0.985  -5.187  14.310 0.0000000000
64554  -1.977  -5.402  14.193 0.0000000000
64555  -3.274  -5.749  13.898 0.0000000000
64556  -4.654  -5.476  13.673 0.0000000000
64557  -5.740  -5.339  13.711 0.0000000000
64558  -6.670  -5.313  13.798 0.0000000000
64559  -7.569  -5.509  13.654 0.0000000000
64560  -8.627  -5.435  13.338 0.0000000000
64561  -9.425  -5.353  12.876 0.0000000000
64562  -14.079  -5.691  13.353 0.0000000000
64563  -14.724  -5.734  14.060 0.0000000000
64568  -0.804  -5.114  13.297 0.0000000000
64569  -0.742  -5.490  13.986 0.0000000000
64570  -10.032  -5.280  12.612 0.0000000000
64571  -10.821  -5.316  12.483 0.0000000000
64572  -11.765  -5.423  12.449 0.0000000000
64573  -12.625  -5.515  12.513 0.0000000000
64574  -13.367  -5.596  12.816 0.0000000000
64585  -0.566  -4.972  12.317 0.0000000000
64586  -0.669  -5.371  11.902 0.0000000000
64599  -0.604  -4.838  11.438 0.0000000000
64600  -1.078  -5.464  11.247 0.0000000000
64613  -0.709  -4.904  10.506 0.0000000000
64614  -1.251  -5.773  10.095 0.0000000000
64625  -0.787  -4.996  9.590 0.0000000000
65854  -6.495  -4.703  23.372 0.0000000000
65855  -7.736  -4.449  23.569 0.0000000000
65856  -8.720  -4.370  23.479 0.0000000000
65857  -9.567  -4.334  23.286 0.0000000000
65858  -10.112  -4.204  23.095 0.0000000000
65880  -9.982  -4.679  23.032 0.0000000000
65881  -10.486  -4.508  22.701 0.0000000000
65882  -11.140  -4.346  22.177 0.0000000000
65901  -11.623  -4.242  21.532 0.0000000000
65902  -12.077  -4.454  20.854 0.0000000000
65916  -12.442  -4.658  20.080 0.0000000000
65926  -12.926  -4.559  19.270 0.0000000000
65927  -13.411  -4.511  18.609 0.0000000000
65937  -13.727  -4.483  17.861 0.0000000000
65947  -13.952  -4.611  16.916 0.0000000000
65948  -14.301  -5.180  16.772 0.0000000000
65962  -14.163  -4.208  15.886 0.0000000000
65963  -14.398  -4.998  16.254 0.0000000000
65975  -14.031  -4.177  14.924 0.0000000000
65976  -14.520  -4.937  15.422 0.0000000000
65982  -6.792  -3.916  13.932 0.0000000000
65983  -7.308  -3.884  14.059 0.0000000000
65984  -7.684  -3.715  14.133 0.0000000000
65985  -13.799  -4.382  14.075 0.0000000000
65986  -14.418  -4.998  14.540 0.0000000000
65994  -0.882  -4.740  13.122 0.0000000000
65995  -1.098  -4.748  13.354 0.0000000000
65996  -1.756  -4.866  13.445 0.0000000000
65997  -2.804  -4.934  13.327 0.0000000000
65998  -4.076  -4.668  13.212 0.0000000000
65999  -5.221  -4.552  13.466 0.0000000000
66000  -6.238  -4.365  13.705 0.0000000000
66001  -7.111  -4.555  13.843 0.0000000000
66002  -8.035  -4.315  13.769 0.0000000000
66003  -9.254  -4.446  13.229 0.0000000000
66004  -9.844  -3.977  13.189 0.0000000000
66005  -12.843  -4.405  12.793 0.0000000000
66006  -13.505  -4.676  13.208 0.0000000000
66007  -14.181  -5.050  13.790 0.0000000000
66016  -0.783  -4.494  12.553 0.0000000000
66017  -1.002  -4.414  12.784 0.0000000000
66018  -1.551  -4.417  12.777 0.0000000000
66019  -2.438  -4.378  12.742 0.0000000000
66020  -3.351  -4.268  12.782 0.0000000000
66021  -9.707  -4.849  12.762 0.0000000000
66022  -10.292  -4.448  12.765 0.0000000000
66023  -11.367  -4.618  12.564 0.0000000000
66024  -12.306  -4.699  12.535 0.0000000000
66025  -13.033  -4.922  12.563 0.0000000000
66037  -0.589  -4.243  11.759 0.0000000000
66046  -0.467  -4.137  10.830 0.0000000000
66053  -0.425  -4.225  9.818 0.0000000000
66061  -0.667  -4.468  8.820 0.0000000000
67205  -6.045  -3.444  23.510 0.0000000000
67206  -7.212  -3.498  23.674 0.0000000000
67207  -8.281  -3.567  23.547 0.0000000000
67208  -9.156  -3.609  23.367 0.0000000000
67209  -9.959  -3.509  23.035 0.0000000000
67210  -10.356  -3.951  22.912 0.0000000000
67233  -10.262  -3.084  22.610 0.0000000000
67234  -10.657  -3.610  22.492 0.0000000000
67235  -11.258  -3.563  21.910 0.0000000000
67255  -11.595  -3.421  21.460 0.0000000000
67256  -11.922  -3.591  21.043 0.0000000000
67270  -12.371  -3.651  20.415 0.0000000000
67279  -12.757  -3.703  19.641 0.0000000000
67280  -13.265  -3.689  18.964 0.0000000000
67288  -13.586  -3.685  18.208 0.0000000000
67296  -13.753  -3.641  17.373 0.0000000000
67308  -13.782  -3.452  16.403 0.0000000000
67322  -13.651  -3.373  15.412 0.0000000000
67331  -6.865  -3.445  14.175 0.0000000000
67332  -7.313  -3.306  14.333 0.0000000000
67333  -8.049  -3.356  14.322 0.0000000000
67334  -8.954  -3.154  14.349 0.0000000000
67335  -9.930  -3.077  14.237 0.0000000000
67336  -10.959  -2.962  14.053 0.0000000000
67337  -12.094  -2.982  14.057 0.0000000000
67338  -13.246  -3.411  14.387 0.0000000000
67348  -4.831  -3.824  13.269 0.0000000000
67349  -5.618  -3.583  13.558 0.0000000000
67350  -6.359  -3.340  13.908 0.0000000000
67351  -8.751  -3.753  13.846 0.0000000000
67352  -9.513  -3.630  13.677 0.0000000000
67353  -10.433  -3.567  13.370 0.0000000000
67354  -11.541  -3.484  13.343 0.0000000000
67355  -12.670  -3.828  13.310 0.0000000000
67356  -13.332  -4.050  13.713 0.0000000000
67367  -0.897  -4.160  12.469 0.0000000000
67368  -1.269  -3.972  12.353 0.0000000000
67369  -2.090  -3.847  12.219 0.0000000000
67370  -3.127  -3.572  12.342 0.0000000000
67371  -4.173  -3.515  12.756 0.0000000000
67372  -11.099  -3.944  12.835 0.0000000000
67373  -11.928  -4.039  12.774 0.0000000000
67374  -12.459  -4.206  12.800 0.0000000000
67383  -0.872  -3.839  12.063 0.0000000000
67384  -1.646  -3.277  11.683 0.0000000000
67385  -2.650  -3.127  11.897 0.0000000000
67386  -3.210  -2.953  12.143 0.0000000000
67394  -0.852  -3.326  11.178 0.0000000000
67395  -1.366  -2.915  11.259 0.0000000000
67401  -0.496  -3.351  10.172 0.0000000000
67405  -0.399  -3.370  8.991 0.0000000000
68498  -5.646  -2.342  23.297 0.0000000000
68499  -6.886  -2.279  23.269 0.0000000000
68500  -7.978  -2.668  23.351 0.0000000000
68501  -8.891  -2.889  23.201 0.0000000000
68502  -9.449  -3.086  23.098 0.0000000000
68523  -5.040  -2.061  23.225 0.0000000000
68524  -7.323  -1.677  22.798 0.0000000000
68525  -7.854  -2.001  22.787 0.0000000000
68526  -8.677  -2.260  22.751 0.0000000000
68527  -9.716  -2.488  22.499 0.0000000000
68528  -10.593  -2.855  22.196 0.0000000000
68529  -10.954  -3.169  22.028 0.0000000000
68548  -10.067  -1.928  21.896 0.0000000000
68549  -10.522  -2.270  21.839 0.0000000000
68550  -11.286  -2.677  21.474 0.0000000000
68551  -11.717  -3.090  21.182 0.0000000000
68569  -11.576  -2.290  20.844 0.0000000000
68570  -11.964  -2.727  20.664 0.0000000000
68585  -12.555  -2.816  19.887 0.0000000000
68586  -13.029  -2.859  19.250 0.0000000000
68592  -13.381  -2.850  18.500 0.0000000000
68600  -13.653  -2.974  17.808 0.0000000000
68612  -13.731  -2.645  17.032 0.0000000000
68624  -5.879  -1.697  14.757 0.0000000000
68625  -6.148  -1.827  14.777 0.0000000000
68626  -6.763  -2.022  14.865 0.0000000000
68627  -7.378  -2.091  14.902 0.0000000000
68628  -13.000  -1.979  15.376 0.0000000000
68629  -13.318  -2.284  15.855 0.0000000000
68644  -5.902  -2.001  14.509 0.0000000000
68645  -6.552  -2.685  14.381 0.0000000000
68646  -7.376  -2.664  14.647 0.0000000000
68647  -8.152  -2.449  14.773 0.0000000000
68648  -9.221  -2.353  14.667 0.0000000000
68649  -10.313  -2.287  14.553 0.0000000000
68650  -11.393  -2.215  14.488 0.0000000000
68651  -12.597  -2.162  14.919 0.0000000000
68652  -13.281  -2.758  15.090 0.0000000000
68667  -5.038  -2.848  13.297 0.0000000000
68668  -5.852  -2.644  13.898 0.0000000000
68669  -6.283  -2.878  14.052 0.0000000000
68678  -3.773  -2.668  12.491 0.0000000000
68679  -4.443  -2.556  12.890 0.0000000000
68686  -1.800  -2.495  11.267 0.0000000000
68687  -2.489  -2.458  11.559 0.0000000000
68688  -3.220  -2.409  12.034 0.0000000000
68694  -0.909  -2.562  10.450 0.0000000000
68695  -1.335  -2.508  10.951 0.0000000000
68698  -0.611  -2.508  9.672 0.0000000000
68703  -0.642  -2.249  8.690 0.0000000000
69778  -6.029  -1.630  23.113 0.0000000000
69779  -6.320  -1.819  23.159 0.0000000000
69798  -5.450  -1.435  22.937 0.0000000000
69799  -6.701  -1.230  22.575 0.0000000000
69800  -7.743  -1.466  22.302 0.0000000000
69801  -8.538  -1.723  22.230 0.0000000000
69802  -9.106  -1.943  22.296 0.0000000000
69818  -7.053  -0.723  21.779 0.0000000000
69819  -7.617  -0.972  21.781 0.0000000000
69820  -8.413  -1.240  21.692 0.0000000000
69821  -9.478  -1.442  21.602 0.0000000000
69822  -10.457  -1.734  21.440 0.0000000000
69823  -10.893  -2.076  21.381 0.0000000000
69839  -9.875  -0.956  20.944 0.0000000000
69840  -10.368  -1.269  20.980 0.0000000000
69841  -11.236  -1.689  20.720 0.0000000000
69842  -11.789  -2.093  20.519 0.0000000000
69856  -11.703  -1.189  20.120 0.0000000000
69857  -12.330  -1.710  19.835 0.0000000000
69858  -12.801  -2.297  19.482 0.0000000000
69872  -12.883  -1.315  19.113 0.0000000000
69873  -13.207  -1.850  18.924 0.0000000000
69884  -13.585  -2.091  17.881 0.0000000000
69898  -13.548  -1.558  16.920 0.0000000000
69910  -5.081  -0.940  14.879 0.0000000000
69911  -5.519  -1.301  14.856 0.0000000000
69912  -6.148  -1.330  15.141 0.0000000000
69913  -6.919  -1.453  14.975 0.0000000000
69914  -7.645  -1.774  14.882 0.0000000000
69915  -12.946  -1.505  15.487 0.0000000000
69916  -13.227  -1.178  16.145 0.0000000000
69934  -4.959  -1.196  14.504 0.0000000000
69935  -5.401  -1.826  14.151 0.0000000000
69936  -7.437  -1.283  14.797 0.0000000000
69937  -8.314  -1.513  14.624 0.0000000000
69938  -9.537  -1.466  14.434 0.0000000000
69939  -10.662  -1.442  14.266 0.0000000000
69940  -11.701  -1.268  14.411 0.0000000000
69941  -12.490  -0.929  14.921 0.0000000000
69958  -4.242  -1.215  13.334 0.0000000000
69959  -4.685  -1.712  13.476 0.0000000000
69960  -5.284  -2.230  13.670 0.0000000000
69968  -3.899  -1.590  12.672 0.0000000000
69969  -4.280  -2.100  12.777 0.0000000000
69975  -1.726  -2.061  11.022 0.0000000000
69976  -2.317  -1.620  11.336 0.0000000000
69977  -3.107  -1.632  11.866 0.0000000000
69982  -0.915  -2.031  10.086 0.0000000000
69983  -1.494  -1.560  10.626 0.0000000000
69984  -2.184  -1.080  11.155 0.0000000000
69988  -0.844  -1.453  9.559 0.0000000000
69989  -1.283  -1.048  10.105 0.0000000000
71094  -5.264  -0.689  22.349 0.0000000000
71095  -5.952  -0.870  22.366 0.0000000000
71112  -5.063  -0.173  21.812 0.0000000000
71113  -6.378  -0.319  21.552 0.0000000000
71114  -7.474  -0.494  21.244 0.0000000000
71115  -8.310  -0.704  21.202 0.0000000000
71116  -8.883  -0.912  21.305 0.0000000000
71136  -6.867  0.230  20.883 0.0000000000
71137  -7.345  0.007  20.727 0.0000000000
71138  -8.189  -0.210  20.658 0.0000000000
71139  -9.304  -0.409  20.614 0.0000000000
71140  -10.313  -0.767  20.553 0.0000000000
71141  -10.769  -1.121  20.578 0.0000000000
71158  -9.760  0.099  19.888 0.0000000000
71159  -10.319  -0.239  20.005 0.0000000000
71160  -11.143  -0.737  20.118 0.0000000000
71161  -11.968  -0.717  19.690 0.0000000000
71178  -12.739  -0.651  18.897 0.0000000000
71179  -13.131  -1.119  18.767 0.0000000000
71190  -12.971  -0.338  18.285 0.0000000000
71191  -13.439  -0.784  18.028 0.0000000000
71202  -3.003  -0.068  16.314 0.0000000000
71203  -3.237  -0.170  16.232 0.0000000000
71204  -3.862  -0.329  16.137 0.0000000000
71205  -4.550  -0.372  15.985 0.0000000000
71206  -13.133  -0.240  16.270 0.0000000000
71207  -13.288  -0.522  16.680 0.0000000000
71215  -2.980  -0.145  16.116 0.0000000000
71216  -3.484  -0.291  15.760 0.0000000000
71217  -4.607  -0.538  15.216 0.0000000000
71218  -5.288  -0.580  15.515 0.0000000000
71219  -6.210  -0.662  15.339 0.0000000000
71220  -6.947  -0.898  14.981 0.0000000000
71221  -13.025  -0.495  15.785 0.0000000000
71222  -13.198  -0.733  16.189 0.0000000000
71238  -3.901  -0.262  14.887 0.0000000000
71239  -4.443  -0.844  14.236 0.0000000000
71240  -6.685  -0.380  14.974 0.0000000000
71241  -7.477  -0.596  14.520 0.0000000000
71242  -8.723  -0.557  14.010 0.0000000000
71243  -9.941  -0.673  13.933 0.0000000000
71244  -11.009  -0.632  13.742 0.0000000000
71245  -11.931  -0.193  14.162 0.0000000000
71246  -12.773  0.028  14.759 0.0000000000
71268  -3.907  -0.611  13.654 0.0000000000
71269  -4.333  -1.083  13.671 0.0000000000
71270  -9.418  0.020  13.610 0.0000000000
71271  -10.271  0.136  13.476 0.0000000000
71272  -11.189  0.310  13.590 0.0000000000
71273  -11.738  0.601  13.904 0.0000000000
71289  -3.183  -0.127  12.313 0.0000000000
71290  -3.398  -0.652  12.436 0.0000000000
71301  -2.788  -0.532  11.699 0.0000000000
71302  -2.952  -1.098  11.755 0.0000000000
71305  -1.660  -0.593  10.426 0.0000000000
71306  -2.180  -0.585  10.996 0.0000000000
71310  -0.764  -0.435  9.017 0.0000000000
71311  -1.197  -0.519  9.823 0.0000000000
72301  -5.011  0.650  25.824 0.0000000000
72317  -4.563  0.628  25.159 0.0000000000
72318  -5.450  0.736  25.098 0.0000000000
72333  -5.044  0.593  24.284 0.0000000000
72350  -4.665  0.484  23.539 0.0000000000
72376  -5.781  0.374  21.537 0.0000000000
72392  -6.566  0.510  21.089 0.0000000000
72393  -7.343  0.715  20.538 0.0000000000
72394  -8.119  0.403  20.273 0.0000000000
72395  -8.699  0.157  20.309 0.0000000000
72414  -7.632  1.111  20.269 0.0000000000
72415  -8.040  0.995  19.943 0.0000000000
72416  -9.170  0.652  19.611 0.0000000000
72417  -10.273  0.371  19.422 0.0000000000
72418  -11.095  0.002  19.526 0.0000000000
72419  -11.562  -0.343  19.627 0.0000000000
72439  -9.659  1.113  18.933 0.0000000000
72440  -10.110  0.860  18.852 0.0000000000
72441  -11.175  0.729  18.700 0.0000000000
72442  -11.987  0.062  19.202 0.0000000000
72454  -11.719  1.090  18.103 0.0000000000
72455  -12.576  0.306  17.883 0.0000000000
72456  -13.201  -0.199  17.428 0.0000000000
72465  -2.892  0.149  16.279 0.0000000000
72466  -3.324  0.027  16.426 0.0000000000
72467  -4.192  0.028  16.432 0.0000000000
72468  -4.815  -0.225  16.041 0.0000000000
72469  -12.961  0.259  16.417 0.0000000000
72470  -13.188  0.070  17.103 0.0000000000
72477  -2.884  0.128  15.798 0.0000000000
72478  -3.374  -0.081  15.376 0.0000000000
72479  -4.392  0.417  16.072 0.0000000000
72480  -5.206  0.154  15.767 0.0000000000
72481  -6.187  0.016  15.302 0.0000000000
72482  -12.844  0.352  15.462 0.0000000000
72493  -2.611  0.695  15.329 0.0000000000
72494  -3.309  0.193  14.731 0.0000000000
72495  -5.868  0.532  15.140 0.0000000000
72496  -6.699  0.358  14.610 0.0000000000
72497  -7.806  0.397  13.837 0.0000000000
72498  -8.758  0.343  13.597 0.0000000000
72499  -12.226  0.680  14.366 0.0000000000
72500  -12.607  0.853  14.938 0.0000000000
72515  -2.651  0.639  14.167 0.0000000000
72516  -3.367  0.122  13.383 0.0000000000
72517  -8.476  0.959  13.457 0.0000000000
72518  -9.442  0.990  13.213 0.0000000000
72519  -10.606  1.004  13.231 0.0000000000
72520  -11.371  1.095  13.576 0.0000000000
72521  -11.854  1.153  14.044 0.0000000000
72536  -3.001  0.539  12.662 0.0000000000
72537  -3.307  0.006  12.675 0.0000000000
72550  -2.530  0.274  11.561 0.0000000000
72558  -1.668  0.164  10.262 0.0000000000
72559  -2.145  0.099  10.778 0.0000000000
72562  -0.751  0.562  8.768 0.0000000000
72563  -1.179  0.356  9.593 0.0000000000
73641  -5.374  1.419  27.100 0.0000000000
73642  -6.347  1.693  27.179 0.0000000000
73643  -7.147  2.088  27.161 0.0000000000
73661  -4.785  1.011  26.564 0.0000000000
73662  -5.991  0.955  26.139 0.0000000000
73663  -7.350  1.678  26.418 0.0000000000
73664  -8.066  1.886  26.173 0.0000000000
73682  -6.222  0.925  25.015 0.0000000000
73683  -7.015  1.245  25.312 0.0000000000
73684  -8.125  1.672  25.487 0.0000000000
73685  -8.705  1.922  25.088 0.0000000000
73697  -5.879  0.875  24.243 0.0000000000
73698  -6.741  1.111  24.323 0.0000000000
73699  -7.648  1.386  24.473 0.0000000000
73700  -8.466  1.726  24.523 0.0000000000
73711  -5.500  0.768  23.430 0.0000000000
73712  -6.383  1.101  23.437 0.0000000000
73713  -7.288  1.342  23.544 0.0000000000
73714  -8.158  1.594  23.663 0.0000000000
73728  -5.018  0.683  22.702 0.0000000000
73729  -6.013  1.079  22.584 0.0000000000
73730  -6.947  1.414  22.661 0.0000000000
73731  -7.833  1.568  22.812 0.0000000000
73747  -5.674  0.917  21.756 0.0000000000
73748  -6.718  1.395  21.778 0.0000000000
73749  -7.613  1.555  21.985 0.0000000000
73767  -6.245  0.756  21.353 0.0000000000
73768  -6.821  1.161  20.924 0.0000000000
73769  -7.570  1.571  21.156 0.0000000000
73786  -7.420  1.136  20.490 0.0000000000
73787  -7.840  1.505  20.329 0.0000000000
73788  -8.686  1.562  19.602 0.0000000000
73808  -9.420  1.514  18.992 0.0000000000
73809  -10.042  1.417  18.468 0.0000000000
73810  -10.554  1.163  18.478 0.0000000000
73827  -10.165  1.834  18.092 0.0000000000
73828  -10.892  1.559  17.922 0.0000000000
73829  -11.864  1.254  17.548 0.0000000000
73843  -2.873  0.393  16.315 0.0000000000
73844  -3.232  0.426  16.322 0.0000000000
73845  -3.873  0.562  16.209 0.0000000000
73846  -11.503  1.737  16.963 0.0000000000
73847  -12.289  1.127  16.730 0.0000000000
73859  -0.831  2.154  15.600 0.0000000000
73860  -1.193  1.821  15.759 0.0000000000
73861  -2.055  0.826  16.321 0.0000000000
73862  -3.282  1.064  16.168 0.0000000000
73863  -4.376  1.014  15.628 0.0000000000
73864  -5.282  0.877  15.213 0.0000000000
73865  -11.790  1.699  15.949 0.0000000000
73866  -12.498  1.040  15.595 0.0000000000
73877  -0.761  2.058  15.470 0.0000000000
73878  -1.172  1.613  15.450 0.0000000000
73879  -2.010  1.317  14.993 0.0000000000
73880  -5.080  1.487  14.889 0.0000000000
73881  -5.933  1.251  14.531 0.0000000000
73882  -7.015  1.377  13.849 0.0000000000
73883  -7.887  1.286  13.516 0.0000000000
73884  -12.133  1.598  14.774 0.0000000000
73885  -12.463  1.182  15.071 0.0000000000
73900  -0.684  1.964  14.947 0.0000000000
73901  -1.115  1.735  14.318 0.0000000000
73902  -2.144  1.296  13.629 0.0000000000
73903  -7.666  1.922  13.352 0.0000000000
73904  -8.513  1.778  13.125 0.0000000000
73905  -9.361  1.999  12.832 0.0000000000
73906  -10.205  1.872  12.963 0.0000000000
73907  -11.010  1.788  13.347 0.0000000000
73908  -11.543  1.751  13.890 0.0000000000
73921  -1.575  1.775  13.000 0.0000000000
73922  -2.317  1.160  12.295 0.0000000000
73933  -1.846  1.655  11.719 0.0000000000
73934  -2.209  0.853  11.197 0.0000000000
73944  -1.732  1.172  10.419 0.0000000000
73945  -1.993  0.568  10.634 0.0000000000
73953  -1.108  1.284  9.415 0.0000000000
75032  -5.370  2.369  27.707 0.0000000000
75033  -6.626  2.610  27.560 0.0000000000
75034  -7.651  2.694  27.270 0.0000000000
75035  -8.198  2.874  27.086 0.0000000000
75050  -7.640  2.159  26.924 0.0000000000
75051  -8.287  2.452  26.577 0.0000000000
75052  -8.870  2.799  26.245 0.0000000000
75063  -8.403  2.042  26.011 0.0000000000
75064  -8.992  2.433  25.628 0.0000000000
75065  -9.502  2.958  25.228 0.0000000000
75081  -9.066  2.150  24.632 0.0000000000
75082  -9.493  2.708  24.743 0.0000000000
75100  -8.935  1.981  23.767 0.0000000000
75101  -9.478  2.514  23.965 0.0000000000
75118  -8.653  1.830  22.898 0.0000000000
75119  -9.494  2.456  22.921 0.0000000000
75120  -9.938  2.838  22.372 0.0000000000
75136  -8.300  1.703  22.229 0.0000000000
75137  -8.951  2.032  22.060 0.0000000000
75138  -9.621  2.545  21.875 0.0000000000
75153  -8.302  1.792  21.503 0.0000000000
75154  -9.000  2.282  21.083 0.0000000000
75155  -9.754  2.724  21.125 0.0000000000
75168  -8.262  1.884  20.768 0.0000000000
75169  -8.705  2.286  20.048 0.0000000000
75184  -9.274  2.273  19.084 0.0000000000
75185  -9.730  1.995  18.414 0.0000000000
75202  -9.654  2.553  18.419 0.0000000000
75203  -10.121  2.405  17.754 0.0000000000
75204  -10.833  2.168  17.178 0.0000000000
75218  -10.571  2.816  16.917 0.0000000000
75219  -11.163  2.329  16.413 0.0000000000
75234  -0.748  2.359  15.406 0.0000000000
75235  -1.166  2.357  15.502 0.0000000000
75236  -1.775  1.952  15.758 0.0000000000
75237  -2.702  1.642  15.692 0.0000000000
75238  -3.621  1.625  15.536 0.0000000000
75239  -10.947  3.002  16.173 0.0000000000
75240  -11.389  2.578  15.395 0.0000000000
75251  -0.685  2.459  15.100 0.0000000000
75252  -1.664  2.604  15.201 0.0000000000
75253  -2.442  2.459  15.110 0.0000000000
75254  -3.424  2.347  15.036 0.0000000000
75255  -4.445  2.108  14.900 0.0000000000
75256  -5.492  2.272  14.283 0.0000000000
75257  -6.309  2.028  13.943 0.0000000000
75258  -10.961  2.963  14.098 0.0000000000
75259  -11.334  2.533  14.272 0.0000000000
75274  -0.567  2.595  14.229 0.0000000000
75275  -0.907  2.255  13.418 0.0000000000
75276  -6.174  2.721  13.701 0.0000000000
75277  -7.017  2.536  13.450 0.0000000000
75278  -7.988  2.677  13.052 0.0000000000
75279  -8.898  2.709  12.967 0.0000000000
75280  -9.757  2.714  13.139 0.0000000000
75281  -10.701  2.685  13.579 0.0000000000
75282  -11.209  2.224  13.695 0.0000000000
75291  -0.449  2.903  12.914 0.0000000000
75292  -1.243  2.380  12.330 0.0000000000
75301  -0.975  3.162  11.647 0.0000000000
75302  -1.570  2.341  11.006 0.0000000000
75309  -0.890  3.006  10.033 0.0000000000
75310  -1.378  2.021  9.966 0.0000000000
75319  -0.983  2.108  9.281 0.0000000000
76403  -4.736  3.542  27.855 0.0000000000
76404  -6.015  3.516  27.940 0.0000000000
76405  -7.204  3.532  27.674 0.0000000000
76406  -8.252  3.504  27.249 0.0000000000
76407  -8.743  3.880  26.979 0.0000000000
76421  -8.458  3.032  26.925 0.0000000000
76422  -8.938  3.425  26.544 0.0000000000
76423  -9.336  3.857  26.106 0.0000000000
76438  -9.136  2.995  26.070 0.0000000000
76439  -9.453  3.446  25.659 0.0000000000
76454  -9.805  3.367  24.748 0.0000000000
76455  -9.967  3.410  24.216 0.0000000000
76470  -9.821  3.033  24.168 0.0000000000
76471  -10.061  3.405  23.749 0.0000000000
76484  -9.856  2.907  23.545 0.0000000000
76485  -10.156  3.254  22.911 0.0000000000
76498  -10.219  3.223  21.798 0.0000000000
76512  -9.451  2.640  20.466 0.0000000000
76513  -10.073  3.280  20.582 0.0000000000
76526  -9.577  2.804  19.734 0.0000000000
76527  -10.059  3.530  19.561 0.0000000000
76539  -9.724  2.980  18.908 0.0000000000
76540  -10.118  3.624  18.644 0.0000000000
76553  -9.788  3.062  18.198 0.0000000000
76554  -10.197  3.498  17.641 0.0000000000
76567  -10.568  3.644  16.617 0.0000000000
76583  -0.781  2.631  15.182 0.0000000000
76584  -0.885  2.813  15.113 0.0000000000
76585  -10.835  3.577  15.510 0.0000000000
76586  -11.128  3.097  14.747 0.0000000000
76605  -0.673  3.209  14.617 0.0000000000
76606  -1.228  3.171  14.805 0.0000000000
76607  -2.146  3.265  14.589 0.0000000000
76608  -3.220  3.252  14.356 0.0000000000
76609  -4.132  2.947  14.356 0.0000000000
76610  -4.885  2.850  14.209 0.0000000000
76611  -10.646  3.516  14.342 0.0000000000
76612  -11.034  3.036  14.346 0.0000000000
76626  -0.387  3.765  13.583 0.0000000000
76627  -4.038  3.632  13.927 0.0000000000
76628  -4.726  3.542  13.814 0.0000000000
76629  -5.592  3.339  13.683 0.0000000000
76630  -6.579  3.488  13.419 0.0000000000
76631  -7.513  3.577  13.159 0.0000000000
76632  -8.475  3.579  13.105 0.0000000000
76633  -9.300  3.451  13.262 0.0000000000
76634  -10.034  3.516  13.552 0.0000000000
76641  -0.437  3.930  12.332 0.0000000000
76644  -0.593  4.008  11.031 0.0000000000
76647  -0.562  4.063  9.946 0.0000000000
77734  -4.615  5.224  28.390 0.0000000000
77735  -5.222  5.314  28.371 0.0000000000
77758  -5.412  4.697  28.193 0.0000000000
77759  -6.742  4.552  27.993 0.0000000000
77760  -7.865  4.450  27.601 0.0000000000
77761  -8.629  4.356  27.194 0.0000000000
77780  -9.060  4.279  26.794 0.0000000000
77781  -9.310  4.204  26.366 0.0000000000
77791  -9.613  4.345  25.823 0.0000000000
77799  -10.017  4.241  24.936 0.0000000000
77800  -10.133  3.821  24.201 0.0000000000
77810  -10.271  4.527  24.032 0.0000000000
77811  -10.313  3.983  23.453 0.0000000000
77822  -10.267  4.668  23.283 0.0000000000
77823  -10.451  4.214  22.488 0.0000000000
77833  -10.439  4.129  21.330 0.0000000000
77845  -10.311  4.225  20.307 0.0000000000
77857  -10.372  4.339  19.325 0.0000000000
77871  -10.358  4.404  18.332 0.0000000000
77885  -10.384  4.460  17.306 0.0000000000
77899  -10.471  4.520  16.241 0.0000000000
77913  -10.334  4.529  15.132 0.0000000000
77930  -0.545  4.349  14.059 0.0000000000
77931  -0.999  4.218  14.378 0.0000000000
77932  -1.788  4.223  14.295 0.0000000000
77933  -2.786  4.215  14.206 0.0000000000
77934  -8.330  5.481  13.831 0.0000000000
77935  -8.925  5.099  13.847 0.0000000000
77936  -9.782  4.498  14.058 0.0000000000
77944  -0.357  4.675  13.596 0.0000000000
77945  -3.654  4.235  13.896 0.0000000000
77946  -4.452  4.326  13.676 0.0000000000
77947  -5.272  4.316  13.561 0.0000000000
77948  -6.161  4.325  13.471 0.0000000000
77949  -7.047  4.408  13.292 0.0000000000
77950  -8.049  4.719  13.330 0.0000000000
77951  -9.053  4.248  13.436 0.0000000000
77952  -9.554  3.933  13.556 0.0000000000
77955  -0.292  4.751  12.914 0.0000000000
77958  -0.326  5.019  11.721 0.0000000000
77962  -0.407  4.867  10.455 0.0000000000
79079  -5.267  5.983  28.474 0.0000000000
79080  -5.949  6.401  28.391 0.0000000000
79095  -5.562  5.419  28.329 0.0000000000
79096  -6.306  5.730  28.252 0.0000000000
79097  -7.563  5.493  27.886 0.0000000000
79098  -8.716  5.331  27.342 0.0000000000
79099  -9.349  5.787  27.018 0.0000000000
79111  -9.052  4.750  27.032 0.0000000000
79112  -9.520  5.137  26.507 0.0000000000
79121  -10.060  5.164  25.378 0.0000000000
79129  -10.230  5.068  24.530 0.0000000000
79135  -10.157  5.301  23.743 0.0000000000
79142  -10.045  5.244  22.706 0.0000000000
79143  -10.366  4.864  21.864 0.0000000000
79150  -9.965  5.508  21.728 0.0000000000
79151  -10.311  4.953  21.022 0.0000000000
79162  -10.001  5.700  20.812 0.0000000000
79163  -10.373  5.094  20.076 0.0000000000
79176  -10.097  5.918  19.857 0.0000000000
79177  -10.416  5.220  19.075 0.0000000000
79191  -10.014  6.031  18.835 0.0000000000
79192  -10.273  5.291  18.051 0.0000000000
79205  -9.912  6.164  17.801 0.0000000000
79206  -10.197  5.369  17.004 0.0000000000
79219  -9.701  6.238  16.748 0.0000000000
79220  -10.045  5.415  15.931 0.0000000000
79231  -9.349  6.206  15.684 0.0000000000
79232  -9.732  5.433  14.872 0.0000000000
79244  -0.443  5.090  13.856 0.0000000000
79245  -0.724  5.157  14.192 0.0000000000
79246  -1.409  5.249  14.337 0.0000000000
79247  -2.497  5.318  14.178 0.0000000000
79248  -3.507  5.723  14.001 0.0000000000
79249  -4.405  5.895  13.924 0.0000000000
79250  -5.306  5.973  13.911 0.0000000000
79251  -6.268  5.973  13.920 0.0000000000
79252  -7.482  5.821  13.889 0.0000000000
79253  -8.741  6.120  14.517 0.0000000000
79254  -9.332  5.307  14.298 0.0000000000
79265  -0.326  5.410  13.404 0.0000000000
79266  -3.316  4.928  13.937 0.0000000000
79267  -4.054  5.068  13.735 0.0000000000
79268  -4.896  5.153  13.642 0.0000000000
79269  -5.774  5.178  13.595 0.0000000000
79270  -6.679  5.163  13.514 0.0000000000
79271  -7.321  5.055  13.444 0.0000000000
79279  -0.233  5.753  12.590 0.0000000000
79282  -0.123  6.554  11.544 0.0000000000
79283  -0.184  6.138  11.716 0.0000000000
79286  -0.109  6.452  11.138 0.0000000000
79287  -0.264  5.749  10.886 0.0000000000
79290  -0.121  6.315  10.455 0.0000000000
79291  -0.290  5.698  9.802 0.0000000000
80326  -4.610  6.885  28.480 0.0000000000
80327  -5.670  7.086  28.444 0.0000000000
80338  -6.487  6.838  28.298 0.0000000000
80339  -7.316  6.562  28.054 0.0000000000
80340  -8.264  6.405  27.664 0.0000000000
80341  -9.111  6.407  27.259 0.0000000000
80350  -9.657  6.371  26.628 0.0000000000
80361  -10.108  6.214  25.743 0.0000000000
80371  -10.176  6.050  24.536 0.0000000000
80381  -9.785  6.137  23.402 0.0000000000
80392  -7.224  7.100  21.478 0.0000000000
80393  -8.128  6.964  21.728 0.0000000000
80394  -8.881  6.621  22.067 0.0000000000
80395  -9.453  6.034  22.418 0.0000000000
80410  -7.206  7.067  20.714 0.0000000000
80411  -7.948  6.840  20.971 0.0000000000
80412  -8.742  6.564  21.230 0.0000000000
80413  -9.407  6.104  21.490 0.0000000000
80428  -7.238  7.112  20.248 0.0000000000
80429  -7.827  7.003  20.081 0.0000000000
80430  -8.689  6.747  20.342 0.0000000000
80431  -9.461  6.333  20.590 0.0000000000
80443  -8.076  7.162  19.579 0.0000000000
80444  -8.605  7.055  19.384 0.0000000000
80445  -9.449  6.544  19.623 0.0000000000
80457  -8.791  7.185  18.406 0.0000000000
80458  -9.384  6.702  18.614 0.0000000000
80471  -8.791  7.227  17.916 0.0000000000
80472  -9.229  6.980  17.622 0.0000000000
80482  -8.250  7.314  16.219 0.0000000000
80483  -8.939  7.009  16.571 0.0000000000
80493  -2.339  6.898  14.823 0.0000000000
80494  -3.093  7.008  14.953 0.0000000000
80495  -4.013  7.173  15.018 0.0000000000
80496  -4.938  7.332  15.058 0.0000000000
80497  -5.876  7.324  15.192 0.0000000000
80498  -6.841  7.448  15.300 0.0000000000
80499  -7.809  7.404  15.574 0.0000000000
80500  -8.598  6.850  15.581 0.0000000000
80510  -0.478  5.880  13.956 0.0000000000
80511  -0.923  6.121  14.435 0.0000000000
80512  -1.808  6.354  14.469 0.0000000000
80513  -2.857  6.360  14.390 0.0000000000
80514  -3.798  6.508  14.405 0.0000000000
80515  -4.714  6.645  14.414 0.0000000000
80516  -5.645  6.710  14.457 0.0000000000
80517  -6.642  6.751  14.512 0.0000000000
80518  -7.667  6.848  14.703 0.0000000000
80519  -8.287  6.927  15.011 0.0000000000
80530  -0.333  6.397  13.304 0.0000000000
80541  -0.123  7.198  11.939 0.0000000000
80542  -0.205  6.861  12.297 0.0000000000
80550  -0.066  7.015  11.548 0.0000000000
80551  -0.138  6.636  11.780 0.0000000000
80554  0.027  6.974  10.682 0.0000000000
80558  -0.094  6.723  9.776 0.0000000000
81591  -5.060  7.818  28.548 0.0000000000
81592  -5.805  7.966  28.417 0.0000000000
81597  -6.401  7.730  28.299 0.0000000000
81598  -7.141  7.546  28.074 0.0000000000
81599  -7.961  7.381  27.777 0.0000000000
81600  -8.785  7.270  27.468 0.0000000000
81605  -9.442  7.300  26.932 0.0000000000
81616  -9.904  7.389  26.011 0.0000000000
81617  -10.168  7.802  25.394 0.0000000000
81631  -10.233  7.241  25.070 0.0000000000
81632  -10.287  7.852  25.075 0.0000000000
81651  -9.993  7.169  23.995 0.0000000000
81670  -4.412  7.963  22.014 0.0000000000
81671  -5.109  7.808  21.911 0.0000000000
81672  -6.297  7.499  21.919 0.0000000000
81673  -7.521  7.529  22.074 0.0000000000
81674  -8.557  7.468  22.268 0.0000000000
81675  -9.428  7.144  22.874 0.0000000000
81686  -1.221  8.166  21.944 0.0000000000
81687  -1.902  7.950  21.622 0.0000000000
81688  -2.891  7.699  21.438 0.0000000000
81689  -4.080  7.634  21.547 0.0000000000
81690  -5.339  7.374  21.291 0.0000000000
81691  -6.387  7.198  21.052 0.0000000000
81701  -1.010  7.935  21.382 0.0000000000
81702  -2.136  7.515  20.883 0.0000000000
81703  -3.387  7.384  20.700 0.0000000000
81704  -4.594  7.343  20.580 0.0000000000
81705  -5.698  7.293  20.411 0.0000000000
81706  -6.689  7.219  20.206 0.0000000000
81707  -7.277  7.186  19.891 0.0000000000
81717  -1.356  7.953  20.001 0.0000000000
81718  -2.783  7.432  19.826 0.0000000000
81719  -4.019  7.295  19.726 0.0000000000
81720  -5.137  7.367  19.631 0.0000000000
81721  -6.139  7.428  19.529 0.0000000000
81722  -6.995  7.413  19.430 0.0000000000
81723  -7.720  7.305  19.439 0.0000000000
81724  -8.156  7.251  19.340 0.0000000000
81735  -1.635  7.982  18.697 0.0000000000
81736  -2.426  7.477  18.772 0.0000000000
81737  -3.613  7.377  18.784 0.0000000000
81738  -4.724  7.416  18.759 0.0000000000
81739  -5.735  7.566  18.727 0.0000000000
81740  -6.674  7.615  18.702 0.0000000000
81741  -7.535  7.540  18.733 0.0000000000
81742  -8.209  7.391  18.900 0.0000000000
81754  -1.677  8.098  18.077 0.0000000000
81755  -2.294  7.849  17.615 0.0000000000
81756  -3.380  7.443  17.764 0.0000000000
81757  -4.453  7.452  17.828 0.0000000000
81758  -5.448  7.603  17.851 0.0000000000
81759  -6.396  7.681  17.870 0.0000000000
81760  -7.329  7.598  17.892 0.0000000000
81761  -8.285  7.414  17.986 0.0000000000
81762  -8.771  7.245  17.682 0.0000000000
81772  -0.860  7.748  16.041 0.0000000000
81773  -1.562  7.713  16.220 0.0000000000
81774  -2.456  7.809  16.412 0.0000000000
81775  -3.310  7.576  16.727 0.0000000000
81776  -4.292  7.461  16.858 0.0000000000
81777  -5.244  7.675  16.935 0.0000000000
81778  -6.189  7.837  17.004 0.0000000000
81779  -7.073  7.585  17.063 0.0000000000
81780  -8.039  7.412  17.060 0.0000000000
81781  -8.694  7.272  17.362 0.0000000000
81790  -0.764  7.616  15.352 0.0000000000
81791  -1.278  7.364  15.590 0.0000000000
81792  -2.211  7.293  15.579 0.0000000000
81793  -3.224  7.420  15.762 0.0000000000
81794  -4.166  7.506  15.888 0.0000000000
81795  -5.095  7.623  15.979 0.0000000000
81796  -6.027  7.745  16.070 0.0000000000
81797  -6.964  7.839  16.206 0.0000000000
81798  -7.644  7.572  16.415 0.0000000000
81807  -0.549  7.133  14.284 0.0000000000
81808  -1.122  6.988  14.860 0.0000000000
81809  -1.717  7.081  15.019 0.0000000000
81821  -0.364  7.389  13.159 0.0000000000
81832  -0.121  7.735  11.968 0.0000000000
81833  -0.272  7.537  12.554 0.0000000000
81844  0.072  7.751  11.042 0.0000000000
81853  0.180  7.639  10.162 0.0000000000
81859  -0.196  7.530  9.423 0.0000000000
82942  -5.555  8.647  28.522 0.0000000000
82943  -6.280  8.529  28.299 0.0000000000
82949  -6.912  8.409  28.109 0.0000000000
82950  -7.680  8.343  27.818 0.0000000000
82951  -8.496  8.138  27.529 0.0000000000
82952  -9.096  7.953  27.206 0.0000000000
82959  -8.987  8.629  27.243 0.0000000000
82960  -9.481  8.365  26.590 0.0000000000
82975  -10.054  8.392  25.621 0.0000000000
82976  -10.262  8.082  25.184 0.0000000000
82994  -10.293  8.203  24.714 0.0000000000
82995  -10.321  8.069  24.967 0.0000000000
83016  -9.992  8.257  23.457 0.0000000000
83031  -1.147  9.074  22.358 0.0000000000
83032  -1.598  8.944  22.322 0.0000000000
83033  -2.553  8.686  22.252 0.0000000000
83034  -3.696  8.298  22.130 0.0000000000
83035  -4.787  8.352  22.198 0.0000000000
83036  -5.789  8.282  22.252 0.0000000000
83037  -6.934  8.327  22.258 0.0000000000
83038  -8.132  8.407  22.173 0.0000000000
83039  -9.283  8.463  22.529 0.0000000000
83050  -0.159  9.426  22.016 0.0000000000
83051  -0.677  8.949  22.164 0.0000000000
83052  -1.729  8.447  22.051 0.0000000000
83053  -2.667  8.140  21.896 0.0000000000
83054  -3.325  7.898  21.793 0.0000000000
83062  -0.075  9.423  21.769 0.0000000000
83063  -0.329  8.967  21.100 0.0000000000
83072  -0.777  9.148  20.225 0.0000000000
83083  -1.409  8.853  19.386 0.0000000000
83094  -1.567  8.583  18.446 0.0000000000
83095  -1.714  8.457  17.724 0.0000000000
83106  -0.741  8.016  16.180 0.0000000000
83107  -1.110  8.111  16.251 0.0000000000
83108  -2.043  8.446  16.728 0.0000000000
83118  -0.736  8.132  15.878 0.0000000000
83119  -1.475  8.594  15.862 0.0000000000
83120  -2.117  8.879  16.271 0.0000000000
83130  -0.847  8.435  14.956 0.0000000000
83131  -1.375  8.719  15.301 0.0000000000
83142  -0.499  8.280  13.715 0.0000000000
83153  -0.171  8.750  12.197 0.0000000000
83154  -0.316  8.170  12.738 0.0000000000
83165  0.022  8.614  11.417 0.0000000000
83181  0.182  8.549  10.522 0.0000000000
83197  0.099  8.387  9.757 0.0000000000
84217  -5.240  9.448  28.809 0.0000000000
84218  -6.308  9.449  28.444 0.0000000000
84219  -6.884  9.867  28.340 0.0000000000
84228  -6.677  8.944  28.169 0.0000000000
84229  -7.246  9.348  28.045 0.0000000000
84230  -8.331  9.204  27.552 0.0000000000
84243  -9.193  9.407  26.992 0.0000000000
84244  -9.783  9.425  26.165 0.0000000000
84260  -10.233  9.406  25.166 0.0000000000
84275  -10.352  9.334  24.013 0.0000000000
84288  -9.977  9.369  22.952 0.0000000000
84300  -1.412  9.348  22.234 0.0000000000
84301  -2.331  9.317  22.249 0.0000000000
84302  -3.385  9.141  22.298 0.0000000000
84303  -4.388  8.984  22.244 0.0000000000
84304  -5.335  8.983  22.252 0.0000000000
84305  -6.332  9.095  22.186 0.0000000000
84306  -7.568  9.496  22.035 0.0000000000
84307  -8.831  9.399  22.150 0.0000000000
84308  -9.453  9.446  22.493 0.0000000000
84323  -0.138  9.936  21.865 0.0000000000
84324  -0.997  9.872  21.951 0.0000000000
84325  -2.020  9.920  22.027 0.0000000000
84326  -3.116  9.802  22.010 0.0000000000
84327  -4.142  9.546  21.868 0.0000000000
84328  -4.947  9.452  21.988 0.0000000000
84329  -5.753  9.614  21.907 0.0000000000
84330  -6.609  9.829  21.899 0.0000000000
84341  0.173  9.950  21.397 0.0000000000
84342  -0.038  10.009  20.625 0.0000000000
84354  -0.825  9.940  19.793 0.0000000000
84365  -1.456  9.478  18.797 0.0000000000
84366  -1.633  9.377  18.216 0.0000000000
84376  -1.574  8.991  18.129 0.0000000000
84377  -1.846  9.262  17.674 0.0000000000
84389  -2.264  9.429  16.813 0.0000000000
84400  -1.737  8.821  15.418 0.0000000000
84401  -2.326  9.292  15.696 0.0000000000
84412  -1.116  8.843  14.634 0.0000000000
84413  -1.627  9.029  14.822 0.0000000000
84414  -2.417  9.818  14.681 0.0000000000
84427  -1.009  9.154  14.083 0.0000000000
84428  -1.868  9.781  14.007 0.0000000000
84429  -2.349  10.325  14.092 0.0000000000
84444  -0.241  9.179  12.299 0.0000000000
84445  -0.460  9.354  12.792 0.0000000000
84462  -0.135  9.419  11.880 0.0000000000
84463  -0.293  10.178  12.109 0.0000000000
84482  0.023  9.475  10.915 0.0000000000
84500  0.290  9.447  9.966 0.0000000000
84501  -0.238  9.738  9.480 0.0000000000
84517  -0.163  8.950  9.560 0.0000000000
85534  -5.405  10.690  29.454 0.0000000000
85545  -5.880  10.375  28.927 0.0000000000
85546  -6.677  10.342  28.609 0.0000000000
85556  -7.269  10.308  28.275 0.0000000000
85557  -7.889  10.202  27.791 0.0000000000
85568  -8.684  10.293  27.308 0.0000000000
85569  -9.398  10.419  26.629 0.0000000000
85576  -9.937  10.481  25.720 0.0000000000
85588  -10.351  10.550  24.572 0.0000000000
85589  -10.463  11.058  23.807 0.0000000000
85602  -10.313  10.305  23.411 0.0000000000
85603  -10.478  11.063  23.055 0.0000000000
85615  -7.891  10.226  21.772 0.0000000000
85616  -8.542  10.173  21.889 0.0000000000
85617  -9.673  10.577  22.307 0.0000000000
85618  -10.303  11.264  22.618 0.0000000000
85635  0.013  10.580  21.643 0.0000000000
85636  -0.528  10.511  21.566 0.0000000000
85637  -1.601  10.374  21.478 0.0000000000
85638  -2.794  10.282  21.479 0.0000000000
85639  -3.923  10.065  21.407 0.0000000000
85640  -5.084  9.997  21.495 0.0000000000
85641  -6.183  10.186  21.478 0.0000000000
85642  -7.214  10.463  21.485 0.0000000000
85643  -8.223  10.697  21.568 0.0000000000
85644  -8.891  10.719  21.732 0.0000000000
85659  0.227  10.409  21.610 0.0000000000
85660  0.193  10.981  21.215 0.0000000000
85661  -1.146  10.945  20.999 0.0000000000
85662  -2.424  10.589  20.791 0.0000000000
85663  -3.648  10.463  20.811 0.0000000000
85664  -4.731  10.402  20.868 0.0000000000
85665  -5.842  10.523  20.838 0.0000000000
85666  -6.547  10.531  21.135 0.0000000000
85677  0.005  11.098  20.182 0.0000000000
85678  -0.750  11.378  20.467 0.0000000000
85679  -2.140  11.023  20.000 0.0000000000
85680  -3.371  10.709  20.158 0.0000000000
85681  -4.557  10.648  20.120 0.0000000000
85682  -5.240  10.566  20.452 0.0000000000
85692  -0.764  10.714  18.984 0.0000000000
85693  -1.595  9.873  18.328 0.0000000000
85694  -2.798  11.196  19.471 0.0000000000
85695  -3.372  10.883  19.561 0.0000000000
85696  -3.986  10.718  19.741 0.0000000000
85707  -0.835  11.019  18.286 0.0000000000
85708  -1.676  10.459  17.748 0.0000000000
85720  -2.362  10.415  16.500 0.0000000000
85734  -2.614  10.474  15.387 0.0000000000
85750  -2.568  10.670  14.509 0.0000000000
85766  -1.300  10.086  13.291 0.0000000000
85767  -2.042  10.780  13.567 0.0000000000
85768  -2.483  10.759  13.982 0.0000000000
85783  -0.813  10.836  12.558 0.0000000000
85784  -1.458  10.828  13.076 0.0000000000
85798  -0.028  10.337  11.399 0.0000000000
85799  -0.236  10.904  11.853 0.0000000000
85811  0.271  10.480  10.528 0.0000000000
85819  0.222  10.601  9.675 0.0000000000
85820  -0.441  10.669  9.327 0.0000000000
85832  0.026  11.109  9.333 0.0000000000
85833  -0.225  11.265  9.267 0.0000000000
86796  -5.568  11.683  30.402 0.0000000000
86797  -6.163  11.931  30.226 0.0000000000
86808  -5.157  11.030  29.966 0.0000000000
86809  -6.260  11.405  29.577 0.0000000000
86810  -7.111  11.830  29.223 0.0000000000
86822  -6.487  10.848  28.928 0.0000000000
86823  -7.156  11.188  28.711 0.0000000000
86834  -7.688  10.878  28.126 0.0000000000
86835  -8.203  11.111  27.635 0.0000000000
86845  -8.877  11.337  27.010 0.0000000000
86846  -9.514  11.450  26.231 0.0000000000
86854  -9.994  11.544  25.312 0.0000000000
86864  -10.346  11.682  24.387 0.0000000000
86865  -10.510  11.720  23.590 0.0000000000
86876  -10.536  11.747  22.959 0.0000000000
86887  -9.794  11.530  21.868 0.0000000000
86888  -10.255  11.767  22.331 0.0000000000
86901  -7.293  10.806  21.122 0.0000000000
86902  -7.778  11.041  21.147 0.0000000000
86903  -8.980  11.500  21.392 0.0000000000
86916  -6.193  10.653  20.483 0.0000000000
86917  -6.919  10.800  20.653 0.0000000000
86918  -8.207  11.521  20.338 0.0000000000
86919  -8.965  12.130  20.589 0.0000000000
86928  0.056  11.885  20.208 0.0000000000
86929  -0.566  11.721  19.967 0.0000000000
86930  -1.365  11.532  19.846 0.0000000000
86931  -4.982  10.696  19.750 0.0000000000
86932  -5.759  10.702  19.947 0.0000000000
86933  -7.209  11.293  19.447 0.0000000000
86934  -8.212  11.931  19.455 0.0000000000
86943  0.979  12.097  19.651 0.0000000000
86944  0.364  11.828  19.647 0.0000000000
86945  -1.273  11.842  19.559 0.0000000000
86946  -2.264  11.660  19.349 0.0000000000
86947  -3.305  11.183  19.036 0.0000000000
86948  -4.572  10.764  19.168 0.0000000000
86949  -6.101  10.990  18.702 0.0000000000
86950  -7.144  11.524  18.371 0.0000000000
86959  0.828  12.110  19.278 0.0000000000
86960  -0.129  11.775  18.585 0.0000000000
86961  -0.986  11.282  17.860 0.0000000000
86962  -3.027  11.716  18.733 0.0000000000
86963  -3.874  11.393  18.352 0.0000000000
86964  -5.170  11.243  17.860 0.0000000000
86965  -6.481  11.467  17.695 0.0000000000
86966  -7.218  11.832  17.724 0.0000000000
86974  -0.594  11.744  17.623 0.0000000000
86975  -1.555  11.410  17.031 0.0000000000
86976  -5.934  11.737  17.128 0.0000000000
86977  -6.550  11.793  17.153 0.0000000000
86986  -2.376  11.394  16.010 0.0000000000
86995  -2.557  11.380  14.984 0.0000000000
87004  -2.222  11.671  13.610 0.0000000000
87005  -2.522  11.340  14.098 0.0000000000
87014  -1.012  12.024  12.297 0.0000000000
87015  -1.677  11.640  12.998 0.0000000000
87023  0.076  11.546  11.166 0.0000000000
87024  -0.402  11.595  11.956 0.0000000000
87034  0.352  11.493  10.160 0.0000000000
87049  0.196  11.495  9.564 0.0000000000
87050  -0.707  11.513  9.272 0.0000000000
87068  0.018  11.495  9.258 0.0000000000
87069  -0.234  11.508  9.242 0.0000000000
88037  -3.404  12.676  33.583 0.0000000000
88038  -4.112  12.876  33.237 0.0000000000
88048  -3.662  12.320  32.577 0.0000000000
88049  -4.697  12.859  32.662 0.0000000000
88050  -5.292  13.245  32.537 0.0000000000
88059  -3.748  11.932  32.007 0.0000000000
88060  -4.372  12.086  31.790 0.0000000000
88061  -5.421  12.901  31.833 0.0000000000
88062  -6.073  13.181  31.520 0.0000000000
88072  -4.458  11.818  31.151 0.0000000000
88073  -5.088  12.034  31.113 0.0000000000
88074  -6.328  12.561  30.838 0.0000000000
88075  -7.001  12.991  30.383 0.0000000000
88086  -6.444  12.110  30.087 0.0000000000
88087  -7.043  12.494  29.774 0.0000000000
88098  -7.725  12.380  28.649 0.0000000000
88099  -8.289  12.840  28.156 0.0000000000
88108  -7.827  11.580  28.135 0.0000000000
88109  -8.422  12.305  27.627 0.0000000000
88117  -9.205  12.385  26.750 0.0000000000
88118  -9.662  12.473  25.867 0.0000000000
88127  -10.146  12.571  24.991 0.0000000000
88138  -10.335  12.601  23.901 0.0000000000
88139  -10.494  12.157  23.362 0.0000000000
88150  -10.312  13.006  23.431 0.0000000000
88151  -10.445  12.548  22.969 0.0000000000
88163  -10.020  12.395  21.690 0.0000000000
88164  -10.290  12.473  22.331 0.0000000000
88175  -9.493  12.482  20.873 0.0000000000
88190  -8.910  12.503  19.884 0.0000000000
88191  -9.232  12.574  20.382 0.0000000000
88204  -0.341  12.018  19.703 0.0000000000
88205  -0.850  11.975  19.593 0.0000000000
88206  -7.860  11.985  18.736 0.0000000000
88207  -8.547  12.609  18.976 0.0000000000
88220  1.393  13.312  19.045 0.0000000000
88221  0.913  12.665  19.610 0.0000000000
88222  -0.181  12.369  19.325 0.0000000000
88223  -1.381  12.255  19.143 0.0000000000
88224  -2.442  12.088  18.808 0.0000000000
88225  -7.660  12.039  18.044 0.0000000000
88226  -8.223  12.557  18.120 0.0000000000
88241  1.384  13.241  18.542 0.0000000000
88242  0.975  12.593  18.588 0.0000000000
88243  0.150  12.163  17.790 0.0000000000
88244  -2.219  12.379  18.564 0.0000000000
88245  -3.028  12.115  18.089 0.0000000000
88246  -4.224  11.868  17.598 0.0000000000
88247  -5.096  11.915  17.237 0.0000000000
88248  -6.979  11.891  17.263 0.0000000000
88249  -7.581  12.494  17.371 0.0000000000
88250  -8.212  13.124  17.639 0.0000000000
88264  1.167  13.250  17.978 0.0000000000
88265  0.500  12.860  17.333 0.0000000000
88266  -0.646  12.309  16.947 0.0000000000
88267  -1.645  12.069  16.305 0.0000000000
88268  -3.670  12.406  17.389 0.0000000000
88269  -4.524  12.434  16.997 0.0000000000
88270  -5.564  12.332  16.689 0.0000000000
88271  -6.694  12.302  16.709 0.0000000000
88272  -7.399  12.940  16.675 0.0000000000
88284  -0.178  12.962  16.497 0.0000000000
88285  -1.149  12.824  15.927 0.0000000000
88286  -2.088  12.164  15.467 0.0000000000
88297  -1.830  12.897  14.981 0.0000000000
88298  -2.351  12.100  14.535 0.0000000000
88308  -2.137  12.636  13.785 0.0000000000
88309  -2.385  11.954  13.969 0.0000000000
88319  -1.097  12.724  12.135 0.0000000000
88320  -1.617  12.802  12.685 0.0000000000
88334  0.092  12.507  11.142 0.0000000000
88335  -0.427  12.601  11.723 0.0000000000
88350  0.312  12.446  10.545 0.0000000000
88364  0.295  12.343  9.728 0.0000000000
88365  -0.262  12.361  9.313 0.0000000000
88376  0.091  11.882  9.350 0.0000000000
88377  -0.170  11.748  9.233 0.0000000000
89229  -3.582  13.476  34.512 0.0000000000
89230  -4.338  14.021  34.239 0.0000000000
89245  -3.958  13.139  33.724 0.0000000000
89246  -4.652  13.644  33.527 0.0000000000
89247  -5.273  14.094  33.343 0.0000000000
89259  -5.115  13.297  32.963 0.0000000000
89260  -5.516  13.755  32.905 0.0000000000
89261  -5.792  13.822  32.427 0.0000000000
89273  -5.590  13.492  32.320 0.0000000000
89274  -5.967  13.708  31.960 0.0000000000
89283  -6.514  13.631  31.371 0.0000000000
89284  -7.000  13.564  30.733 0.0000000000
89292  -7.330  13.518  30.011 0.0000000000
89298  -7.818  13.380  29.267 0.0000000000
89299  -8.290  13.377  28.499 0.0000000000
89306  -8.583  13.370  27.831 0.0000000000
89317  -9.087  13.357  27.202 0.0000000000
89318  -9.458  13.373  26.355 0.0000000000
89331  -9.833  13.475  25.540 0.0000000000
89349  -10.127  13.559  24.617 0.0000000000
89369  -10.166  13.508  23.716 0.0000000000
89370  -10.324  13.356  23.075 0.0000000000
89385  -10.065  13.214  21.814 0.0000000000
89386  -10.232  13.180  22.399 0.0000000000
89401  -9.878  13.256  21.208 0.0000000000
89417  -9.072  13.033  19.881 0.0000000000
89418  -9.308  13.272  20.284 0.0000000000
89430  -8.961  13.319  19.471 0.0000000000
89431  -9.047  13.916  19.813 0.0000000000
89443  1.232  13.862  18.881 0.0000000000
89444  0.702  13.656  19.145 0.0000000000
89445  -0.254  13.066  18.959 0.0000000000
89446  -0.876  12.614  18.870 0.0000000000
89447  -8.619  13.547  18.346 0.0000000000
89462  1.332  13.971  18.209 0.0000000000
89463  0.794  14.275  18.389 0.0000000000
89464  -0.378  13.845  17.837 0.0000000000
89465  -1.908  12.984  18.173 0.0000000000
89466  -3.017  12.602  17.570 0.0000000000
89467  -7.863  13.481  17.061 0.0000000000
89468  -8.283  13.697  17.573 0.0000000000
89484  0.898  13.804  16.913 0.0000000000
89485  0.334  13.296  16.624 0.0000000000
89486  -0.955  14.301  17.089 0.0000000000
89487  -1.963  14.018  16.792 0.0000000000
89488  -3.472  13.038  16.774 0.0000000000
89489  -4.990  12.944  16.287 0.0000000000
89490  -6.112  12.927  16.159 0.0000000000
89491  -6.952  13.122  16.234 0.0000000000
89492  -7.541  13.540  16.306 0.0000000000
89507  0.534  14.123  16.142 0.0000000000
89508  -0.171  13.653  15.757 0.0000000000
89509  -1.120  13.290  15.326 0.0000000000
89510  -2.528  14.408  15.822 0.0000000000
89511  -3.320  13.898  15.803 0.0000000000
89512  -4.514  13.527  15.670 0.0000000000
89513  -5.705  13.529  15.624 0.0000000000
89514  -6.648  13.578  15.786 0.0000000000
89515  -7.148  13.559  15.987 0.0000000000
89525  -0.500  13.959  14.952 0.0000000000
89526  -1.198  13.609  14.617 0.0000000000
89537  -1.672  13.573  13.450 0.0000000000
89549  -1.152  13.502  12.144 0.0000000000
89550  -1.578  13.519  12.751 0.0000000000
89563  0.009  13.432  11.073 0.0000000000
89564  -0.534  13.413  11.627 0.0000000000
89572  0.371  13.398  10.155 0.0000000000
89578  0.061  13.330  9.572 0.0000000000
90418  -3.950  14.916  35.401 0.0000000000
90427  -3.720  14.287  35.266 0.0000000000
90428  -4.281  14.554  34.769 0.0000000000
90445  -4.670  14.554  34.039 0.0000000000
90446  -5.122  14.534  33.590 0.0000000000
90458  -5.608  14.562  33.164 0.0000000000
90459  -6.008  14.412  32.498 0.0000000000
90467  -6.453  14.468  31.783 0.0000000000
90473  -6.856  14.479  31.044 0.0000000000
90474  -7.294  14.411  30.309 0.0000000000
90481  -7.671  14.306  29.564 0.0000000000
90486  -8.151  14.402  28.754 0.0000000000
90487  -8.502  14.067  28.101 0.0000000000
90498  -8.293  14.805  27.937 0.0000000000
90499  -8.706  14.357  27.398 0.0000000000
90513  -9.171  14.359  26.616 0.0000000000
90514  -9.514  14.149  25.942 0.0000000000
90528  -9.226  14.822  25.868 0.0000000000
90529  -9.649  14.604  25.155 0.0000000000
90548  -9.848  14.349  24.123 0.0000000000
90566  -10.193  14.168  23.062 0.0000000000
90567  -10.257  13.627  22.785 0.0000000000
90580  -9.930  13.979  22.007 0.0000000000
90581  -10.182  13.758  22.564 0.0000000000
90595  -9.515  14.109  20.980 0.0000000000
90610  -9.235  14.240  20.221 0.0000000000
90624  -8.844  14.372  19.227 0.0000000000
90625  -9.067  14.348  19.781 0.0000000000
90636  -8.563  14.485  18.395 0.0000000000
90647  0.997  15.005  17.717 0.0000000000
90648  0.152  14.895  17.484 0.0000000000
90649  -0.553  14.514  17.284 0.0000000000
90650  -8.185  14.041  17.194 0.0000000000
90651  -8.379  14.288  17.698 0.0000000000
90663  1.207  14.903  17.182 0.0000000000
90664  -0.241  15.387  17.143 0.0000000000
90665  -0.992  14.956  16.577 0.0000000000
90666  -1.934  14.616  16.151 0.0000000000
90667  -8.045  14.356  16.528 0.0000000000
90668  -8.213  14.384  17.173 0.0000000000
90683  0.798  14.799  16.111 0.0000000000
90684  0.333  14.266  15.744 0.0000000000
90685  -1.431  15.452  15.913 0.0000000000
90686  -2.194  15.135  15.474 0.0000000000
90687  -3.258  14.595  15.146 0.0000000000
90688  -4.291  14.216  15.015 0.0000000000
90689  -5.364  14.103  15.057 0.0000000000
90690  -6.498  14.360  15.143 0.0000000000
90691  -7.332  14.044  15.739 0.0000000000
90698  0.490  15.184  15.500 0.0000000000
90699  -0.070  14.567  14.985 0.0000000000
90700  -0.678  14.097  14.597 0.0000000000
90705  -5.892  14.558  14.716 0.0000000000
90710  -0.503  14.755  14.216 0.0000000000
90711  -0.991  14.319  13.980 0.0000000000
90715  -1.054  14.582  12.466 0.0000000000
90716  -1.485  14.127  12.951 0.0000000000
90721  -0.221  14.526  11.153 0.0000000000
90722  -0.628  14.146  11.661 0.0000000000
90727  0.160  14.405  10.528 0.0000000000
90731  0.352  14.458  9.758 0.0000000000
91594  -4.316  15.528  35.168 0.0000000000
91607  -4.789  15.449  34.376 0.0000000000
91608  -5.147  15.644  33.861 0.0000000000
91623  -5.000  15.107  33.849 0.0000000000
91624  -5.388  15.312  33.456 0.0000000000
91635  -5.827  15.365  32.792 0.0000000000
91636  -6.331  15.320  32.148 0.0000000000
91644  -6.582  15.266  31.414 0.0000000000
91652  -6.874  15.470  30.442 0.0000000000
91653  -7.422  15.035  29.776 0.0000000000
91664  -7.185  15.759  29.266 0.0000000000
91665  -7.654  15.032  29.143 0.0000000000
91677  -7.189  16.049  28.637 0.0000000000
91678  -7.674  15.560  28.337 0.0000000000
91694  -8.108  15.472  27.080 0.0000000000
91695  -8.703  14.877  26.851 0.0000000000
91708  -8.091  15.873  25.935 0.0000000000
91709  -8.737  15.219  26.284 0.0000000000
91723  -8.100  16.039  25.362 0.0000000000
91724  -8.778  15.524  25.157 0.0000000000
91725  -9.318  15.138  24.981 0.0000000000
91744  -8.873  15.668  23.992 0.0000000000
91745  -9.379  15.109  24.519 0.0000000000
91761  -9.163  15.877  23.012 0.0000000000
91762  -9.586  15.092  23.562 0.0000000000
91775  -9.077  15.752  21.989 0.0000000000
91776  -9.695  15.053  22.518 0.0000000000
91787  -8.959  15.634  21.039 0.0000000000
91788  -9.500  14.960  21.507 0.0000000000
91801  -8.840  15.488  20.209 0.0000000000
91802  -9.285  14.918  20.613 0.0000000000
91815  -8.129  15.863  19.174 0.0000000000
91816  -8.660  15.292  19.492 0.0000000000
91817  -9.141  14.829  19.863 0.0000000000
91826  -8.075  15.761  18.325 0.0000000000
91827  -8.451  15.148  18.762 0.0000000000
91837  0.684  15.331  17.506 0.0000000000
91838  -8.150  15.512  17.600 0.0000000000
91839  -8.309  15.008  18.010 0.0000000000
91853  -8.092  15.518  16.759 0.0000000000
91854  -8.263  14.846  17.278 0.0000000000
91873  1.222  15.894  16.611 0.0000000000
91877  -6.854  14.914  14.923 0.0000000000
91878  -7.460  15.244  15.418 0.0000000000
91888  0.918  15.768  15.703 0.0000000000
91889  0.372  15.537  14.979 0.0000000000
91899  -0.252  15.306  14.245 0.0000000000
91900  -0.729  14.887  13.765 0.0000000000
91905  -0.757  15.390  13.235 0.0000000000
91906  -1.076  14.686  13.263 0.0000000000
91910  0.004  15.237  11.011 0.0000000000
91911  -0.549  15.410  11.911 0.0000000000
91915  0.328  15.439  10.348 0.0000000000
91919  0.312  15.615  9.597 0.0000000000
92854  -4.537  16.387  34.792 0.0000000000
92869  -5.002  16.439  33.847 0.0000000000
92870  -5.285  15.877  33.595 0.0000000000
92887  -4.957  16.761  32.818 0.0000000000
92888  -5.429  16.056  33.126 0.0000000000
92904  -5.024  16.915  32.263 0.0000000000
92905  -5.773  16.395  32.092 0.0000000000
92906  -6.302  15.768  31.732 0.0000000000
92915  -5.883  16.601  31.007 0.0000000000
92916  -6.293  15.958  31.207 0.0000000000
92928  -5.897  16.731  30.221 0.0000000000
92929  -6.310  16.229  30.535 0.0000000000
92944  -5.727  16.822  29.378 0.0000000000
92945  -6.458  16.283  29.751 0.0000000000
92963  -4.245  17.246  28.039 0.0000000000
92964  -5.178  17.045  28.421 0.0000000000
92965  -6.476  16.421  28.590 0.0000000000
92966  -7.147  16.153  28.274 0.0000000000
92989  -4.635  16.991  27.385 0.0000000000
92990  -5.777  16.756  27.479 0.0000000000
92991  -7.003  16.293  27.513 0.0000000000
93011  -5.061  16.800  26.520 0.0000000000
93012  -6.178  16.672  26.497 0.0000000000
93013  -7.249  16.316  26.321 0.0000000000
93032  -4.385  16.866  25.654 0.0000000000
93033  -5.431  16.841  25.632 0.0000000000
93034  -6.455  16.718  25.534 0.0000000000
93035  -7.432  16.377  25.320 0.0000000000
93036  -8.012  16.180  24.944 0.0000000000
93057  -4.779  17.044  24.823 0.0000000000
93058  -5.745  16.985  24.790 0.0000000000
93059  -6.639  16.819  24.605 0.0000000000
93060  -7.471  16.536  24.481 0.0000000000
93061  -8.226  16.226  24.307 0.0000000000
93074  -6.905  16.816  23.935 0.0000000000
93075  -7.600  16.608  23.700 0.0000000000
93076  -8.387  16.355  23.405 0.0000000000
93087  -6.912  16.783  23.188 0.0000000000
93088  -7.680  16.717  22.831 0.0000000000
93089  -8.444  16.368  22.430 0.0000000000
93101  -6.905  16.886  22.331 0.0000000000
93102  -7.675  16.674  21.894 0.0000000000
93103  -8.395  16.254  21.461 0.0000000000
93117  -6.930  17.028  21.403 0.0000000000
93118  -7.680  16.627  20.929 0.0000000000
93119  -8.359  16.114  20.542 0.0000000000
93132  -7.006  17.099  20.427 0.0000000000
93133  -7.710  16.457  19.885 0.0000000000
93134  -8.336  15.853  19.852 0.0000000000
93142  -7.071  17.094  19.529 0.0000000000
93143  -7.516  16.578  18.769 0.0000000000
93152  -7.764  16.348  17.643 0.0000000000
93203  0.730  16.541  14.882 0.0000000000
93204  0.235  15.860  14.503 0.0000000000
93219  0.238  16.965  13.774 0.0000000000
93220  -0.127  16.106  13.985 0.0000000000
93228  0.081  16.954  12.627 0.0000000000
93229  -0.387  16.271  12.944 0.0000000000
93233  0.101  16.418  11.364 0.0000000000
93234  -0.201  16.274  12.184 0.0000000000
93238  0.515  16.544  10.144 0.0000000000
94268  -5.032  17.089  31.868 0.0000000000
94284  -4.570  17.485  31.363 0.0000000000
94285  -5.349  17.096  31.294 0.0000000000
94303  -4.936  17.445  30.628 0.0000000000
94304  -5.536  17.089  30.640 0.0000000000
94319  -4.535  17.520  29.835 0.0000000000
94320  -5.348  17.260  29.992 0.0000000000
94337  -4.212  17.497  28.862 0.0000000000
94338  -5.010  17.242  29.295 0.0000000000
94394  -4.207  17.223  23.988 0.0000000000
94395  -5.184  17.207  24.044 0.0000000000
94396  -6.013  17.162  24.081 0.0000000000
94397  -6.465  16.953  24.047 0.0000000000
94418  -5.643  17.206  23.360 0.0000000000
94419  -6.344  16.998  23.565 0.0000000000
94436  -6.204  17.055  22.802 0.0000000000
94452  -6.130  17.223  21.915 0.0000000000
94584  0.326  17.773  12.170 0.0000000000
94589  0.378  17.651  10.892 0.0000000000
