#!ascii label  , from subject Broad_82_YZ vox2ras=TkReg
1086
52206  -49.505  -15.219  9.948 0.0000000000
52207  -49.911  -15.310  9.999 0.0000000000
52208  -50.804  -15.404  10.055 0.0000000000
52209  -51.766  -15.384  10.065 0.0000000000
52216  -48.921  -15.240  9.333 0.0000000000
52217  -49.301  -15.287  9.541 0.0000000000
52218  -50.165  -15.498  9.354 0.0000000000
52219  -51.131  -15.513  9.286 0.0000000000
52228  -48.930  -15.317  9.044 0.0000000000
52229  -49.493  -15.343  8.641 0.0000000000
52230  -50.436  -15.547  8.530 0.0000000000
52231  -51.439  -15.733  8.424 0.0000000000
52244  -49.871  -15.341  7.929 0.0000000000
52245  -50.623  -15.496  7.553 0.0000000000
53521  -48.133  -13.836  12.027 0.0000000000
53522  -48.633  -14.088  12.110 0.0000000000
53523  -49.605  -14.363  12.158 0.0000000000
53524  -50.616  -14.532  12.214 0.0000000000
53525  -51.580  -14.421  12.165 0.0000000000
53526  -52.395  -14.338  12.112 0.0000000000
53534  -46.191  -13.894  11.109 0.0000000000
53535  -46.736  -14.025  11.201 0.0000000000
53536  -47.834  -14.199  11.457 0.0000000000
53537  -48.906  -14.620  11.339 0.0000000000
53538  -49.987  -14.757  11.364 0.0000000000
53539  -51.014  -14.813  11.465 0.0000000000
53540  -51.978  -14.658  11.451 0.0000000000
53548  -44.418  -14.167  10.117 0.0000000000
53549  -44.887  -14.154  10.183 0.0000000000
53550  -45.952  -14.172  10.482 0.0000000000
53551  -47.042  -14.448  10.422 0.0000000000
53552  -48.154  -14.741  10.408 0.0000000000
53553  -49.308  -15.050  10.283 0.0000000000
53554  -50.408  -15.136  10.687 0.0000000000
53555  -51.408  -15.085  10.763 0.0000000000
53565  -42.542  -14.164  9.238 0.0000000000
53566  -43.022  -14.198  9.296 0.0000000000
53567  -44.117  -14.279  9.639 0.0000000000
53568  -45.216  -14.371  9.461 0.0000000000
53569  -46.289  -14.479  9.452 0.0000000000
53570  -47.386  -14.638  9.418 0.0000000000
53571  -48.562  -15.078  9.395 0.0000000000
53572  -49.052  -15.136  9.746 0.0000000000
53583  -40.656  -14.150  8.256 0.0000000000
53584  -41.129  -14.272  8.386 0.0000000000
53585  -42.254  -14.295  8.760 0.0000000000
53586  -43.396  -14.399  8.571 0.0000000000
53587  -44.480  -14.492  8.550 0.0000000000
53588  -45.551  -14.496  8.493 0.0000000000
53589  -46.601  -14.557  8.458 0.0000000000
53590  -47.660  -14.689  8.405 0.0000000000
53591  -48.627  -15.014  8.282 0.0000000000
53592  -49.273  -15.078  7.851 0.0000000000
53603  -39.937  -14.243  7.476 0.0000000000
53604  -40.461  -14.251  7.761 0.0000000000
53605  -41.593  -14.464  7.663 0.0000000000
53606  -42.708  -14.498  7.647 0.0000000000
53607  -43.791  -14.473  7.590 0.0000000000
53608  -44.842  -14.517  7.558 0.0000000000
53609  -45.873  -14.496  7.523 0.0000000000
53610  -46.883  -14.559  7.479 0.0000000000
53611  -47.855  -14.667  7.404 0.0000000000
53612  -48.750  -14.772  7.257 0.0000000000
53613  -49.669  -15.018  7.127 0.0000000000
53614  -50.356  -15.197  6.729 0.0000000000
53623  -38.366  -14.175  6.266 0.0000000000
53624  -38.807  -14.228  6.394 0.0000000000
53625  -39.768  -14.382  6.900 0.0000000000
53626  -40.976  -14.495  6.738 0.0000000000
53627  -42.086  -14.501  6.672 0.0000000000
53628  -43.156  -14.503  6.641 0.0000000000
53629  -44.193  -14.487  6.622 0.0000000000
53630  -45.201  -14.551  6.607 0.0000000000
53631  -46.190  -14.580  6.577 0.0000000000
53632  -47.154  -14.616  6.528 0.0000000000
53633  -48.083  -14.601  6.458 0.0000000000
53634  -48.989  -14.646  6.352 0.0000000000
53649  -38.314  -14.367  5.705 0.0000000000
53650  -39.408  -14.465  5.687 0.0000000000
53651  -40.476  -14.469  5.737 0.0000000000
53652  -41.546  -14.524  5.704 0.0000000000
53653  -42.590  -14.555  5.681 0.0000000000
53654  -43.617  -14.584  5.683 0.0000000000
53655  -44.610  -14.546  5.696 0.0000000000
53656  -45.574  -14.580  5.685 0.0000000000
53657  -46.533  -14.563  5.645 0.0000000000
53658  -47.459  -14.507  5.621 0.0000000000
53659  -48.351  -14.476  5.575 0.0000000000
53672  -37.210  -14.285  4.077 0.0000000000
53673  -37.846  -14.501  4.540 0.0000000000
53674  -39.038  -14.673  4.669 0.0000000000
53675  -40.101  -14.507  4.705 0.0000000000
53676  -41.110  -14.491  4.729 0.0000000000
53677  -42.100  -14.507  4.713 0.0000000000
53678  -43.105  -14.542  4.720 0.0000000000
53679  -44.109  -14.598  4.765 0.0000000000
53680  -45.044  -14.373  4.834 0.0000000000
53681  -45.968  -14.393  4.821 0.0000000000
53682  -46.935  -14.287  4.715 0.0000000000
53683  -47.782  -14.243  4.867 0.0000000000
53700  -36.957  -14.226  3.362 0.0000000000
53701  -37.807  -14.556  3.466 0.0000000000
53702  -38.772  -14.696  3.615 0.0000000000
53703  -39.805  -14.494  3.676 0.0000000000
53704  -40.786  -14.310  3.755 0.0000000000
53705  -41.695  -14.333  3.837 0.0000000000
53706  -42.633  -14.290  3.700 0.0000000000
53707  -43.658  -14.338  3.878 0.0000000000
53708  -44.597  -14.229  3.977 0.0000000000
53709  -45.506  -14.170  4.044 0.0000000000
53710  -46.310  -14.144  4.109 0.0000000000
53725  -36.785  -14.113  2.445 0.0000000000
53726  -37.649  -14.477  2.573 0.0000000000
53727  -38.586  -14.567  2.661 0.0000000000
53728  -39.516  -14.407  2.751 0.0000000000
53729  -40.525  -14.047  2.641 0.0000000000
53730  -41.508  -14.127  2.990 0.0000000000
53731  -42.085  -14.212  3.233 0.0000000000
53742  -36.663  -14.071  1.497 0.0000000000
53743  -37.497  -14.454  1.723 0.0000000000
53744  -38.372  -14.572  1.854 0.0000000000
53745  -39.343  -14.302  1.792 0.0000000000
53746  -39.919  -14.084  2.210 0.0000000000
53760  -36.880  -14.181  0.844 0.0000000000
53761  -37.425  -14.389  0.948 0.0000000000
53762  -38.255  -14.497  1.133 0.0000000000
53763  -38.809  -14.429  1.367 0.0000000000
54802  -52.187  -13.179  15.959 0.0000000000
54820  -50.839  -13.155  15.138 0.0000000000
54821  -51.762  -13.410  15.210 0.0000000000
54841  -49.563  -13.102  14.224 0.0000000000
54842  -50.392  -13.405  14.363 0.0000000000
54843  -51.309  -13.618  14.437 0.0000000000
54844  -52.282  -13.677  14.442 0.0000000000
54861  -48.523  -12.849  13.415 0.0000000000
54862  -49.057  -13.244  13.443 0.0000000000
54863  -49.869  -13.650  13.613 0.0000000000
54864  -50.800  -13.864  13.680 0.0000000000
54865  -51.769  -13.941  13.670 0.0000000000
54866  -52.760  -13.860  13.585 0.0000000000
54877  -46.494  -12.968  12.266 0.0000000000
54878  -47.038  -13.101  12.365 0.0000000000
54879  -48.168  -13.317  12.584 0.0000000000
54880  -49.254  -13.832  12.831 0.0000000000
54881  -50.230  -14.111  12.930 0.0000000000
54882  -51.211  -14.154  12.916 0.0000000000
54883  -52.178  -14.208  12.874 0.0000000000
54896  -42.541  -12.558  10.931 0.0000000000
54897  -42.982  -12.830  11.107 0.0000000000
54898  -43.843  -13.255  11.358 0.0000000000
54899  -44.935  -13.309  11.399 0.0000000000
54900  -46.170  -13.403  11.633 0.0000000000
54901  -47.316  -13.626  11.860 0.0000000000
54902  -47.871  -13.736  11.972 0.0000000000
54915  -41.531  -12.810  10.304 0.0000000000
54916  -42.173  -13.007  10.541 0.0000000000
54917  -43.163  -13.533  10.543 0.0000000000
54918  -44.226  -13.946  10.508 0.0000000000
54919  -45.352  -13.831  10.889 0.0000000000
54920  -45.909  -13.873  11.059 0.0000000000
54932  -39.589  -12.727  9.138 0.0000000000
54933  -40.013  -13.108  9.433 0.0000000000
54934  -41.180  -13.288  9.786 0.0000000000
54935  -42.356  -13.917  9.641 0.0000000000
54936  -43.460  -14.067  9.969 0.0000000000
54937  -43.934  -14.159  10.054 0.0000000000
54949  -38.814  -12.792  8.197 0.0000000000
54950  -39.361  -13.098  8.576 0.0000000000
54951  -40.406  -13.891  8.621 0.0000000000
54952  -41.529  -14.071  9.127 0.0000000000
54953  -42.044  -14.115  9.182 0.0000000000
54963  -37.901  -13.107  7.172 0.0000000000
54964  -38.612  -13.238  7.651 0.0000000000
54965  -39.659  -13.950  7.730 0.0000000000
54966  -40.174  -14.012  8.027 0.0000000000
54975  -38.092  -13.784  6.613 0.0000000000
54976  -39.037  -13.978  7.108 0.0000000000
54977  -39.467  -14.128  7.252 0.0000000000
54989  -36.678  -13.401  4.924 0.0000000000
54990  -37.129  -13.646  5.409 0.0000000000
54995  -36.633  -13.645  4.347 0.0000000000
54996  -37.140  -14.079  4.615 0.0000000000
54997  -47.444  -14.090  4.356 0.0000000000
54998  -47.970  -13.949  4.195 0.0000000000
55005  -36.289  -13.491  3.242 0.0000000000
55006  -43.338  -14.034  3.122 0.0000000000
55007  -44.194  -14.012  3.150 0.0000000000
55008  -45.119  -13.869  3.260 0.0000000000
55009  -46.064  -13.887  3.367 0.0000000000
55010  -47.134  -13.860  3.694 0.0000000000
55011  -48.149  -13.647  3.447 0.0000000000
55027  -35.510  -13.289  1.998 0.0000000000
55028  -36.015  -13.481  2.311 0.0000000000
55029  -40.826  -13.532  2.038 0.0000000000
55030  -41.432  -13.527  2.241 0.0000000000
55031  -42.510  -13.780  2.575 0.0000000000
55032  -43.724  -13.669  2.419 0.0000000000
55033  -44.729  -13.645  2.449 0.0000000000
55034  -45.695  -13.658  2.523 0.0000000000
55035  -46.676  -13.618  2.641 0.0000000000
55036  -47.622  -13.546  2.705 0.0000000000
55052  -34.894  -13.373  1.019 0.0000000000
55053  -35.382  -13.416  1.379 0.0000000000
55054  -35.978  -13.616  1.580 0.0000000000
55055  -39.745  -13.955  1.227 0.0000000000
55056  -40.274  -13.702  1.653 0.0000000000
55057  -41.115  -13.112  1.520 0.0000000000
55058  -42.128  -12.890  1.530 0.0000000000
55059  -43.263  -13.300  1.576 0.0000000000
55060  -44.328  -13.456  1.612 0.0000000000
55061  -45.327  -13.514  1.687 0.0000000000
55062  -46.285  -13.445  1.775 0.0000000000
55063  -47.270  -13.332  1.834 0.0000000000
55064  -48.049  -13.321  2.019 0.0000000000
55079  -32.502  -13.248  -0.066 0.0000000000
55080  -33.293  -13.266  -0.010 0.0000000000
55081  -34.032  -13.309  0.076 0.0000000000
55082  -34.656  -13.429  0.379 0.0000000000
55083  -35.446  -13.558  0.481 0.0000000000
55084  -36.318  -13.832  0.692 0.0000000000
55085  -37.247  -14.137  0.341 0.0000000000
55086  -38.156  -14.253  0.385 0.0000000000
55087  -39.175  -14.174  0.765 0.0000000000
55088  -40.046  -13.552  0.750 0.0000000000
55089  -40.619  -13.227  1.039 0.0000000000
55090  -42.245  -12.631  0.874 0.0000000000
55091  -42.916  -12.753  0.598 0.0000000000
55092  -43.938  -13.356  0.715 0.0000000000
55093  -44.973  -13.483  0.818 0.0000000000
55094  -45.931  -13.432  0.947 0.0000000000
55095  -46.812  -13.292  1.012 0.0000000000
55102  -31.938  -13.290  -0.755 0.0000000000
55103  -32.951  -13.393  -0.774 0.0000000000
55104  -33.818  -13.453  -0.677 0.0000000000
55105  -34.580  -13.479  -0.514 0.0000000000
55106  -35.319  -13.558  -0.373 0.0000000000
55107  -36.111  -13.594  -0.265 0.0000000000
55108  -36.942  -13.807  -0.270 0.0000000000
55109  -37.851  -13.915  -0.306 0.0000000000
55110  -38.868  -13.762  -0.222 0.0000000000
55111  -39.599  -13.611  0.150 0.0000000000
55112  -43.113  -12.618  -0.289 0.0000000000
55113  -43.696  -13.057  -0.129 0.0000000000
55114  -44.607  -13.300  -0.027 0.0000000000
55115  -45.668  -13.428  0.008 0.0000000000
55116  -46.446  -13.411  0.366 0.0000000000
55124  -31.595  -12.968  -1.735 0.0000000000
55125  -32.553  -13.402  -1.670 0.0000000000
55126  -33.549  -13.468  -1.550 0.0000000000
55127  -34.430  -13.502  -1.366 0.0000000000
55128  -35.172  -13.503  -1.154 0.0000000000
55129  -35.920  -13.461  -1.153 0.0000000000
55130  -36.658  -13.537  -0.974 0.0000000000
55131  -37.486  -13.593  -0.961 0.0000000000
55132  -38.330  -13.625  -0.896 0.0000000000
55133  -43.125  -12.458  -0.730 0.0000000000
55134  -43.495  -12.752  -0.804 0.0000000000
55135  -44.238  -13.132  -0.817 0.0000000000
55136  -45.097  -13.211  -0.689 0.0000000000
55143  -31.556  -12.490  -2.358 0.0000000000
55144  -32.180  -13.083  -2.764 0.0000000000
55145  -33.230  -13.435  -2.443 0.0000000000
55146  -34.250  -13.432  -2.410 0.0000000000
55147  -35.107  -13.439  -1.907 0.0000000000
55148  -35.588  -13.420  -1.601 0.0000000000
55154  -32.646  -12.737  -3.405 0.0000000000
55155  -33.154  -13.207  -3.269 0.0000000000
55156  -33.734  -13.361  -2.917 0.0000000000
56127  -49.683  -12.052  15.369 0.0000000000
56128  -50.386  -12.400  15.792 0.0000000000
56129  -51.263  -12.953  15.912 0.0000000000
56145  -48.763  -11.989  14.415 0.0000000000
56146  -49.350  -12.398  14.669 0.0000000000
56147  -50.008  -12.804  14.960 0.0000000000
56162  -47.136  -11.863  13.286 0.0000000000
56163  -47.793  -12.073  13.578 0.0000000000
56164  -48.375  -12.327  13.803 0.0000000000
56165  -48.929  -12.676  14.004 0.0000000000
56174  -44.205  -11.757  12.265 0.0000000000
56175  -45.106  -11.933  12.372 0.0000000000
56176  -45.912  -12.150  12.563 0.0000000000
56177  -46.658  -12.465  12.692 0.0000000000
56178  -47.474  -12.595  12.968 0.0000000000
56179  -48.068  -12.640  13.262 0.0000000000
56187  -42.697  -12.077  11.348 0.0000000000
56188  -43.563  -12.355  11.742 0.0000000000
56189  -44.531  -12.557  11.854 0.0000000000
56190  -45.468  -12.708  12.027 0.0000000000
56191  -46.134  -12.775  12.267 0.0000000000
56197  -40.971  -11.943  10.355 0.0000000000
56198  -41.662  -12.269  10.567 0.0000000000
56199  -42.247  -12.334  10.853 0.0000000000
56206  -39.784  -12.213  9.472 0.0000000000
56207  -40.541  -12.479  9.925 0.0000000000
56208  -41.145  -12.596  10.247 0.0000000000
56219  -38.933  -12.262  8.451 0.0000000000
56220  -39.383  -12.408  8.924 0.0000000000
56229  -38.004  -12.387  7.433 0.0000000000
56230  -38.508  -12.480  7.975 0.0000000000
56238  -37.357  -12.760  6.595 0.0000000000
56249  -36.458  -12.833  4.964 0.0000000000
56250  -36.829  -12.597  5.743 0.0000000000
56254  -36.130  -12.683  3.986 0.0000000000
56258  -35.069  -12.159  2.722 0.0000000000
56259  -35.552  -12.595  2.977 0.0000000000
56265  -31.292  -12.240  2.094 0.0000000000
56266  -31.833  -12.282  2.116 0.0000000000
56267  -32.797  -12.232  2.101 0.0000000000
56268  -33.801  -12.210  2.020 0.0000000000
56269  -34.848  -12.687  2.210 0.0000000000
56270  -35.446  -13.062  2.407 0.0000000000
56282  -30.621  -12.155  1.248 0.0000000000
56283  -31.187  -12.423  1.539 0.0000000000
56284  -32.245  -12.668  1.408 0.0000000000
56285  -33.271  -12.613  1.304 0.0000000000
56286  -34.257  -12.985  1.225 0.0000000000
56287  -34.828  -13.160  1.491 0.0000000000
56288  -41.555  -12.806  1.183 0.0000000000
56289  -41.825  -12.654  0.941 0.0000000000
56290  -47.810  -13.183  1.594 0.0000000000
56306  -30.795  -12.372  0.832 0.0000000000
56307  -31.564  -12.894  0.410 0.0000000000
56308  -32.766  -12.962  0.627 0.0000000000
56309  -33.639  -13.056  0.645 0.0000000000
56310  -34.145  -13.215  0.597 0.0000000000
56311  -40.519  -13.139  0.584 0.0000000000
56312  -41.119  -12.750  0.681 0.0000000000
56313  -42.025  -12.395  0.388 0.0000000000
56314  -42.608  -12.389  -0.046 0.0000000000
56315  -47.623  -13.077  1.113 0.0000000000
56327  -30.642  -12.275  0.115 0.0000000000
56328  -30.983  -12.468  -0.834 0.0000000000
56329  -39.529  -13.446  -0.363 0.0000000000
56330  -40.248  -13.069  -0.123 0.0000000000
56331  -41.211  -12.244  -0.289 0.0000000000
56332  -42.138  -11.967  -0.352 0.0000000000
56333  -42.773  -12.245  -0.581 0.0000000000
56334  -46.406  -13.360  -0.182 0.0000000000
56335  -47.272  -13.166  0.029 0.0000000000
56344  -31.133  -12.098  -1.836 0.0000000000
56345  -36.431  -13.383  -1.486 0.0000000000
56346  -37.019  -13.352  -1.615 0.0000000000
56347  -38.025  -13.316  -1.611 0.0000000000
56348  -39.299  -13.266  -1.213 0.0000000000
56349  -40.367  -12.317  -1.142 0.0000000000
56350  -41.118  -11.888  -0.996 0.0000000000
56351  -42.491  -11.871  -0.855 0.0000000000
56352  -43.052  -12.201  -1.230 0.0000000000
56353  -43.854  -12.731  -1.504 0.0000000000
56354  -44.828  -12.955  -1.484 0.0000000000
56355  -46.121  -13.129  -1.075 0.0000000000
56356  -47.490  -12.596  -1.241 0.0000000000
56364  -31.378  -11.798  -2.524 0.0000000000
56365  -31.742  -12.290  -2.862 0.0000000000
56366  -34.527  -13.332  -2.875 0.0000000000
56367  -34.988  -13.277  -2.708 0.0000000000
56368  -36.087  -13.238  -2.173 0.0000000000
56369  -37.355  -13.007  -2.384 0.0000000000
56370  -38.500  -12.617  -2.303 0.0000000000
56371  -39.594  -12.351  -2.003 0.0000000000
56372  -40.347  -11.933  -1.975 0.0000000000
56373  -43.458  -12.199  -2.081 0.0000000000
56374  -44.306  -12.551  -2.308 0.0000000000
56375  -45.388  -12.711  -2.357 0.0000000000
56376  -46.621  -12.577  -2.329 0.0000000000
56383  -31.685  -11.704  -3.063 0.0000000000
56384  -32.223  -12.135  -3.431 0.0000000000
56385  -33.129  -12.353  -4.028 0.0000000000
56386  -34.282  -13.135  -3.486 0.0000000000
56387  -35.571  -13.037  -3.404 0.0000000000
56388  -36.700  -12.841  -3.279 0.0000000000
56389  -37.690  -12.455  -3.176 0.0000000000
56390  -38.474  -12.063  -3.194 0.0000000000
56391  -43.789  -12.112  -2.810 0.0000000000
56392  -44.624  -12.307  -3.421 0.0000000000
56393  -45.876  -12.370  -3.322 0.0000000000
56402  -33.463  -11.840  -4.557 0.0000000000
56403  -34.083  -12.133  -4.661 0.0000000000
56404  -35.104  -12.629  -4.388 0.0000000000
56405  -36.165  -12.635  -4.241 0.0000000000
56406  -37.217  -12.325  -4.158 0.0000000000
56407  -37.946  -12.079  -3.800 0.0000000000
56408  -44.796  -11.909  -4.089 0.0000000000
56409  -45.386  -12.055  -4.132 0.0000000000
56410  -46.279  -12.059  -4.091 0.0000000000
56422  -34.407  -11.778  -5.102 0.0000000000
56423  -34.826  -12.078  -5.191 0.0000000000
56424  -35.732  -12.341  -5.142 0.0000000000
56425  -36.645  -12.405  -4.989 0.0000000000
57556  -48.171  -10.927  14.313 0.0000000000
57558  -49.235  -11.601  14.970 0.0000000000
57569  -46.281  -11.000  13.326 0.0000000000
57570  -46.898  -11.060  13.491 0.0000000000
57571  -47.626  -11.191  13.853 0.0000000000
57572  -48.227  -11.615  14.115 0.0000000000
57578  -44.055  -11.001  12.428 0.0000000000
57579  -44.811  -11.076  12.569 0.0000000000
57580  -45.692  -11.235  12.878 0.0000000000
57581  -46.423  -11.650  13.053 0.0000000000
57586  -41.943  -11.102  10.952 0.0000000000
57587  -42.473  -11.143  11.385 0.0000000000
57588  -43.299  -11.320  12.027 0.0000000000
57592  -40.978  -11.287  10.198 0.0000000000
57593  -41.488  -11.383  10.606 0.0000000000
57594  -42.103  -11.719  10.933 0.0000000000
57599  -39.867  -11.440  9.397 0.0000000000
57600  -40.396  -11.566  9.888 0.0000000000
57607  -38.987  -11.713  8.364 0.0000000000
57608  -39.394  -11.669  8.852 0.0000000000
57614  -38.029  -11.744  7.404 0.0000000000
57615  -38.519  -11.626  7.864 0.0000000000
57616  -39.109  -11.301  8.279 0.0000000000
57623  -37.659  -11.680  6.882 0.0000000000
57624  -38.123  -11.336  7.265 0.0000000000
57633  -36.702  -11.865  5.327 0.0000000000
57634  -37.177  -11.829  6.067 0.0000000000
57636  -36.381  -11.857  4.550 0.0000000000
57638  -30.844  -11.428  3.097 0.0000000000
57639  -31.683  -11.430  3.200 0.0000000000
57640  -32.622  -11.305  3.172 0.0000000000
57641  -33.057  -11.242  3.129 0.0000000000
57642  -34.635  -10.892  2.807 0.0000000000
57643  -35.118  -11.387  2.953 0.0000000000
57644  -35.869  -11.612  3.730 0.0000000000
57646  -30.446  -11.491  2.565 0.0000000000
57647  -31.193  -11.930  2.528 0.0000000000
57648  -32.249  -11.811  2.688 0.0000000000
57649  -33.259  -11.527  2.782 0.0000000000
57650  -34.287  -11.438  2.643 0.0000000000
57651  -34.828  -11.920  2.639 0.0000000000
57657  -30.435  -11.886  1.804 0.0000000000
57658  -30.978  -12.205  2.057 0.0000000000
57666  -30.305  -11.722  0.716 0.0000000000
57676  -30.333  -11.279  -0.551 0.0000000000
57677  -30.713  -11.579  -1.373 0.0000000000
57678  -41.609  -11.791  -0.735 0.0000000000
57679  -42.049  -11.582  -0.837 0.0000000000
57688  -30.542  -10.851  -1.450 0.0000000000
57689  -30.930  -11.100  -2.123 0.0000000000
57690  -40.863  -11.766  -1.564 0.0000000000
57691  -41.532  -11.460  -1.333 0.0000000000
57692  -42.407  -11.443  -1.329 0.0000000000
57693  -42.955  -11.663  -1.817 0.0000000000
57703  -31.428  -11.031  -2.879 0.0000000000
57704  -39.102  -12.089  -2.654 0.0000000000
57705  -39.780  -11.698  -2.569 0.0000000000
57706  -40.848  -11.211  -2.371 0.0000000000
57707  -41.873  -10.855  -1.765 0.0000000000
57708  -42.605  -11.036  -1.985 0.0000000000
57709  -43.276  -11.398  -2.478 0.0000000000
57718  -31.948  -11.141  -3.455 0.0000000000
57719  -32.560  -11.290  -4.119 0.0000000000
57720  -33.108  -11.566  -4.505 0.0000000000
57721  -39.132  -11.704  -3.186 0.0000000000
57722  -39.806  -11.152  -3.436 0.0000000000
57723  -40.525  -10.863  -3.083 0.0000000000
57724  -43.830  -11.512  -3.314 0.0000000000
57725  -44.410  -11.476  -3.962 0.0000000000
57738  -33.011  -10.971  -4.607 0.0000000000
57739  -33.608  -11.232  -4.866 0.0000000000
57740  -34.151  -11.516  -5.096 0.0000000000
57741  -37.826  -11.995  -4.346 0.0000000000
57742  -38.573  -11.643  -4.134 0.0000000000
57743  -39.322  -11.046  -4.512 0.0000000000
57744  -44.999  -11.465  -4.478 0.0000000000
57745  -45.931  -11.444  -4.776 0.0000000000
57761  -34.109  -11.008  -5.329 0.0000000000
57762  -34.590  -11.377  -5.466 0.0000000000
57763  -35.348  -11.581  -5.803 0.0000000000
57764  -36.379  -11.942  -5.798 0.0000000000
57765  -37.604  -11.961  -5.282 0.0000000000
57766  -38.673  -11.374  -5.361 0.0000000000
57767  -39.383  -10.924  -5.437 0.0000000000
57786  -35.967  -11.294  -6.403 0.0000000000
57787  -37.021  -11.426  -6.741 0.0000000000
57788  -38.145  -11.456  -6.333 0.0000000000
57789  -39.020  -11.087  -6.385 0.0000000000
57790  -39.503  -10.816  -6.007 0.0000000000
58780  -45.987  -10.522  13.245 0.0000000000
58781  -46.603  -10.336  13.479 0.0000000000
58782  -47.386  -10.201  13.826 0.0000000000
58784  -43.701  -10.478  12.234 0.0000000000
58785  -44.452  -10.269  12.457 0.0000000000
58786  -45.361  -10.175  12.903 0.0000000000
58788  -41.680  -10.850  10.707 0.0000000000
58789  -42.089  -10.411  10.964 0.0000000000
58790  -43.039  -10.186  11.649 0.0000000000
58792  -40.742  -11.018  9.918 0.0000000000
58793  -41.287  -10.524  10.201 0.0000000000
58794  -41.910  -9.715  10.488 0.0000000000
58797  -39.716  -11.140  9.123 0.0000000000
58798  -40.306  -10.692  9.362 0.0000000000
58799  -41.012  -9.961  9.457 0.0000000000
58804  -39.562  -10.913  8.636 0.0000000000
58805  -39.957  -10.225  8.358 0.0000000000
58808  -38.426  -11.028  7.398 0.0000000000
58809  -39.116  -10.620  7.634 0.0000000000
58810  -39.854  -9.952  7.641 0.0000000000
58815  -37.542  -11.266  6.263 0.0000000000
58816  -38.148  -10.724  6.625 0.0000000000
58817  -38.991  -10.150  6.728 0.0000000000
58823  -36.693  -11.358  4.925 0.0000000000
58824  -37.291  -10.918  5.396 0.0000000000
58825  -38.019  -10.184  5.625 0.0000000000
58827  -36.454  -10.851  4.394 0.0000000000
58828  -36.995  -10.163  4.577 0.0000000000
58830  -29.652  -10.515  2.944 0.0000000000
58831  -30.079  -10.860  3.065 0.0000000000
58832  -31.053  -10.905  3.628 0.0000000000
58833  -32.103  -10.791  3.611 0.0000000000
58834  -33.205  -10.865  3.375 0.0000000000
58835  -34.144  -10.549  2.966 0.0000000000
58836  -34.946  -10.303  2.874 0.0000000000
58837  -35.679  -10.361  3.490 0.0000000000
58839  -29.525  -10.545  2.551 0.0000000000
58840  -29.837  -11.161  2.185 0.0000000000
58841  -33.824  -11.061  2.884 0.0000000000
58842  -34.089  -10.995  2.786 0.0000000000
58844  -29.364  -10.523  1.697 0.0000000000
58845  -29.757  -11.138  1.234 0.0000000000
58847  -29.457  -10.263  0.790 0.0000000000
58848  -29.872  -10.775  0.279 0.0000000000
58850  -29.616  -9.993  0.056 0.0000000000
58851  -29.931  -10.179  -0.521 0.0000000000
58853  -30.359  -10.170  -1.189 0.0000000000
58854  -30.870  -10.124  -1.834 0.0000000000
58855  -41.959  -9.763  -2.144 0.0000000000
58856  -42.264  -9.752  -2.007 0.0000000000
58857  -42.860  -9.774  -1.895 0.0000000000
58859  -31.353  -10.159  -2.566 0.0000000000
58860  -40.897  -10.666  -2.892 0.0000000000
58861  -41.591  -10.120  -2.465 0.0000000000
58862  -42.389  -10.301  -1.892 0.0000000000
58863  -43.193  -10.368  -2.164 0.0000000000
58869  -31.828  -10.272  -3.233 0.0000000000
58870  -32.334  -10.353  -3.796 0.0000000000
58871  -39.815  -10.732  -4.036 0.0000000000
58872  -40.534  -10.395  -3.635 0.0000000000
58873  -41.300  -9.749  -3.401 0.0000000000
58874  -43.596  -10.693  -2.943 0.0000000000
58875  -44.040  -10.714  -3.629 0.0000000000
58884  -32.773  -10.349  -4.367 0.0000000000
58885  -33.323  -10.388  -4.743 0.0000000000
58886  -39.862  -10.599  -4.667 0.0000000000
58887  -40.423  -10.208  -4.776 0.0000000000
58888  -44.590  -10.648  -4.380 0.0000000000
58889  -45.243  -10.877  -4.886 0.0000000000
58905  -33.926  -10.330  -5.105 0.0000000000
58906  -34.603  -10.497  -5.599 0.0000000000
58907  -34.920  -11.012  -5.823 0.0000000000
58908  -39.929  -10.506  -5.623 0.0000000000
58909  -40.531  -10.088  -5.553 0.0000000000
58910  -45.036  -10.256  -4.945 0.0000000000
58911  -45.828  -10.430  -5.621 0.0000000000
58930  -34.927  -10.114  -5.913 0.0000000000
58931  -35.299  -10.529  -6.193 0.0000000000
58932  -36.076  -10.550  -6.952 0.0000000000
58934  -39.650  -10.624  -6.526 0.0000000000
58935  -40.245  -10.272  -6.356 0.0000000000
59782  -46.166  -9.761  13.283 0.0000000000
59783  -46.959  -9.373  13.542 0.0000000000
59787  -43.908  -9.627  12.120 0.0000000000
59788  -44.836  -9.193  12.483 0.0000000000
59789  -45.780  -9.083  12.937 0.0000000000
59790  -46.441  -9.011  13.255 0.0000000000
59792  -42.602  -9.454  10.953 0.0000000000
59793  -43.453  -8.932  11.459 0.0000000000
59794  -44.229  -8.790  11.947 0.0000000000
59796  -41.571  -9.495  9.801 0.0000000000
59797  -42.376  -8.930  10.102 0.0000000000
59798  -43.037  -8.739  10.671 0.0000000000
59801  -40.663  -9.791  8.749 0.0000000000
59802  -41.344  -9.383  8.997 0.0000000000
59803  -42.013  -8.905  9.121 0.0000000000
59807  -40.418  -9.620  7.930 0.0000000000
59808  -41.186  -9.175  8.132 0.0000000000
59809  -41.642  -9.033  8.605 0.0000000000
59814  -39.621  -9.880  6.996 0.0000000000
59815  -40.237  -9.594  7.201 0.0000000000
59816  -40.774  -9.315  7.351 0.0000000000
59824  -38.698  -9.947  6.005 0.0000000000
59825  -39.430  -9.746  6.270 0.0000000000
59826  -40.170  -9.462  6.399 0.0000000000
59827  -40.547  -9.372  6.871 0.0000000000
59835  -37.625  -9.923  4.906 0.0000000000
59836  -38.303  -9.440  5.139 0.0000000000
59837  -39.184  -9.389  5.649 0.0000000000
59838  -39.763  -9.457  5.894 0.0000000000
59840  -29.624  -9.320  4.117 0.0000000000
59841  -30.685  -9.310  4.533 0.0000000000
59842  -31.824  -9.289  4.646 0.0000000000
59843  -32.909  -9.242  4.418 0.0000000000
59844  -33.853  -9.090  4.118 0.0000000000
59845  -34.251  -8.806  3.815 0.0000000000
59846  -36.460  -9.844  3.937 0.0000000000
59847  -37.178  -9.358  4.182 0.0000000000
59848  -37.770  -9.382  4.642 0.0000000000
59850  -28.491  -9.246  2.744 0.0000000000
59851  -29.386  -10.045  3.184 0.0000000000
59852  -30.326  -10.200  3.904 0.0000000000
59853  -31.431  -10.142  4.142 0.0000000000
59854  -32.550  -10.086  4.075 0.0000000000
59855  -33.639  -9.922  3.816 0.0000000000
59856  -34.554  -9.247  3.200 0.0000000000
59857  -35.384  -9.549  2.927 0.0000000000
59858  -36.160  -9.323  3.076 0.0000000000
59859  -36.688  -9.340  3.582 0.0000000000
59861  -28.411  -9.216  1.685 0.0000000000
59862  -28.913  -9.999  2.197 0.0000000000
59863  -34.979  -8.735  2.837 0.0000000000
59864  -35.329  -8.938  2.705 0.0000000000
59865  -35.722  -9.140  2.652 0.0000000000
59867  -28.592  -9.089  0.777 0.0000000000
59868  -28.996  -9.748  1.238 0.0000000000
59870  -28.780  -8.898  0.310 0.0000000000
59871  -29.191  -9.330  0.262 0.0000000000
59873  -29.703  -9.371  -0.457 0.0000000000
59874  -30.251  -9.361  -0.940 0.0000000000
59876  -30.812  -9.294  -1.500 0.0000000000
59877  -31.322  -9.270  -2.210 0.0000000000
59878  -42.122  -9.488  -2.242 0.0000000000
59879  -42.788  -9.147  -2.059 0.0000000000
59880  -43.668  -9.336  -1.997 0.0000000000
59883  -32.044  -9.281  -2.992 0.0000000000
59884  -32.645  -8.822  -3.196 0.0000000000
59885  -41.957  -9.191  -2.883 0.0000000000
59886  -42.374  -9.113  -2.392 0.0000000000
59887  -43.874  -9.962  -2.649 0.0000000000
59888  -44.332  -9.340  -2.401 0.0000000000
59895  -32.226  -9.786  -3.505 0.0000000000
59896  -32.939  -9.374  -3.800 0.0000000000
59897  -33.743  -9.103  -3.997 0.0000000000
59898  -40.974  -9.836  -4.243 0.0000000000
59899  -41.558  -9.267  -3.927 0.0000000000
59900  -43.948  -10.258  -3.197 0.0000000000
59901  -44.473  -9.698  -3.504 0.0000000000
59902  -44.972  -9.204  -3.832 0.0000000000
59910  -33.128  -9.880  -4.478 0.0000000000
59911  -33.783  -9.604  -4.614 0.0000000000
59912  -34.667  -9.161  -4.667 0.0000000000
59913  -35.204  -8.870  -4.708 0.0000000000
59914  -40.836  -9.898  -4.964 0.0000000000
59915  -41.281  -9.525  -4.835 0.0000000000
59916  -44.742  -9.928  -4.566 0.0000000000
59917  -44.867  -9.435  -4.278 0.0000000000
59924  -34.018  -9.906  -4.964 0.0000000000
59925  -34.389  -9.765  -5.165 0.0000000000
59926  -35.172  -9.224  -5.254 0.0000000000
59927  -35.576  -9.116  -5.755 0.0000000000
59928  -40.953  -9.738  -5.431 0.0000000000
59929  -41.344  -9.350  -5.659 0.0000000000
59930  -44.909  -9.948  -4.909 0.0000000000
59931  -45.067  -9.608  -5.092 0.0000000000
59940  -34.793  -9.816  -5.643 0.0000000000
59941  -35.173  -9.652  -5.969 0.0000000000
59942  -35.785  -9.469  -6.468 0.0000000000
59943  -40.792  -9.796  -6.162 0.0000000000
60742  -46.924  -8.615  13.298 0.0000000000
60746  -44.799  -8.345  12.033 0.0000000000
60747  -45.599  -8.191  12.330 0.0000000000
60748  -46.537  -8.251  12.810 0.0000000000
60751  -43.661  -8.343  10.709 0.0000000000
60752  -44.453  -8.091  11.198 0.0000000000
60753  -45.188  -7.828  11.691 0.0000000000
60755  -42.730  -8.609  9.340 0.0000000000
60756  -43.345  -8.351  9.863 0.0000000000
60765  -42.638  -8.642  8.694 0.0000000000
60783  -41.557  -8.931  7.733 0.0000000000
60784  -42.045  -8.786  8.109 0.0000000000
60785  -43.054  -8.659  8.033 0.0000000000
60801  -41.254  -9.069  7.406 0.0000000000
60802  -41.740  -8.854  7.252 0.0000000000
60803  -42.588  -8.737  7.236 0.0000000000
60821  -40.455  -9.237  6.082 0.0000000000
60822  -40.939  -9.060  6.542 0.0000000000
60823  -41.979  -8.637  6.452 0.0000000000
60844  -31.218  -7.871  5.287 0.0000000000
60845  -31.525  -7.918  5.290 0.0000000000
60846  -38.358  -9.058  4.825 0.0000000000
60847  -38.775  -8.886  5.031 0.0000000000
60848  -40.047  -8.871  5.475 0.0000000000
60849  -41.257  -8.497  5.624 0.0000000000
60866  -28.602  -8.183  3.854 0.0000000000
60867  -28.925  -8.390  4.118 0.0000000000
60868  -29.910  -8.337  4.676 0.0000000000
60869  -31.048  -8.219  5.132 0.0000000000
60870  -32.216  -8.429  5.027 0.0000000000
60871  -33.233  -8.531  4.654 0.0000000000
60872  -34.003  -8.444  4.310 0.0000000000
60873  -37.341  -8.974  3.910 0.0000000000
60874  -37.958  -8.866  4.286 0.0000000000
60875  -39.036  -8.273  4.256 0.0000000000
60884  -28.297  -8.244  3.436 0.0000000000
60885  -28.842  -9.144  3.614 0.0000000000
60886  -34.476  -8.415  3.700 0.0000000000
60887  -36.441  -9.015  2.738 0.0000000000
60888  -37.055  -8.933  3.160 0.0000000000
60889  -38.180  -8.199  2.979 0.0000000000
60893  -27.574  -7.676  1.577 0.0000000000
60894  -27.789  -8.266  2.081 0.0000000000
60895  -34.848  -8.419  3.078 0.0000000000
60896  -35.314  -8.397  2.658 0.0000000000
60897  -36.108  -8.663  2.231 0.0000000000
60898  -37.304  -8.203  2.018 0.0000000000
60902  -27.603  -7.931  1.123 0.0000000000
60903  -27.963  -8.625  1.047 0.0000000000
60904  -36.635  -8.043  1.608 0.0000000000
60905  -37.063  -7.842  1.506 0.0000000000
60907  -27.765  -8.143  0.507 0.0000000000
60908  -28.346  -8.472  0.185 0.0000000000
60909  -28.908  -8.715  -0.034 0.0000000000
60911  -28.741  -8.350  -0.405 0.0000000000
60912  -29.377  -8.550  -0.589 0.0000000000
60913  -30.009  -8.757  -0.825 0.0000000000
60915  -30.019  -8.128  -0.991 0.0000000000
60916  -30.557  -8.467  -1.291 0.0000000000
60917  -31.162  -8.463  -1.897 0.0000000000
60918  -42.988  -8.764  -2.217 0.0000000000
60926  -31.761  -8.412  -2.490 0.0000000000
60927  -32.451  -8.319  -2.897 0.0000000000
60928  -42.289  -8.845  -2.988 0.0000000000
60929  -42.727  -8.700  -2.662 0.0000000000
60939  -33.129  -8.335  -3.225 0.0000000000
60940  -33.858  -8.409  -3.679 0.0000000000
60941  -34.519  -8.164  -3.988 0.0000000000
60942  -42.246  -8.678  -3.547 0.0000000000
60945  -44.807  -9.048  -2.684 0.0000000000
60946  -45.234  -8.827  -3.255 0.0000000000
60950  -34.301  -8.861  -4.135 0.0000000000
60951  -34.996  -8.398  -4.371 0.0000000000
60952  -35.694  -8.388  -4.892 0.0000000000
60953  -36.148  -7.955  -5.157 0.0000000000
60954  -41.946  -8.915  -4.836 0.0000000000
60955  -42.642  -8.218  -4.390 0.0000000000
60956  -45.220  -8.787  -4.321 0.0000000000
60960  -35.694  -8.850  -5.363 0.0000000000
60961  -36.129  -8.487  -5.706 0.0000000000
62004  -30.682  -7.077  5.263 0.0000000000
62005  -31.074  -7.420  5.340 0.0000000000
62006  -32.051  -7.514  5.447 0.0000000000
62007  -32.980  -7.381  5.479 0.0000000000
62008  -33.731  -7.307  5.257 0.0000000000
62027  -28.624  -7.860  3.935 0.0000000000
62028  -29.148  -7.271  4.327 0.0000000000
62029  -30.304  -7.238  5.067 0.0000000000
62030  -30.799  -7.645  5.232 0.0000000000
62031  -32.818  -7.998  5.153 0.0000000000
62032  -33.545  -7.925  4.917 0.0000000000
62033  -34.386  -7.696  4.493 0.0000000000
62034  -34.982  -7.446  3.997 0.0000000000
62048  -28.425  -7.129  3.605 0.0000000000
62049  -28.833  -6.715  3.850 0.0000000000
62050  -34.815  -7.880  3.531 0.0000000000
62051  -35.228  -7.460  3.278 0.0000000000
62056  -27.534  -7.231  1.898 0.0000000000
62057  -27.827  -7.284  2.775 0.0000000000
62058  -35.099  -7.954  2.920 0.0000000000
62059  -35.548  -7.727  2.445 0.0000000000
62060  -36.132  -7.655  1.750 0.0000000000
62066  -27.472  -7.216  1.150 0.0000000000
62067  -36.808  -7.478  1.448 0.0000000000
62073  -27.466  -7.438  0.305 0.0000000000
62074  -27.781  -7.963  -0.094 0.0000000000
62076  -27.400  -7.516  -0.698 0.0000000000
62077  -28.156  -7.999  -0.752 0.0000000000
62078  -28.858  -8.042  -0.923 0.0000000000
62080  -27.641  -7.574  -1.666 0.0000000000
62081  -28.512  -7.803  -1.639 0.0000000000
62082  -29.443  -7.776  -1.454 0.0000000000
62083  -30.327  -7.654  -1.570 0.0000000000
62084  -30.908  -7.841  -1.787 0.0000000000
62093  -28.133  -7.484  -2.561 0.0000000000
62094  -29.018  -7.503  -2.395 0.0000000000
62095  -29.971  -7.058  -2.351 0.0000000000
62096  -30.886  -7.139  -2.072 0.0000000000
62097  -31.469  -7.630  -2.304 0.0000000000
62098  -32.155  -7.617  -2.709 0.0000000000
62107  -28.690  -7.286  -3.135 0.0000000000
62108  -29.402  -7.107  -3.087 0.0000000000
62109  -29.875  -6.890  -3.031 0.0000000000
62110  -32.870  -7.503  -3.116 0.0000000000
62111  -33.657  -7.459  -3.461 0.0000000000
62112  -34.471  -7.390  -3.808 0.0000000000
62113  -35.040  -7.107  -4.137 0.0000000000
62122  -34.885  -7.699  -4.159 0.0000000000
62123  -35.494  -7.451  -4.376 0.0000000000
62124  -36.124  -7.418  -4.788 0.0000000000
62132  -36.520  -7.426  -5.368 0.0000000000
63304  -30.715  -6.548  5.231 0.0000000000
63305  -31.443  -6.588  5.496 0.0000000000
63306  -32.320  -6.552  5.627 0.0000000000
63307  -33.263  -6.557  5.620 0.0000000000
63308  -34.268  -6.686  5.328 0.0000000000
63309  -35.086  -6.398  4.998 0.0000000000
63310  -35.761  -6.244  4.657 0.0000000000
63330  -29.651  -6.305  4.501 0.0000000000
63331  -30.210  -6.228  4.854 0.0000000000
63332  -34.860  -7.061  4.599 0.0000000000
63333  -35.451  -6.929  4.073 0.0000000000
63334  -36.144  -6.451  3.795 0.0000000000
63347  -28.707  -6.259  3.417 0.0000000000
63348  -29.131  -6.250  3.920 0.0000000000
63349  -35.755  -7.028  3.036 0.0000000000
63350  -36.417  -6.600  2.695 0.0000000000
63351  -36.906  -6.413  2.220 0.0000000000
63356  -27.735  -6.424  2.199 0.0000000000
63357  -28.186  -6.367  2.891 0.0000000000
63358  -35.926  -7.094  2.193 0.0000000000
63359  -36.525  -6.869  1.706 0.0000000000
63360  -37.272  -6.401  1.627 0.0000000000
63364  -27.505  -6.432  1.390 0.0000000000
63365  -37.158  -6.960  1.296 0.0000000000
63372  -27.277  -6.535  0.536 0.0000000000
63379  -26.985  -6.718  -0.425 0.0000000000
63383  -26.902  -6.933  -1.535 0.0000000000
63390  -27.332  -6.975  -2.616 0.0000000000
63391  -30.257  -6.721  -3.056 0.0000000000
63392  -30.818  -6.655  -2.768 0.0000000000
63393  -31.526  -6.878  -2.631 0.0000000000
63394  -31.900  -7.188  -2.640 0.0000000000
63405  -28.056  -6.877  -3.566 0.0000000000
63406  -29.021  -6.994  -3.895 0.0000000000
63407  -29.921  -6.771  -3.700 0.0000000000
63408  -30.738  -6.471  -3.589 0.0000000000
63409  -31.528  -6.489  -3.391 0.0000000000
63410  -32.340  -6.791  -3.196 0.0000000000
63411  -33.361  -6.600  -3.614 0.0000000000
63412  -34.190  -6.547  -3.642 0.0000000000
63413  -35.118  -6.359  -3.838 0.0000000000
63425  -27.909  -6.242  -4.067 0.0000000000
63426  -28.575  -6.285  -4.668 0.0000000000
63427  -29.629  -6.625  -4.732 0.0000000000
63428  -30.572  -6.516  -4.532 0.0000000000
63429  -31.415  -6.342  -4.310 0.0000000000
63430  -32.263  -6.296  -4.145 0.0000000000
63431  -32.914  -6.336  -3.968 0.0000000000
63432  -35.444  -6.782  -4.170 0.0000000000
63443  -28.765  -5.870  -5.401 0.0000000000
63444  -29.336  -6.217  -5.826 0.0000000000
63445  -30.398  -6.406  -5.563 0.0000000000
63446  -31.319  -6.313  -5.304 0.0000000000
63447  -32.075  -6.145  -4.995 0.0000000000
63448  -36.561  -6.897  -4.853 0.0000000000
63465  -31.217  -6.201  -6.326 0.0000000000
63466  -32.205  -5.935  -6.048 0.0000000000
63467  -32.755  -5.642  -6.403 0.0000000000
64665  -31.032  -5.857  5.286 0.0000000000
64666  -31.658  -5.585  5.413 0.0000000000
64667  -32.592  -5.588  5.599 0.0000000000
64668  -33.560  -5.638  5.682 0.0000000000
64669  -34.511  -5.617  5.601 0.0000000000
64670  -35.450  -5.591  5.395 0.0000000000
64671  -36.557  -5.679  4.879 0.0000000000
64672  -37.231  -5.214  5.056 0.0000000000
64687  -29.983  -5.677  4.454 0.0000000000
64688  -30.565  -5.481  4.730 0.0000000000
64689  -31.109  -5.228  5.020 0.0000000000
64690  -36.914  -6.132  3.495 0.0000000000
64691  -37.637  -5.393  4.219 0.0000000000
64692  -38.261  -4.980  4.095 0.0000000000
64700  -29.079  -5.713  3.382 0.0000000000
64701  -29.556  -5.412  3.813 0.0000000000
64702  -30.093  -5.136  4.186 0.0000000000
64703  -36.942  -6.291  2.727 0.0000000000
64704  -37.487  -5.845  2.597 0.0000000000
64705  -38.270  -5.198  3.286 0.0000000000
64710  -28.067  -5.770  2.347 0.0000000000
64711  -28.682  -5.476  2.706 0.0000000000
64712  -29.293  -5.232  3.038 0.0000000000
64713  -37.799  -5.707  1.380 0.0000000000
64714  -38.240  -5.117  2.107 0.0000000000
64718  -27.754  -5.529  1.649 0.0000000000
64719  -28.179  -5.163  2.101 0.0000000000
64725  -27.448  -5.651  0.816 0.0000000000
64731  -27.098  -5.710  -0.120 0.0000000000
64735  -26.883  -5.882  -1.223 0.0000000000
64741  -26.930  -6.040  -2.371 0.0000000000
64758  -27.363  -6.071  -3.509 0.0000000000
64759  -33.947  -5.935  -3.725 0.0000000000
64780  -27.822  -5.584  -4.419 0.0000000000
64781  -28.386  -5.476  -5.149 0.0000000000
64782  -32.939  -6.063  -4.469 0.0000000000
64783  -33.600  -5.645  -4.281 0.0000000000
64803  -28.720  -5.496  -5.945 0.0000000000
64805  -32.621  -6.047  -4.807 0.0000000000
64806  -33.120  -5.679  -5.001 0.0000000000
64826  -32.634  -5.874  -5.357 0.0000000000
64827  -33.121  -5.484  -5.890 0.0000000000
64828  -33.539  -5.123  -6.420 0.0000000000
66085  -31.431  -4.936  5.014 0.0000000000
66086  -31.952  -4.553  5.130 0.0000000000
66087  -32.896  -4.720  5.442 0.0000000000
66088  -33.773  -4.619  5.579 0.0000000000
66089  -34.735  -4.565  5.690 0.0000000000
66090  -35.785  -4.648  5.781 0.0000000000
66091  -36.900  -4.616  5.700 0.0000000000
66092  -37.665  -4.269  5.682 0.0000000000
66106  -30.476  -4.895  4.189 0.0000000000
66107  -31.217  -4.577  4.247 0.0000000000
66108  -31.809  -4.190  4.471 0.0000000000
66109  -37.593  -4.855  5.163 0.0000000000
66110  -38.270  -4.507  4.895 0.0000000000
66111  -38.955  -4.116  4.510 0.0000000000
66119  -29.623  -4.968  3.122 0.0000000000
66120  -30.211  -4.693  3.420 0.0000000000
66121  -31.059  -4.164  3.018 0.0000000000
66122  -38.707  -4.627  3.887 0.0000000000
66123  -39.437  -4.107  3.646 0.0000000000
66128  -28.537  -4.836  2.171 0.0000000000
66129  -29.260  -4.429  2.367 0.0000000000
66130  -30.341  -4.034  2.513 0.0000000000
66131  -30.849  -3.750  2.557 0.0000000000
66132  -38.961  -4.726  2.822 0.0000000000
66138  -27.671  -5.042  1.059 0.0000000000
66139  -28.078  -4.372  1.391 0.0000000000
66140  -28.719  -3.841  1.652 0.0000000000
66146  -27.529  -4.680  0.300 0.0000000000
66147  -27.750  -4.084  0.530 0.0000000000
66153  -27.305  -4.887  -0.916 0.0000000000
66157  -26.996  -5.002  -2.021 0.0000000000
66164  -27.186  -5.164  -3.063 0.0000000000
66180  -27.333  -5.133  -3.933 0.0000000000
66193  -27.620  -4.852  -4.415 0.0000000000
66194  -27.988  -4.842  -4.904 0.0000000000
66195  -33.884  -5.086  -4.530 0.0000000000
66211  -28.336  -4.823  -5.603 0.0000000000
66229  -28.553  -4.785  -6.332 0.0000000000
66230  -33.649  -5.030  -5.988 0.0000000000
67419  -37.372  -3.016  6.306 0.0000000000
67420  -37.618  -3.197  6.278 0.0000000000
67427  -32.533  -4.169  5.079 0.0000000000
67428  -33.049  -3.891  5.180 0.0000000000
67429  -33.947  -3.425  5.213 0.0000000000
67430  -34.985  -3.531  5.628 0.0000000000
67431  -35.989  -3.501  5.913 0.0000000000
67432  -37.135  -3.435  6.168 0.0000000000
67433  -38.154  -3.595  5.997 0.0000000000
67434  -38.903  -3.217  5.695 0.0000000000
67443  -31.788  -4.025  4.122 0.0000000000
67444  -32.329  -3.660  4.354 0.0000000000
67445  -33.139  -3.243  4.617 0.0000000000
67446  -33.601  -2.896  4.563 0.0000000000
67447  -38.785  -3.805  5.218 0.0000000000
67448  -39.503  -3.442  4.790 0.0000000000
67457  -31.741  -3.617  3.485 0.0000000000
67458  -32.181  -3.306  3.635 0.0000000000
67466  -29.708  -3.299  2.287 0.0000000000
67467  -30.520  -3.226  2.420 0.0000000000
67468  -31.265  -3.380  2.625 0.0000000000
67477  -28.439  -3.256  1.122 0.0000000000
67478  -29.048  -3.282  1.748 0.0000000000
67487  -27.657  -3.982  0.115 0.0000000000
67488  -27.853  -3.382  0.224 0.0000000000
67493  -27.579  -3.869  -0.629 0.0000000000
67494  -27.822  -3.051  -0.822 0.0000000000
67497  -27.404  -4.066  -1.752 0.0000000000
67498  -27.731  -3.206  -1.611 0.0000000000
67504  -27.414  -4.267  -2.773 0.0000000000
67505  -27.774  -3.371  -2.569 0.0000000000
67521  -27.435  -4.459  -3.672 0.0000000000
67522  -27.764  -3.603  -3.542 0.0000000000
67543  -27.496  -4.623  -4.145 0.0000000000
67544  -27.778  -4.102  -4.481 0.0000000000
67566  -28.139  -4.243  -5.257 0.0000000000
67588  -28.305  -4.120  -5.974 0.0000000000
68720  -37.571  -2.872  6.319 0.0000000000
68721  -37.821  -2.949  6.309 0.0000000000
68728  -34.509  -2.873  5.161 0.0000000000
68729  -35.118  -2.388  5.239 0.0000000000
68730  -36.211  -2.451  5.831 0.0000000000
68731  -37.254  -2.472  6.182 0.0000000000
68732  -38.278  -2.501  6.175 0.0000000000
68733  -39.369  -2.419  5.692 0.0000000000
68741  -32.784  -3.063  4.145 0.0000000000
68742  -33.242  -2.701  4.032 0.0000000000
68743  -34.151  -2.365  4.216 0.0000000000
68744  -34.798  -1.961  4.447 0.0000000000
68745  -40.041  -2.725  4.942 0.0000000000
68751  -32.152  -3.161  3.265 0.0000000000
68752  -32.585  -2.842  3.465 0.0000000000
68753  -33.439  -2.121  3.038 0.0000000000
68754  -33.961  -2.000  3.241 0.0000000000
68759  -29.928  -2.321  2.313 0.0000000000
68760  -30.923  -2.387  2.443 0.0000000000
68761  -31.963  -2.650  2.740 0.0000000000
68762  -32.824  -2.171  2.615 0.0000000000
68763  -33.327  -1.868  2.354 0.0000000000
68770  -28.815  -2.310  1.164 0.0000000000
68771  -29.344  -2.529  1.830 0.0000000000
68779  -28.339  -2.449  0.331 0.0000000000
68781  -28.118  -2.464  -0.603 0.0000000000
68784  -28.014  -2.474  -1.513 0.0000000000
68787  -28.067  -2.604  -2.363 0.0000000000
68793  -28.355  -2.618  -3.342 0.0000000000
68794  -28.802  -2.106  -3.710 0.0000000000
68806  -28.169  -3.060  -4.334 0.0000000000
68807  -28.720  -2.346  -4.244 0.0000000000
68828  -28.242  -3.413  -5.335 0.0000000000
68829  -28.538  -2.614  -4.971 0.0000000000
68851  -28.409  -3.396  -6.377 0.0000000000
68852  -28.600  -2.582  -5.868 0.0000000000
70031  -35.682  -1.805  5.280 0.0000000000
70032  -36.331  -1.309  5.418 0.0000000000
70033  -37.516  -1.421  5.948 0.0000000000
70034  -38.553  -1.393  6.052 0.0000000000
70035  -39.554  -1.269  5.794 0.0000000000
70043  -34.637  -1.788  4.020 0.0000000000
70044  -35.313  -1.322  4.256 0.0000000000
70045  -35.973  -0.863  4.618 0.0000000000
70052  -33.914  -1.850  2.747 0.0000000000
70053  -34.430  -1.607  3.098 0.0000000000
70054  -35.176  -1.016  2.723 0.0000000000
70061  -30.297  -1.106  2.324 0.0000000000
70062  -31.470  -1.432  2.622 0.0000000000
70063  -32.458  -1.547  2.515 0.0000000000
70064  -33.208  -1.497  2.196 0.0000000000
70065  -33.923  -1.554  1.821 0.0000000000
70066  -34.802  -1.290  1.847 0.0000000000
70067  -35.360  -1.025  1.815 0.0000000000
70074  -28.792  -1.589  0.978 0.0000000000
70075  -29.236  -1.391  1.567 0.0000000000
70076  -34.245  -1.125  0.857 0.0000000000
70077  -34.734  -1.169  0.793 0.0000000000
70078  -35.240  -1.102  1.111 0.0000000000
70083  -28.622  -1.680  0.397 0.0000000000
70084  -28.800  -1.017  0.601 0.0000000000
70085  -35.115  -1.018  0.406 0.0000000000
70086  -35.159  -1.077  0.653 0.0000000000
70088  -28.468  -1.744  -0.466 0.0000000000
70089  -28.760  -1.039  -0.299 0.0000000000
70092  -28.330  -1.792  -1.376 0.0000000000
70093  -28.667  -1.100  -1.204 0.0000000000
70096  -28.322  -1.944  -2.257 0.0000000000
70097  -28.708  -1.251  -2.140 0.0000000000
70106  -28.411  -2.197  -2.793 0.0000000000
70107  -28.893  -1.689  -3.163 0.0000000000
70121  -29.151  -1.817  -4.058 0.0000000000
70137  -29.104  -1.862  -5.019 0.0000000000
71351  -37.038  -0.517  5.437 0.0000000000
71352  -37.816  -0.492  5.797 0.0000000000
71353  -38.737  -0.307  5.986 0.0000000000
71363  -35.952  -0.618  4.065 0.0000000000
71364  -36.451  -0.347  4.614 0.0000000000
71371  -35.768  -0.584  3.216 0.0000000000
71372  -36.401  -0.142  3.539 0.0000000000
71381  -33.541  -0.860  1.656 0.0000000000
71382  -35.771  -0.656  2.171 0.0000000000
71383  -36.307  -0.116  2.492 0.0000000000
71386  -34.013  -0.766  0.949 0.0000000000
71387  -34.558  -0.676  0.358 0.0000000000
71388  -35.691  -0.727  1.320 0.0000000000
71389  -36.163  -0.232  1.487 0.0000000000
71391  -29.070  -0.226  0.875 0.0000000000
71392  -35.060  -0.764  0.035 0.0000000000
71393  -35.507  -0.657  0.536 0.0000000000
71394  -35.974  -0.411  0.905 0.0000000000
71396  -28.812  -0.254  -0.067 0.0000000000
71399  -28.850  -0.365  -0.977 0.0000000000
71404  -28.878  -0.459  -1.875 0.0000000000
71414  -29.221  -0.623  -2.843 0.0000000000
71427  -29.755  -0.867  -4.176 0.0000000000
71428  -30.110  -0.181  -4.667 0.0000000000
71441  -29.777  -1.122  -5.489 0.0000000000
71442  -30.103  -0.472  -5.072 0.0000000000
72604  -37.411  -0.027  5.454 0.0000000000
72605  -37.844  0.602  5.506 0.0000000000
72627  -37.046  0.256  4.979 0.0000000000
72628  -37.322  0.963  4.412 0.0000000000
72641  -36.811  0.430  3.997 0.0000000000
72642  -37.114  0.988  3.462 0.0000000000
72656  -36.856  0.598  2.857 0.0000000000
72657  -37.028  0.938  3.058 0.0000000000
72664  -36.637  0.508  1.693 0.0000000000
72665  -36.925  0.804  1.283 0.0000000000
72669  -35.596  -0.128  -0.225 0.0000000000
72670  -36.329  0.234  0.409 0.0000000000
72671  -36.799  0.592  0.989 0.0000000000
72686  -28.884  0.228  -1.555 0.0000000000
72697  -29.095  0.312  -2.380 0.0000000000
72707  -29.557  0.280  -3.380 0.0000000000
72708  -30.005  0.341  -4.285 0.0000000000
74012  -37.899  1.504  4.693 0.0000000000
74040  -36.947  0.980  2.443 0.0000000000
74041  -37.148  1.208  2.827 0.0000000000
74051  -36.829  0.848  2.213 0.0000000000
74052  -37.076  1.159  1.838 0.0000000000
