#!ascii label  , from subject Broad_82_YZ vox2ras=TkReg
287
113440  -38.512  36.949  -9.635 0.0000000000
113441  -39.045  37.092  -9.698 0.0000000000
113453  -38.169  36.682  -10.487 0.0000000000
113454  -39.206  36.932  -10.329 0.0000000000
113455  -39.787  37.089  -10.571 0.0000000000
114253  -32.668  37.765  -9.056 0.0000000000
114254  -33.713  37.617  -9.020 0.0000000000
114255  -34.766  37.516  -8.996 0.0000000000
114256  -35.796  37.324  -8.881 0.0000000000
114257  -36.862  37.271  -8.805 0.0000000000
114258  -37.968  37.262  -8.802 0.0000000000
114259  -39.116  37.467  -9.174 0.0000000000
114260  -40.250  37.800  -9.104 0.0000000000
114261  -41.312  37.993  -9.012 0.0000000000
114262  -41.894  38.093  -8.968 0.0000000000
114273  -33.346  37.423  -10.000 0.0000000000
114274  -34.396  37.466  -9.982 0.0000000000
114275  -35.452  37.414  -9.898 0.0000000000
114276  -36.477  37.175  -9.770 0.0000000000
114277  -37.501  36.924  -9.648 0.0000000000
114278  -39.324  37.169  -9.787 0.0000000000
114279  -39.930  37.282  -10.048 0.0000000000
114280  -41.011  37.494  -9.872 0.0000000000
114281  -42.112  37.716  -9.601 0.0000000000
114294  -35.070  37.168  -10.857 0.0000000000
114295  -36.095  37.036  -10.759 0.0000000000
114296  -37.124  36.844  -10.628 0.0000000000
114997  -44.041  39.127  -3.897 0.0000000000
114998  -44.335  39.107  -3.955 0.0000000000
115003  -44.007  38.984  -4.241 0.0000000000
115004  -44.788  38.889  -4.428 0.0000000000
115009  -43.974  38.713  -5.101 0.0000000000
115010  -44.881  38.458  -5.341 0.0000000000
115020  -44.088  38.651  -6.176 0.0000000000
115021  -44.997  38.246  -6.417 0.0000000000
115035  -33.236  38.871  -7.878 0.0000000000
115036  -33.697  38.797  -7.869 0.0000000000
115037  -34.559  38.705  -7.773 0.0000000000
115038  -35.548  38.679  -7.692 0.0000000000
115039  -36.598  38.722  -7.675 0.0000000000
115040  -37.694  38.775  -7.650 0.0000000000
115041  -38.828  38.863  -7.673 0.0000000000
115042  -39.942  38.990  -7.766 0.0000000000
115043  -40.951  39.092  -7.879 0.0000000000
115044  -44.252  38.605  -7.418 0.0000000000
115045  -45.324  38.151  -7.327 0.0000000000
115052  -30.144  38.242  -8.592 0.0000000000
115053  -31.046  38.489  -8.456 0.0000000000
115054  -32.031  38.530  -8.410 0.0000000000
115055  -33.119  38.490  -8.265 0.0000000000
115056  -34.174  38.156  -8.334 0.0000000000
115057  -35.169  37.953  -8.211 0.0000000000
115058  -36.215  37.917  -8.160 0.0000000000
115059  -37.293  37.959  -8.163 0.0000000000
115060  -38.419  38.015  -8.189 0.0000000000
115061  -39.536  38.229  -8.322 0.0000000000
115062  -40.658  38.446  -8.382 0.0000000000
115063  -42.004  38.631  -8.394 0.0000000000
115064  -43.191  38.595  -8.589 0.0000000000
115065  -44.091  38.416  -8.446 0.0000000000
115066  -44.954  38.144  -8.170 0.0000000000
115072  -31.692  37.976  -9.162 0.0000000000
115073  -42.182  38.141  -9.003 0.0000000000
115074  -42.730  38.198  -9.144 0.0000000000
115075  -43.691  38.068  -9.150 0.0000000000
115759  -44.103  39.978  -1.643 0.0000000000
115760  -44.753  39.871  -1.477 0.0000000000
115766  -43.203  40.054  -2.376 0.0000000000
115767  -43.747  39.884  -2.178 0.0000000000
115768  -44.860  39.487  -2.637 0.0000000000
115772  -43.044  39.906  -2.919 0.0000000000
115773  -43.838  39.323  -3.548 0.0000000000
115774  -45.042  39.260  -3.702 0.0000000000
115778  -42.750  39.769  -4.109 0.0000000000
115779  -43.420  39.342  -4.713 0.0000000000
115783  -42.732  39.837  -5.366 0.0000000000
115784  -43.383  39.257  -5.815 0.0000000000
115790  -42.968  39.960  -6.452 0.0000000000
115791  -43.472  39.248  -6.872 0.0000000000
115806  -29.440  39.563  -7.676 0.0000000000
115807  -32.810  39.511  -7.762 0.0000000000
115808  -33.152  39.350  -7.746 0.0000000000
115809  -33.939  39.452  -7.622 0.0000000000
115810  -34.852  39.503  -7.489 0.0000000000
115811  -35.860  39.547  -7.399 0.0000000000
115812  -36.926  39.623  -7.380 0.0000000000
115813  -38.058  39.707  -7.427 0.0000000000
115814  -39.234  39.772  -7.437 0.0000000000
115815  -40.422  39.831  -7.515 0.0000000000
115816  -41.701  39.709  -7.625 0.0000000000
115817  -42.834  39.913  -7.447 0.0000000000
115818  -43.443  39.192  -7.639 0.0000000000
115822  -29.541  38.894  -7.921 0.0000000000
115823  -30.235  39.266  -7.909 0.0000000000
115824  -31.255  39.387  -7.984 0.0000000000
115825  -32.434  39.396  -7.850 0.0000000000
115826  -32.958  38.965  -7.826 0.0000000000
115827  -42.395  39.365  -7.902 0.0000000000
115828  -42.949  39.206  -8.131 0.0000000000
115829  -43.626  38.874  -8.103 0.0000000000
116529  -43.020  40.985  -0.374 0.0000000000
116530  -43.519  40.826  -0.068 0.0000000000
116549  -42.960  40.755  -0.876 0.0000000000
116550  -43.845  40.205  -1.304 0.0000000000
116551  -44.479  40.057  -1.126 0.0000000000
116559  -42.867  40.334  -2.025 0.0000000000
116560  -43.475  40.152  -1.838 0.0000000000
116564  -42.533  40.592  -3.406 0.0000000000
116567  -42.534  40.664  -4.725 0.0000000000
116570  -42.920  40.749  -5.913 0.0000000000
116572  -41.229  40.995  -6.689 0.0000000000
116573  -41.759  40.985  -6.765 0.0000000000
116574  -42.801  40.852  -6.836 0.0000000000
116588  -29.654  40.094  -7.717 0.0000000000
116589  -32.828  39.762  -7.763 0.0000000000
116590  -33.262  40.052  -7.656 0.0000000000
116591  -34.103  40.327  -7.636 0.0000000000
116592  -35.100  40.344  -7.452 0.0000000000
116593  -36.084  40.471  -7.343 0.0000000000
116594  -37.202  40.576  -7.301 0.0000000000
116595  -38.433  40.639  -7.211 0.0000000000
116596  -39.698  40.635  -7.187 0.0000000000
116597  -40.983  40.639  -6.919 0.0000000000
116598  -42.177  40.430  -7.193 0.0000000000
116599  -42.664  40.374  -7.176 0.0000000000
116610  -30.281  40.427  -7.987 0.0000000000
116611  -31.431  40.358  -8.156 0.0000000000
116612  -32.461  40.417  -8.034 0.0000000000
116613  -33.232  40.774  -8.024 0.0000000000
116614  -33.862  41.038  -8.000 0.0000000000
117327  -42.752  41.493  -0.285 0.0000000000
117328  -43.092  41.284  0.122 0.0000000000
117344  -42.532  41.392  -1.465 0.0000000000
117351  -42.398  41.421  -2.669 0.0000000000
117359  -42.391  41.570  -3.986 0.0000000000
117363  -42.916  41.567  -5.235 0.0000000000
117366  -43.515  41.528  -6.257 0.0000000000
117367  -43.987  41.961  -6.502 0.0000000000
117370  -39.324  41.908  -6.836 0.0000000000
117371  -39.776  41.828  -6.764 0.0000000000
117372  -40.927  41.495  -6.689 0.0000000000
117373  -42.193  41.759  -6.720 0.0000000000
117374  -43.371  41.962  -6.799 0.0000000000
117383  -34.500  40.928  -7.753 0.0000000000
117384  -35.203  41.153  -7.680 0.0000000000
117385  -36.209  41.451  -7.620 0.0000000000
117386  -37.476  41.537  -7.309 0.0000000000
117387  -38.915  41.677  -7.001 0.0000000000
117388  -40.154  41.194  -6.813 0.0000000000
117389  -40.690  41.071  -6.709 0.0000000000
117403  -30.524  41.299  -8.512 0.0000000000
117404  -31.553  41.195  -8.436 0.0000000000
117405  -32.421  41.288  -8.470 0.0000000000
117406  -33.255  41.442  -8.489 0.0000000000
117407  -34.256  41.497  -8.461 0.0000000000
117408  -35.226  41.725  -8.325 0.0000000000
117409  -35.818  42.105  -8.254 0.0000000000
117422  -30.888  41.726  -8.876 0.0000000000
117423  -31.553  41.871  -8.934 0.0000000000
117424  -32.418  42.019  -8.959 0.0000000000
117425  -33.287  42.073  -9.020 0.0000000000
117426  -33.958  42.084  -9.147 0.0000000000
118135  -39.308  42.242  -6.817 0.0000000000
118136  -40.072  42.525  -6.593 0.0000000000
118137  -41.346  42.602  -6.416 0.0000000000
118138  -42.611  42.699  -6.434 0.0000000000
118139  -43.596  42.753  -6.469 0.0000000000
118145  -36.625  42.226  -7.906 0.0000000000
118146  -37.618  42.526  -7.550 0.0000000000
118147  -38.609  42.713  -7.148 0.0000000000
118148  -39.254  42.871  -6.830 0.0000000000
118157  -30.244  41.986  -8.984 0.0000000000
118158  -34.547  42.111  -8.802 0.0000000000
118159  -35.116  42.375  -8.815 0.0000000000
118160  -35.928  42.684  -8.705 0.0000000000
118161  -36.817  42.861  -8.313 0.0000000000
118175  -30.525  42.318  -9.528 0.0000000000
118176  -31.500  42.433  -9.665 0.0000000000
118177  -32.440  42.509  -9.703 0.0000000000
118178  -33.334  42.503  -9.714 0.0000000000
118179  -34.275  42.473  -9.583 0.0000000000
118180  -35.122  42.795  -9.590 0.0000000000
118181  -35.783  43.063  -9.351 0.0000000000
118195  -30.513  42.797  -10.483 0.0000000000
118196  -31.519  42.830  -10.549 0.0000000000
118197  -32.509  42.880  -10.505 0.0000000000
118198  -33.436  42.829  -10.439 0.0000000000
118199  -34.301  42.864  -10.468 0.0000000000
118200  -34.954  43.077  -10.275 0.0000000000
118216  -32.659  43.175  -11.215 0.0000000000
118217  -33.468  43.158  -11.145 0.0000000000
118218  -34.067  43.167  -11.168 0.0000000000
118987  -42.173  44.257  -5.682 0.0000000000
118988  -42.643  44.135  -5.634 0.0000000000
118994  -39.591  43.294  -6.682 0.0000000000
118995  -40.393  43.482  -6.351 0.0000000000
118996  -41.736  43.867  -5.894 0.0000000000
118997  -43.060  43.420  -6.075 0.0000000000
119003  -37.333  43.060  -8.095 0.0000000000
119004  -37.898  43.351  -7.840 0.0000000000
119005  -38.848  43.602  -7.185 0.0000000000
119008  -36.332  43.142  -8.937 0.0000000000
119009  -37.077  43.444  -8.776 0.0000000000
119010  -37.735  43.924  -8.481 0.0000000000
119013  -35.453  43.152  -9.904 0.0000000000
119014  -36.150  43.397  -9.714 0.0000000000
119015  -36.905  43.802  -9.767 0.0000000000
119020  -34.598  43.206  -10.805 0.0000000000
119021  -35.297  43.376  -10.643 0.0000000000
119022  -36.202  43.763  -10.690 0.0000000000
119023  -36.930  44.100  -10.431 0.0000000000
119036  -33.505  43.357  -11.825 0.0000000000
119037  -34.406  43.414  -11.577 0.0000000000
119038  -35.301  43.677  -11.584 0.0000000000
119039  -36.090  43.973  -11.671 0.0000000000
119052  -33.587  43.480  -12.574 0.0000000000
119053  -34.467  43.626  -12.504 0.0000000000
119054  -35.334  43.866  -12.503 0.0000000000
119055  -36.175  44.136  -12.529 0.0000000000
119068  -34.532  43.749  -13.403 0.0000000000
119069  -35.433  44.004  -13.397 0.0000000000
119070  -36.364  44.235  -13.399 0.0000000000
119071  -39.001  43.988  -14.090 0.0000000000
119072  -39.433  43.864  -14.117 0.0000000000
119091  -35.631  43.987  -14.299 0.0000000000
119092  -36.713  44.262  -14.322 0.0000000000
119093  -37.650  44.186  -14.620 0.0000000000
119094  -38.694  43.986  -14.527 0.0000000000
119113  -36.817  43.883  -15.317 0.0000000000
119114  -37.797  43.785  -15.426 0.0000000000
119824  -42.170  44.844  -5.447 0.0000000000
119836  -39.566  44.000  -6.751 0.0000000000
119837  -40.322  44.729  -6.566 0.0000000000
119838  -41.255  45.271  -5.950 0.0000000000
119841  -38.265  44.104  -7.922 0.0000000000
119842  -39.154  44.728  -7.642 0.0000000000
119843  -39.980  45.521  -7.390 0.0000000000
119845  -37.466  44.008  -9.140 0.0000000000
119846  -38.135  44.639  -8.876 0.0000000000
119847  -38.975  45.259  -8.673 0.0000000000
119849  -37.502  44.261  -9.863 0.0000000000
119850  -38.149  44.706  -10.145 0.0000000000
119852  -36.686  44.124  -11.062 0.0000000000
119853  -37.400  44.433  -10.863 0.0000000000
119854  -38.219  44.746  -11.126 0.0000000000
119856  -36.832  44.259  -11.732 0.0000000000
119857  -37.645  44.457  -11.803 0.0000000000
119858  -38.467  44.736  -11.986 0.0000000000
119859  -39.132  44.819  -12.288 0.0000000000
119860  -39.905  44.831  -12.274 0.0000000000
119861  -40.782  44.745  -12.165 0.0000000000
119862  -41.646  44.761  -12.220 0.0000000000
119868  -37.022  44.328  -12.562 0.0000000000
119869  -37.856  44.513  -12.640 0.0000000000
119870  -38.659  44.583  -12.815 0.0000000000
119871  -39.486  44.477  -12.873 0.0000000000
119872  -40.370  44.329  -12.755 0.0000000000
119873  -41.319  44.311  -12.731 0.0000000000
119888  -37.269  44.374  -13.361 0.0000000000
119889  -38.097  44.464  -13.408 0.0000000000
119890  -38.914  44.219  -13.702 0.0000000000
119891  -39.904  44.054  -13.449 0.0000000000
119892  -40.861  43.874  -13.332 0.0000000000
119909  -37.597  44.335  -13.944 0.0000000000
119910  -38.269  44.261  -14.045 0.0000000000
119911  -38.625  44.150  -14.079 0.0000000000
120641  -40.807  46.029  -6.865 0.0000000000
120650  -39.656  45.610  -8.258 0.0000000000
120651  -40.399  46.137  -7.954 0.0000000000
120654  -38.788  45.246  -9.590 0.0000000000
120655  -39.526  45.660  -9.199 0.0000000000
120656  -40.228  46.055  -8.888 0.0000000000
120659  -38.785  45.200  -10.595 0.0000000000
120660  -39.549  45.540  -10.139 0.0000000000
120661  -40.217  45.882  -9.745 0.0000000000
120664  -38.846  45.081  -11.413 0.0000000000
120665  -39.539  45.377  -11.064 0.0000000000
120666  -40.571  45.666  -10.719 0.0000000000
120667  -41.775  45.781  -11.150 0.0000000000
120671  -38.926  44.992  -11.892 0.0000000000
120672  -39.411  45.120  -11.792 0.0000000000
120673  -40.238  45.307  -11.677 0.0000000000
120674  -41.243  45.266  -11.662 0.0000000000
121446  -40.990  46.533  -8.721 0.0000000000
121452  -40.830  46.257  -9.553 0.0000000000
121461  -40.731  45.976  -10.059 0.0000000000
121462  -41.358  46.112  -10.293 0.0000000000
