#!ascii label  , from subject Broad_82_YZ vox2ras=TkReg
1722
87873  -31.198  12.839  -52.431 0.0000000000
87881  -30.846  12.728  -52.527 0.0000000000
87898  -30.507  12.354  -52.866 0.0000000000
89122  -31.172  12.967  -52.168 0.0000000000
89139  -29.625  12.445  -53.401 0.0000000000
89140  -30.382  12.351  -53.700 0.0000000000
89141  -31.200  12.588  -53.663 0.0000000000
89146  -29.404  12.808  -54.416 0.0000000000
89147  -30.073  12.587  -54.441 0.0000000000
89148  -30.777  12.475  -54.196 0.0000000000
89152  -29.530  12.992  -54.835 0.0000000000
89153  -29.689  12.845  -54.697 0.0000000000
90321  -31.950  13.515  -51.394 0.0000000000
90325  -31.442  13.567  -51.863 0.0000000000
90331  -29.874  13.397  -52.948 0.0000000000
90332  -30.583  13.879  -52.834 0.0000000000
90333  -31.318  12.815  -54.258 0.0000000000
90334  -31.800  13.233  -53.964 0.0000000000
90337  -29.448  13.446  -54.090 0.0000000000
90338  -30.400  12.957  -54.872 0.0000000000
90339  -30.894  12.952  -54.656 0.0000000000
90340  -31.715  13.422  -54.650 0.0000000000
90341  -32.209  13.487  -54.307 0.0000000000
90342  -29.552  13.488  -54.851 0.0000000000
90343  -29.942  13.232  -55.109 0.0000000000
90344  -30.719  13.472  -55.029 0.0000000000
90345  -31.225  13.470  -54.908 0.0000000000
91472  -32.369  14.311  -51.199 0.0000000000
91473  -32.736  14.058  -50.486 0.0000000000
91476  -31.284  13.898  -52.328 0.0000000000
91477  -31.690  14.176  -51.877 0.0000000000
91480  -30.732  14.134  -52.958 0.0000000000
91481  -31.237  14.250  -52.758 0.0000000000
91482  -31.801  14.709  -52.289 0.0000000000
91485  -44.365  14.696  -53.333 0.0000000000
91486  -44.871  14.648  -53.349 0.0000000000
91487  -45.444  14.788  -53.442 0.0000000000
91488  -45.828  14.937  -53.574 0.0000000000
91489  -29.948  14.002  -53.342 0.0000000000
91490  -30.444  14.349  -53.281 0.0000000000
91491  -31.076  14.618  -53.238 0.0000000000
91494  -44.345  14.594  -53.802 0.0000000000
91495  -44.889  14.531  -53.909 0.0000000000
91496  -45.287  14.750  -54.007 0.0000000000
91497  -45.688  15.034  -53.832 0.0000000000
91498  -29.916  14.249  -54.001 0.0000000000
91499  -30.253  14.649  -53.890 0.0000000000
91500  -32.010  13.658  -55.023 0.0000000000
91501  -32.647  13.728  -54.849 0.0000000000
91502  -33.572  14.536  -55.214 0.0000000000
91503  -42.085  14.752  -55.854 0.0000000000
91504  -42.240  14.753  -56.149 0.0000000000
91505  -44.516  14.607  -54.223 0.0000000000
91506  -44.813  14.621  -54.278 0.0000000000
91507  -44.992  14.660  -54.273 0.0000000000
91508  -29.271  14.784  -55.637 0.0000000000
91509  -29.610  14.491  -55.222 0.0000000000
91510  -29.820  14.241  -55.391 0.0000000000
91511  -30.396  14.166  -55.506 0.0000000000
91512  -31.544  14.044  -55.416 0.0000000000
91513  -32.673  14.683  -55.822 0.0000000000
91514  -33.316  15.039  -55.654 0.0000000000
91515  -41.293  14.773  -56.250 0.0000000000
91516  -41.653  14.741  -56.168 0.0000000000
91517  -42.057  14.841  -56.522 0.0000000000
91518  -29.136  14.829  -55.838 0.0000000000
91519  -29.263  14.707  -56.012 0.0000000000
91520  -29.751  14.596  -56.302 0.0000000000
91521  -30.648  14.695  -56.483 0.0000000000
91522  -31.725  14.889  -56.674 0.0000000000
91523  -32.461  15.345  -56.489 0.0000000000
91524  -34.994  14.553  -56.949 0.0000000000
91525  -35.243  14.644  -57.034 0.0000000000
91526  -35.538  14.832  -57.100 0.0000000000
91527  -41.202  14.850  -56.482 0.0000000000
91528  -41.462  14.758  -56.703 0.0000000000
91529  -41.961  15.177  -56.678 0.0000000000
91530  -34.894  14.727  -57.136 0.0000000000
91531  -35.217  14.903  -57.273 0.0000000000
91532  -35.590  15.055  -57.254 0.0000000000
92695  -33.393  14.928  -49.518 0.0000000000
92696  -33.825  15.824  -49.216 0.0000000000
92699  -32.344  14.705  -51.409 0.0000000000
92700  -32.843  15.227  -50.770 0.0000000000
92703  -45.724  15.565  -51.396 0.0000000000
92704  -46.120  15.461  -51.408 0.0000000000
92705  -46.809  15.355  -51.451 0.0000000000
92706  -32.310  15.161  -51.796 0.0000000000
92707  -33.005  15.874  -51.457 0.0000000000
92711  -41.661  15.994  -52.131 0.0000000000
92712  -42.089  15.821  -52.190 0.0000000000
92713  -43.055  15.550  -52.288 0.0000000000
92714  -44.124  15.452  -52.204 0.0000000000
92715  -45.317  15.478  -51.824 0.0000000000
92716  -46.243  15.233  -52.063 0.0000000000
92717  -47.026  15.351  -52.097 0.0000000000
92718  -31.395  14.806  -53.142 0.0000000000
92719  -31.945  15.253  -52.810 0.0000000000
92723  -40.782  16.196  -52.818 0.0000000000
92724  -41.334  15.980  -52.617 0.0000000000
92725  -42.421  15.555  -53.137 0.0000000000
92726  -43.648  14.967  -53.298 0.0000000000
92727  -44.631  14.915  -52.770 0.0000000000
92728  -45.507  14.904  -52.714 0.0000000000
92729  -46.305  14.979  -52.913 0.0000000000
92730  -46.971  15.518  -52.844 0.0000000000
92731  -30.518  14.844  -53.826 0.0000000000
92732  -31.152  15.226  -53.651 0.0000000000
92733  -31.982  15.908  -53.490 0.0000000000
92735  -35.184  15.926  -53.424 0.0000000000
92736  -39.993  16.162  -53.734 0.0000000000
92737  -40.487  16.048  -53.432 0.0000000000
92738  -41.600  15.576  -53.970 0.0000000000
92739  -42.689  15.439  -54.320 0.0000000000
92740  -43.835  14.842  -54.447 0.0000000000
92741  -44.650  15.140  -54.422 0.0000000000
92742  -45.377  15.157  -54.117 0.0000000000
92743  -46.207  15.405  -53.463 0.0000000000
92744  -46.890  15.775  -53.223 0.0000000000
92745  -29.871  14.749  -54.838 0.0000000000
92746  -30.353  15.147  -54.574 0.0000000000
92747  -31.066  15.858  -54.516 0.0000000000
92748  -34.220  15.162  -54.577 0.0000000000
92749  -39.963  15.965  -54.244 0.0000000000
92750  -40.767  15.488  -54.770 0.0000000000
92751  -41.750  14.908  -55.329 0.0000000000
92752  -42.701  14.916  -55.468 0.0000000000
92753  -44.581  14.771  -54.402 0.0000000000
92754  -44.909  14.805  -54.388 0.0000000000
92755  -45.129  14.793  -54.244 0.0000000000
92756  -29.081  15.022  -55.695 0.0000000000
92757  -29.543  15.276  -55.405 0.0000000000
92758  -29.984  15.845  -55.473 0.0000000000
92759  -33.103  15.438  -55.996 0.0000000000
92760  -33.848  15.461  -55.443 0.0000000000
92761  -39.844  15.525  -55.272 0.0000000000
92762  -40.876  14.814  -55.965 0.0000000000
92763  -41.469  14.756  -55.917 0.0000000000
92764  -42.361  15.213  -56.292 0.0000000000
92765  -28.897  15.271  -56.272 0.0000000000
92766  -29.086  15.144  -56.745 0.0000000000
92767  -29.915  15.412  -56.953 0.0000000000
92768  -30.696  15.872  -57.085 0.0000000000
92769  -31.748  15.904  -56.802 0.0000000000
92770  -32.595  16.019  -56.404 0.0000000000
92771  -35.010  15.021  -56.714 0.0000000000
92772  -35.494  15.029  -56.783 0.0000000000
92773  -35.916  15.025  -57.070 0.0000000000
92774  -39.861  15.456  -56.170 0.0000000000
92775  -40.732  15.389  -56.577 0.0000000000
92776  -41.449  15.563  -56.689 0.0000000000
92777  -41.916  15.590  -56.540 0.0000000000
92778  -28.864  15.705  -56.791 0.0000000000
92779  -29.180  15.887  -57.116 0.0000000000
92780  -29.829  16.217  -57.187 0.0000000000
92781  -30.211  16.485  -57.275 0.0000000000
92782  -34.725  15.168  -56.703 0.0000000000
92783  -35.219  15.438  -57.195 0.0000000000
92784  -35.715  15.339  -57.172 0.0000000000
94008  -46.383  16.412  -48.534 0.0000000000
94016  -34.196  16.434  -48.647 0.0000000000
94020  -45.401  16.434  -49.575 0.0000000000
94021  -46.327  16.206  -49.392 0.0000000000
94022  -47.175  16.013  -49.103 0.0000000000
94027  -33.560  15.959  -49.971 0.0000000000
94028  -34.076  16.555  -49.558 0.0000000000
94032  -45.194  16.341  -50.333 0.0000000000
94033  -46.076  16.031  -50.187 0.0000000000
94034  -46.993  15.786  -50.038 0.0000000000
94035  -47.537  16.362  -49.840 0.0000000000
94036  -33.588  16.473  -50.772 0.0000000000
94037  -33.903  16.556  -50.149 0.0000000000
94042  -42.266  16.687  -50.790 0.0000000000
94043  -43.211  16.479  -50.850 0.0000000000
94044  -44.068  16.316  -50.904 0.0000000000
94045  -44.830  16.136  -50.887 0.0000000000
94046  -45.651  15.817  -51.008 0.0000000000
94047  -46.595  15.656  -50.842 0.0000000000
94048  -47.326  16.014  -51.100 0.0000000000
94049  -32.751  15.954  -52.235 0.0000000000
94050  -33.459  16.525  -51.761 0.0000000000
94051  -36.842  16.577  -51.970 0.0000000000
94052  -37.779  16.843  -51.788 0.0000000000
94053  -38.736  16.745  -51.616 0.0000000000
94054  -39.709  16.699  -51.439 0.0000000000
94055  -40.663  16.597  -51.374 0.0000000000
94056  -41.603  16.285  -51.642 0.0000000000
94057  -42.626  16.145  -51.553 0.0000000000
94058  -43.591  15.998  -51.548 0.0000000000
94059  -44.498  15.874  -51.426 0.0000000000
94060  -45.079  15.828  -51.269 0.0000000000
94061  -47.399  16.052  -52.224 0.0000000000
94062  -32.558  16.202  -53.027 0.0000000000
94063  -33.206  16.644  -52.648 0.0000000000
94064  -35.742  16.410  -53.039 0.0000000000
94065  -36.535  16.905  -52.851 0.0000000000
94066  -37.547  16.981  -52.775 0.0000000000
94067  -38.575  16.771  -52.616 0.0000000000
94068  -39.503  16.622  -52.407 0.0000000000
94069  -40.456  16.428  -52.383 0.0000000000
94070  -41.020  16.341  -52.001 0.0000000000
94071  -46.173  16.586  -53.341 0.0000000000
94072  -46.862  16.443  -53.041 0.0000000000
94073  -47.286  16.042  -52.938 0.0000000000
94074  -31.685  16.183  -54.142 0.0000000000
94075  -32.472  16.698  -53.837 0.0000000000
94076  -32.925  16.724  -53.217 0.0000000000
94077  -34.760  16.053  -54.157 0.0000000000
94078  -35.488  16.704  -53.894 0.0000000000
94079  -36.167  17.013  -53.611 0.0000000000
94080  -37.165  17.182  -53.931 0.0000000000
94081  -38.343  16.716  -53.695 0.0000000000
94082  -39.511  16.405  -53.463 0.0000000000
94083  -40.017  16.494  -52.948 0.0000000000
94084  -42.074  16.279  -54.732 0.0000000000
94085  -42.886  15.580  -54.334 0.0000000000
94086  -44.129  15.591  -54.043 0.0000000000
94087  -45.037  15.750  -54.025 0.0000000000
94088  -45.862  15.877  -53.762 0.0000000000
94089  -46.591  16.017  -53.445 0.0000000000
94090  -47.006  16.059  -53.231 0.0000000000
94091  -30.659  16.118  -55.227 0.0000000000
94092  -31.442  16.631  -55.012 0.0000000000
94093  -31.973  16.702  -54.465 0.0000000000
94094  -34.718  15.893  -55.059 0.0000000000
94095  -35.602  16.492  -54.796 0.0000000000
94096  -36.433  16.818  -55.087 0.0000000000
94097  -37.195  16.935  -55.014 0.0000000000
94098  -38.151  16.797  -54.798 0.0000000000
94099  -39.139  16.276  -54.564 0.0000000000
94100  -41.927  16.361  -55.735 0.0000000000
94101  -42.438  15.673  -55.555 0.0000000000
94102  -29.058  15.533  -55.944 0.0000000000
94103  -29.302  16.146  -55.916 0.0000000000
94104  -30.184  16.649  -56.021 0.0000000000
94105  -30.805  16.725  -55.475 0.0000000000
94106  -33.530  15.992  -55.943 0.0000000000
94107  -34.430  16.029  -55.679 0.0000000000
94108  -35.165  16.554  -55.640 0.0000000000
94109  -36.011  16.821  -55.577 0.0000000000
94110  -36.869  16.951  -55.729 0.0000000000
94111  -37.837  16.858  -55.635 0.0000000000
94112  -38.998  16.328  -55.626 0.0000000000
94113  -41.719  16.407  -56.256 0.0000000000
94114  -42.083  15.884  -56.295 0.0000000000
94115  -28.917  15.967  -56.482 0.0000000000
94116  -29.481  16.686  -56.713 0.0000000000
94117  -29.944  17.078  -56.596 0.0000000000
94118  -31.128  16.572  -57.148 0.0000000000
94119  -31.802  16.698  -56.701 0.0000000000
94120  -32.858  16.659  -56.262 0.0000000000
94121  -34.344  16.202  -55.723 0.0000000000
94122  -34.970  16.078  -56.404 0.0000000000
94123  -35.988  15.409  -56.796 0.0000000000
94124  -37.471  17.020  -56.072 0.0000000000
94125  -38.323  16.907  -56.098 0.0000000000
94126  -39.559  16.394  -56.369 0.0000000000
94127  -40.650  16.328  -56.694 0.0000000000
94128  -41.530  16.172  -56.532 0.0000000000
94129  -41.975  16.056  -56.428 0.0000000000
94130  -29.024  16.213  -56.928 0.0000000000
94131  -29.457  16.632  -57.129 0.0000000000
94132  -29.943  16.819  -57.336 0.0000000000
94133  -30.475  16.847  -57.344 0.0000000000
94134  -34.834  15.938  -56.573 0.0000000000
94135  -35.423  15.760  -56.608 0.0000000000
94136  -36.209  15.431  -57.054 0.0000000000
95334  -45.629  16.528  -48.902 0.0000000000
95339  -34.417  17.359  -49.054 0.0000000000
95345  -44.541  16.691  -49.837 0.0000000000
95346  -47.945  17.048  -49.455 0.0000000000
95347  -33.994  16.944  -50.754 0.0000000000
95348  -34.241  17.282  -50.266 0.0000000000
95353  -43.836  16.752  -50.298 0.0000000000
95354  -44.486  16.473  -50.438 0.0000000000
95355  -47.683  17.149  -50.557 0.0000000000
95356  -33.967  17.171  -51.196 0.0000000000
95357  -34.235  17.912  -50.954 0.0000000000
95358  -40.385  18.198  -52.149 0.0000000000
95359  -40.744  18.107  -52.109 0.0000000000
95360  -41.460  17.964  -52.101 0.0000000000
95361  -46.948  17.583  -52.158 0.0000000000
95362  -47.306  17.272  -51.783 0.0000000000
95363  -33.730  17.335  -52.172 0.0000000000
95364  -39.938  18.237  -52.703 0.0000000000
95365  -40.249  18.130  -52.539 0.0000000000
95366  -41.000  17.618  -52.715 0.0000000000
95367  -42.090  17.422  -52.652 0.0000000000
95368  -43.172  17.330  -53.022 0.0000000000
95369  -44.212  17.394  -53.214 0.0000000000
95370  -45.375  17.266  -53.123 0.0000000000
95371  -46.550  17.366  -52.563 0.0000000000
95372  -47.158  16.608  -52.515 0.0000000000
95373  -32.717  17.344  -54.025 0.0000000000
95374  -33.309  17.421  -53.339 0.0000000000
95375  -35.693  16.873  -54.050 0.0000000000
95376  -35.908  17.000  -54.086 0.0000000000
95377  -36.406  17.093  -54.141 0.0000000000
95378  -39.952  18.153  -52.999 0.0000000000
95379  -40.378  17.836  -53.521 0.0000000000
95380  -41.373  17.109  -53.844 0.0000000000
95381  -42.492  16.504  -53.567 0.0000000000
95382  -43.599  16.383  -53.567 0.0000000000
95383  -44.646  16.459  -53.661 0.0000000000
95384  -45.452  16.398  -53.652 0.0000000000
95385  -31.561  17.132  -55.184 0.0000000000
95386  -32.104  17.391  -54.779 0.0000000000
95387  -35.752  16.820  -54.288 0.0000000000
95388  -36.131  16.892  -54.510 0.0000000000
95389  -36.674  16.996  -54.557 0.0000000000
95390  -39.933  17.740  -54.926 0.0000000000
95391  -40.335  17.590  -54.677 0.0000000000
95392  -41.270  16.883  -55.157 0.0000000000
95393  -30.367  17.273  -56.417 0.0000000000
95394  -31.046  17.402  -55.643 0.0000000000
95395  -31.746  18.191  -55.453 0.0000000000
95396  -35.666  16.910  -55.849 0.0000000000
95397  -36.227  16.992  -55.943 0.0000000000
95398  -36.917  17.176  -56.072 0.0000000000
95399  -40.043  17.750  -55.234 0.0000000000
95400  -40.620  17.514  -55.671 0.0000000000
95401  -41.378  16.966  -56.003 0.0000000000
95402  -29.561  17.085  -57.092 0.0000000000
95403  -30.077  17.454  -56.913 0.0000000000
95404  -30.863  17.415  -57.114 0.0000000000
95405  -31.943  17.552  -56.620 0.0000000000
95406  -33.129  17.425  -56.217 0.0000000000
95407  -34.418  16.964  -55.934 0.0000000000
95408  -35.246  16.717  -55.838 0.0000000000
95409  -36.509  17.326  -56.030 0.0000000000
95410  -37.500  17.430  -56.333 0.0000000000
95411  -38.655  17.480  -56.309 0.0000000000
95412  -39.728  17.380  -56.387 0.0000000000
95413  -40.723  17.299  -56.371 0.0000000000
95414  -41.386  16.695  -56.361 0.0000000000
95415  -29.789  17.133  -57.284 0.0000000000
95416  -30.205  17.209  -57.297 0.0000000000
95417  -30.451  17.199  -57.314 0.0000000000
95418  -35.154  16.360  -56.500 0.0000000000
95419  -35.510  16.344  -56.432 0.0000000000
96469  -34.661  18.245  -48.406 0.0000000000
96472  -34.546  18.342  -49.410 0.0000000000
96474  -47.563  18.221  -50.008 0.0000000000
96475  -34.368  18.526  -50.361 0.0000000000
96476  -39.395  19.105  -51.134 0.0000000000
96477  -39.803  18.875  -51.074 0.0000000000
96478  -40.547  18.817  -51.066 0.0000000000
96479  -47.626  18.329  -51.040 0.0000000000
96480  -34.018  17.925  -51.593 0.0000000000
96481  -34.186  18.717  -51.284 0.0000000000
96482  -38.705  19.342  -51.899 0.0000000000
96483  -39.250  18.943  -51.660 0.0000000000
96484  -40.167  18.363  -51.830 0.0000000000
96485  -41.211  18.517  -51.477 0.0000000000
96486  -42.260  18.373  -51.802 0.0000000000
96487  -43.264  18.673  -51.908 0.0000000000
96488  -44.056  18.825  -52.081 0.0000000000
96489  -46.775  18.123  -52.054 0.0000000000
96490  -47.143  18.486  -51.595 0.0000000000
96491  -33.934  18.508  -52.388 0.0000000000
96492  -34.142  19.081  -51.780 0.0000000000
96493  -38.766  19.131  -52.494 0.0000000000
96494  -39.606  18.425  -52.610 0.0000000000
96495  -40.002  18.288  -52.314 0.0000000000
96496  -42.913  17.969  -52.357 0.0000000000
96497  -43.732  18.105  -52.536 0.0000000000
96498  -44.752  18.320  -52.560 0.0000000000
96499  -45.732  18.173  -52.550 0.0000000000
96500  -46.296  18.235  -52.311 0.0000000000
96501  -32.811  17.914  -54.099 0.0000000000
96502  -33.419  18.680  -53.728 0.0000000000
96503  -38.911  18.913  -53.434 0.0000000000
96504  -39.686  18.354  -53.704 0.0000000000
96505  -40.002  17.962  -54.257 0.0000000000
96506  -32.519  18.716  -54.743 0.0000000000
96507  -33.108  19.198  -54.239 0.0000000000
96508  -39.110  18.787  -54.256 0.0000000000
96509  -39.580  18.135  -54.844 0.0000000000
96510  -39.954  17.863  -54.578 0.0000000000
96511  -30.690  17.690  -56.427 0.0000000000
96512  -31.145  18.481  -56.160 0.0000000000
96513  -31.764  18.945  -55.576 0.0000000000
96514  -33.669  19.295  -55.774 0.0000000000
96515  -34.283  18.955  -55.561 0.0000000000
96516  -35.289  18.719  -55.546 0.0000000000
96517  -36.117  18.706  -55.737 0.0000000000
96518  -39.939  18.159  -55.697 0.0000000000
96519  -40.324  17.867  -56.036 0.0000000000
96520  -30.849  17.807  -56.640 0.0000000000
96521  -31.297  18.457  -56.602 0.0000000000
96522  -32.072  18.610  -56.661 0.0000000000
96523  -33.370  18.600  -56.026 0.0000000000
96524  -34.767  17.947  -55.877 0.0000000000
96525  -35.843  17.882  -55.860 0.0000000000
96526  -36.850  18.305  -56.180 0.0000000000
96527  -37.917  18.414  -56.454 0.0000000000
96528  -38.883  18.506  -56.312 0.0000000000
96529  -39.775  18.482  -56.151 0.0000000000
96530  -40.244  17.778  -56.224 0.0000000000
97473  -34.698  18.986  -47.828 0.0000000000
97479  -34.638  19.247  -48.658 0.0000000000
97485  -34.537  19.400  -49.665 0.0000000000
97486  -38.747  20.115  -49.997 0.0000000000
97487  -39.151  19.933  -49.948 0.0000000000
97488  -39.897  19.753  -49.879 0.0000000000
97489  -40.800  19.757  -49.861 0.0000000000
97490  -41.670  19.971  -49.950 0.0000000000
97492  -47.369  19.458  -49.892 0.0000000000
97493  -34.304  19.491  -50.578 0.0000000000
97494  -38.735  19.874  -50.444 0.0000000000
97495  -39.374  19.416  -50.659 0.0000000000
97496  -40.281  19.276  -50.501 0.0000000000
97497  -41.275  19.286  -50.628 0.0000000000
97498  -42.378  19.730  -50.496 0.0000000000
97499  -43.208  19.801  -50.766 0.0000000000
97500  -47.571  19.422  -50.656 0.0000000000
97501  -34.146  19.581  -51.362 0.0000000000
97502  -38.675  19.558  -51.267 0.0000000000
97503  -39.158  19.229  -51.165 0.0000000000
97504  -41.993  19.025  -51.126 0.0000000000
97505  -42.817  19.192  -51.250 0.0000000000
97506  -43.760  19.519  -51.422 0.0000000000
97507  -44.728  19.430  -51.914 0.0000000000
97508  -45.666  19.669  -52.028 0.0000000000
97509  -46.562  19.312  -51.831 0.0000000000
97510  -47.257  19.451  -51.290 0.0000000000
97511  -33.774  19.524  -52.937 0.0000000000
97512  -34.037  19.523  -52.093 0.0000000000
97513  -37.836  20.270  -52.486 0.0000000000
97514  -38.197  19.810  -52.200 0.0000000000
97515  -45.391  18.949  -52.396 0.0000000000
97516  -46.062  18.884  -52.351 0.0000000000
97517  -46.419  18.643  -52.127 0.0000000000
97518  -33.429  19.706  -53.839 0.0000000000
97519  -37.904  20.121  -52.815 0.0000000000
97520  -38.223  19.706  -53.217 0.0000000000
97521  -32.245  19.657  -55.424 0.0000000000
97522  -32.936  19.721  -54.630 0.0000000000
97523  -38.552  19.593  -54.316 0.0000000000
97524  -39.012  19.120  -54.946 0.0000000000
97525  -30.924  19.531  -56.660 0.0000000000
97526  -31.317  19.620  -55.950 0.0000000000
97527  -34.072  19.828  -55.688 0.0000000000
97528  -34.898  19.627  -55.458 0.0000000000
97529  -35.805  19.496  -55.535 0.0000000000
97530  -36.628  19.364  -55.861 0.0000000000
97531  -38.841  19.898  -55.217 0.0000000000
97532  -39.465  19.503  -55.705 0.0000000000
97533  -30.636  20.341  -57.736 0.0000000000
97534  -31.000  19.723  -57.379 0.0000000000
97535  -32.110  19.955  -56.943 0.0000000000
97536  -33.295  19.885  -56.191 0.0000000000
97537  -37.424  19.377  -56.246 0.0000000000
97538  -38.251  19.590  -56.490 0.0000000000
97539  -38.986  19.764  -56.503 0.0000000000
97540  -39.306  20.002  -56.276 0.0000000000
97541  -30.796  20.367  -57.829 0.0000000000
97542  -31.290  20.341  -57.721 0.0000000000
97543  -31.713  20.515  -57.607 0.0000000000
98418  -33.985  20.905  -47.000 0.0000000000
98425  -33.912  20.928  -48.077 0.0000000000
98426  -34.402  19.974  -47.699 0.0000000000
98427  -40.143  21.031  -47.894 0.0000000000
98428  -40.908  21.154  -47.755 0.0000000000
98429  -41.381  21.390  -47.804 0.0000000000
98435  -34.056  21.063  -48.649 0.0000000000
98436  -34.382  20.425  -48.926 0.0000000000
98437  -38.361  20.852  -48.931 0.0000000000
98438  -38.977  20.653  -48.778 0.0000000000
98439  -39.695  20.631  -48.448 0.0000000000
98440  -40.698  20.625  -48.389 0.0000000000
98441  -41.682  21.061  -48.379 0.0000000000
98442  -42.293  21.300  -48.762 0.0000000000
98445  -25.054  20.590  -50.266 0.0000000000
98449  -34.392  20.283  -50.003 0.0000000000
98450  -38.051  20.797  -49.526 0.0000000000
98451  -38.724  20.382  -49.494 0.0000000000
98452  -39.452  20.190  -49.250 0.0000000000
98453  -40.319  20.080  -49.094 0.0000000000
98454  -41.314  20.316  -49.171 0.0000000000
98455  -42.548  20.780  -49.605 0.0000000000
98456  -43.437  21.106  -49.859 0.0000000000
98459  -25.162  21.249  -50.713 0.0000000000
98460  -25.567  21.113  -50.774 0.0000000000
98461  -26.156  21.015  -50.731 0.0000000000
98462  -33.890  20.951  -51.361 0.0000000000
98463  -34.115  20.398  -50.814 0.0000000000
98464  -37.879  20.690  -50.334 0.0000000000
98465  -38.401  20.338  -50.103 0.0000000000
98466  -43.003  20.228  -50.362 0.0000000000
98467  -43.814  20.660  -50.679 0.0000000000
98468  -44.558  21.169  -51.056 0.0000000000
98469  -47.452  20.466  -50.395 0.0000000000
98470  -33.763  20.883  -52.155 0.0000000000
98471  -33.996  20.257  -51.687 0.0000000000
98472  -37.788  20.597  -51.130 0.0000000000
98473  -38.248  20.177  -50.791 0.0000000000
98474  -44.313  20.093  -51.438 0.0000000000
98475  -45.001  20.644  -51.522 0.0000000000
98476  -46.142  20.643  -51.853 0.0000000000
98477  -46.951  20.559  -51.582 0.0000000000
98478  -47.472  20.537  -51.084 0.0000000000
98479  -33.481  20.548  -53.103 0.0000000000
98480  -33.831  20.153  -52.385 0.0000000000
98481  -37.728  20.514  -51.991 0.0000000000
98482  -38.095  20.103  -51.473 0.0000000000
98483  -33.221  20.566  -54.204 0.0000000000
98484  -37.689  20.709  -52.949 0.0000000000
98485  -37.862  20.234  -53.242 0.0000000000
98486  -31.788  20.532  -55.780 0.0000000000
98487  -32.682  20.542  -55.112 0.0000000000
98488  -37.553  21.056  -53.637 0.0000000000
98489  -37.811  20.460  -53.975 0.0000000000
98490  -30.653  20.479  -57.190 0.0000000000
98491  -31.020  20.483  -56.465 0.0000000000
98492  -34.612  20.381  -55.574 0.0000000000
98493  -35.460  20.439  -55.610 0.0000000000
98494  -36.335  20.220  -55.741 0.0000000000
98495  -36.998  20.231  -56.152 0.0000000000
98496  -38.352  20.537  -54.963 0.0000000000
98497  -39.069  20.835  -55.631 0.0000000000
98498  -30.527  20.658  -58.012 0.0000000000
98499  -30.557  20.582  -57.724 0.0000000000
98500  -32.861  20.886  -56.688 0.0000000000
98501  -34.009  20.806  -56.117 0.0000000000
98502  -34.856  20.988  -55.763 0.0000000000
98503  -37.686  20.435  -56.619 0.0000000000
98504  -38.430  20.891  -57.146 0.0000000000
98505  -39.192  20.853  -56.973 0.0000000000
98506  -39.410  21.091  -56.418 0.0000000000
98507  -30.923  20.802  -58.252 0.0000000000
98508  -31.548  20.771  -58.066 0.0000000000
98509  -32.161  20.946  -57.602 0.0000000000
98510  -38.473  21.755  -57.539 0.0000000000
98511  -38.948  21.703  -57.491 0.0000000000
98512  -39.420  21.721  -57.142 0.0000000000
98513  -31.006  21.202  -58.422 0.0000000000
98514  -31.319  21.201  -58.359 0.0000000000
98515  -31.818  21.269  -58.190 0.0000000000
99417  -33.249  21.541  -46.499 0.0000000000
99424  -32.725  22.053  -47.048 0.0000000000
99425  -33.439  21.789  -47.590 0.0000000000
99426  -37.715  21.763  -48.078 0.0000000000
99427  -38.148  21.675  -47.953 0.0000000000
99428  -39.193  21.387  -47.781 0.0000000000
99429  -40.183  21.687  -47.416 0.0000000000
99430  -41.129  21.859  -47.426 0.0000000000
99431  -41.808  22.098  -47.571 0.0000000000
99434  -24.481  21.131  -49.089 0.0000000000
99435  -24.928  21.523  -48.416 0.0000000000
99438  -33.754  21.643  -48.594 0.0000000000
99439  -34.105  21.199  -49.054 0.0000000000
99440  -37.150  21.791  -48.766 0.0000000000
99441  -37.620  21.532  -48.621 0.0000000000
99442  -38.569  21.162  -48.386 0.0000000000
99443  -39.105  20.927  -48.324 0.0000000000
99444  -41.698  21.589  -47.806 0.0000000000
99445  -42.357  21.786  -48.131 0.0000000000
99446  -42.899  22.072  -48.655 0.0000000000
99449  -24.620  21.243  -49.794 0.0000000000
99450  -26.517  21.458  -50.495 0.0000000000
99451  -27.168  21.555  -49.597 0.0000000000
99452  -33.730  21.614  -49.474 0.0000000000
99453  -34.111  20.964  -49.696 0.0000000000
99454  -37.066  21.729  -49.220 0.0000000000
99455  -37.502  21.253  -49.764 0.0000000000
99456  -42.665  21.546  -48.913 0.0000000000
99457  -43.332  21.774  -49.372 0.0000000000
99458  -44.003  22.070  -49.892 0.0000000000
99460  -47.316  21.221  -50.096 0.0000000000
99461  -24.814  21.625  -50.609 0.0000000000
99462  -25.196  21.638  -51.133 0.0000000000
99463  -25.931  21.822  -51.282 0.0000000000
99464  -33.796  21.388  -50.504 0.0000000000
99465  -34.109  20.767  -50.248 0.0000000000
99466  -36.999  21.695  -50.194 0.0000000000
99467  -37.458  21.166  -50.708 0.0000000000
99468  -43.857  21.445  -50.039 0.0000000000
99469  -44.510  21.789  -50.595 0.0000000000
99470  -45.176  22.136  -51.133 0.0000000000
99471  -47.144  21.937  -50.186 0.0000000000
99472  -47.538  21.595  -50.759 0.0000000000
99473  -24.760  22.092  -51.217 0.0000000000
99474  -25.165  22.235  -51.533 0.0000000000
99475  -25.488  22.579  -51.525 0.0000000000
99476  -33.474  21.690  -51.662 0.0000000000
99477  -37.026  21.662  -51.311 0.0000000000
99478  -37.456  21.029  -51.477 0.0000000000
99479  -45.000  21.527  -51.222 0.0000000000
99480  -45.742  21.864  -51.601 0.0000000000
99481  -46.662  21.671  -51.838 0.0000000000
99482  -47.265  21.598  -51.434 0.0000000000
99483  -33.332  21.497  -52.675 0.0000000000
99484  -36.845  21.836  -52.325 0.0000000000
99485  -37.323  21.222  -52.217 0.0000000000
99486  -32.636  21.981  -54.462 0.0000000000
99487  -33.085  21.541  -53.669 0.0000000000
99488  -36.805  22.057  -52.948 0.0000000000
99489  -37.234  21.609  -53.253 0.0000000000
99490  -32.284  21.562  -55.445 0.0000000000
99491  -32.872  21.250  -54.605 0.0000000000
99492  -37.572  21.479  -54.353 0.0000000000
99493  -37.987  21.022  -54.692 0.0000000000
99494  -30.871  21.337  -57.077 0.0000000000
99495  -31.520  21.379  -56.407 0.0000000000
99496  -35.512  21.246  -55.911 0.0000000000
99497  -36.227  20.990  -55.934 0.0000000000
99498  -36.661  20.681  -56.095 0.0000000000
99499  -37.721  21.970  -54.990 0.0000000000
99500  -38.311  21.639  -55.351 0.0000000000
99501  -39.182  21.968  -56.120 0.0000000000
99502  -30.380  20.931  -57.904 0.0000000000
99503  -30.496  21.369  -57.716 0.0000000000
99504  -32.746  21.573  -57.252 0.0000000000
99505  -33.666  21.819  -56.791 0.0000000000
99506  -34.913  21.795  -56.247 0.0000000000
99507  -36.132  21.797  -56.285 0.0000000000
99508  -37.093  21.242  -56.547 0.0000000000
99509  -37.786  21.149  -56.992 0.0000000000
99510  -39.442  22.287  -56.797 0.0000000000
99511  -30.516  21.215  -58.225 0.0000000000
99512  -30.436  21.521  -58.125 0.0000000000
99513  -32.415  21.851  -58.016 0.0000000000
99514  -33.076  22.150  -57.380 0.0000000000
99515  -37.886  21.890  -57.397 0.0000000000
99516  -38.533  22.378  -57.656 0.0000000000
99517  -39.190  22.463  -57.406 0.0000000000
99518  -30.777  21.354  -58.381 0.0000000000
99519  -31.081  21.563  -58.491 0.0000000000
99520  -31.582  21.759  -58.382 0.0000000000
100489  -25.404  22.311  -46.391 0.0000000000
100493  -32.131  22.438  -47.079 0.0000000000
100494  -36.375  22.998  -47.080 0.0000000000
100495  -36.788  22.910  -47.011 0.0000000000
100496  -37.674  22.821  -46.798 0.0000000000
100497  -38.620  22.905  -46.656 0.0000000000
100498  -39.397  23.055  -46.747 0.0000000000
100500  -25.443  22.463  -47.611 0.0000000000
100504  -31.588  22.731  -47.628 0.0000000000
100505  -32.557  22.515  -47.812 0.0000000000
100506  -33.197  22.249  -48.358 0.0000000000
100507  -35.938  22.964  -47.628 0.0000000000
100508  -36.305  22.834  -47.470 0.0000000000
100509  -37.404  22.173  -47.739 0.0000000000
100510  -38.406  22.192  -47.299 0.0000000000
100511  -39.363  22.281  -47.073 0.0000000000
100512  -40.285  22.721  -47.084 0.0000000000
100513  -41.337  22.806  -47.433 0.0000000000
100514  -42.152  22.701  -47.744 0.0000000000
100517  -24.634  21.740  -49.237 0.0000000000
100518  -24.972  22.613  -48.921 0.0000000000
100519  -27.805  22.031  -48.784 0.0000000000
100520  -28.586  22.688  -48.410 0.0000000000
100521  -29.836  23.101  -48.133 0.0000000000
100522  -30.904  23.103  -48.267 0.0000000000
100523  -31.837  22.962  -48.448 0.0000000000
100524  -32.615  22.684  -48.812 0.0000000000
100525  -33.326  22.266  -49.106 0.0000000000
100526  -35.995  22.823  -48.039 0.0000000000
100527  -36.806  22.175  -48.497 0.0000000000
100528  -37.266  21.940  -48.267 0.0000000000
100529  -42.740  22.671  -48.208 0.0000000000
100530  -43.219  22.730  -48.856 0.0000000000
100533  -24.723  22.126  -49.930 0.0000000000
100534  -24.981  22.932  -50.052 0.0000000000
100535  -26.536  22.344  -50.503 0.0000000000
100536  -27.344  22.813  -49.473 0.0000000000
100537  -28.217  23.395  -49.212 0.0000000000
100538  -32.846  22.709  -49.527 0.0000000000
100539  -33.281  22.177  -49.952 0.0000000000
100540  -36.096  22.802  -48.946 0.0000000000
100541  -36.516  22.184  -49.556 0.0000000000
100542  -43.745  22.729  -49.536 0.0000000000
100543  -44.360  22.740  -50.150 0.0000000000
100544  -46.080  22.921  -49.154 0.0000000000
100545  -46.636  22.636  -49.808 0.0000000000
100546  -24.665  22.564  -50.783 0.0000000000
100547  -24.831  23.208  -50.752 0.0000000000
100548  -25.955  22.861  -51.291 0.0000000000
100549  -32.810  22.834  -50.291 0.0000000000
100550  -33.257  22.306  -50.869 0.0000000000
100551  -35.935  22.746  -49.929 0.0000000000
100552  -36.471  22.237  -50.596 0.0000000000
100553  -44.954  22.765  -50.817 0.0000000000
100554  -45.484  22.739  -51.376 0.0000000000
100555  -47.236  22.650  -50.594 0.0000000000
100556  -47.370  22.497  -51.263 0.0000000000
100557  -24.769  22.648  -51.408 0.0000000000
100558  -25.068  22.824  -51.631 0.0000000000
100559  -25.364  23.112  -51.541 0.0000000000
100560  -32.658  22.961  -51.165 0.0000000000
100561  -32.977  22.420  -51.650 0.0000000000
100562  -35.813  22.734  -50.946 0.0000000000
100563  -36.405  22.276  -51.623 0.0000000000
100564  -45.829  22.805  -51.709 0.0000000000
100565  -46.324  22.654  -51.811 0.0000000000
100566  -47.003  22.573  -51.682 0.0000000000
100567  -32.462  22.954  -52.162 0.0000000000
100568  -33.010  22.242  -52.453 0.0000000000
100569  -35.840  22.847  -51.977 0.0000000000
100570  -36.427  22.372  -52.573 0.0000000000
100571  -32.569  22.828  -53.553 0.0000000000
100572  -33.018  22.023  -53.075 0.0000000000
100573  -36.021  22.882  -52.909 0.0000000000
100574  -36.655  22.400  -53.644 0.0000000000
100575  -37.121  21.920  -53.997 0.0000000000
100576  -32.276  22.768  -55.116 0.0000000000
100577  -36.822  22.650  -54.343 0.0000000000
100578  -37.277  22.358  -54.608 0.0000000000
100579  -31.323  22.000  -57.068 0.0000000000
100580  -31.743  22.539  -56.410 0.0000000000
100581  -37.875  22.447  -55.417 0.0000000000
100582  -38.712  22.762  -56.038 0.0000000000
100583  -39.210  22.656  -56.493 0.0000000000
100584  -30.836  22.276  -57.611 0.0000000000
100585  -31.300  22.697  -57.301 0.0000000000
100586  -33.659  22.578  -57.194 0.0000000000
100587  -34.566  22.840  -56.766 0.0000000000
100588  -35.798  22.711  -56.442 0.0000000000
100589  -37.172  22.469  -56.770 0.0000000000
100590  -39.072  23.210  -56.897 0.0000000000
100591  -30.583  21.674  -58.272 0.0000000000
100592  -30.818  22.288  -58.232 0.0000000000
100593  -31.889  22.633  -58.308 0.0000000000
100594  -32.984  22.901  -57.587 0.0000000000
100595  -33.910  23.216  -57.234 0.0000000000
100596  -38.811  22.932  -57.493 0.0000000000
100597  -30.615  21.532  -58.315 0.0000000000
100598  -30.859  21.939  -58.540 0.0000000000
100599  -31.187  22.036  -58.510 0.0000000000
101655  -26.214  23.588  -44.607 0.0000000000
101659  -25.625  23.052  -45.486 0.0000000000
101660  -26.165  23.888  -45.634 0.0000000000
101662  -25.760  23.250  -46.630 0.0000000000
101663  -26.150  24.151  -46.707 0.0000000000
101664  -35.615  23.517  -47.031 0.0000000000
101665  -36.065  23.317  -46.880 0.0000000000
101666  -36.963  23.544  -46.511 0.0000000000
101667  -37.924  23.656  -46.421 0.0000000000
101668  -38.842  23.736  -46.579 0.0000000000
101669  -39.713  23.711  -46.878 0.0000000000
101671  -25.560  23.704  -47.929 0.0000000000
101672  -25.979  24.487  -47.469 0.0000000000
101673  -35.117  23.448  -47.985 0.0000000000
101674  -35.583  23.327  -47.462 0.0000000000
101675  -35.957  23.124  -47.222 0.0000000000
101676  -40.624  23.806  -47.353 0.0000000000
101677  -41.814  23.718  -47.867 0.0000000000
101678  -42.465  23.210  -47.951 0.0000000000
101681  -25.288  23.570  -49.334 0.0000000000
101682  -29.159  23.539  -48.874 0.0000000000
101683  -30.218  23.664  -48.870 0.0000000000
101684  -31.254  23.597  -49.002 0.0000000000
101685  -32.077  23.234  -49.167 0.0000000000
101686  -32.501  22.971  -49.305 0.0000000000
101687  -34.904  23.578  -48.597 0.0000000000
101688  -35.493  23.169  -48.372 0.0000000000
101689  -42.204  24.215  -48.407 0.0000000000
101690  -42.743  23.636  -48.516 0.0000000000
101691  -43.392  23.562  -49.274 0.0000000000
101692  -45.679  23.526  -48.765 0.0000000000
101693  -25.456  23.507  -50.392 0.0000000000
101694  -26.328  23.553  -50.560 0.0000000000
101695  -27.418  23.892  -49.812 0.0000000000
101696  -28.527  24.082  -49.471 0.0000000000
101697  -29.541  24.158  -49.397 0.0000000000
101698  -30.492  24.134  -49.850 0.0000000000
101699  -31.615  23.621  -49.856 0.0000000000
101700  -32.407  23.212  -49.755 0.0000000000
101701  -34.763  23.727  -49.550 0.0000000000
101702  -35.442  23.255  -49.274 0.0000000000
101703  -43.968  23.547  -49.906 0.0000000000
101704  -44.571  23.564  -50.500 0.0000000000
101705  -46.155  23.609  -49.525 0.0000000000
101706  -46.673  23.522  -50.360 0.0000000000
101707  -24.712  23.092  -51.254 0.0000000000
101708  -24.978  23.525  -51.157 0.0000000000
101709  -25.539  23.479  -51.192 0.0000000000
101710  -30.493  24.430  -50.516 0.0000000000
101711  -31.184  24.143  -50.813 0.0000000000
101712  -32.230  23.521  -50.546 0.0000000000
101713  -34.632  23.801  -50.534 0.0000000000
101714  -35.319  23.298  -50.255 0.0000000000
101715  -45.216  23.604  -51.275 0.0000000000
101716  -45.644  23.177  -51.552 0.0000000000
101717  -47.046  23.391  -51.196 0.0000000000
101718  -47.152  22.903  -51.453 0.0000000000
101719  -24.822  22.992  -51.523 0.0000000000
101720  -24.956  23.242  -51.543 0.0000000000
101721  -25.182  23.408  -51.445 0.0000000000
101722  -31.511  24.436  -51.872 0.0000000000
101723  -32.072  23.697  -51.526 0.0000000000
101724  -34.672  24.063  -51.504 0.0000000000
101725  -35.179  23.319  -51.296 0.0000000000
101726  -45.444  23.837  -51.455 0.0000000000
101727  -45.871  23.509  -51.687 0.0000000000
101728  -46.560  23.345  -51.562 0.0000000000
101729  -46.991  23.084  -51.538 0.0000000000
101730  -31.593  24.481  -52.442 0.0000000000
101731  -31.969  23.957  -52.665 0.0000000000
101732  -34.746  24.302  -52.180 0.0000000000
101733  -35.333  23.651  -52.495 0.0000000000
101734  -32.181  24.133  -53.723 0.0000000000
101735  -36.000  23.286  -53.816 0.0000000000
101736  -36.551  22.821  -54.190 0.0000000000
101737  -32.146  23.915  -54.752 0.0000000000
101738  -36.043  23.668  -54.917 0.0000000000
101739  -36.855  23.045  -54.852 0.0000000000
101740  -37.443  22.750  -55.239 0.0000000000
101741  -31.840  23.788  -56.059 0.0000000000
101742  -36.031  23.982  -55.783 0.0000000000
101743  -36.783  23.377  -55.725 0.0000000000
101744  -37.820  23.129  -55.854 0.0000000000
101745  -38.534  23.129  -56.424 0.0000000000
101746  -31.219  23.002  -57.765 0.0000000000
101747  -31.571  23.634  -57.382 0.0000000000
101748  -34.512  23.857  -56.931 0.0000000000
101749  -35.437  23.743  -56.416 0.0000000000
101750  -36.490  23.306  -56.302 0.0000000000
101751  -37.522  23.088  -56.428 0.0000000000
101752  -38.313  23.154  -56.605 0.0000000000
101753  -30.975  22.846  -57.999 0.0000000000
101754  -31.685  23.507  -58.179 0.0000000000
101755  -32.706  23.811  -57.932 0.0000000000
101756  -33.724  23.889  -57.538 0.0000000000
102743  -26.839  24.422  -44.679 0.0000000000
102748  -26.557  24.760  -45.761 0.0000000000
102750  -26.354  25.037  -46.784 0.0000000000
102751  -34.949  24.322  -47.230 0.0000000000
102752  -35.334  24.031  -46.978 0.0000000000
102753  -36.222  24.298  -46.554 0.0000000000
102754  -37.184  24.472  -46.354 0.0000000000
102755  -38.164  24.540  -46.488 0.0000000000
102756  -39.103  24.573  -46.811 0.0000000000
102757  -39.819  24.350  -47.199 0.0000000000
102759  -25.721  24.464  -48.017 0.0000000000
102760  -25.926  25.157  -47.887 0.0000000000
102761  -34.801  24.026  -47.672 0.0000000000
102762  -35.208  23.773  -47.314 0.0000000000
102763  -39.505  24.942  -47.286 0.0000000000
102764  -40.147  24.817  -47.681 0.0000000000
102765  -40.981  24.441  -47.891 0.0000000000
102767  -45.378  24.031  -48.400 0.0000000000
102768  -25.625  24.464  -48.878 0.0000000000
102769  -25.985  25.496  -49.095 0.0000000000
102770  -33.827  24.673  -49.314 0.0000000000
102771  -34.291  24.294  -48.828 0.0000000000
102772  -40.654  25.120  -48.286 0.0000000000
102773  -41.597  24.754  -48.441 0.0000000000
102774  -42.512  24.683  -49.050 0.0000000000
102775  -43.041  24.114  -49.158 0.0000000000
102776  -45.124  25.062  -48.484 0.0000000000
102777  -45.564  24.530  -48.951 0.0000000000
102778  -25.509  24.046  -49.714 0.0000000000
102779  -25.756  24.646  -50.186 0.0000000000
102780  -26.698  24.522  -50.655 0.0000000000
102781  -27.877  24.610  -50.065 0.0000000000
102782  -28.993  24.711  -49.825 0.0000000000
102783  -29.724  24.524  -49.865 0.0000000000
102784  -33.657  24.846  -50.018 0.0000000000
102785  -34.184  24.291  -49.830 0.0000000000
102786  -42.860  25.162  -49.521 0.0000000000
102787  -43.480  24.587  -49.875 0.0000000000
102788  -44.170  24.092  -50.224 0.0000000000
102789  -46.222  24.480  -49.981 0.0000000000
102790  -46.556  24.306  -50.811 0.0000000000
102791  -26.838  24.807  -50.982 0.0000000000
102792  -27.476  24.848  -50.721 0.0000000000
102793  -28.462  25.026  -50.440 0.0000000000
102794  -29.725  24.917  -50.562 0.0000000000
102795  -30.492  24.590  -50.841 0.0000000000
102796  -33.614  25.062  -50.890 0.0000000000
102797  -34.143  24.496  -50.753 0.0000000000
102798  -43.806  25.010  -50.587 0.0000000000
102799  -44.392  24.536  -50.809 0.0000000000
102800  -46.452  24.125  -51.321 0.0000000000
102801  -29.773  25.225  -51.211 0.0000000000
102802  -30.471  24.912  -51.462 0.0000000000
102803  -33.635  25.299  -51.418 0.0000000000
102804  -34.180  24.887  -51.761 0.0000000000
102805  -45.088  24.493  -51.532 0.0000000000
102806  -45.660  24.307  -51.551 0.0000000000
102807  -46.101  24.118  -51.578 0.0000000000
102808  -31.156  25.013  -52.514 0.0000000000
102809  -31.589  24.530  -52.740 0.0000000000
102810  -34.755  24.536  -53.010 0.0000000000
102811  -35.380  23.900  -53.339 0.0000000000
102812  -31.187  25.240  -53.112 0.0000000000
102813  -31.596  24.792  -53.313 0.0000000000
102814  -34.850  24.851  -54.215 0.0000000000
102815  -35.445  24.135  -54.047 0.0000000000
102816  -31.407  25.513  -55.120 0.0000000000
102817  -31.751  24.952  -54.375 0.0000000000
102818  -34.899  25.106  -55.250 0.0000000000
102819  -35.395  24.347  -55.053 0.0000000000
102820  -31.580  25.659  -55.560 0.0000000000
102821  -31.790  25.046  -55.690 0.0000000000
102822  -34.930  25.240  -56.230 0.0000000000
102823  -35.456  24.625  -55.939 0.0000000000
102824  -32.012  24.853  -57.071 0.0000000000
102825  -34.406  24.843  -57.136 0.0000000000
102826  -34.971  24.487  -56.530 0.0000000000
102827  -31.981  24.866  -58.516 0.0000000000
102828  -32.816  24.828  -58.539 0.0000000000
102829  -33.614  24.750  -57.991 0.0000000000
102830  -32.395  25.523  -59.225 0.0000000000
102831  -32.773  25.419  -59.134 0.0000000000
102832  -32.556  25.770  -59.417 0.0000000000
102833  -32.791  25.726  -59.398 0.0000000000
103791  -26.988  25.271  -44.993 0.0000000000
103792  -27.621  25.938  -44.838 0.0000000000
103796  -26.875  25.824  -45.861 0.0000000000
103797  -27.371  26.254  -45.444 0.0000000000
103799  -26.389  25.931  -47.050 0.0000000000
103800  -34.712  24.897  -47.189 0.0000000000
103801  -35.414  25.131  -46.617 0.0000000000
103802  -36.396  25.303  -46.528 0.0000000000
103803  -37.424  25.440  -46.633 0.0000000000
103804  -38.368  25.283  -46.852 0.0000000000
103805  -38.985  25.271  -47.187 0.0000000000
103807  -25.766  26.225  -48.116 0.0000000000
103808  -33.437  25.585  -48.417 0.0000000000
103809  -34.000  25.076  -48.122 0.0000000000
103810  -37.897  25.887  -47.044 0.0000000000
103811  -38.512  25.865  -47.397 0.0000000000
103812  -39.373  25.667  -47.753 0.0000000000
103813  -40.029  25.485  -48.112 0.0000000000
103814  -44.933  25.628  -48.119 0.0000000000
103815  -33.416  25.228  -49.124 0.0000000000
103816  -33.822  24.793  -48.821 0.0000000000
103817  -39.711  25.986  -48.304 0.0000000000
103818  -40.299  25.928  -48.496 0.0000000000
103819  -41.103  25.739  -48.768 0.0000000000
103820  -41.845  25.393  -48.984 0.0000000000
103821  -45.314  25.543  -48.824 0.0000000000
103822  -45.771  25.407  -49.604 0.0000000000
103823  -25.909  26.000  -50.351 0.0000000000
103824  -26.023  25.195  -50.882 0.0000000000
103825  -32.578  25.798  -50.410 0.0000000000
103826  -33.022  25.444  -50.211 0.0000000000
103827  -41.586  25.979  -49.288 0.0000000000
103828  -42.315  25.727  -49.588 0.0000000000
103829  -42.934  25.392  -49.965 0.0000000000
103830  -46.180  25.336  -50.571 0.0000000000
103831  -46.315  24.829  -51.151 0.0000000000
103832  -25.519  26.343  -52.003 0.0000000000
103833  -25.898  25.918  -51.560 0.0000000000
103834  -26.277  24.954  -51.173 0.0000000000
103835  -27.042  24.844  -50.927 0.0000000000
103836  -27.973  25.114  -50.964 0.0000000000
103837  -28.732  25.253  -50.855 0.0000000000
103838  -32.727  25.714  -50.974 0.0000000000
103839  -33.207  25.453  -51.159 0.0000000000
103840  -42.691  25.940  -50.266 0.0000000000
103841  -43.403  25.669  -50.590 0.0000000000
103842  -44.000  25.306  -50.971 0.0000000000
103843  -45.966  25.488  -51.262 0.0000000000
103844  -46.095  24.869  -51.333 0.0000000000
103845  -25.744  26.158  -52.524 0.0000000000
103846  -25.529  25.750  -52.266 0.0000000000
103847  -26.032  25.472  -51.934 0.0000000000
103848  -26.711  25.331  -51.371 0.0000000000
103849  -27.623  25.379  -51.291 0.0000000000
103850  -28.322  25.354  -51.200 0.0000000000
103851  -29.041  25.412  -51.293 0.0000000000
103852  -29.651  25.437  -51.652 0.0000000000
103853  -33.008  25.753  -51.443 0.0000000000
103854  -33.489  25.676  -51.905 0.0000000000
103855  -34.110  25.316  -52.584 0.0000000000
103856  -43.833  25.810  -51.261 0.0000000000
103857  -44.433  25.435  -51.499 0.0000000000
103858  -45.408  25.236  -51.551 0.0000000000
103859  -45.830  24.593  -51.518 0.0000000000
103860  -25.931  25.901  -52.424 0.0000000000
103861  -26.021  25.757  -52.295 0.0000000000
103862  -26.408  25.762  -51.988 0.0000000000
103863  -26.913  25.861  -51.662 0.0000000000
103864  -28.126  25.649  -51.522 0.0000000000
103865  -28.795  26.073  -52.005 0.0000000000
103866  -30.074  25.617  -52.241 0.0000000000
103867  -33.702  25.896  -52.890 0.0000000000
103868  -34.287  25.405  -53.476 0.0000000000
103869  -29.502  26.341  -52.767 0.0000000000
103870  -30.607  25.788  -53.122 0.0000000000
103871  -31.248  25.414  -53.507 0.0000000000
103872  -33.791  26.047  -53.816 0.0000000000
103873  -34.333  25.590  -54.494 0.0000000000
103874  -31.101  25.976  -54.196 0.0000000000
103875  -31.520  25.305  -53.827 0.0000000000
103876  -33.867  26.224  -54.694 0.0000000000
103877  -34.383  25.977  -55.582 0.0000000000
103878  -31.232  26.358  -55.595 0.0000000000
103879  -31.695  25.786  -55.856 0.0000000000
103880  -34.564  25.919  -56.752 0.0000000000
103881  -31.467  26.683  -56.349 0.0000000000
103882  -31.798  26.061  -56.635 0.0000000000
103883  -34.060  25.685  -57.652 0.0000000000
103884  -32.083  25.802  -57.938 0.0000000000
103885  -33.393  25.770  -59.014 0.0000000000
103886  -33.588  25.577  -58.404 0.0000000000
103887  -32.132  25.770  -58.875 0.0000000000
103888  -33.064  26.071  -59.282 0.0000000000
103889  -32.330  25.903  -59.358 0.0000000000
103890  -32.680  26.039  -59.483 0.0000000000
104778  -27.613  26.404  -45.276 0.0000000000
104779  -28.074  26.620  -44.984 0.0000000000
104787  -26.737  26.400  -46.467 0.0000000000
104788  -27.363  26.848  -45.904 0.0000000000
104789  -28.364  27.229  -45.301 0.0000000000
104790  -28.932  27.288  -45.173 0.0000000000
104795  -26.317  27.019  -47.119 0.0000000000
104796  -26.953  27.353  -46.567 0.0000000000
104797  -32.519  26.997  -46.582 0.0000000000
104798  -33.148  26.662  -46.586 0.0000000000
104799  -34.337  26.070  -46.651 0.0000000000
104800  -35.556  26.183  -46.529 0.0000000000
104801  -36.563  26.313  -46.810 0.0000000000
104802  -37.336  26.180  -47.044 0.0000000000
104804  -24.851  27.968  -49.027 0.0000000000
104805  -32.418  26.671  -47.144 0.0000000000
104806  -33.337  26.037  -47.662 0.0000000000
104807  -34.105  25.540  -47.366 0.0000000000
104808  -37.046  26.726  -47.265 0.0000000000
104809  -37.801  26.576  -47.532 0.0000000000
104810  -38.716  26.611  -47.950 0.0000000000
104811  -39.339  26.396  -48.206 0.0000000000
104812  -44.929  26.571  -47.630 0.0000000000
104813  -31.495  26.675  -48.501 0.0000000000
104814  -32.135  26.472  -48.297 0.0000000000
104815  -32.921  25.829  -48.762 0.0000000000
104816  -39.097  26.925  -48.442 0.0000000000
104817  -39.678  26.664  -48.777 0.0000000000
104818  -40.496  26.448  -49.010 0.0000000000
104819  -41.108  26.377  -49.277 0.0000000000
104820  -45.159  26.373  -48.509 0.0000000000
104821  -45.412  26.212  -49.216 0.0000000000
104822  -27.717  27.369  -50.073 0.0000000000
104823  -27.971  27.279  -49.952 0.0000000000
104824  -30.877  26.742  -49.634 0.0000000000
104825  -31.421  26.547  -49.289 0.0000000000
104826  -32.341  25.976  -49.687 0.0000000000
104827  -32.897  25.610  -49.436 0.0000000000
104828  -40.089  26.977  -49.302 0.0000000000
104829  -40.704  26.956  -49.612 0.0000000000
104830  -41.577  26.663  -49.906 0.0000000000
104831  -42.264  26.402  -50.203 0.0000000000
104832  -45.659  26.202  -50.027 0.0000000000
104833  -25.683  26.410  -51.675 0.0000000000
104834  -27.936  27.321  -50.311 0.0000000000
104835  -28.223  27.272  -50.207 0.0000000000
104836  -31.073  26.687  -50.279 0.0000000000
104837  -31.767  26.435  -50.391 0.0000000000
104838  -32.320  26.093  -50.762 0.0000000000
104839  -42.011  26.924  -50.534 0.0000000000
104840  -42.739  26.711  -50.832 0.0000000000
104841  -43.402  26.302  -51.246 0.0000000000
104842  -45.903  26.316  -50.872 0.0000000000
104843  -31.321  26.585  -50.992 0.0000000000
104844  -31.903  26.513  -51.341 0.0000000000
104845  -32.640  26.143  -51.718 0.0000000000
104846  -33.143  26.220  -52.466 0.0000000000
104847  -42.985  26.697  -51.737 0.0000000000
104848  -43.770  26.327  -51.851 0.0000000000
104849  -44.571  26.502  -51.861 0.0000000000
104850  -45.418  26.319  -51.438 0.0000000000
104851  -26.738  26.048  -51.896 0.0000000000
104852  -32.144  26.643  -52.036 0.0000000000
104853  -32.494  26.704  -52.674 0.0000000000
104854  -33.260  26.517  -53.248 0.0000000000
104855  -43.301  26.928  -52.248 0.0000000000
104856  -43.916  26.951  -52.348 0.0000000000
104857  -44.248  27.094  -52.246 0.0000000000
104858  -27.497  26.003  -51.869 0.0000000000
104859  -29.632  26.725  -53.613 0.0000000000
104860  -32.626  27.041  -53.714 0.0000000000
104861  -33.332  26.654  -54.229 0.0000000000
104862  -30.196  26.845  -54.772 0.0000000000
104863  -32.928  27.228  -54.594 0.0000000000
104864  -33.516  26.906  -55.436 0.0000000000
104865  -34.082  26.558  -56.339 0.0000000000
104866  -29.838  27.416  -55.090 0.0000000000
104867  -30.346  27.293  -55.612 0.0000000000
104868  -33.676  27.288  -56.632 0.0000000000
104869  -34.100  26.610  -57.231 0.0000000000
104870  -31.047  27.317  -56.311 0.0000000000
104871  -31.540  26.924  -56.827 0.0000000000
104872  -33.476  27.236  -57.482 0.0000000000
104873  -33.556  26.274  -57.910 0.0000000000
104874  -31.439  27.579  -56.936 0.0000000000
104875  -31.965  26.952  -57.594 0.0000000000
104876  -32.902  26.585  -58.197 0.0000000000
104877  -33.443  26.109  -58.509 0.0000000000
104878  -32.354  26.289  -58.539 0.0000000000
104879  -32.651  26.405  -59.106 0.0000000000
104880  -32.305  26.174  -59.109 0.0000000000
104881  -32.472  26.188  -59.353 0.0000000000
105766  -27.340  27.620  -46.362 0.0000000000
105767  -27.927  27.870  -45.826 0.0000000000
105768  -28.881  27.750  -45.515 0.0000000000
105769  -29.564  27.858  -45.296 0.0000000000
105775  -25.864  28.081  -47.795 0.0000000000
105776  -26.796  27.944  -46.981 0.0000000000
105777  -27.480  28.182  -46.507 0.0000000000
105778  -32.788  27.452  -46.255 0.0000000000
105779  -33.773  27.244  -46.089 0.0000000000
105780  -34.865  27.169  -46.324 0.0000000000
105781  -35.805  27.163  -46.689 0.0000000000
105782  -36.517  27.306  -47.110 0.0000000000
105786  -24.934  28.380  -49.443 0.0000000000
105787  -25.244  28.330  -48.689 0.0000000000
105788  -30.276  27.749  -47.606 0.0000000000
105789  -30.837  27.642  -47.352 0.0000000000
105790  -31.319  27.546  -47.044 0.0000000000
105791  -32.032  27.443  -46.739 0.0000000000
105792  -37.197  27.423  -47.583 0.0000000000
105793  -38.074  27.538  -48.137 0.0000000000
105794  -38.719  27.196  -48.377 0.0000000000
105795  -44.854  27.624  -47.094 0.0000000000
105796  -25.141  28.098  -50.205 0.0000000000
105797  -29.086  27.720  -48.868 0.0000000000
105798  -29.839  27.525  -48.350 0.0000000000
105799  -30.685  27.248  -48.128 0.0000000000
105800  -31.305  26.977  -47.873 0.0000000000
105801  -31.757  26.932  -47.370 0.0000000000
105802  -38.219  28.142  -48.610 0.0000000000
105803  -39.013  27.714  -48.971 0.0000000000
105804  -39.672  27.242  -49.225 0.0000000000
105805  -45.089  27.431  -48.410 0.0000000000
105806  -45.255  26.755  -48.880 0.0000000000
105807  -26.950  27.837  -50.069 0.0000000000
105808  -27.557  27.627  -49.813 0.0000000000
105809  -28.463  27.484  -49.682 0.0000000000
105810  -29.647  27.266  -49.346 0.0000000000
105811  -30.555  26.911  -49.013 0.0000000000
105812  -31.097  26.825  -48.555 0.0000000000
105813  -39.544  28.313  -49.562 0.0000000000
105814  -40.069  27.761  -49.672 0.0000000000
105815  -41.011  27.628  -50.463 0.0000000000
105816  -41.611  27.213  -50.528 0.0000000000
105817  -45.044  27.820  -49.592 0.0000000000
105818  -45.307  26.915  -49.406 0.0000000000
105819  -26.831  27.739  -50.604 0.0000000000
105820  -27.498  27.483  -50.304 0.0000000000
105821  -28.402  27.457  -51.030 0.0000000000
105822  -29.499  27.230  -50.280 0.0000000000
105823  -30.368  26.910  -49.983 0.0000000000
105824  -41.196  27.993  -51.127 0.0000000000
105825  -41.787  27.490  -51.338 0.0000000000
105826  -42.442  26.985  -51.592 0.0000000000
105827  -45.010  27.629  -50.648 0.0000000000
105828  -45.396  26.983  -50.291 0.0000000000
105829  -30.597  27.061  -51.350 0.0000000000
105830  -31.382  26.774  -51.430 0.0000000000
105831  -41.901  27.753  -52.129 0.0000000000
105832  -42.507  27.372  -52.230 0.0000000000
105833  -44.876  27.313  -51.524 0.0000000000
105834  -45.435  26.979  -51.040 0.0000000000
105835  -31.642  26.959  -51.941 0.0000000000
105836  -31.958  26.897  -52.459 0.0000000000
105837  -43.378  27.540  -52.584 0.0000000000
105838  -44.091  27.529  -52.466 0.0000000000
105839  -44.466  27.316  -52.117 0.0000000000
105840  -31.501  27.345  -53.137 0.0000000000
105841  -31.530  27.912  -54.097 0.0000000000
105842  -32.172  27.843  -54.469 0.0000000000
105843  -32.863  27.648  -55.239 0.0000000000
105844  -29.605  27.912  -55.601 0.0000000000
105845  -30.251  27.844  -56.188 0.0000000000
105846  -32.463  28.314  -55.632 0.0000000000
105847  -33.037  27.785  -56.128 0.0000000000
105848  -29.308  28.592  -55.929 0.0000000000
105849  -29.842  28.482  -56.311 0.0000000000
105850  -30.779  28.271  -56.644 0.0000000000
105851  -32.791  28.496  -56.447 0.0000000000
105852  -33.359  28.278  -56.973 0.0000000000
105853  -31.570  28.143  -57.212 0.0000000000
105854  -32.263  27.905  -57.527 0.0000000000
105855  -32.891  28.024  -57.534 0.0000000000
106771  -28.542  28.369  -45.824 0.0000000000
106772  -29.283  28.525  -45.696 0.0000000000
106781  -26.468  28.592  -47.589 0.0000000000
106782  -27.159  28.824  -47.048 0.0000000000
106783  -27.949  28.764  -46.271 0.0000000000
106784  -28.658  28.915  -46.003 0.0000000000
106785  -32.346  28.324  -46.442 0.0000000000
106786  -33.263  28.228  -46.072 0.0000000000
106787  -34.281  28.141  -46.178 0.0000000000
106788  -35.379  28.259  -46.614 0.0000000000
106789  -36.076  27.803  -46.893 0.0000000000
106796  -25.299  28.939  -49.141 0.0000000000
106797  -26.009  28.967  -48.425 0.0000000000
106798  -26.557  29.172  -47.685 0.0000000000
106799  -28.889  28.690  -48.229 0.0000000000
106800  -29.564  28.410  -47.657 0.0000000000
106801  -30.482  28.479  -47.109 0.0000000000
106802  -31.105  28.422  -46.941 0.0000000000
106803  -31.631  28.343  -46.796 0.0000000000
106804  -35.735  28.959  -46.898 0.0000000000
106805  -36.495  28.478  -47.413 0.0000000000
106806  -37.395  28.041  -47.776 0.0000000000
106811  -44.779  28.490  -47.621 0.0000000000
106812  -25.493  28.548  -49.875 0.0000000000
106813  -26.154  28.958  -49.229 0.0000000000
106814  -27.169  28.869  -49.051 0.0000000000
106815  -28.307  28.420  -48.788 0.0000000000
106816  -29.146  28.114  -48.331 0.0000000000
106817  -36.921  29.126  -47.948 0.0000000000
106818  -37.521  28.633  -48.287 0.0000000000
106819  -38.242  28.721  -49.058 0.0000000000
106820  -44.810  28.522  -48.709 0.0000000000
106821  -25.734  28.066  -50.765 0.0000000000
106822  -26.255  28.228  -50.126 0.0000000000
106823  -26.895  28.232  -49.574 0.0000000000
106824  -27.652  28.090  -49.349 0.0000000000
106825  -39.051  28.842  -49.562 0.0000000000
106826  -39.822  28.764  -50.327 0.0000000000
106827  -40.417  28.220  -50.399 0.0000000000
106828  -44.732  28.624  -49.496 0.0000000000
106829  -26.280  27.917  -50.965 0.0000000000
106830  -26.214  28.089  -50.675 0.0000000000
106831  -40.017  29.069  -51.022 0.0000000000
106832  -40.636  28.607  -51.257 0.0000000000
106833  -41.240  28.110  -51.519 0.0000000000
106834  -44.738  28.421  -50.233 0.0000000000
106835  -40.870  29.003  -51.942 0.0000000000
106836  -41.510  28.501  -52.227 0.0000000000
106837  -42.118  27.972  -52.416 0.0000000000
106838  -44.665  28.276  -51.151 0.0000000000
106839  -42.011  29.061  -52.943 0.0000000000
106840  -42.655  28.395  -52.832 0.0000000000
106841  -43.760  28.290  -52.690 0.0000000000
106842  -44.474  28.113  -52.113 0.0000000000
106843  -31.634  28.208  -54.490 0.0000000000
106844  -30.660  29.074  -54.951 0.0000000000
106845  -30.949  29.105  -55.836 0.0000000000
106846  -31.541  28.706  -54.999 0.0000000000
106847  -29.425  29.132  -56.295 0.0000000000
106848  -30.163  29.107  -56.636 0.0000000000
106849  -31.092  29.128  -56.853 0.0000000000
106850  -32.142  29.018  -56.429 0.0000000000
106851  -32.856  28.804  -56.802 0.0000000000
106852  -31.759  28.599  -57.391 0.0000000000
106853  -32.199  28.834  -57.384 0.0000000000
106854  -32.815  28.840  -57.170 0.0000000000
107810  -29.856  29.239  -45.599 0.0000000000
107816  -27.582  29.564  -46.742 0.0000000000
107817  -28.384  29.512  -46.402 0.0000000000
107818  -29.143  29.344  -46.079 0.0000000000
107819  -31.577  29.693  -47.116 0.0000000000
107820  -31.926  29.179  -46.913 0.0000000000
107821  -32.749  29.096  -46.331 0.0000000000
107822  -33.735  29.025  -46.376 0.0000000000
107823  -34.535  28.866  -46.460 0.0000000000
107829  -26.273  29.817  -47.992 0.0000000000
107830  -26.957  29.667  -47.396 0.0000000000
107831  -28.430  29.038  -48.384 0.0000000000
107832  -28.875  29.499  -48.094 0.0000000000
107833  -29.970  29.412  -47.376 0.0000000000
107834  -31.134  29.320  -47.360 0.0000000000
107835  -31.427  28.881  -46.984 0.0000000000
107836  -34.211  29.442  -46.584 0.0000000000
107837  -34.988  29.419  -46.783 0.0000000000
107838  -35.895  29.629  -47.097 0.0000000000
107845  -25.790  30.661  -48.897 0.0000000000
107846  -26.033  30.122  -48.824 0.0000000000
107847  -26.611  30.019  -49.176 0.0000000000
107848  -27.788  29.614  -48.732 0.0000000000
107849  -28.250  30.086  -48.541 0.0000000000
107850  -36.479  29.679  -47.740 0.0000000000
107851  -37.035  29.702  -48.449 0.0000000000
107852  -37.748  29.420  -48.857 0.0000000000
107858  -44.440  29.147  -49.161 0.0000000000
107859  -25.790  30.735  -49.127 0.0000000000
107860  -25.982  30.594  -49.256 0.0000000000
107861  -26.301  30.678  -49.320 0.0000000000
107862  -37.486  30.066  -49.015 0.0000000000
107863  -38.257  29.922  -49.574 0.0000000000
107864  -39.133  29.484  -50.171 0.0000000000
107868  -44.003  29.415  -49.980 0.0000000000
107869  -44.520  29.001  -49.891 0.0000000000
107870  -38.864  30.132  -50.369 0.0000000000
107871  -39.599  29.774  -51.030 0.0000000000
107872  -40.100  29.238  -51.380 0.0000000000
107873  -43.214  30.318  -50.929 0.0000000000
107874  -43.895  29.910  -51.143 0.0000000000
107875  -44.465  29.081  -50.673 0.0000000000
107876  -39.645  30.131  -51.728 0.0000000000
107877  -40.297  29.663  -52.094 0.0000000000
107878  -41.055  29.280  -52.242 0.0000000000
107879  -43.991  29.541  -52.109 0.0000000000
107880  -44.441  29.050  -51.649 0.0000000000
107881  -40.743  30.303  -52.613 0.0000000000
107882  -41.455  29.930  -52.856 0.0000000000
107883  -42.564  29.648  -53.217 0.0000000000
107884  -43.446  29.294  -52.724 0.0000000000
107885  -44.117  28.893  -52.354 0.0000000000
107886  -41.759  30.624  -53.428 0.0000000000
107887  -42.142  30.391  -53.386 0.0000000000
107888  -30.118  28.865  -54.696 0.0000000000
107889  -30.013  29.290  -55.435 0.0000000000
107890  -30.511  29.274  -56.126 0.0000000000
107891  -29.429  29.271  -55.694 0.0000000000
107892  -29.826  29.408  -56.067 0.0000000000
107893  -30.248  29.328  -56.142 0.0000000000
108796  -29.583  29.859  -46.020 0.0000000000
108797  -30.276  30.139  -45.551 0.0000000000
108800  -27.288  30.170  -47.129 0.0000000000
108801  -27.942  30.346  -46.768 0.0000000000
108802  -28.937  30.133  -46.576 0.0000000000
108803  -29.627  30.436  -46.281 0.0000000000
108804  -31.798  29.883  -46.894 0.0000000000
108805  -32.370  29.830  -46.593 0.0000000000
108806  -33.228  29.772  -46.454 0.0000000000
108807  -33.786  29.621  -46.559 0.0000000000
108810  -26.274  30.424  -48.340 0.0000000000
108811  -26.666  30.451  -47.655 0.0000000000
108812  -27.268  30.750  -47.228 0.0000000000
108813  -29.435  30.131  -47.765 0.0000000000
108814  -30.371  30.329  -47.692 0.0000000000
108815  -31.401  30.288  -47.369 0.0000000000
108816  -32.052  30.373  -46.998 0.0000000000
108817  -32.747  30.521  -46.796 0.0000000000
108818  -33.909  30.200  -46.904 0.0000000000
108819  -35.027  30.400  -47.349 0.0000000000
108820  -35.916  30.337  -47.546 0.0000000000
108823  -25.647  30.906  -48.967 0.0000000000
108824  -25.959  30.816  -48.748 0.0000000000
108825  -27.225  30.282  -49.185 0.0000000000
108826  -27.744  30.567  -49.028 0.0000000000
108827  -28.632  30.588  -48.449 0.0000000000
108828  -29.526  30.865  -48.220 0.0000000000
108829  -35.455  30.843  -47.866 0.0000000000
108830  -36.230  30.674  -48.296 0.0000000000
108831  -36.969  30.483  -48.795 0.0000000000
108834  -25.748  31.016  -49.190 0.0000000000
108835  -26.057  31.059  -49.382 0.0000000000
108836  -26.766  30.925  -49.370 0.0000000000
108837  -27.406  31.291  -49.333 0.0000000000
108838  -36.628  31.081  -48.893 0.0000000000
108839  -37.306  30.868  -49.376 0.0000000000
108840  -37.863  30.717  -49.792 0.0000000000
108845  -37.624  31.228  -49.880 0.0000000000
108846  -38.253  30.914  -50.298 0.0000000000
108847  -39.011  30.593  -50.771 0.0000000000
108851  -43.236  30.478  -51.496 0.0000000000
108852  -38.725  31.216  -50.883 0.0000000000
108853  -39.217  30.834  -51.524 0.0000000000
108854  -39.715  30.478  -52.097 0.0000000000
108855  -42.811  30.912  -52.053 0.0000000000
108856  -43.455  30.207  -52.286 0.0000000000
108857  -39.540  31.147  -52.205 0.0000000000
108858  -40.239  30.904  -52.629 0.0000000000
108859  -40.919  30.704  -52.965 0.0000000000
108860  -42.667  30.722  -52.974 0.0000000000
108861  -43.140  30.000  -52.935 0.0000000000
108862  -40.729  31.296  -53.232 0.0000000000
108863  -41.349  31.101  -53.430 0.0000000000
108864  -42.032  31.190  -53.490 0.0000000000
109644  -30.627  30.901  -45.462 0.0000000000
109647  -28.468  30.695  -46.850 0.0000000000
109648  -29.147  30.937  -46.978 0.0000000000
109649  -30.034  31.150  -46.163 0.0000000000
109651  -26.360  30.886  -48.251 0.0000000000
109652  -26.791  31.292  -47.812 0.0000000000
109653  -27.895  31.303  -47.268 0.0000000000
109654  -28.790  31.663  -47.457 0.0000000000
109655  -30.148  30.956  -48.121 0.0000000000
109656  -30.766  31.126  -47.959 0.0000000000
109657  -31.859  31.238  -47.371 0.0000000000
109658  -33.057  31.152  -47.385 0.0000000000
109659  -34.038  31.063  -47.648 0.0000000000
109660  -34.801  31.169  -47.847 0.0000000000
109663  -25.685  31.251  -48.950 0.0000000000
109664  -26.180  31.412  -48.607 0.0000000000
109665  -26.612  31.852  -48.378 0.0000000000
109666  -28.039  31.183  -49.085 0.0000000000
109667  -28.660  31.536  -48.833 0.0000000000
109668  -29.753  31.559  -48.507 0.0000000000
109669  -30.463  31.815  -48.491 0.0000000000
109670  -32.403  31.729  -47.894 0.0000000000
109671  -33.174  31.672  -48.186 0.0000000000
109672  -34.143  31.736  -48.270 0.0000000000
109673  -35.199  31.608  -48.326 0.0000000000
109674  -36.012  31.671  -48.728 0.0000000000
109677  -25.806  31.461  -49.231 0.0000000000
109678  -26.234  31.586  -49.416 0.0000000000
109679  -26.882  31.765  -49.502 0.0000000000
109680  -27.693  31.907  -49.355 0.0000000000
109681  -28.266  32.234  -49.384 0.0000000000
109682  -36.554  31.742  -49.210 0.0000000000
109683  -37.061  31.840  -49.693 0.0000000000
109686  -37.539  31.828  -50.269 0.0000000000
109687  -38.126  31.809  -50.767 0.0000000000
109691  -42.259  31.436  -51.832 0.0000000000
109692  -38.637  31.800  -51.321 0.0000000000
109693  -39.178  31.867  -51.900 0.0000000000
109695  -41.727  32.197  -52.161 0.0000000000
109696  -42.319  31.545  -52.571 0.0000000000
109697  -39.744  31.902  -52.533 0.0000000000
109698  -40.312  31.909  -53.130 0.0000000000
109699  -42.113  32.387  -52.935 0.0000000000
109700  -42.190  31.633  -53.202 0.0000000000
109701  -40.888  31.984  -53.581 0.0000000000
109702  -41.654  32.164  -53.439 0.0000000000
109703  -42.015  31.684  -53.424 0.0000000000
110450  -30.782  31.501  -45.711 0.0000000000
110455  -29.562  31.658  -46.986 0.0000000000
110456  -30.440  32.238  -46.545 0.0000000000
110457  -31.471  32.973  -46.160 0.0000000000
110458  -31.749  33.681  -45.677 0.0000000000
110460  -27.139  31.953  -47.899 0.0000000000
110461  -27.949  32.321  -47.883 0.0000000000
110462  -29.245  32.389  -47.643 0.0000000000
110463  -30.026  32.988  -47.418 0.0000000000
110464  -31.162  31.678  -48.176 0.0000000000
110465  -31.693  31.907  -48.151 0.0000000000
110467  -25.787  31.702  -48.968 0.0000000000
110468  -26.170  32.057  -48.843 0.0000000000
110469  -27.031  32.320  -48.719 0.0000000000
110470  -27.721  32.726  -48.695 0.0000000000
110471  -28.953  32.136  -49.061 0.0000000000
110472  -29.692  32.338  -48.989 0.0000000000
110473  -30.830  32.382  -48.755 0.0000000000
110474  -32.100  32.342  -48.701 0.0000000000
110475  -33.242  32.373  -48.869 0.0000000000
110476  -34.280  32.415  -48.818 0.0000000000
110477  -35.217  32.397  -48.847 0.0000000000
110478  -35.916  32.319  -49.088 0.0000000000
110481  -25.954  31.891  -49.212 0.0000000000
110482  -26.447  32.144  -49.277 0.0000000000
110483  -27.182  32.422  -49.379 0.0000000000
110484  -27.770  32.688  -49.597 0.0000000000
110485  -28.600  32.802  -49.678 0.0000000000
110486  -29.709  33.026  -49.641 0.0000000000
110487  -30.960  33.160  -49.508 0.0000000000
110488  -32.225  33.164  -49.458 0.0000000000
110489  -33.376  33.085  -49.449 0.0000000000
110490  -34.381  33.049  -49.360 0.0000000000
110491  -35.272  32.942  -49.400 0.0000000000
110492  -36.219  32.641  -49.519 0.0000000000
110493  -36.855  32.640  -50.076 0.0000000000
110495  -37.395  32.658  -50.784 0.0000000000
110496  -38.086  32.406  -51.168 0.0000000000
110499  -37.782  33.043  -51.315 0.0000000000
110500  -38.563  32.808  -51.624 0.0000000000
110501  -39.291  32.823  -52.292 0.0000000000
110502  -41.274  33.171  -51.887 0.0000000000
110503  -41.660  33.117  -52.568 0.0000000000
110504  -39.862  32.835  -53.029 0.0000000000
110505  -40.441  32.574  -53.425 0.0000000000
110506  -41.723  33.105  -53.136 0.0000000000
110507  -40.204  33.072  -53.321 0.0000000000
110508  -40.859  32.966  -53.625 0.0000000000
110509  -41.280  33.284  -53.412 0.0000000000
111268  -30.726  33.197  -46.860 0.0000000000
111269  -31.208  33.973  -46.548 0.0000000000
111270  -31.815  34.457  -45.761 0.0000000000
111273  -28.423  32.795  -48.388 0.0000000000
111274  -29.215  33.346  -48.292 0.0000000000
111275  -30.351  33.873  -47.654 0.0000000000
111276  -30.922  34.650  -47.321 0.0000000000
111279  -27.465  32.749  -49.127 0.0000000000
111280  -28.049  33.324  -49.102 0.0000000000
111281  -28.775  34.000  -48.992 0.0000000000
111282  -34.550  34.172  -49.187 0.0000000000
111283  -34.814  34.112  -49.118 0.0000000000
111286  -27.666  32.910  -49.477 0.0000000000
111287  -27.741  33.610  -49.981 0.0000000000
111288  -28.618  33.641  -50.356 0.0000000000
111289  -29.755  33.863  -50.243 0.0000000000
111290  -31.083  33.995  -50.305 0.0000000000
111291  -32.423  33.934  -49.911 0.0000000000
111292  -33.528  33.853  -49.638 0.0000000000
111293  -34.491  33.876  -49.357 0.0000000000
111294  -35.456  33.666  -49.366 0.0000000000
111295  -36.282  33.483  -49.684 0.0000000000
111296  -36.906  33.578  -50.177 0.0000000000
111298  -27.956  34.396  -50.593 0.0000000000
111299  -28.680  34.545  -50.777 0.0000000000
111300  -29.729  34.723  -50.654 0.0000000000
111301  -30.603  34.898  -50.639 0.0000000000
111302  -37.473  33.754  -50.827 0.0000000000
111304  -40.845  34.076  -51.595 0.0000000000
111305  -38.027  33.806  -51.528 0.0000000000
111306  -38.698  33.873  -52.241 0.0000000000
111307  -39.387  33.573  -52.701 0.0000000000
111308  -41.247  33.962  -52.302 0.0000000000
111309  -41.468  33.663  -52.802 0.0000000000
111310  -39.271  34.337  -52.661 0.0000000000
111311  -39.781  33.941  -53.238 0.0000000000
111312  -41.217  34.119  -52.746 0.0000000000
111313  -41.272  33.818  -53.109 0.0000000000
111314  -40.309  33.663  -53.368 0.0000000000
111315  -40.838  33.674  -53.424 0.0000000000
111316  -41.080  33.775  -53.334 0.0000000000
112069  -32.299  34.817  -45.041 0.0000000000
112072  -31.533  34.953  -46.678 0.0000000000
112073  -32.044  35.341  -45.954 0.0000000000
112075  -29.471  34.257  -48.417 0.0000000000
112076  -30.153  35.035  -48.103 0.0000000000
112077  -31.029  35.521  -47.434 0.0000000000
112078  -33.291  35.336  -48.434 0.0000000000
112079  -33.633  35.221  -48.282 0.0000000000
112080  -34.430  35.019  -47.947 0.0000000000
112081  -35.318  35.010  -47.808 0.0000000000
112083  -28.192  34.191  -49.552 0.0000000000
112084  -29.078  34.929  -49.269 0.0000000000
112085  -29.788  35.728  -48.736 0.0000000000
112086  -32.581  35.246  -49.197 0.0000000000
112087  -33.099  35.174  -48.843 0.0000000000
112088  -34.259  34.493  -48.900 0.0000000000
112089  -35.203  34.378  -48.633 0.0000000000
112090  -36.169  34.635  -48.364 0.0000000000
112091  -36.924  34.859  -48.874 0.0000000000
112093  -27.899  34.945  -50.136 0.0000000000
112094  -28.600  35.697  -49.829 0.0000000000
112095  -31.525  34.834  -50.270 0.0000000000
112096  -32.522  34.919  -49.586 0.0000000000
112097  -33.716  34.418  -49.323 0.0000000000
112098  -34.195  34.258  -49.246 0.0000000000
112099  -35.906  34.138  -49.165 0.0000000000
112100  -36.558  34.243  -49.391 0.0000000000
112101  -37.350  34.626  -49.847 0.0000000000
112103  -27.864  35.233  -51.036 0.0000000000
112104  -28.763  35.366  -51.181 0.0000000000
112105  -29.780  35.465  -50.841 0.0000000000
112106  -30.757  35.548  -50.621 0.0000000000
112107  -37.964  34.771  -50.905 0.0000000000
112108  -38.457  35.315  -51.436 0.0000000000
112109  -40.615  35.116  -51.270 0.0000000000
112110  -40.918  34.769  -51.969 0.0000000000
112111  -38.305  34.622  -51.746 0.0000000000
112112  -38.870  35.169  -52.244 0.0000000000
112113  -40.975  34.549  -52.459 0.0000000000
112114  -39.705  34.951  -52.712 0.0000000000
112115  -40.337  34.553  -53.013 0.0000000000
112116  -40.894  34.418  -52.947 0.0000000000
112117  -41.043  34.166  -53.141 0.0000000000
112118  -40.634  34.127  -53.255 0.0000000000
112119  -40.836  34.105  -53.240 0.0000000000
112120  -41.132  33.955  -53.212 0.0000000000
112912  -32.790  35.050  -44.473 0.0000000000
112913  -33.432  35.571  -44.527 0.0000000000
112914  -34.474  35.738  -44.594 0.0000000000
112920  -32.633  35.722  -45.295 0.0000000000
112921  -33.001  36.358  -45.118 0.0000000000
112924  -31.840  35.880  -46.976 0.0000000000
112925  -32.299  36.106  -46.219 0.0000000000
112926  -33.453  36.585  -47.296 0.0000000000
112927  -33.843  36.579  -47.182 0.0000000000
112930  -30.558  36.136  -48.166 0.0000000000
112931  -31.233  36.246  -47.537 0.0000000000
112932  -33.072  35.669  -48.159 0.0000000000
112933  -33.600  35.927  -47.534 0.0000000000
112934  -34.698  35.939  -47.275 0.0000000000
112935  -35.990  35.704  -47.478 0.0000000000
112936  -36.913  36.083  -47.758 0.0000000000
112939  -29.326  35.870  -49.352 0.0000000000
112940  -29.959  36.440  -48.961 0.0000000000
112941  -31.451  36.303  -49.467 0.0000000000
112942  -32.070  35.705  -49.096 0.0000000000
112943  -32.595  35.772  -48.493 0.0000000000
112944  -36.776  35.334  -48.177 0.0000000000
112945  -37.553  35.753  -48.764 0.0000000000
112946  -38.214  36.299  -49.366 0.0000000000
112948  -28.100  36.024  -50.562 0.0000000000
112949  -29.181  36.409  -49.783 0.0000000000
112950  -29.934  36.696  -49.386 0.0000000000
112951  -31.469  35.787  -49.939 0.0000000000
112952  -31.988  35.417  -49.532 0.0000000000
112953  -38.055  35.545  -49.966 0.0000000000
112954  -38.672  36.256  -50.119 0.0000000000
112955  -40.430  35.912  -50.689 0.0000000000
112956  -28.056  36.104  -51.422 0.0000000000
112957  -29.069  36.060  -51.195 0.0000000000
112958  -30.015  36.054  -50.689 0.0000000000
112959  -30.783  36.134  -50.487 0.0000000000
112960  -38.412  35.633  -50.769 0.0000000000
112961  -39.025  36.084  -51.234 0.0000000000
112962  -40.662  35.923  -51.528 0.0000000000
112963  -40.831  35.458  -51.864 0.0000000000
112964  -39.767  36.017  -52.217 0.0000000000
112965  -40.593  35.841  -52.166 0.0000000000
112966  -40.761  35.105  -52.233 0.0000000000
112967  -40.212  35.320  -52.540 0.0000000000
112968  -40.570  35.003  -52.516 0.0000000000
112969  -40.767  34.760  -52.503 0.0000000000
113746  -33.577  36.626  -44.834 0.0000000000
113747  -34.586  36.739  -44.741 0.0000000000
113748  -35.663  36.888  -44.847 0.0000000000
113754  -32.667  36.742  -45.896 0.0000000000
113755  -32.986  36.997  -45.315 0.0000000000
113758  -31.682  36.444  -47.421 0.0000000000
113759  -32.341  36.721  -47.041 0.0000000000
113760  -32.647  37.164  -47.077 0.0000000000
113761  -33.263  37.216  -47.150 0.0000000000
113762  -34.353  37.228  -46.866 0.0000000000
113763  -35.298  37.497  -46.700 0.0000000000
113765  -30.519  36.689  -48.484 0.0000000000
113766  -31.170  36.932  -47.941 0.0000000000
113767  -32.033  36.793  -47.840 0.0000000000
113768  -32.730  36.428  -47.591 0.0000000000
113769  -33.213  36.559  -47.371 0.0000000000
113770  -35.346  36.621  -46.937 0.0000000000
113771  -36.290  37.009  -47.129 0.0000000000
113772  -37.514  36.958  -47.764 0.0000000000
113773  -38.202  37.400  -48.251 0.0000000000
113776  -30.487  36.884  -48.925 0.0000000000
113777  -31.354  36.814  -48.966 0.0000000000
113778  -32.222  36.337  -48.356 0.0000000000
113779  -32.637  36.072  -48.136 0.0000000000
113780  -38.028  36.741  -48.701 0.0000000000
113781  -38.678  37.123  -49.168 0.0000000000
113784  -28.197  36.430  -50.978 0.0000000000
113785  -28.872  36.441  -50.550 0.0000000000
113786  -30.059  36.864  -49.854 0.0000000000
113787  -31.023  36.642  -49.881 0.0000000000
113788  -39.456  36.796  -50.077 0.0000000000
113789  -40.165  36.624  -50.105 0.0000000000
113790  -28.630  36.416  -51.069 0.0000000000
113791  -29.457  36.435  -50.655 0.0000000000
113792  -30.397  36.508  -50.348 0.0000000000
113793  -30.982  36.388  -50.255 0.0000000000
113794  -39.884  36.475  -51.170 0.0000000000
113795  -40.309  36.257  -51.238 0.0000000000
113796  -40.316  36.386  -51.795 0.0000000000
113797  -40.561  36.232  -51.726 0.0000000000
114588  -33.245  37.260  -45.216 0.0000000000
114589  -33.729  37.488  -45.045 0.0000000000
114590  -34.718  37.714  -45.012 0.0000000000
114591  -35.839  37.928  -45.096 0.0000000000
114596  -32.623  37.262  -46.420 0.0000000000
114597  -33.033  37.699  -45.911 0.0000000000
114598  -33.868  38.362  -45.494 0.0000000000
114599  -34.870  38.719  -45.376 0.0000000000
114604  -32.606  37.545  -46.704 0.0000000000
114605  -32.866  38.254  -46.825 0.0000000000
114606  -33.724  38.337  -46.865 0.0000000000
114607  -34.709  38.363  -46.611 0.0000000000
114608  -35.792  38.278  -46.693 0.0000000000
114611  -36.880  38.067  -47.079 0.0000000000
114612  -37.836  38.043  -47.509 0.0000000000
114613  -38.759  38.073  -48.037 0.0000000000
114616  -39.528  37.702  -49.049 0.0000000000
114619  -39.990  37.220  -49.541 0.0000000000
115371  -33.373  38.824  -46.112 0.0000000000
115372  -34.090  39.285  -45.752 0.0000000000
115373  -34.965  39.712  -45.480 0.0000000000
115379  -33.634  38.995  -46.444 0.0000000000
115380  -34.246  39.196  -46.493 0.0000000000
115381  -35.205  39.294  -46.549 0.0000000000
115382  -36.380  39.248  -46.720 0.0000000000
115383  -37.245  39.490  -46.745 0.0000000000
115386  -37.295  38.788  -46.983 0.0000000000
115387  -38.106  38.955  -47.063 0.0000000000
116164  -33.788  39.465  -46.154 0.0000000000
116165  -34.369  40.083  -45.951 0.0000000000
116166  -35.266  40.391  -45.749 0.0000000000
116173  -34.067  39.622  -46.277 0.0000000000
116174  -34.762  40.032  -46.351 0.0000000000
116175  -35.690  40.143  -46.564 0.0000000000
116176  -36.707  40.164  -46.586 0.0000000000
116935  -35.016  40.492  -46.092 0.0000000000
116936  -35.707  40.713  -46.028 0.0000000000
116942  -35.395  40.510  -46.260 0.0000000000
116943  -36.163  40.613  -46.284 0.0000000000
139931  -29.770  12.657  -52.288 0.0000000000
139932  -30.155  12.769  -52.290 0.0000000000
139933  -29.646  12.435  -52.351 0.0000000000
139934  -29.955  11.995  -52.377 0.0000000000
139935  -30.261  12.422  -52.384 0.0000000000
139936  -29.804  12.071  -52.694 0.0000000000
139938  -31.334  13.317  -51.923 0.0000000000
139939  -30.845  13.393  -52.397 0.0000000000
139941  -31.513  12.827  -53.117 0.0000000000
139942  -30.171  13.023  -52.237 0.0000000000
139943  -29.838  12.887  -52.306 0.0000000000
139944  -30.070  13.126  -52.433 0.0000000000
140104  -38.082  22.514  -57.633 0.0000000000
140105  -37.879  22.487  -57.354 0.0000000000
140106  -38.195  22.896  -57.218 0.0000000000
140157  -25.771  26.466  -49.235 0.0000000000
140158  -25.371  27.350  -48.647 0.0000000000
140159  -25.355  27.070  -49.959 0.0000000000
140160  -25.041  27.727  -49.661 0.0000000000
140161  -25.874  27.010  -51.372 0.0000000000
140162  -25.252  27.562  -50.348 0.0000000000
140163  -26.917  27.069  -51.503 0.0000000000
140164  -26.093  27.645  -51.107 0.0000000000
140165  -27.307  26.813  -51.644 0.0000000000
140166  -27.830  27.007  -51.576 0.0000000000
140167  -26.024  26.641  -52.354 0.0000000000
140168  -28.623  27.054  -52.990 0.0000000000
140169  -28.915  27.189  -52.605 0.0000000000
140170  -27.307  26.462  -51.843 0.0000000000
140171  -29.382  28.301  -54.211 0.0000000000
140172  -26.296  26.094  -52.184 0.0000000000
140173  -29.093  26.328  -52.457 0.0000000000
140174  -27.383  25.654  -51.504 0.0000000000
140175  -30.058  27.440  -52.972 0.0000000000
140176  -26.911  26.231  -51.768 0.0000000000
140177  -29.191  26.628  -53.061 0.0000000000
140178  -29.421  26.571  -53.175 0.0000000000
140179  -30.840  27.921  -53.591 0.0000000000
140180  -28.471  26.603  -52.256 0.0000000000
140181  -28.949  26.517  -52.592 0.0000000000
140182  -29.129  28.946  -55.207 0.0000000000
140183  -29.206  27.147  -53.726 0.0000000000
140184  -30.860  28.151  -53.882 0.0000000000
140185  -29.202  27.606  -53.816 0.0000000000
140186  -27.239  27.029  -51.556 0.0000000000
140187  -30.640  28.354  -54.189 0.0000000000
140188  -29.232  28.404  -55.234 0.0000000000
140189  -28.944  28.993  -55.791 0.0000000000
140190  -29.456  29.103  -55.155 0.0000000000
140191  -29.304  27.160  -53.919 0.0000000000
140192  -31.119  28.030  -53.868 0.0000000000
140193  -29.360  27.498  -54.324 0.0000000000
140194  -26.804  27.382  -51.134 0.0000000000
140195  -25.231  27.785  -50.864 0.0000000000
140196  -31.307  28.291  -54.330 0.0000000000
140197  -25.194  27.506  -49.990 0.0000000000
