#!ascii label  , from subject Broad_82_YZ vox2ras=TkReg
1598
31523  -49.748  -34.870  -13.221 0.0000000000
31524  -50.318  -34.972  -14.082 0.0000000000
31538  -50.799  -34.910  -14.866 0.0000000000
31550  -51.169  -35.034  -15.607 0.0000000000
32672  -44.961  -33.130  -10.991 0.0000000000
32691  -45.092  -32.976  -11.224 0.0000000000
32692  -45.472  -33.178  -11.232 0.0000000000
32693  -46.181  -33.450  -11.205 0.0000000000
32708  -47.967  -33.922  -11.890 0.0000000000
32709  -48.757  -34.136  -12.465 0.0000000000
32710  -49.311  -34.440  -12.762 0.0000000000
32728  -48.777  -33.581  -12.742 0.0000000000
32729  -49.333  -33.799  -13.122 0.0000000000
32730  -49.914  -34.208  -13.714 0.0000000000
32747  -49.818  -33.478  -13.796 0.0000000000
32748  -50.359  -33.911  -14.399 0.0000000000
32765  -50.865  -33.980  -15.347 0.0000000000
32766  -51.199  -34.382  -16.014 0.0000000000
32782  -51.060  -33.633  -16.049 0.0000000000
32783  -51.494  -34.038  -16.674 0.0000000000
32795  -51.879  -34.005  -17.583 0.0000000000
32817  -52.093  -33.636  -18.313 0.0000000000
32933  -49.743  -33.321  -28.654 0.0000000000
32942  -50.443  -33.328  -29.273 0.0000000000
33777  -44.684  -32.539  -10.796 0.0000000000
33795  -44.816  -32.539  -11.153 0.0000000000
33796  -45.355  -32.577  -11.389 0.0000000000
33797  -46.254  -32.713  -11.622 0.0000000000
33798  -46.703  -33.299  -11.455 0.0000000000
33810  -46.916  -32.256  -12.126 0.0000000000
33811  -47.355  -32.989  -11.999 0.0000000000
33812  -48.262  -33.394  -12.474 0.0000000000
33823  -48.755  -32.974  -13.033 0.0000000000
33824  -49.361  -32.794  -13.605 0.0000000000
33835  -49.989  -32.741  -14.274 0.0000000000
33836  -50.547  -33.131  -14.900 0.0000000000
33851  -50.236  -32.379  -15.058 0.0000000000
33852  -50.667  -32.855  -15.712 0.0000000000
33867  -51.102  -32.900  -16.534 0.0000000000
33868  -51.483  -33.274  -17.186 0.0000000000
33882  -51.246  -32.542  -17.287 0.0000000000
33883  -51.538  -32.979  -17.971 0.0000000000
33899  -52.026  -32.873  -18.778 0.0000000000
33916  -52.010  -32.377  -19.786 0.0000000000
33935  -52.017  -32.106  -20.456 0.0000000000
34027  -47.820  -32.389  -26.504 0.0000000000
34039  -48.411  -32.385  -27.175 0.0000000000
34040  -48.986  -32.040  -27.670 0.0000000000
34050  -48.874  -32.699  -27.727 0.0000000000
34051  -49.540  -32.367  -28.243 0.0000000000
34058  -50.273  -32.453  -28.980 0.0000000000
34059  -50.843  -32.439  -29.729 0.0000000000
35035  -44.259  -31.655  -10.994 0.0000000000
35036  -45.057  -31.540  -11.464 0.0000000000
35037  -45.763  -31.918  -11.749 0.0000000000
35049  -45.776  -30.962  -11.985 0.0000000000
35050  -46.530  -31.553  -12.238 0.0000000000
35051  -47.588  -31.642  -12.673 0.0000000000
35052  -48.147  -32.538  -12.711 0.0000000000
35061  -47.989  -31.156  -13.373 0.0000000000
35062  -48.686  -31.713  -13.603 0.0000000000
35063  -49.452  -32.173  -13.972 0.0000000000
35072  -48.959  -31.181  -14.335 0.0000000000
35073  -49.512  -31.656  -14.643 0.0000000000
35084  -50.233  -31.676  -15.875 0.0000000000
35085  -50.661  -32.318  -16.242 0.0000000000
35098  -50.361  -31.340  -16.570 0.0000000000
35099  -50.748  -31.844  -16.840 0.0000000000
35111  -51.107  -31.887  -18.045 0.0000000000
35112  -51.515  -32.448  -18.434 0.0000000000
35125  -50.925  -31.433  -19.058 0.0000000000
35126  -51.486  -32.070  -18.951 0.0000000000
35142  -50.894  -31.227  -19.538 0.0000000000
35143  -51.247  -31.592  -19.701 0.0000000000
35159  -51.625  -31.748  -20.361 0.0000000000
35160  -51.975  -31.883  -20.818 0.0000000000
35177  -51.584  -31.435  -21.002 0.0000000000
35178  -52.171  -31.737  -21.418 0.0000000000
35195  -51.636  -31.258  -21.672 0.0000000000
35196  -52.119  -31.388  -22.181 0.0000000000
35241  -47.007  -31.651  -25.725 0.0000000000
35257  -47.561  -31.583  -26.203 0.0000000000
35258  -48.108  -31.518  -26.766 0.0000000000
35271  -48.684  -31.415  -27.349 0.0000000000
35272  -49.395  -31.314  -27.979 0.0000000000
35283  -50.336  -31.330  -28.965 0.0000000000
35284  -50.657  -30.864  -29.737 0.0000000000
35290  -50.589  -31.892  -29.437 0.0000000000
35291  -50.966  -31.321  -30.261 0.0000000000
36186  -45.086  -30.570  -11.918 0.0000000000
36198  -44.792  -29.974  -12.278 0.0000000000
36199  -45.468  -30.131  -12.458 0.0000000000
36200  -46.392  -30.334  -12.828 0.0000000000
36201  -47.047  -30.934  -12.738 0.0000000000
36210  -46.717  -29.953  -13.462 0.0000000000
36211  -47.456  -30.433  -13.566 0.0000000000
36212  -48.159  -30.937  -13.744 0.0000000000
36221  -47.827  -30.006  -14.281 0.0000000000
36222  -48.492  -30.500  -14.455 0.0000000000
36223  -49.125  -30.932  -14.669 0.0000000000
36234  -48.758  -30.156  -15.211 0.0000000000
36235  -49.311  -30.630  -15.432 0.0000000000
36248  -49.988  -30.715  -16.728 0.0000000000
36249  -50.421  -31.230  -16.891 0.0000000000
36259  -50.065  -30.401  -17.911 0.0000000000
36260  -50.514  -31.134  -17.473 0.0000000000
36272  -49.959  -30.406  -18.922 0.0000000000
36273  -50.533  -30.974  -18.496 0.0000000000
36290  -50.041  -30.287  -19.442 0.0000000000
36291  -50.526  -30.738  -19.589 0.0000000000
36292  -50.923  -31.150  -19.800 0.0000000000
36308  -50.602  -30.607  -20.285 0.0000000000
36309  -51.023  -31.085  -20.375 0.0000000000
36326  -50.616  -30.516  -20.895 0.0000000000
36327  -51.127  -30.903  -21.343 0.0000000000
36340  -50.645  -30.401  -21.738 0.0000000000
36341  -51.339  -30.666  -22.337 0.0000000000
36342  -52.163  -30.962  -22.896 0.0000000000
36356  -51.654  -30.428  -23.149 0.0000000000
36357  -52.262  -30.503  -23.639 0.0000000000
36374  -46.217  -30.642  -24.902 0.0000000000
36375  -52.635  -30.375  -24.337 0.0000000000
36387  -46.730  -30.792  -25.582 0.0000000000
36388  -47.257  -30.966  -25.958 0.0000000000
36389  -52.837  -30.205  -25.059 0.0000000000
36402  -47.085  -30.297  -25.969 0.0000000000
36403  -47.714  -30.505  -26.495 0.0000000000
36404  -48.333  -30.791  -27.028 0.0000000000
36420  -48.229  -30.073  -27.083 0.0000000000
36421  -48.896  -30.397  -27.567 0.0000000000
36422  -49.748  -30.298  -28.494 0.0000000000
36433  -50.585  -30.176  -29.706 0.0000000000
36434  -50.840  -30.616  -30.186 0.0000000000
36439  -50.970  -29.702  -30.445 0.0000000000
36440  -51.356  -30.128  -31.021 0.0000000000
37273  -45.030  -29.339  -12.778 0.0000000000
37274  -45.724  -29.633  -12.965 0.0000000000
37283  -45.500  -29.083  -13.264 0.0000000000
37284  -46.182  -29.371  -13.576 0.0000000000
37285  -46.871  -29.654  -13.839 0.0000000000
37295  -46.641  -29.148  -14.187 0.0000000000
37296  -47.337  -29.430  -14.446 0.0000000000
37297  -47.969  -29.753  -14.718 0.0000000000
37310  -47.765  -29.263  -15.174 0.0000000000
37311  -48.338  -29.699  -15.310 0.0000000000
37312  -48.799  -29.945  -15.718 0.0000000000
37326  -48.009  -29.114  -15.762 0.0000000000
37327  -48.462  -29.357  -16.213 0.0000000000
37328  -49.175  -29.909  -16.405 0.0000000000
37343  -48.769  -29.342  -17.040 0.0000000000
37344  -49.444  -29.836  -17.426 0.0000000000
37354  -48.863  -29.206  -18.066 0.0000000000
37355  -49.511  -29.817  -18.468 0.0000000000
37371  -49.069  -29.396  -18.925 0.0000000000
37372  -49.634  -29.762  -19.531 0.0000000000
37373  -50.120  -30.204  -19.706 0.0000000000
37393  -49.632  -29.450  -20.623 0.0000000000
37394  -50.204  -30.148  -20.278 0.0000000000
37413  -49.702  -29.129  -21.629 0.0000000000
37414  -50.132  -29.929  -21.319 0.0000000000
37429  -49.785  -28.888  -22.223 0.0000000000
37430  -50.468  -29.541  -22.577 0.0000000000
37431  -51.200  -30.117  -22.981 0.0000000000
37448  -44.805  -29.787  -23.213 0.0000000000
37449  -50.780  -29.122  -23.417 0.0000000000
37450  -51.516  -29.653  -23.757 0.0000000000
37451  -52.220  -30.054  -24.036 0.0000000000
37467  -45.281  -29.715  -23.868 0.0000000000
37468  -45.850  -29.631  -24.554 0.0000000000
37469  -51.905  -29.362  -24.786 0.0000000000
37470  -52.274  -29.858  -24.597 0.0000000000
37481  -46.603  -29.533  -25.455 0.0000000000
37482  -47.267  -28.876  -25.960 0.0000000000
37483  -51.899  -28.975  -25.220 0.0000000000
37484  -52.601  -29.411  -25.665 0.0000000000
37485  -53.405  -29.726  -26.578 0.0000000000
37496  -47.291  -29.654  -26.155 0.0000000000
37497  -47.988  -29.077  -26.681 0.0000000000
37498  -48.740  -28.867  -27.296 0.0000000000
37499  -53.013  -29.192  -26.803 0.0000000000
37500  -53.635  -29.441  -27.554 0.0000000000
37514  -48.609  -29.541  -27.306 0.0000000000
37515  -49.334  -29.300  -27.912 0.0000000000
37516  -50.108  -29.307  -29.026 0.0000000000
37525  -50.753  -29.285  -30.042 0.0000000000
37530  -51.266  -29.315  -31.003 0.0000000000
37531  -51.671  -29.356  -32.032 0.0000000000
38293  -45.017  -28.722  -13.289 0.0000000000
38303  -44.551  -28.340  -13.806 0.0000000000
38304  -45.451  -28.530  -13.876 0.0000000000
38305  -46.154  -28.700  -14.231 0.0000000000
38314  -44.818  -28.016  -14.515 0.0000000000
38315  -45.676  -28.123  -14.885 0.0000000000
38316  -46.685  -28.599  -14.832 0.0000000000
38317  -47.337  -28.826  -15.146 0.0000000000
38329  -46.327  -28.121  -15.452 0.0000000000
38330  -47.084  -28.317  -15.782 0.0000000000
38331  -47.614  -28.793  -15.661 0.0000000000
38344  -47.262  -28.277  -16.357 0.0000000000
38345  -47.722  -28.659  -16.525 0.0000000000
38346  -48.308  -29.047  -16.785 0.0000000000
38362  -47.720  -28.447  -17.606 0.0000000000
38363  -48.275  -28.883  -17.361 0.0000000000
38378  -47.785  -28.256  -18.538 0.0000000000
38379  -48.266  -28.663  -18.132 0.0000000000
38393  -47.813  -28.092  -19.509 0.0000000000
38394  -48.519  -28.775  -19.114 0.0000000000
38395  -49.061  -29.244  -19.400 0.0000000000
38414  -47.827  -27.938  -20.067 0.0000000000
38415  -48.325  -28.286  -20.285 0.0000000000
38416  -48.986  -29.083  -20.010 0.0000000000
38437  -48.630  -28.099  -21.172 0.0000000000
38438  -49.164  -28.625  -20.929 0.0000000000
38452  -44.642  -28.687  -22.682 0.0000000000
38453  -48.422  -27.856  -21.634 0.0000000000
38454  -49.131  -28.232  -22.030 0.0000000000
38455  -49.830  -28.634  -22.641 0.0000000000
38468  -44.564  -29.194  -22.855 0.0000000000
38469  -44.983  -28.780  -23.363 0.0000000000
38470  -45.668  -28.350  -23.710 0.0000000000
38471  -49.459  -28.125  -22.965 0.0000000000
38472  -50.194  -28.463  -23.466 0.0000000000
38473  -50.899  -28.851  -23.930 0.0000000000
38488  -45.524  -28.941  -24.065 0.0000000000
38489  -46.154  -28.457  -24.492 0.0000000000
38490  -50.601  -28.265  -24.397 0.0000000000
38491  -51.365  -28.778  -24.698 0.0000000000
38498  -46.983  -28.103  -25.307 0.0000000000
38499  -47.680  -28.122  -26.005 0.0000000000
38500  -50.944  -28.078  -25.140 0.0000000000
38501  -51.799  -28.309  -25.777 0.0000000000
38502  -52.510  -28.722  -26.541 0.0000000000
38513  -48.212  -28.022  -26.462 0.0000000000
38514  -48.675  -28.200  -26.955 0.0000000000
38515  -52.137  -28.214  -26.889 0.0000000000
38516  -52.886  -28.646  -27.691 0.0000000000
38517  -53.624  -29.010  -28.325 0.0000000000
38531  -49.319  -28.346  -27.562 0.0000000000
38532  -49.966  -28.471  -28.438 0.0000000000
38533  -53.361  -28.585  -28.791 0.0000000000
38543  -50.753  -28.564  -29.582 0.0000000000
38544  -51.480  -28.447  -30.550 0.0000000000
38554  -51.147  -28.832  -30.581 0.0000000000
38555  -51.666  -28.684  -31.629 0.0000000000
38564  -49.896  -28.229  -31.279 0.0000000000
38565  -50.900  -28.457  -32.431 0.0000000000
38566  -51.848  -28.811  -32.814 0.0000000000
39277  -44.469  -27.741  -14.898 0.0000000000
39278  -44.921  -27.735  -15.118 0.0000000000
39279  -45.320  -27.744  -15.374 0.0000000000
39291  -44.342  -27.629  -15.420 0.0000000000
39292  -44.975  -27.498  -15.756 0.0000000000
39293  -45.752  -27.713  -15.782 0.0000000000
39294  -46.453  -27.915  -16.013 0.0000000000
39304  -44.313  -27.524  -16.442 0.0000000000
39305  -45.306  -27.435  -16.572 0.0000000000
39306  -46.170  -27.608  -16.581 0.0000000000
39307  -46.896  -27.990  -16.523 0.0000000000
39308  -47.273  -28.268  -16.624 0.0000000000
39319  -44.898  -27.437  -17.495 0.0000000000
39320  -45.836  -27.447  -17.419 0.0000000000
39321  -46.654  -27.718  -17.282 0.0000000000
39322  -47.233  -28.167  -17.085 0.0000000000
39340  -44.626  -27.547  -18.546 0.0000000000
39341  -45.558  -27.401  -18.399 0.0000000000
39342  -46.462  -27.549  -18.196 0.0000000000
39343  -47.199  -27.916  -17.931 0.0000000000
39363  -45.350  -27.448  -19.465 0.0000000000
39364  -46.327  -27.392  -19.239 0.0000000000
39365  -47.149  -27.767  -18.918 0.0000000000
39382  -45.125  -27.501  -20.564 0.0000000000
39383  -46.136  -27.324  -20.365 0.0000000000
39384  -47.287  -27.571  -20.087 0.0000000000
39385  -47.864  -27.846  -20.362 0.0000000000
39401  -44.927  -27.643  -21.637 0.0000000000
39402  -45.875  -27.362  -21.478 0.0000000000
39403  -46.958  -27.428  -21.288 0.0000000000
39404  -47.969  -27.683  -21.002 0.0000000000
39419  -44.573  -28.512  -22.320 0.0000000000
39420  -44.912  -28.159  -22.525 0.0000000000
39421  -45.631  -27.611  -22.473 0.0000000000
39422  -46.611  -27.348  -22.416 0.0000000000
39423  -47.931  -27.525  -22.289 0.0000000000
39424  -48.817  -27.724  -22.927 0.0000000000
39440  -45.434  -28.029  -23.148 0.0000000000
39441  -46.177  -27.672  -23.469 0.0000000000
39442  -47.205  -27.145  -23.421 0.0000000000
39443  -48.273  -27.273  -23.566 0.0000000000
39444  -49.290  -27.622  -23.765 0.0000000000
39445  -49.992  -27.797  -24.230 0.0000000000
39460  -46.847  -27.540  -24.373 0.0000000000
39461  -47.675  -27.240  -24.375 0.0000000000
39462  -48.646  -27.168  -24.642 0.0000000000
39463  -49.425  -27.372  -24.734 0.0000000000
39464  -50.220  -27.659  -24.982 0.0000000000
39472  -47.308  -27.504  -24.856 0.0000000000
39473  -47.833  -27.435  -25.281 0.0000000000
39474  -48.713  -27.268  -25.477 0.0000000000
39475  -49.502  -27.357  -25.574 0.0000000000
39476  -50.730  -27.510  -25.964 0.0000000000
39477  -51.506  -27.789  -26.713 0.0000000000
39490  -48.227  -27.603  -25.947 0.0000000000
39491  -48.892  -27.557  -26.342 0.0000000000
39492  -49.870  -27.523  -26.651 0.0000000000
39493  -50.855  -27.652  -27.204 0.0000000000
39494  -51.940  -27.881  -27.807 0.0000000000
39495  -52.680  -28.248  -28.614 0.0000000000
39508  -49.329  -27.799  -27.060 0.0000000000
39509  -50.093  -27.768  -27.763 0.0000000000
39510  -51.174  -27.715  -28.410 0.0000000000
39511  -52.189  -27.880  -29.063 0.0000000000
39512  -53.054  -28.056  -29.320 0.0000000000
39523  -50.659  -28.023  -28.775 0.0000000000
39524  -51.586  -28.044  -29.692 0.0000000000
39525  -52.575  -27.551  -30.192 0.0000000000
39534  -49.999  -27.093  -30.997 0.0000000000
39535  -52.076  -28.069  -31.152 0.0000000000
39536  -52.406  -27.420  -31.653 0.0000000000
39537  -52.532  -27.207  -31.945 0.0000000000
39545  -49.967  -27.519  -31.135 0.0000000000
39546  -50.652  -27.471  -31.683 0.0000000000
39547  -51.904  -27.940  -32.768 0.0000000000
39548  -52.354  -27.408  -32.325 0.0000000000
39549  -52.473  -27.098  -32.117 0.0000000000
39557  -51.893  -27.532  -32.864 0.0000000000
39558  -52.243  -27.373  -32.734 0.0000000000
39559  -52.445  -27.209  -32.339 0.0000000000
40503  -49.060  -27.157  -24.893 0.0000000000
40504  -49.207  -27.203  -25.116 0.0000000000
40514  -48.929  -27.128  -25.109 0.0000000000
40515  -49.079  -27.197  -25.325 0.0000000000
40554  -52.683  -26.803  -29.643 0.0000000000
40560  -49.702  -26.629  -30.365 0.0000000000
40561  -50.472  -26.662  -31.126 0.0000000000
40562  -50.931  -26.477  -31.263 0.0000000000
40563  -52.575  -26.877  -31.101 0.0000000000
40564  -52.590  -27.130  -31.669 0.0000000000
40568  -50.789  -26.993  -31.621 0.0000000000
40569  -51.307  -26.955  -31.818 0.0000000000
40570  -52.014  -26.719  -31.700 0.0000000000
40571  -52.455  -26.992  -31.829 0.0000000000
40579  -51.788  -27.426  -32.552 0.0000000000
40580  -51.900  -27.157  -32.478 0.0000000000
40581  -52.268  -27.071  -32.254 0.0000000000
41605  -50.938  -25.626  -29.474 0.0000000000
41614  -49.893  -26.101  -30.095 0.0000000000
41615  -50.828  -26.084  -30.616 0.0000000000
41616  -51.846  -26.220  -30.467 0.0000000000
41624  -51.170  -26.427  -31.286 0.0000000000
41625  -51.450  -26.389  -31.260 0.0000000000
49449  -58.513  -18.059  -27.710 0.0000000000
49450  -59.303  -18.070  -27.611 0.0000000000
49451  -60.220  -18.247  -27.584 0.0000000000
49469  -57.130  -18.206  -28.510 0.0000000000
49470  -57.860  -18.656  -28.160 0.0000000000
49471  -58.982  -18.812  -27.935 0.0000000000
49472  -59.690  -18.734  -27.770 0.0000000000
49489  -56.727  -18.174  -28.851 0.0000000000
49490  -57.132  -18.908  -29.033 0.0000000000
49507  -56.774  -18.301  -29.432 0.0000000000
50469  -56.929  -17.037  -27.781 0.0000000000
50470  -57.821  -17.352  -27.684 0.0000000000
50471  -58.770  -17.278  -27.374 0.0000000000
50472  -59.750  -17.258  -27.359 0.0000000000
50473  -60.817  -17.333  -27.416 0.0000000000
50488  -56.810  -17.457  -28.536 0.0000000000
50489  -57.299  -17.746  -28.132 0.0000000000
50502  -56.669  -17.687  -29.173 0.0000000000
50518  -56.711  -17.688  -29.908 0.0000000000
51485  -58.744  -15.845  -26.788 0.0000000000
51486  -59.442  -15.741  -26.698 0.0000000000
51487  -59.950  -15.581  -26.621 0.0000000000
51492  -56.852  -16.194  -27.810 0.0000000000
51493  -57.342  -16.324  -27.502 0.0000000000
51494  -58.194  -16.326  -27.151 0.0000000000
51495  -59.182  -16.469  -27.002 0.0000000000
51496  -60.281  -16.219  -26.922 0.0000000000
51497  -61.507  -16.461  -27.265 0.0000000000
51511  -56.616  -16.488  -28.274 0.0000000000
51527  -56.583  -16.762  -29.189 0.0000000000
51542  -56.792  -16.689  -30.260 0.0000000000
52677  -58.156  -15.389  -26.827 0.0000000000
52678  -58.873  -15.139  -26.691 0.0000000000
52679  -59.685  -15.058  -26.523 0.0000000000
52686  -56.492  -15.711  -27.936 0.0000000000
52687  -56.894  -15.481  -27.497 0.0000000000
52688  -57.537  -15.488  -27.129 0.0000000000
52689  -60.392  -15.248  -26.600 0.0000000000
52690  -61.203  -15.489  -26.843 0.0000000000
52691  -62.210  -15.597  -27.175 0.0000000000
52702  -56.379  -15.642  -28.590 0.0000000000
52717  -56.590  -15.612  -29.634 0.0000000000
52718  -57.144  -15.238  -30.140 0.0000000000
52733  -57.038  -15.898  -30.438 0.0000000000
52734  -57.802  -15.588  -30.610 0.0000000000
54044  -57.540  -14.188  -26.610 0.0000000000
54045  -58.065  -14.457  -26.626 0.0000000000
54046  -59.206  -14.320  -26.522 0.0000000000
54047  -60.252  -14.322  -26.546 0.0000000000
54048  -61.098  -14.088  -26.646 0.0000000000
54060  -55.977  -14.095  -27.914 0.0000000000
54061  -56.217  -14.626  -27.792 0.0000000000
54062  -57.037  -14.487  -26.787 0.0000000000
54063  -57.683  -14.959  -26.847 0.0000000000
54064  -60.956  -14.745  -26.633 0.0000000000
54065  -61.802  -14.574  -26.832 0.0000000000
54066  -62.831  -14.701  -27.160 0.0000000000
54078  -55.942  -14.102  -28.190 0.0000000000
54079  -56.256  -14.536  -28.852 0.0000000000
54094  -56.890  -14.580  -29.673 0.0000000000
54095  -57.604  -14.595  -30.227 0.0000000000
54096  -58.299  -14.237  -30.444 0.0000000000
54113  -58.252  -14.941  -30.545 0.0000000000
55395  -57.605  -13.581  -26.564 0.0000000000
55396  -58.640  -13.473  -26.447 0.0000000000
55397  -59.706  -13.403  -26.514 0.0000000000
55398  -60.727  -13.364  -26.580 0.0000000000
55399  -61.779  -13.447  -26.670 0.0000000000
55400  -62.688  -13.221  -26.842 0.0000000000
55410  -55.904  -13.558  -27.882 0.0000000000
55411  -56.398  -13.478  -27.227 0.0000000000
55412  -56.833  -13.365  -26.646 0.0000000000
55413  -62.493  -13.931  -26.913 0.0000000000
55429  -56.095  -13.514  -28.598 0.0000000000
55430  -56.701  -13.592  -29.322 0.0000000000
55431  -57.291  -13.248  -29.833 0.0000000000
55432  -57.789  -13.070  -30.140 0.0000000000
55451  -57.230  -13.942  -29.850 0.0000000000
55452  -57.732  -13.727  -30.236 0.0000000000
55453  -58.440  -13.391  -30.375 0.0000000000
56660  -58.118  -12.517  -26.378 0.0000000000
56661  -59.193  -12.482  -26.386 0.0000000000
56662  -60.250  -12.457  -26.468 0.0000000000
56663  -61.294  -12.461  -26.539 0.0000000000
56664  -62.340  -12.461  -26.621 0.0000000000
56677  -55.981  -12.347  -27.491 0.0000000000
56678  -56.476  -12.545  -26.808 0.0000000000
56679  -57.168  -12.564  -26.451 0.0000000000
56697  -55.885  -12.575  -28.342 0.0000000000
56698  -56.358  -12.660  -29.039 0.0000000000
56699  -56.969  -12.675  -29.501 0.0000000000
56700  -57.503  -12.566  -29.826 0.0000000000
56717  -58.109  -12.533  -30.171 0.0000000000
58043  -57.544  -11.450  -26.353 0.0000000000
58044  -58.688  -11.495  -26.342 0.0000000000
58045  -59.766  -11.504  -26.370 0.0000000000
58046  -60.817  -11.508  -26.452 0.0000000000
58047  -61.863  -11.519  -26.470 0.0000000000
58066  -55.813  -11.083  -27.433 0.0000000000
58067  -56.184  -11.559  -26.857 0.0000000000
58068  -56.766  -11.824  -26.530 0.0000000000
58088  -55.774  -11.513  -28.159 0.0000000000
58089  -56.210  -11.771  -28.796 0.0000000000
58090  -56.866  -11.839  -29.360 0.0000000000
58091  -57.247  -12.204  -29.593 0.0000000000
58102  -57.176  -11.487  -29.511 0.0000000000
58103  -57.608  -11.768  -29.734 0.0000000000
59179  -56.625  -9.981  -26.596 0.0000000000
59180  -57.320  -10.295  -26.339 0.0000000000
59181  -58.261  -10.478  -26.304 0.0000000000
59182  -59.299  -10.531  -26.384 0.0000000000
59183  -60.351  -10.543  -26.400 0.0000000000
59184  -61.384  -10.555  -26.460 0.0000000000
59185  -62.401  -10.569  -26.520 0.0000000000
59204  -55.749  -10.044  -27.391 0.0000000000
59205  -56.117  -10.499  -26.891 0.0000000000
59206  -56.702  -10.937  -26.515 0.0000000000
59227  -55.578  -10.479  -28.028 0.0000000000
59228  -56.132  -10.719  -28.779 0.0000000000
59229  -56.521  -11.301  -29.117 0.0000000000
59246  -56.490  -10.238  -29.192 0.0000000000
59247  -57.037  -10.883  -29.451 0.0000000000
60200  -56.588  -9.361  -26.604 0.0000000000
60201  -57.066  -9.413  -26.405 0.0000000000
60202  -57.904  -9.516  -26.297 0.0000000000
60203  -58.867  -9.577  -26.407 0.0000000000
60204  -59.892  -9.578  -26.430 0.0000000000
60205  -60.929  -9.580  -26.455 0.0000000000
60206  -61.944  -9.610  -26.509 0.0000000000
60224  -55.713  -9.355  -27.367 0.0000000000
60225  -56.066  -9.380  -26.887 0.0000000000
60243  -55.538  -9.459  -27.889 0.0000000000
60244  -55.744  -9.915  -28.440 0.0000000000
60263  -55.681  -9.280  -28.482 0.0000000000
60264  -56.077  -9.630  -28.986 0.0000000000
60265  -56.781  -9.723  -29.532 0.0000000000
60266  -57.476  -10.088  -29.868 0.0000000000
60284  -57.269  -9.422  -29.923 0.0000000000
61257  -56.645  -8.668  -26.609 0.0000000000
61258  -57.520  -8.696  -26.443 0.0000000000
61259  -58.436  -8.698  -26.453 0.0000000000
61260  -59.425  -8.663  -26.505 0.0000000000
61261  -60.471  -8.592  -26.531 0.0000000000
61262  -61.511  -8.626  -26.596 0.0000000000
61263  -62.495  -8.718  -26.641 0.0000000000
61281  -55.710  -8.543  -27.373 0.0000000000
61282  -56.125  -8.614  -26.895 0.0000000000
61300  -55.560  -8.592  -28.234 0.0000000000
61319  -55.769  -8.811  -28.838 0.0000000000
61320  -56.286  -8.704  -29.498 0.0000000000
61321  -56.859  -9.114  -29.784 0.0000000000
61338  -56.493  -8.157  -29.874 0.0000000000
61339  -57.134  -8.611  -30.125 0.0000000000
62445  -56.692  -8.037  -26.675 0.0000000000
62446  -57.164  -8.016  -26.581 0.0000000000
62447  -57.982  -7.933  -26.581 0.0000000000
62448  -58.928  -7.864  -26.681 0.0000000000
62449  -59.936  -7.715  -26.657 0.0000000000
62450  -61.094  -7.466  -26.816 0.0000000000
62451  -62.104  -7.868  -26.870 0.0000000000
62470  -55.877  -7.477  -27.324 0.0000000000
62471  -56.281  -7.935  -26.876 0.0000000000
62472  -61.946  -7.155  -27.189 0.0000000000
62490  -55.428  -7.620  -27.939 0.0000000000
62509  -55.596  -7.839  -28.899 0.0000000000
62510  -56.020  -7.691  -29.686 0.0000000000
62528  -56.592  -7.641  -30.181 0.0000000000
62529  -57.479  -7.667  -30.751 0.0000000000
62546  -57.708  -7.206  -31.191 0.0000000000
63853  -56.808  -7.584  -26.730 0.0000000000
63854  -57.462  -7.288  -26.756 0.0000000000
63855  -58.412  -7.159  -26.897 0.0000000000
63856  -59.379  -7.055  -26.997 0.0000000000
63857  -60.297  -6.875  -26.968 0.0000000000
63858  -60.886  -6.737  -27.091 0.0000000000
63877  -55.743  -6.616  -27.635 0.0000000000
63878  -56.667  -6.788  -27.093 0.0000000000
63879  -57.871  -6.478  -27.119 0.0000000000
63880  -58.886  -6.403  -27.291 0.0000000000
63881  -59.818  -6.297  -27.299 0.0000000000
63882  -60.658  -6.231  -27.351 0.0000000000
63883  -61.478  -6.477  -27.341 0.0000000000
63884  -62.425  -6.564  -27.426 0.0000000000
63905  -55.373  -6.698  -28.446 0.0000000000
63924  -55.570  -6.702  -29.420 0.0000000000
63925  -56.073  -7.021  -29.987 0.0000000000
63942  -55.815  -6.416  -30.083 0.0000000000
63943  -56.467  -6.682  -30.576 0.0000000000
63944  -57.267  -6.869  -31.024 0.0000000000
63960  -56.905  -6.221  -31.147 0.0000000000
63961  -57.723  -6.593  -31.509 0.0000000000
65262  -56.406  -5.578  -27.633 0.0000000000
65263  -57.435  -5.702  -27.428 0.0000000000
65264  -58.472  -5.676  -27.482 0.0000000000
65265  -59.426  -5.644  -27.544 0.0000000000
65266  -60.282  -5.606  -27.576 0.0000000000
65267  -61.210  -5.413  -27.674 0.0000000000
65268  -62.186  -5.763  -27.634 0.0000000000
65297  -55.681  -5.826  -28.114 0.0000000000
65298  -61.518  -4.813  -27.980 0.0000000000
65299  -62.085  -4.996  -27.933 0.0000000000
65327  -55.267  -5.654  -28.800 0.0000000000
65349  -55.455  -5.535  -29.903 0.0000000000
65350  -55.841  -6.061  -30.408 0.0000000000
65364  -55.363  -4.977  -30.444 0.0000000000
65365  -55.901  -5.538  -30.976 0.0000000000
65366  -57.194  -5.424  -31.668 0.0000000000
65367  -57.980  -6.031  -31.903 0.0000000000
65382  -57.592  -4.858  -32.060 0.0000000000
65383  -58.369  -5.382  -32.258 0.0000000000
66598  -56.590  -4.794  -27.788 0.0000000000
66599  -57.227  -4.856  -27.620 0.0000000000
66600  -58.157  -4.961  -27.789 0.0000000000
66601  -59.118  -4.987  -27.856 0.0000000000
66602  -60.017  -5.002  -27.802 0.0000000000
66603  -60.600  -5.115  -27.773 0.0000000000
66631  -55.963  -4.665  -28.180 0.0000000000
66632  -56.991  -4.222  -27.972 0.0000000000
66633  -57.925  -4.255  -28.062 0.0000000000
66634  -58.868  -4.319  -28.208 0.0000000000
66635  -59.825  -4.417  -28.311 0.0000000000
66636  -60.908  -4.553  -28.140 0.0000000000
66637  -61.929  -4.374  -28.247 0.0000000000
66668  -55.160  -4.530  -29.046 0.0000000000
66697  -55.120  -4.394  -29.990 0.0000000000
66721  -55.321  -4.355  -30.810 0.0000000000
66722  -56.077  -4.300  -31.617 0.0000000000
66723  -57.037  -4.482  -32.004 0.0000000000
66745  -56.676  -3.606  -32.209 0.0000000000
66746  -57.753  -4.155  -32.412 0.0000000000
67951  -55.860  -3.602  -28.715 0.0000000000
67952  -56.784  -3.615  -28.454 0.0000000000
67953  -57.749  -3.573  -28.358 0.0000000000
67954  -58.657  -3.639  -28.409 0.0000000000
67955  -59.576  -3.617  -28.554 0.0000000000
67956  -60.561  -3.715  -28.591 0.0000000000
67957  -61.701  -3.616  -28.557 0.0000000000
67988  -55.284  -3.481  -29.385 0.0000000000
67989  -59.687  -3.054  -28.662 0.0000000000
67990  -60.241  -3.023  -28.763 0.0000000000
67991  -61.193  -2.972  -28.845 0.0000000000
68021  -55.082  -3.382  -30.256 0.0000000000
68045  -55.289  -3.326  -31.158 0.0000000000
68046  -55.835  -3.062  -31.832 0.0000000000
68074  -56.314  -2.586  -32.362 0.0000000000
68075  -57.324  -2.872  -32.744 0.0000000000
68076  -58.379  -3.436  -32.986 0.0000000000
68092  -58.110  -2.571  -33.200 0.0000000000
69198  -55.888  -2.827  -29.057 0.0000000000
69199  -56.660  -2.811  -28.797 0.0000000000
69200  -57.624  -2.832  -28.647 0.0000000000
69201  -58.583  -2.930  -28.568 0.0000000000
69202  -59.245  -3.125  -28.573 0.0000000000
69203  -62.046  -2.847  -28.820 0.0000000000
69227  -55.577  -2.394  -29.650 0.0000000000
69228  -56.510  -2.115  -29.209 0.0000000000
69229  -57.496  -2.087  -29.057 0.0000000000
69230  -58.531  -2.173  -28.973 0.0000000000
69231  -59.644  -2.423  -28.833 0.0000000000
69232  -60.838  -2.272  -28.961 0.0000000000
69233  -61.849  -2.244  -29.019 0.0000000000
69260  -55.187  -2.371  -30.541 0.0000000000
69286  -55.395  -2.282  -31.354 0.0000000000
69287  -55.649  -2.125  -32.039 0.0000000000
69319  -55.996  -1.845  -32.422 0.0000000000
69320  -56.646  -1.863  -32.710 0.0000000000
69346  -57.540  -1.731  -33.161 0.0000000000
69347  -58.452  -1.918  -33.594 0.0000000000
70486  -55.567  -1.467  -30.061 0.0000000000
70487  -56.307  -1.381  -29.544 0.0000000000
70488  -57.307  -1.305  -29.368 0.0000000000
70489  -58.371  -1.334  -29.345 0.0000000000
70490  -59.438  -1.480  -29.326 0.0000000000
70491  -60.522  -1.517  -29.243 0.0000000000
70492  -61.595  -1.489  -29.220 0.0000000000
70493  -62.650  -1.534  -29.274 0.0000000000
70517  -55.294  -1.446  -30.828 0.0000000000
70545  -55.364  -1.309  -31.652 0.0000000000
70546  -55.661  -1.469  -32.195 0.0000000000
70570  -55.505  -0.916  -32.159 0.0000000000
70571  -56.023  -1.087  -32.547 0.0000000000
70572  -56.812  -0.958  -32.931 0.0000000000
70595  -57.411  -0.803  -33.310 0.0000000000
70596  -58.064  -1.023  -33.601 0.0000000000
70597  -58.829  -1.170  -34.077 0.0000000000
71793  -55.611  -0.832  -30.412 0.0000000000
71794  -56.181  -0.600  -29.917 0.0000000000
71795  -57.046  -0.595  -29.579 0.0000000000
71796  -58.124  -0.355  -29.560 0.0000000000
71797  -59.233  -0.598  -29.534 0.0000000000
71798  -60.272  -0.687  -29.510 0.0000000000
71799  -61.324  -0.696  -29.425 0.0000000000
71800  -62.401  -0.708  -29.442 0.0000000000
71801  -63.508  -0.742  -29.471 0.0000000000
71820  -55.459  -0.473  -30.995 0.0000000000
71821  -55.893  -0.275  -30.425 0.0000000000
71822  -58.475  0.319  -29.680 0.0000000000
71823  -59.085  0.206  -29.631 0.0000000000
71824  -60.019  0.138  -29.626 0.0000000000
71825  -61.031  0.127  -29.507 0.0000000000
71826  -62.103  0.106  -29.614 0.0000000000
71827  -63.210  0.105  -29.655 0.0000000000
71851  -55.365  -0.373  -31.775 0.0000000000
71877  -55.689  -0.275  -32.309 0.0000000000
71878  -56.260  -0.167  -32.784 0.0000000000
71879  -56.950  -0.081  -33.273 0.0000000000
71902  -57.703  -0.170  -33.599 0.0000000000
71903  -58.430  -0.270  -33.925 0.0000000000
71904  -59.240  -0.284  -34.312 0.0000000000
73118  -56.342  0.067  -30.174 0.0000000000
73119  -56.925  0.032  -29.809 0.0000000000
73120  -57.489  -0.087  -29.680 0.0000000000
73136  -55.558  0.324  -31.391 0.0000000000
73137  -55.973  0.448  -30.664 0.0000000000
73138  -56.768  0.704  -30.116 0.0000000000
73139  -57.793  0.582  -29.783 0.0000000000
73140  -58.807  0.856  -29.844 0.0000000000
73141  -59.716  0.897  -29.826 0.0000000000
73142  -60.683  0.940  -29.710 0.0000000000
73143  -61.735  0.938  -29.794 0.0000000000
73144  -62.833  0.925  -29.939 0.0000000000
73145  -63.990  0.929  -30.017 0.0000000000
73160  -55.483  0.359  -31.970 0.0000000000
73179  -55.887  0.533  -32.448 0.0000000000
73180  -56.409  0.903  -33.090 0.0000000000
73181  -57.384  0.820  -33.529 0.0000000000
73182  -58.079  1.078  -33.769 0.0000000000
73206  -58.079  0.420  -33.742 0.0000000000
73207  -58.713  0.684  -34.121 0.0000000000
73208  -59.667  0.654  -34.412 0.0000000000
74526  -55.620  0.727  -31.670 0.0000000000
74527  -55.852  1.169  -31.317 0.0000000000
74528  -56.466  1.396  -30.612 0.0000000000
74529  -57.359  1.493  -30.201 0.0000000000
74530  -58.336  1.544  -30.035 0.0000000000
74531  -59.301  1.596  -30.113 0.0000000000
74532  -60.267  1.637  -30.127 0.0000000000
74533  -61.273  1.689  -30.103 0.0000000000
74534  -62.349  1.713  -30.207 0.0000000000
74535  -63.488  1.765  -30.266 0.0000000000
74536  -64.699  1.821  -30.327 0.0000000000
74552  -55.675  1.063  -32.002 0.0000000000
74553  -56.145  1.908  -31.935 0.0000000000
74570  -56.078  1.285  -32.447 0.0000000000
74571  -56.403  1.997  -32.745 0.0000000000
74572  -56.899  1.841  -33.411 0.0000000000
74573  -57.681  1.770  -33.707 0.0000000000
74591  -58.435  1.707  -34.004 0.0000000000
74592  -59.208  1.565  -34.354 0.0000000000
74593  -60.016  1.543  -34.625 0.0000000000
75871  -56.347  1.949  -31.182 0.0000000000
75872  -57.017  2.279  -30.727 0.0000000000
75873  -57.883  2.264  -30.364 0.0000000000
75874  -58.796  2.314  -30.357 0.0000000000
75875  -59.758  2.369  -30.382 0.0000000000
75876  -60.743  2.444  -30.307 0.0000000000
75877  -61.776  2.497  -30.387 0.0000000000
75878  -62.878  2.582  -30.432 0.0000000000
75879  -64.032  2.657  -30.596 0.0000000000
75891  -56.655  2.764  -31.457 0.0000000000
75892  -57.215  2.912  -31.069 0.0000000000
75908  -56.508  2.912  -32.304 0.0000000000
75909  -56.808  2.956  -33.165 0.0000000000
75910  -57.315  2.497  -33.614 0.0000000000
75929  -57.373  3.192  -33.680 0.0000000000
75930  -57.950  2.681  -34.066 0.0000000000
75931  -58.830  2.463  -34.353 0.0000000000
75932  -59.585  2.369  -34.557 0.0000000000
75955  -52.050  3.185  -35.448 0.0000000000
75956  -52.364  2.994  -35.245 0.0000000000
75957  -53.047  2.669  -34.945 0.0000000000
75958  -53.948  2.614  -34.593 0.0000000000
75959  -54.876  2.840  -34.503 0.0000000000
75960  -55.672  3.121  -34.556 0.0000000000
75961  -60.293  2.372  -34.897 0.0000000000
75962  -60.953  2.350  -35.433 0.0000000000
75992  -54.611  2.028  -35.135 0.0000000000
75993  -55.558  2.252  -34.897 0.0000000000
75994  -56.690  2.918  -34.855 0.0000000000
75995  -58.073  2.771  -35.378 0.0000000000
75996  -58.499  2.231  -35.598 0.0000000000
76014  -58.659  3.260  -35.713 0.0000000000
76015  -58.993  2.620  -35.884 0.0000000000
77203  -57.607  2.757  -30.753 0.0000000000
77204  -58.253  2.938  -30.624 0.0000000000
77205  -59.166  3.139  -30.646 0.0000000000
77206  -60.169  3.128  -30.580 0.0000000000
77207  -61.128  3.271  -30.380 0.0000000000
77208  -62.202  3.371  -30.504 0.0000000000
77209  -63.301  3.468  -30.703 0.0000000000
77210  -64.419  3.621  -30.827 0.0000000000
77220  -57.178  3.358  -31.374 0.0000000000
77221  -57.691  3.316  -31.038 0.0000000000
77222  -58.407  3.590  -30.964 0.0000000000
77223  -59.062  3.843  -30.952 0.0000000000
77232  -56.890  3.602  -31.839 0.0000000000
77233  -56.930  3.886  -32.581 0.0000000000
77248  -51.450  3.881  -34.261 0.0000000000
77249  -51.916  3.869  -34.087 0.0000000000
77250  -52.747  3.865  -33.809 0.0000000000
77251  -53.527  3.951  -33.725 0.0000000000
77252  -57.280  3.970  -33.360 0.0000000000
77253  -57.808  3.765  -34.010 0.0000000000
77254  -58.576  3.482  -34.416 0.0000000000
77255  -59.233  3.045  -34.549 0.0000000000
77276  -50.926  3.776  -35.236 0.0000000000
77277  -51.535  3.417  -34.919 0.0000000000
77278  -52.478  3.340  -34.526 0.0000000000
77279  -53.323  3.295  -34.220 0.0000000000
77280  -54.263  3.583  -34.032 0.0000000000
77281  -55.184  3.749  -34.244 0.0000000000
77282  -56.034  3.979  -34.479 0.0000000000
77283  -59.242  3.707  -34.695 0.0000000000
77284  -59.839  3.229  -34.836 0.0000000000
77285  -60.486  3.097  -35.256 0.0000000000
77310  -51.152  3.670  -36.027 0.0000000000
77313  -56.710  4.339  -35.045 0.0000000000
77314  -57.510  3.947  -35.409 0.0000000000
77315  -61.244  3.176  -35.651 0.0000000000
77336  -58.443  3.931  -35.682 0.0000000000
77337  -59.024  3.739  -36.171 0.0000000000
77338  -59.948  3.627  -36.572 0.0000000000
77359  -60.439  4.311  -37.161 0.0000000000
78546  -59.689  3.677  -30.831 0.0000000000
78547  -60.440  3.893  -30.741 0.0000000000
78548  -61.454  4.060  -30.807 0.0000000000
78549  -62.526  4.181  -30.948 0.0000000000
78550  -63.598  4.293  -31.210 0.0000000000
78565  -57.490  3.593  -31.335 0.0000000000
78566  -57.805  3.864  -31.332 0.0000000000
78567  -58.499  4.308  -31.331 0.0000000000
78568  -59.587  4.375  -31.156 0.0000000000
78569  -60.662  4.619  -31.218 0.0000000000
78570  -61.734  4.812  -31.271 0.0000000000
78571  -62.770  4.905  -31.491 0.0000000000
78572  -63.691  5.161  -31.506 0.0000000000
78585  -57.343  3.793  -31.557 0.0000000000
78586  -57.551  4.390  -31.881 0.0000000000
78587  -58.337  4.877  -31.811 0.0000000000
78603  -49.559  4.869  -33.952 0.0000000000
78604  -50.130  4.618  -33.802 0.0000000000
78605  -51.186  4.370  -33.768 0.0000000000
78606  -52.199  4.564  -33.484 0.0000000000
78607  -53.146  4.657  -33.511 0.0000000000
78608  -54.104  4.635  -33.644 0.0000000000
78609  -54.800  4.972  -33.820 0.0000000000
78610  -57.612  4.814  -32.775 0.0000000000
78611  -57.947  4.786  -33.671 0.0000000000
78612  -58.270  4.306  -34.234 0.0000000000
78629  -49.839  4.602  -34.697 0.0000000000
78630  -50.716  4.058  -34.578 0.0000000000
78631  -51.204  3.907  -34.353 0.0000000000
78632  -54.768  4.324  -33.948 0.0000000000
78633  -55.407  4.764  -34.190 0.0000000000
78634  -56.226  5.114  -34.623 0.0000000000
78635  -58.390  4.980  -34.226 0.0000000000
78636  -58.805  4.497  -34.661 0.0000000000
78637  -59.610  4.281  -35.258 0.0000000000
78638  -60.100  3.599  -35.220 0.0000000000
78651  -49.864  4.662  -35.778 0.0000000000
78652  -50.466  4.126  -35.494 0.0000000000
78653  -56.738  5.220  -35.153 0.0000000000
78654  -57.289  4.997  -35.455 0.0000000000
78655  -60.298  4.814  -35.800 0.0000000000
78656  -60.542  3.890  -35.486 0.0000000000
78675  -49.933  4.824  -36.370 0.0000000000
78676  -50.690  4.461  -36.696 0.0000000000
78678  -58.067  4.902  -35.780 0.0000000000
78679  -58.942  4.848  -36.422 0.0000000000
78680  -59.415  4.269  -36.555 0.0000000000
78681  -60.644  5.069  -36.195 0.0000000000
78682  -61.294  4.295  -36.116 0.0000000000
78706  -59.360  5.375  -36.987 0.0000000000
78707  -59.797  4.843  -37.122 0.0000000000
78708  -60.619  4.873  -37.752 0.0000000000
79833  -58.976  4.926  -31.543 0.0000000000
79834  -59.831  5.238  -31.520 0.0000000000
79835  -60.956  5.392  -31.659 0.0000000000
79836  -62.029  5.504  -31.790 0.0000000000
79837  -62.974  5.613  -31.946 0.0000000000
79855  -49.676  5.936  -32.920 0.0000000000
79856  -50.077  5.900  -32.858 0.0000000000
79857  -50.807  5.925  -32.895 0.0000000000
79858  -58.075  4.989  -32.257 0.0000000000
79859  -58.840  5.536  -32.151 0.0000000000
79860  -60.206  5.840  -32.230 0.0000000000
79861  -61.389  5.998  -32.275 0.0000000000
79862  -62.379  6.128  -32.292 0.0000000000
79878  -48.866  5.718  -33.448 0.0000000000
79879  -49.405  5.539  -33.308 0.0000000000
79880  -50.514  5.239  -33.193 0.0000000000
79881  -51.575  5.462  -33.103 0.0000000000
79882  -52.663  5.507  -33.321 0.0000000000
79883  -53.589  5.537  -33.549 0.0000000000
79884  -54.431  5.608  -33.733 0.0000000000
79885  -55.106  5.600  -34.002 0.0000000000
79886  -58.156  5.307  -32.558 0.0000000000
79887  -58.354  5.679  -33.060 0.0000000000
79897  -48.707  5.576  -33.794 0.0000000000
79898  -49.150  5.108  -34.227 0.0000000000
79899  -55.639  5.683  -34.357 0.0000000000
79900  -56.122  5.990  -34.622 0.0000000000
79901  -58.521  5.608  -33.868 0.0000000000
79902  -58.734  5.639  -34.540 0.0000000000
79903  -58.986  5.213  -35.131 0.0000000000
79908  -48.606  5.551  -34.658 0.0000000000
79909  -49.239  5.127  -35.183 0.0000000000
79910  -56.578  5.901  -34.982 0.0000000000
79911  -57.070  5.846  -35.422 0.0000000000
79912  -58.927  6.100  -35.131 0.0000000000
79913  -59.494  5.651  -35.651 0.0000000000
79922  -48.647  5.635  -35.624 0.0000000000
79923  -49.389  5.257  -36.191 0.0000000000
79924  -49.941  5.079  -36.771 0.0000000000
79925  -57.651  5.796  -35.855 0.0000000000
79926  -58.394  5.819  -36.301 0.0000000000
79927  -60.221  5.759  -36.140 0.0000000000
79928  -60.899  5.547  -36.560 0.0000000000
79945  -48.753  5.806  -36.502 0.0000000000
79946  -49.373  5.647  -37.156 0.0000000000
79947  -50.388  5.247  -37.449 0.0000000000
79949  -59.078  5.917  -36.859 0.0000000000
79950  -59.689  5.890  -37.513 0.0000000000
79951  -60.298  5.531  -37.793 0.0000000000
79952  -61.794  5.048  -36.799 0.0000000000
79977  -49.807  5.881  -37.939 0.0000000000
79981  -60.315  6.094  -38.333 0.0000000000
79982  -60.522  5.439  -38.605 0.0000000000
81103  -48.803  6.792  -32.781 0.0000000000
81104  -49.616  6.463  -32.759 0.0000000000
81105  -50.515  6.602  -32.717 0.0000000000
81106  -51.356  6.537  -32.855 0.0000000000
81107  -59.549  6.202  -32.915 0.0000000000
81108  -60.880  6.380  -32.969 0.0000000000
81109  -61.971  6.660  -32.732 0.0000000000
81118  -47.778  6.545  -33.622 0.0000000000
81119  -48.536  6.106  -33.315 0.0000000000
81120  -49.055  6.166  -32.946 0.0000000000
81121  -52.247  6.454  -33.128 0.0000000000
81122  -53.157  6.452  -33.487 0.0000000000
81123  -53.998  6.415  -33.777 0.0000000000
81124  -54.832  6.501  -34.082 0.0000000000
81125  -55.319  6.093  -34.210 0.0000000000
81126  -59.071  6.309  -33.652 0.0000000000
81127  -60.359  6.959  -33.631 0.0000000000
81128  -61.746  7.243  -33.340 0.0000000000
81129  -62.643  7.337  -32.928 0.0000000000
81135  -46.925  6.999  -34.907 0.0000000000
81136  -47.382  6.627  -34.427 0.0000000000
81137  -48.049  5.948  -34.101 0.0000000000
81138  -55.150  7.095  -34.416 0.0000000000
81139  -55.624  6.605  -34.517 0.0000000000
81140  -56.287  6.654  -34.940 0.0000000000
81141  -58.785  6.163  -34.158 0.0000000000
81142  -59.418  6.703  -34.439 0.0000000000
81146  -46.868  7.151  -35.348 0.0000000000
81147  -47.332  6.721  -35.593 0.0000000000
81148  -47.966  6.055  -35.089 0.0000000000
81149  -56.770  6.614  -35.380 0.0000000000
81150  -57.284  6.602  -35.781 0.0000000000
81151  -59.554  6.715  -35.253 0.0000000000
81152  -59.885  6.758  -35.848 0.0000000000
81156  -47.702  6.740  -36.537 0.0000000000
81157  -48.068  6.162  -36.139 0.0000000000
81158  -57.902  6.698  -36.263 0.0000000000
81159  -58.643  6.760  -36.759 0.0000000000
81160  -60.431  6.821  -36.476 0.0000000000
81161  -61.380  6.560  -37.081 0.0000000000
81162  -61.696  7.079  -37.523 0.0000000000
81171  -47.842  6.990  -37.084 0.0000000000
81172  -48.465  6.523  -37.324 0.0000000000
81173  -49.184  6.133  -37.693 0.0000000000
81174  -59.248  6.735  -37.388 0.0000000000
81175  -59.965  6.710  -37.863 0.0000000000
81176  -62.038  5.622  -37.232 0.0000000000
81194  -48.674  6.911  -38.032 0.0000000000
81195  -49.243  6.636  -38.219 0.0000000000
81196  -50.186  6.337  -38.506 0.0000000000
81198  -60.318  6.634  -38.329 0.0000000000
81223  -49.775  6.861  -38.767 0.0000000000
81227  -60.413  6.447  -38.844 0.0000000000
82383  -57.447  8.061  -30.038 0.0000000000
82384  -57.917  7.934  -29.965 0.0000000000
82385  -58.864  7.732  -29.807 0.0000000000
82410  -56.865  8.046  -30.695 0.0000000000
82411  -57.395  7.871  -30.506 0.0000000000
82412  -58.405  7.571  -30.673 0.0000000000
82413  -59.642  7.283  -30.813 0.0000000000
82433  -56.989  7.789  -31.116 0.0000000000
82434  -57.815  7.700  -31.581 0.0000000000
82435  -58.976  7.520  -31.555 0.0000000000
82436  -59.818  7.438  -31.754 0.0000000000
82437  -60.696  7.516  -31.856 0.0000000000
82453  -47.660  7.908  -32.839 0.0000000000
82454  -48.447  7.692  -32.619 0.0000000000
82455  -49.312  7.535  -32.544 0.0000000000
82456  -50.192  7.449  -32.570 0.0000000000
82457  -51.028  7.435  -32.764 0.0000000000
82458  -58.029  7.859  -32.314 0.0000000000
82459  -58.676  7.756  -32.253 0.0000000000
82460  -59.613  7.694  -32.231 0.0000000000
82461  -60.205  7.628  -32.157 0.0000000000
82462  -62.767  8.310  -32.746 0.0000000000
82471  -46.572  7.895  -33.929 0.0000000000
82472  -47.244  7.335  -33.541 0.0000000000
82473  -47.971  6.974  -32.950 0.0000000000
82474  -51.860  7.421  -33.062 0.0000000000
82475  -52.710  7.382  -33.453 0.0000000000
82476  -53.648  7.439  -33.936 0.0000000000
82477  -54.257  6.969  -34.061 0.0000000000
82478  -60.564  7.573  -34.261 0.0000000000
82479  -61.613  7.806  -33.955 0.0000000000
82480  -62.745  8.131  -33.576 0.0000000000
82488  -46.488  7.548  -34.889 0.0000000000
82489  -46.890  7.255  -34.317 0.0000000000
82490  -53.974  8.037  -34.337 0.0000000000
82491  -54.569  7.579  -34.373 0.0000000000
82492  -55.496  7.675  -34.831 0.0000000000
82493  -55.977  7.147  -34.912 0.0000000000
82494  -60.154  7.542  -34.898 0.0000000000
82495  -61.468  8.392  -34.467 0.0000000000
82496  -62.262  8.337  -34.095 0.0000000000
82502  -46.820  7.417  -36.001 0.0000000000
82503  -47.307  7.013  -36.226 0.0000000000
82504  -55.750  8.134  -35.363 0.0000000000
82505  -56.352  7.606  -35.534 0.0000000000
82506  -56.940  7.103  -35.694 0.0000000000
82507  -59.951  7.298  -35.409 0.0000000000
82508  -60.591  7.959  -35.546 0.0000000000
82513  -47.049  7.731  -37.052 0.0000000000
82514  -47.424  7.232  -36.763 0.0000000000
82515  -56.779  8.103  -36.073 0.0000000000
82516  -57.288  7.601  -36.140 0.0000000000
82517  -58.176  7.688  -36.689 0.0000000000
82518  -60.766  8.087  -36.562 0.0000000000
82519  -61.390  8.078  -37.306 0.0000000000
82520  -61.842  7.370  -37.688 0.0000000000
82526  -47.249  7.887  -37.564 0.0000000000
82527  -47.807  7.484  -37.708 0.0000000000
82528  -48.400  7.097  -37.912 0.0000000000
82529  -58.861  7.685  -37.253 0.0000000000
82530  -59.533  7.567  -37.731 0.0000000000
82531  -61.794  8.658  -37.353 0.0000000000
82532  -62.065  7.989  -37.906 0.0000000000
82546  -48.126  7.831  -38.359 0.0000000000
82547  -48.739  7.514  -38.531 0.0000000000
82548  -49.354  7.141  -38.674 0.0000000000
82549  -60.259  7.345  -38.261 0.0000000000
82550  -60.353  7.974  -38.292 0.0000000000
82571  -49.036  7.838  -39.088 0.0000000000
82572  -49.628  7.465  -39.230 0.0000000000
82575  -60.626  6.805  -38.932 0.0000000000
82576  -60.775  7.581  -38.608 0.0000000000
82577  -61.362  7.905  -38.556 0.0000000000
82578  -61.790  8.127  -38.343 0.0000000000
83701  -56.933  8.664  -29.812 0.0000000000
83702  -57.343  8.462  -29.743 0.0000000000
83703  -58.234  8.432  -29.424 0.0000000000
83726  -56.832  8.432  -30.208 0.0000000000
83727  -57.221  8.163  -30.089 0.0000000000
83737  -56.500  8.378  -31.100 0.0000000000
83738  -56.983  8.045  -31.693 0.0000000000
83739  -60.891  7.859  -32.264 0.0000000000
83740  -61.274  7.954  -32.255 0.0000000000
83751  -47.534  8.560  -32.741 0.0000000000
83752  -48.080  8.547  -32.514 0.0000000000
83753  -48.960  8.485  -32.453 0.0000000000
83754  -49.900  8.414  -32.478 0.0000000000
83755  -50.723  8.299  -32.699 0.0000000000
83756  -56.583  8.668  -32.072 0.0000000000
83757  -57.426  8.193  -32.452 0.0000000000
83758  -58.345  8.110  -32.845 0.0000000000
83759  -59.387  8.178  -32.776 0.0000000000
83760  -60.637  8.150  -32.531 0.0000000000
83761  -61.859  8.422  -32.682 0.0000000000
83770  -46.456  8.546  -33.730 0.0000000000
83771  -46.971  8.493  -33.168 0.0000000000
83772  -51.427  8.296  -33.006 0.0000000000
83773  -52.276  8.405  -33.436 0.0000000000
83774  -52.982  8.109  -33.828 0.0000000000
83775  -56.854  8.834  -32.932 0.0000000000
83776  -57.776  8.696  -33.445 0.0000000000
83777  -58.929  8.524  -33.484 0.0000000000
83778  -60.108  8.746  -33.344 0.0000000000
83779  -61.379  8.900  -33.344 0.0000000000
83780  -62.498  8.938  -33.405 0.0000000000
83787  -45.677  8.848  -34.630 0.0000000000
83788  -45.993  8.558  -34.376 0.0000000000
83789  -52.789  8.766  -33.997 0.0000000000
83790  -53.451  8.548  -34.342 0.0000000000
83791  -54.243  8.600  -34.669 0.0000000000
83792  -54.897  8.326  -34.755 0.0000000000
83793  -58.510  8.926  -34.028 0.0000000000
83794  -59.462  8.976  -34.130 0.0000000000
83795  -60.673  9.238  -34.062 0.0000000000
83796  -61.923  9.375  -34.188 0.0000000000
83797  -62.563  8.791  -34.154 0.0000000000
83803  -45.546  8.691  -35.037 0.0000000000
83804  -46.038  8.082  -35.480 0.0000000000
83805  -54.694  8.908  -34.999 0.0000000000
83806  -55.287  8.705  -35.287 0.0000000000
83807  -55.889  8.601  -35.758 0.0000000000
83808  -61.602  9.098  -34.960 0.0000000000
83809  -61.706  9.462  -35.387 0.0000000000
83817  -45.593  8.644  -36.011 0.0000000000
83818  -46.254  8.077  -36.592 0.0000000000
83819  -56.424  8.591  -36.101 0.0000000000
83820  -57.105  8.700  -36.419 0.0000000000
83821  -57.757  8.412  -36.646 0.0000000000
83822  -61.286  8.802  -35.687 0.0000000000
83823  -61.711  9.144  -36.136 0.0000000000
83824  -62.166  9.438  -36.325 0.0000000000
83830  -45.555  8.666  -37.195 0.0000000000
83831  -46.740  8.294  -37.682 0.0000000000
83832  -47.370  7.991  -37.847 0.0000000000
83833  -57.684  9.102  -36.847 0.0000000000
83834  -58.384  8.975  -37.328 0.0000000000
83835  -59.162  8.476  -37.596 0.0000000000
83836  -61.733  9.052  -36.875 0.0000000000
83837  -62.151  9.338  -37.167 0.0000000000
83846  -46.008  8.800  -38.107 0.0000000000
83847  -46.728  8.868  -38.677 0.0000000000
83848  -47.680  8.273  -38.443 0.0000000000
83849  -48.341  8.068  -38.677 0.0000000000
83850  -59.127  9.621  -37.924 0.0000000000
83851  -59.779  8.554  -37.888 0.0000000000
83852  -60.141  8.172  -38.168 0.0000000000
83862  -46.923  9.200  -39.211 0.0000000000
83863  -47.527  8.990  -39.184 0.0000000000
83864  -48.751  8.487  -39.492 0.0000000000
83867  -59.203  10.285  -38.322 0.0000000000
83868  -59.652  9.810  -38.024 0.0000000000
83869  -60.264  8.859  -38.197 0.0000000000
83870  -60.869  8.717  -38.619 0.0000000000
83871  -61.532  8.746  -38.489 0.0000000000
83886  -48.939  9.002  -40.461 0.0000000000
84966  -55.915  9.957  -29.900 0.0000000000
84967  -56.759  9.225  -29.615 0.0000000000
84968  -57.654  9.123  -29.210 0.0000000000
84986  -55.686  9.912  -30.869 0.0000000000
84987  -56.214  9.147  -30.500 0.0000000000
84998  -55.719  10.069  -31.778 0.0000000000
84999  -56.063  9.263  -31.490 0.0000000000
85010  -47.563  9.327  -32.723 0.0000000000
85011  -48.526  9.366  -32.503 0.0000000000
85012  -49.516  9.359  -32.491 0.0000000000
85013  -50.603  9.331  -32.726 0.0000000000
85014  -51.101  8.833  -32.871 0.0000000000
85015  -55.901  10.315  -32.271 0.0000000000
85016  -56.264  9.709  -32.553 0.0000000000
85027  -45.834  9.764  -33.897 0.0000000000
85028  -46.392  9.276  -33.579 0.0000000000
85029  -46.988  9.305  -33.095 0.0000000000
85030  -51.034  9.814  -33.053 0.0000000000
85031  -51.536  9.358  -33.260 0.0000000000
85032  -52.361  9.368  -33.883 0.0000000000
85033  -57.004  9.549  -33.518 0.0000000000
85034  -57.827  9.449  -34.229 0.0000000000
85044  -44.950  9.957  -35.029 0.0000000000
85045  -45.528  9.313  -34.537 0.0000000000
85046  -45.892  9.209  -34.043 0.0000000000
85047  -52.924  9.415  -34.427 0.0000000000
85048  -53.773  9.571  -34.952 0.0000000000
85049  -54.339  9.194  -34.996 0.0000000000
85050  -58.699  9.346  -34.581 0.0000000000
85051  -59.674  9.728  -34.765 0.0000000000
85052  -61.027  9.651  -34.624 0.0000000000
85053  -61.631  9.574  -34.651 0.0000000000
85054  -62.914  10.317  -34.931 0.0000000000
85055  -63.087  10.270  -34.479 0.0000000000
85061  -44.683  9.656  -35.755 0.0000000000
85062  -45.189  9.222  -35.439 0.0000000000
85063  -54.138  10.162  -35.406 0.0000000000
85064  -54.667  9.668  -35.395 0.0000000000
85065  -55.575  9.613  -35.986 0.0000000000
85066  -56.071  9.084  -36.112 0.0000000000
85067  -59.624  10.133  -35.242 0.0000000000
85068  -60.325  10.216  -35.023 0.0000000000
85069  -61.456  9.939  -35.034 0.0000000000
85070  -62.345  9.991  -35.321 0.0000000000
85071  -63.111  10.189  -34.871 0.0000000000
85078  -44.463  9.800  -36.458 0.0000000000
85079  -45.001  9.186  -36.343 0.0000000000
85080  -55.976  10.271  -36.398 0.0000000000
85081  -56.490  9.616  -36.462 0.0000000000
85082  -57.258  9.518  -36.748 0.0000000000
85083  -62.338  9.602  -35.822 0.0000000000
85084  -62.725  9.881  -35.869 0.0000000000
85090  -44.343  9.957  -37.125 0.0000000000
85091  -44.819  9.426  -37.188 0.0000000000
85092  -57.747  9.895  -37.297 0.0000000000
85093  -58.204  9.855  -37.684 0.0000000000
85094  -62.504  9.983  -36.948 0.0000000000
85102  -44.482  9.836  -37.822 0.0000000000
85103  -45.260  9.315  -38.114 0.0000000000
85104  -45.957  9.202  -38.658 0.0000000000
85105  -58.063  10.495  -38.024 0.0000000000
85106  -58.579  10.145  -38.045 0.0000000000
85107  -62.654  9.540  -37.602 0.0000000000
85115  -44.671  9.853  -38.685 0.0000000000
85116  -45.438  9.563  -39.055 0.0000000000
85117  -46.322  9.401  -39.340 0.0000000000
85118  -47.080  9.403  -39.690 0.0000000000
85119  -47.818  9.224  -39.851 0.0000000000
85120  -58.381  10.774  -38.864 0.0000000000
85121  -58.852  10.668  -38.843 0.0000000000
85122  -59.434  10.653  -38.714 0.0000000000
85123  -59.895  10.137  -38.303 0.0000000000
85124  -60.460  9.677  -38.379 0.0000000000
85125  -61.065  9.435  -38.572 0.0000000000
85138  -44.759  9.804  -39.597 0.0000000000
85139  -45.584  9.592  -39.953 0.0000000000
85140  -46.444  9.564  -40.246 0.0000000000
85141  -47.309  9.511  -40.470 0.0000000000
85142  -48.284  9.327  -40.562 0.0000000000
85144  -58.150  10.075  -39.508 0.0000000000
85145  -58.790  9.900  -39.428 0.0000000000
85146  -59.464  10.371  -39.187 0.0000000000
85147  -60.076  10.426  -38.490 0.0000000000
85148  -60.834  10.151  -38.491 0.0000000000
85149  -61.642  9.651  -38.443 0.0000000000
85167  -44.888  9.883  -40.518 0.0000000000
85168  -45.718  9.672  -40.873 0.0000000000
85169  -46.590  9.498  -41.160 0.0000000000
85170  -47.524  9.471  -41.370 0.0000000000
85175  -58.198  9.419  -40.058 0.0000000000
85176  -59.131  9.625  -39.937 0.0000000000
85177  -59.777  10.311  -39.441 0.0000000000
85178  -60.438  10.741  -38.755 0.0000000000
85195  -44.971  9.918  -41.473 0.0000000000
85196  -45.766  9.455  -41.840 0.0000000000
85197  -46.731  9.349  -42.140 0.0000000000
85198  -47.728  9.416  -42.332 0.0000000000
85213  -44.930  9.782  -42.503 0.0000000000
85214  -45.866  9.590  -42.923 0.0000000000
85215  -46.907  9.536  -43.187 0.0000000000
85235  -44.879  9.808  -43.711 0.0000000000
85236  -45.946  9.431  -44.144 0.0000000000
85259  -43.801  9.946  -46.240 0.0000000000
85260  -44.630  9.712  -45.309 0.0000000000
86303  -55.576  10.705  -31.260 0.0000000000
86311  -47.584  9.898  -32.837 0.0000000000
86312  -48.057  10.231  -32.740 0.0000000000
86313  -49.021  10.171  -32.590 0.0000000000
86314  -50.033  10.315  -32.652 0.0000000000
86315  -50.704  10.744  -32.892 0.0000000000
86316  -55.741  10.788  -32.002 0.0000000000
86317  -56.131  10.728  -32.611 0.0000000000
86328  -45.848  10.159  -33.882 0.0000000000
86329  -46.211  10.293  -33.713 0.0000000000
86330  -47.165  10.108  -33.167 0.0000000000
86331  -47.748  10.692  -33.142 0.0000000000
86332  -50.734  10.130  -32.914 0.0000000000
86333  -51.319  10.428  -33.174 0.0000000000
86334  -52.229  10.387  -33.771 0.0000000000
86335  -52.829  11.050  -34.037 0.0000000000
86336  -56.596  10.517  -33.334 0.0000000000
86337  -57.212  10.385  -34.167 0.0000000000
86349  -44.726  10.839  -34.812 0.0000000000
86350  -45.586  10.396  -34.188 0.0000000000
86351  -46.010  10.651  -33.914 0.0000000000
86352  -52.545  9.896  -34.264 0.0000000000
86353  -52.986  10.441  -34.654 0.0000000000
86354  -58.183  10.216  -35.180 0.0000000000
86355  -59.190  10.020  -35.371 0.0000000000
86356  -63.060  10.294  -34.717 0.0000000000
86357  -63.289  10.223  -34.634 0.0000000000
86367  -43.890  11.108  -36.216 0.0000000000
86368  -44.335  10.445  -35.717 0.0000000000
86369  -53.761  10.610  -35.325 0.0000000000
86370  -54.432  10.714  -35.965 0.0000000000
86371  -54.994  10.212  -35.938 0.0000000000
86372  -58.227  10.833  -35.846 0.0000000000
86373  -59.280  10.543  -35.908 0.0000000000
86374  -60.682  10.512  -35.516 0.0000000000
86375  -61.628  10.654  -35.528 0.0000000000
86376  -62.500  10.544  -35.533 0.0000000000
86377  -62.983  10.248  -35.077 0.0000000000
86385  -43.666  11.030  -37.064 0.0000000000
86386  -44.116  10.458  -36.673 0.0000000000
86387  -54.799  11.221  -36.413 0.0000000000
86388  -55.360  10.793  -36.429 0.0000000000
86389  -56.427  10.944  -36.922 0.0000000000
86390  -57.152  10.285  -36.870 0.0000000000
86395  -62.776  10.373  -36.127 0.0000000000
86403  -43.325  10.745  -37.865 0.0000000000
86404  -43.956  10.357  -37.470 0.0000000000
86405  -56.786  11.529  -37.478 0.0000000000
86406  -57.361  11.070  -37.652 0.0000000000
86417  -43.403  10.686  -38.750 0.0000000000
86418  -43.952  10.247  -38.302 0.0000000000
86419  -57.918  11.190  -38.647 0.0000000000
86427  -43.461  10.668  -39.647 0.0000000000
86428  -44.088  10.283  -39.186 0.0000000000
86429  -57.801  10.748  -39.482 0.0000000000
86440  -42.835  10.933  -41.040 0.0000000000
86441  -43.486  10.595  -40.573 0.0000000000
86442  -44.127  10.204  -40.103 0.0000000000
86443  -57.766  10.264  -40.128 0.0000000000
86461  -42.900  10.774  -41.817 0.0000000000
86462  -43.489  10.514  -41.476 0.0000000000
86463  -44.202  10.240  -41.033 0.0000000000
86464  -58.510  10.199  -40.355 0.0000000000
86485  -42.665  10.849  -42.518 0.0000000000
86486  -43.370  10.458  -42.384 0.0000000000
86487  -44.166  10.169  -41.996 0.0000000000
86499  -42.498  10.939  -43.100 0.0000000000
86500  -43.062  10.583  -43.435 0.0000000000
86501  -43.943  9.931  -43.048 0.0000000000
86513  -43.208  10.664  -44.325 0.0000000000
86514  -43.866  10.206  -44.311 0.0000000000
86528  -42.778  10.799  -45.687 0.0000000000
86529  -43.264  10.490  -45.344 0.0000000000
86530  -43.889  10.060  -44.985 0.0000000000
86547  -42.704  10.782  -46.165 0.0000000000
86548  -43.270  10.391  -46.668 0.0000000000
87636  -48.694  10.675  -32.786 0.0000000000
87637  -49.295  10.964  -32.799 0.0000000000
87638  -50.217  11.390  -32.845 0.0000000000
87639  -51.213  11.447  -32.917 0.0000000000
87640  -52.007  11.767  -32.975 0.0000000000
87648  -46.770  10.684  -33.603 0.0000000000
87649  -47.358  11.129  -33.538 0.0000000000
87650  -48.406  11.258  -33.194 0.0000000000
87651  -49.399  11.838  -33.115 0.0000000000
87652  -50.087  12.188  -33.001 0.0000000000
87653  -51.849  11.103  -33.282 0.0000000000
87654  -52.544  11.471  -33.463 0.0000000000
87655  -53.204  11.627  -33.755 0.0000000000
87656  -53.756  11.814  -34.021 0.0000000000
87666  -44.778  11.451  -34.866 0.0000000000
87667  -45.371  11.330  -34.551 0.0000000000
87668  -46.334  11.196  -34.025 0.0000000000
87669  -47.177  11.870  -33.980 0.0000000000
87670  -53.344  11.321  -34.392 0.0000000000
87671  -53.963  11.807  -34.722 0.0000000000
87681  -43.935  11.631  -36.079 0.0000000000
87682  -44.263  11.547  -35.450 0.0000000000
87683  -53.536  11.177  -35.007 0.0000000000
87684  -54.083  11.608  -35.608 0.0000000000
87695  -43.613  11.716  -36.580 0.0000000000
87696  -54.524  11.636  -36.334 0.0000000000
87697  -55.155  11.750  -36.648 0.0000000000
87698  -55.794  11.592  -36.900 0.0000000000
87712  -42.850  11.951  -37.993 0.0000000000
87713  -43.089  11.770  -37.575 0.0000000000
87714  -55.726  12.235  -36.995 0.0000000000
87715  -56.399  12.112  -37.450 0.0000000000
87716  -57.010  11.876  -37.788 0.0000000000
87731  -42.667  11.924  -38.467 0.0000000000
87732  -42.951  11.201  -38.336 0.0000000000
87741  -42.390  11.853  -39.597 0.0000000000
87742  -42.899  11.208  -39.145 0.0000000000
87752  -42.298  11.648  -40.635 0.0000000000
87753  -42.882  11.143  -40.106 0.0000000000
87772  -41.578  12.012  -42.064 0.0000000000
87773  -42.296  11.355  -41.698 0.0000000000
87791  -41.513  11.916  -43.148 0.0000000000
87792  -42.124  11.353  -42.705 0.0000000000
87806  -41.601  11.823  -44.198 0.0000000000
87807  -42.347  11.223  -43.731 0.0000000000
87808  -42.843  10.845  -44.010 0.0000000000
87816  -41.725  11.840  -45.167 0.0000000000
87817  -42.328  11.412  -44.707 0.0000000000
87818  -42.794  10.950  -44.525 0.0000000000
87829  -41.658  11.734  -46.103 0.0000000000
87830  -42.452  11.208  -45.602 0.0000000000
87831  -42.747  11.057  -45.047 0.0000000000
87842  -41.509  11.620  -46.981 0.0000000000
87843  -42.168  11.275  -46.591 0.0000000000
88887  -50.746  12.196  -32.843 0.0000000000
88888  -51.549  12.569  -32.885 0.0000000000
88889  -52.668  12.450  -33.031 0.0000000000
88890  -53.306  12.816  -32.999 0.0000000000
88899  -47.892  12.037  -33.742 0.0000000000
88900  -48.748  12.496  -33.677 0.0000000000
88901  -49.661  12.661  -33.352 0.0000000000
88902  -50.448  12.774  -33.133 0.0000000000
88903  -50.971  12.749  -32.990 0.0000000000
88904  -53.019  11.960  -33.389 0.0000000000
88905  -53.621  12.344  -33.368 0.0000000000
88906  -54.365  12.380  -34.083 0.0000000000
88914  -44.986  12.030  -34.935 0.0000000000
88915  -45.925  12.013  -34.701 0.0000000000
88916  -46.778  12.191  -34.456 0.0000000000
88917  -47.618  12.625  -34.369 0.0000000000
88918  -48.164  12.626  -34.006 0.0000000000
88919  -54.768  12.673  -35.147 0.0000000000
88929  -43.967  12.147  -36.084 0.0000000000
88930  -44.609  12.602  -35.731 0.0000000000
88931  -45.582  12.629  -35.326 0.0000000000
88932  -46.559  12.630  -35.065 0.0000000000
88933  -47.137  12.649  -34.775 0.0000000000
88934  -54.653  12.366  -36.128 0.0000000000
88945  -43.563  12.673  -36.690 0.0000000000
88946  -44.107  12.703  -36.200 0.0000000000
88947  -54.851  12.105  -36.505 0.0000000000
88948  -55.347  12.609  -36.628 0.0000000000
88961  -42.857  12.200  -37.959 0.0000000000
88962  -43.096  12.697  -37.573 0.0000000000
88981  -42.772  12.707  -38.249 0.0000000000
88982  -43.063  13.283  -37.923 0.0000000000
88998  -42.459  12.732  -39.094 0.0000000000
89008  -41.714  13.046  -40.858 0.0000000000
89009  -42.009  12.801  -40.345 0.0000000000
89029  -41.465  12.837  -41.329 0.0000000000
89030  -41.857  12.098  -41.179 0.0000000000
89049  -40.746  13.308  -42.993 0.0000000000
89050  -40.903  12.953  -42.565 0.0000000000
89065  -40.670  13.248  -43.406 0.0000000000
89066  -40.935  12.501  -43.709 0.0000000000
89078  -40.597  13.124  -44.314 0.0000000000
89079  -41.095  12.434  -44.722 0.0000000000
89086  -40.689  13.035  -45.281 0.0000000000
89087  -41.164  12.383  -45.693 0.0000000000
89097  -40.601  12.895  -46.242 0.0000000000
89098  -41.036  12.214  -46.632 0.0000000000
90103  -51.572  13.131  -32.934 0.0000000000
90104  -52.047  13.372  -32.862 0.0000000000
90105  -53.147  13.458  -32.746 0.0000000000
90106  -54.142  13.714  -32.660 0.0000000000
90107  -54.995  13.876  -32.863 0.0000000000
90116  -48.826  12.969  -33.980 0.0000000000
90117  -49.258  13.191  -33.879 0.0000000000
90118  -50.077  13.385  -33.480 0.0000000000
90119  -51.123  13.453  -33.174 0.0000000000
90120  -51.783  14.197  -33.080 0.0000000000
90121  -53.764  13.062  -32.963 0.0000000000
90122  -54.477  13.175  -33.382 0.0000000000
90130  -47.865  13.038  -34.616 0.0000000000
90131  -48.471  13.201  -34.391 0.0000000000
90132  -49.322  13.715  -34.384 0.0000000000
90133  -54.973  13.115  -34.200 0.0000000000
90142  -44.705  13.049  -35.974 0.0000000000
90143  -45.155  13.177  -35.834 0.0000000000
90144  -46.281  13.330  -35.722 0.0000000000
90145  -47.534  13.225  -35.136 0.0000000000
90146  -48.409  13.810  -35.167 0.0000000000
90155  -43.777  13.227  -36.699 0.0000000000
90156  -44.399  13.359  -36.402 0.0000000000
90157  -45.543  13.780  -36.284 0.0000000000
90158  -46.358  14.079  -36.200 0.0000000000
90169  -43.583  13.531  -37.212 0.0000000000
90170  -44.321  14.130  -37.136 0.0000000000
90185  -42.805  13.436  -38.588 0.0000000000
90186  -43.234  14.014  -38.094 0.0000000000
90197  -42.578  13.725  -39.484 0.0000000000
90198  -43.084  14.100  -38.832 0.0000000000
90210  -41.781  13.538  -40.953 0.0000000000
90211  -42.177  13.833  -40.301 0.0000000000
90227  -41.324  13.684  -41.704 0.0000000000
90244  -40.804  13.763  -43.072 0.0000000000
90245  -40.999  13.939  -42.377 0.0000000000
90258  -40.495  13.977  -43.913 0.0000000000
90272  -40.526  13.832  -44.923 0.0000000000
90285  -40.399  13.653  -45.824 0.0000000000
90294  -39.730  13.927  -46.961 0.0000000000
90295  -40.162  13.458  -46.647 0.0000000000
91258  -52.529  14.388  -32.734 0.0000000000
91259  -53.554  14.551  -32.449 0.0000000000
91276  -49.728  13.853  -33.945 0.0000000000
91277  -50.394  14.200  -33.738 0.0000000000
91278  -51.225  14.710  -33.561 0.0000000000
91279  -51.935  15.110  -33.043 0.0000000000
91287  -49.126  13.992  -34.969 0.0000000000
91288  -49.831  14.535  -34.543 0.0000000000
91289  -50.633  14.993  -34.147 0.0000000000
91290  -51.083  15.284  -33.920 0.0000000000
91299  -47.135  14.031  -35.911 0.0000000000
91300  -47.984  14.219  -35.617 0.0000000000
91310  -45.092  14.296  -36.858 0.0000000000
91311  -45.953  14.539  -36.591 0.0000000000
91312  -46.866  14.715  -36.487 0.0000000000
91325  -43.840  14.545  -37.671 0.0000000000
91326  -44.703  14.977  -37.481 0.0000000000
91327  -45.620  15.085  -37.144 0.0000000000
91328  -46.338  15.090  -36.881 0.0000000000
91340  -43.681  14.846  -38.675 0.0000000000
91341  -44.227  15.190  -38.049 0.0000000000
91349  -42.652  14.631  -40.030 0.0000000000
91350  -43.073  14.526  -39.323 0.0000000000
91363  -41.674  14.182  -41.334 0.0000000000
91364  -42.082  14.453  -40.840 0.0000000000
91380  -41.383  14.654  -41.860 0.0000000000
91381  -41.802  14.613  -41.352 0.0000000000
91393  -40.810  14.397  -43.424 0.0000000000
91394  -41.137  14.595  -42.908 0.0000000000
91410  -40.718  14.866  -43.860 0.0000000000
91411  -40.934  14.821  -43.425 0.0000000000
91423  -40.500  14.687  -44.665 0.0000000000
91436  -40.283  14.471  -45.533 0.0000000000
91446  -39.747  14.758  -46.788 0.0000000000
91447  -40.075  14.203  -46.310 0.0000000000
91455  -38.847  14.909  -47.928 0.0000000000
91456  -39.320  14.432  -47.454 0.0000000000
91463  -38.022  14.992  -48.842 0.0000000000
91464  -38.519  14.590  -48.506 0.0000000000
92547  -46.912  15.334  -36.911 0.0000000000
92552  -44.701  15.566  -38.001 0.0000000000
92553  -45.350  15.801  -37.810 0.0000000000
92554  -46.365  15.704  -37.389 0.0000000000
92565  -44.002  15.391  -39.133 0.0000000000
92566  -44.498  15.748  -38.649 0.0000000000
92567  -44.909  15.929  -38.200 0.0000000000
92574  -43.010  15.149  -40.227 0.0000000000
92575  -43.461  15.263  -39.692 0.0000000000
92576  -44.225  15.840  -39.486 0.0000000000
92585  -42.619  15.159  -40.691 0.0000000000
92586  -43.333  15.469  -40.569 0.0000000000
92587  -44.041  15.868  -40.354 0.0000000000
92599  -41.723  15.291  -41.939 0.0000000000
92600  -42.063  15.136  -41.409 0.0000000000
92601  -43.032  15.600  -41.437 0.0000000000
92602  -43.849  15.793  -41.112 0.0000000000
92612  -41.547  15.313  -42.561 0.0000000000
92613  -42.292  15.695  -42.204 0.0000000000
92614  -43.205  15.896  -42.299 0.0000000000
92629  -40.816  15.254  -43.892 0.0000000000
92630  -41.106  15.444  -43.545 0.0000000000
92643  -40.684  15.439  -44.319 0.0000000000
92644  -40.953  16.067  -44.171 0.0000000000
92655  -39.983  15.717  -45.907 0.0000000000
92656  -40.250  15.526  -45.438 0.0000000000
92669  -39.854  15.538  -46.347 0.0000000000
92670  -40.033  14.906  -46.079 0.0000000000
92680  -38.888  15.313  -47.940 0.0000000000
92681  -39.329  15.476  -47.490 0.0000000000
92690  -38.229  15.357  -48.888 0.0000000000
92691  -38.601  15.517  -48.457 0.0000000000
92692  -39.193  16.185  -48.054 0.0000000000
92697  -38.029  15.529  -49.305 0.0000000000
92698  -38.507  16.159  -49.198 0.0000000000
93877  -45.481  16.221  -38.044 0.0000000000
93878  -45.920  16.342  -37.909 0.0000000000
93879  -47.008  16.526  -37.803 0.0000000000
93886  -44.776  16.200  -38.728 0.0000000000
93887  -45.228  16.467  -38.475 0.0000000000
93888  -46.288  17.018  -38.346 0.0000000000
93889  -47.100  17.290  -38.260 0.0000000000
93896  -44.699  16.321  -39.114 0.0000000000
93897  -45.200  16.888  -39.534 0.0000000000
93909  -44.624  16.460  -40.032 0.0000000000
93910  -45.228  17.024  -40.526 0.0000000000
93924  -43.983  15.913  -41.951 0.0000000000
93925  -44.705  16.491  -41.299 0.0000000000
93926  -45.498  17.204  -41.417 0.0000000000
93934  -41.895  16.027  -43.089 0.0000000000
93935  -42.828  16.232  -43.000 0.0000000000
93936  -43.861  16.276  -42.919 0.0000000000
93937  -44.889  16.423  -42.640 0.0000000000
93938  -45.948  16.926  -42.495 0.0000000000
93947  -41.515  16.496  -43.892 0.0000000000
93948  -42.310  16.720  -43.601 0.0000000000
93949  -43.409  16.882  -43.934 0.0000000000
93950  -44.781  16.633  -43.779 0.0000000000
93951  -46.045  16.470  -43.638 0.0000000000
93963  -40.657  16.180  -44.777 0.0000000000
93964  -41.096  16.596  -44.541 0.0000000000
93965  -43.588  17.157  -44.710 0.0000000000
93966  -44.443  16.865  -45.052 0.0000000000
93967  -45.914  16.448  -44.815 0.0000000000
93976  -39.928  16.120  -45.954 0.0000000000
93977  -40.525  16.583  -45.454 0.0000000000
93978  -40.797  16.675  -44.938 0.0000000000
93979  -44.751  17.066  -45.864 0.0000000000
93980  -45.713  16.676  -46.181 0.0000000000
93993  -39.794  16.195  -46.783 0.0000000000
93994  -40.243  16.706  -46.292 0.0000000000
93995  -46.187  16.502  -47.521 0.0000000000
94006  -39.637  16.413  -47.549 0.0000000000
94007  -40.057  16.832  -47.120 0.0000000000
94017  -39.032  16.490  -48.750 0.0000000000
94018  -39.788  16.805  -48.237 0.0000000000
94019  -39.978  16.827  -47.688 0.0000000000
94029  -38.199  16.310  -49.966 0.0000000000
94030  -38.987  16.748  -49.652 0.0000000000
94031  -39.649  17.082  -49.127 0.0000000000
94038  -37.958  16.557  -50.878 0.0000000000
94039  -38.927  16.705  -50.638 0.0000000000
94040  -40.021  17.125  -50.279 0.0000000000
94041  -41.245  16.850  -50.598 0.0000000000
95204  -45.888  17.343  -39.119 0.0000000000
95205  -46.769  17.867  -38.833 0.0000000000
95206  -47.604  17.824  -38.464 0.0000000000
95212  -45.736  17.515  -40.048 0.0000000000
95213  -46.346  18.043  -39.670 0.0000000000
95219  -45.662  17.641  -40.910 0.0000000000
95220  -46.130  18.157  -40.571 0.0000000000
95231  -45.797  17.572  -41.409 0.0000000000
95232  -46.091  18.030  -41.496 0.0000000000
95240  -45.940  17.500  -41.865 0.0000000000
95241  -46.591  17.760  -42.469 0.0000000000
95251  -41.675  16.808  -44.113 0.0000000000
95252  -41.895  16.951  -44.079 0.0000000000
95253  -42.478  17.096  -44.166 0.0000000000
95266  -41.538  16.912  -44.371 0.0000000000
95267  -41.952  17.351  -44.570 0.0000000000
95268  -42.866  17.336  -44.793 0.0000000000
95269  -43.591  17.353  -45.200 0.0000000000
95281  -40.758  16.982  -45.446 0.0000000000
95282  -41.133  17.140  -45.126 0.0000000000
95283  -42.068  17.602  -45.386 0.0000000000
95284  -42.993  17.647  -45.677 0.0000000000
95285  -44.048  17.518  -45.922 0.0000000000
95286  -44.743  17.123  -46.406 0.0000000000
95299  -40.722  17.095  -45.821 0.0000000000
95300  -41.325  17.527  -46.045 0.0000000000
95301  -42.214  17.822  -46.339 0.0000000000
95302  -43.199  17.710  -46.633 0.0000000000
95303  -44.109  17.308  -46.936 0.0000000000
95304  -45.088  16.943  -47.179 0.0000000000
95315  -40.675  17.215  -46.684 0.0000000000
95316  -41.428  17.566  -47.047 0.0000000000
95317  -42.385  17.740  -47.340 0.0000000000
95318  -43.362  17.506  -47.614 0.0000000000
95319  -44.387  17.232  -47.906 0.0000000000
95320  -45.388  16.765  -48.155 0.0000000000
95328  -40.151  17.086  -48.227 0.0000000000
95329  -40.501  17.217  -47.826 0.0000000000
95330  -41.574  17.593  -48.059 0.0000000000
95331  -42.571  17.592  -48.327 0.0000000000
95332  -43.580  17.355  -48.600 0.0000000000
95333  -44.614  16.777  -48.895 0.0000000000
95340  -40.190  17.206  -48.587 0.0000000000
95341  -40.862  17.507  -48.758 0.0000000000
95342  -41.789  17.517  -49.022 0.0000000000
95343  -42.780  17.457  -49.297 0.0000000000
95344  -43.743  17.139  -49.538 0.0000000000
95349  -40.327  17.308  -49.299 0.0000000000
95350  -41.022  17.349  -49.679 0.0000000000
95351  -42.003  17.240  -49.956 0.0000000000
95352  -42.966  17.018  -50.138 0.0000000000
96372  -47.029  18.148  -39.075 0.0000000000
96373  -47.349  18.271  -38.979 0.0000000000
96374  -48.126  18.365  -38.804 0.0000000000
96380  -46.989  18.335  -39.380 0.0000000000
96381  -47.670  18.839  -39.568 0.0000000000
96382  -48.618  18.860  -39.227 0.0000000000
96387  -46.842  18.764  -40.237 0.0000000000
96388  -47.370  19.132  -40.126 0.0000000000
96397  -46.485  18.679  -41.153 0.0000000000
96408  -46.638  18.603  -41.933 0.0000000000
97394  -48.325  19.359  -39.676 0.0000000000
97402  -47.280  19.271  -40.554 0.0000000000
97403  -47.824  19.515  -40.243 0.0000000000
97411  -46.942  19.200  -41.107 0.0000000000
97412  -47.571  19.603  -41.103 0.0000000000
97423  -46.797  18.969  -41.571 0.0000000000
