#!ascii label  , from subject Broad_82_YZ vox2ras=TkReg
385
57811  -37.391  -10.940  -7.351 0.0000000000
57812  -37.934  -11.138  -7.152 0.0000000000
57813  -38.463  -11.139  -6.827 0.0000000000
58933  -39.254  -10.754  -6.935 0.0000000000
58956  -36.886  -10.508  -7.433 0.0000000000
58957  -37.762  -10.459  -7.842 0.0000000000
58958  -38.746  -10.799  -7.371 0.0000000000
58959  -39.588  -10.395  -7.373 0.0000000000
58960  -39.998  -10.366  -6.911 0.0000000000
58974  -38.096  -9.992  -8.243 0.0000000000
58975  -38.621  -10.248  -8.097 0.0000000000
58976  -39.137  -10.375  -7.818 0.0000000000
59944  -41.278  -9.334  -6.661 0.0000000000
59958  -36.353  -9.644  -7.313 0.0000000000
59959  -36.999  -9.682  -7.804 0.0000000000
59960  -39.845  -10.073  -7.650 0.0000000000
59961  -40.400  -9.929  -7.296 0.0000000000
59962  -41.248  -9.162  -7.664 0.0000000000
59975  -37.652  -9.537  -8.215 0.0000000000
59976  -38.417  -9.517  -8.431 0.0000000000
59977  -39.502  -9.785  -8.190 0.0000000000
59978  -40.537  -9.298  -8.301 0.0000000000
59979  -41.164  -8.814  -8.384 0.0000000000
60962  -41.854  -8.791  -6.057 0.0000000000
60963  -42.511  -8.317  -5.515 0.0000000000
60972  -36.492  -8.542  -6.914 0.0000000000
60973  -36.853  -8.009  -7.378 0.0000000000
60974  -41.829  -8.715  -7.079 0.0000000000
60975  -42.360  -8.225  -6.633 0.0000000000
60985  -36.641  -9.117  -7.553 0.0000000000
60986  -37.053  -8.666  -7.892 0.0000000000
60987  -41.909  -8.412  -8.073 0.0000000000
60988  -42.223  -8.235  -7.357 0.0000000000
61000  -37.866  -8.723  -8.435 0.0000000000
61001  -38.801  -8.614  -8.962 0.0000000000
61002  -39.909  -8.847  -8.933 0.0000000000
61003  -40.686  -8.637  -8.854 0.0000000000
61004  -41.284  -8.332  -8.867 0.0000000000
61015  -39.016  -7.955  -9.299 0.0000000000
61016  -39.530  -8.101  -9.327 0.0000000000
61017  -40.333  -8.179  -9.302 0.0000000000
61018  -40.842  -8.218  -9.164 0.0000000000
62133  -36.869  -7.103  -5.877 0.0000000000
62134  -43.142  -7.821  -5.031 0.0000000000
62135  -43.583  -7.272  -5.564 0.0000000000
62146  -36.645  -7.807  -6.085 0.0000000000
62147  -37.052  -7.374  -6.717 0.0000000000
62148  -37.582  -6.951  -7.278 0.0000000000
62149  -43.014  -7.766  -6.186 0.0000000000
62150  -43.472  -7.153  -6.735 0.0000000000
62162  -37.307  -7.663  -7.765 0.0000000000
62163  -37.749  -7.011  -8.018 0.0000000000
62164  -42.295  -7.902  -8.388 0.0000000000
62165  -42.756  -7.542  -7.629 0.0000000000
62166  -43.276  -7.195  -7.327 0.0000000000
62178  -37.499  -8.192  -8.207 0.0000000000
62179  -37.973  -7.760  -8.529 0.0000000000
62180  -41.881  -7.960  -8.925 0.0000000000
62181  -42.465  -7.530  -8.842 0.0000000000
62194  -38.617  -7.576  -9.157 0.0000000000
62195  -39.190  -7.439  -9.434 0.0000000000
62196  -39.969  -7.428  -9.654 0.0000000000
62197  -41.065  -7.676  -9.535 0.0000000000
62198  -41.936  -7.422  -9.442 0.0000000000
63450  -37.908  -5.872  -5.658 0.0000000000
63451  -43.944  -6.642  -5.981 0.0000000000
63468  -37.217  -6.775  -6.030 0.0000000000
63469  -37.790  -6.373  -6.390 0.0000000000
63470  -43.970  -6.642  -6.846 0.0000000000
63471  -44.412  -6.123  -6.451 0.0000000000
63488  -37.992  -6.336  -7.569 0.0000000000
63489  -43.209  -7.019  -8.151 0.0000000000
63490  -43.558  -6.857  -7.620 0.0000000000
63491  -44.239  -6.242  -7.466 0.0000000000
63507  -38.385  -6.596  -8.724 0.0000000000
63508  -38.813  -6.031  -9.097 0.0000000000
63509  -43.026  -7.111  -8.742 0.0000000000
63510  -43.562  -6.644  -8.637 0.0000000000
63511  -43.966  -6.382  -8.196 0.0000000000
63528  -38.787  -7.010  -9.335 0.0000000000
63529  -39.284  -6.508  -9.508 0.0000000000
63530  -40.549  -6.468  -10.087 0.0000000000
63531  -41.633  -6.918  -10.018 0.0000000000
63532  -42.542  -6.848  -9.670 0.0000000000
63533  -43.213  -6.614  -9.321 0.0000000000
63548  -41.000  -5.729  -10.361 0.0000000000
63549  -41.554  -6.167  -10.396 0.0000000000
63550  -42.101  -6.498  -10.238 0.0000000000
64808  -38.424  -5.333  -6.018 0.0000000000
64809  -38.879  -4.981  -6.690 0.0000000000
64829  -38.465  -5.682  -6.992 0.0000000000
64830  -38.913  -5.105  -7.477 0.0000000000
64853  -38.425  -5.687  -7.987 0.0000000000
64854  -38.980  -5.263  -8.288 0.0000000000
64855  -44.851  -5.412  -7.195 0.0000000000
64856  -45.357  -4.917  -6.999 0.0000000000
64877  -38.721  -5.770  -8.665 0.0000000000
64878  -39.263  -5.448  -9.067 0.0000000000
64879  -39.865  -5.075  -9.511 0.0000000000
64880  -43.983  -6.263  -8.759 0.0000000000
64881  -44.412  -5.818  -8.505 0.0000000000
64901  -39.799  -5.731  -9.781 0.0000000000
64902  -40.462  -5.279  -10.148 0.0000000000
64903  -41.009  -5.012  -10.340 0.0000000000
64904  -43.040  -6.339  -9.797 0.0000000000
64905  -43.662  -5.892  -9.551 0.0000000000
64906  -44.299  -5.502  -9.286 0.0000000000
64926  -40.991  -5.343  -10.361 0.0000000000
64927  -41.500  -5.349  -10.489 0.0000000000
64928  -42.573  -5.837  -10.374 0.0000000000
64929  -43.229  -5.406  -10.249 0.0000000000
66217  -39.189  -4.450  -6.044 0.0000000000
66232  -39.537  -4.453  -7.012 0.0000000000
66233  -40.005  -4.095  -7.328 0.0000000000
66234  -45.821  -4.607  -6.823 0.0000000000
66235  -46.545  -4.133  -6.663 0.0000000000
66249  -39.409  -4.790  -7.944 0.0000000000
66250  -39.845  -4.370  -7.761 0.0000000000
66251  -44.989  -5.201  -8.308 0.0000000000
66252  -45.468  -4.741  -7.800 0.0000000000
66253  -46.155  -4.172  -7.718 0.0000000000
66269  -39.366  -5.016  -8.498 0.0000000000
66270  -39.863  -4.628  -8.671 0.0000000000
66271  -44.792  -5.210  -9.153 0.0000000000
66272  -45.364  -4.782  -8.897 0.0000000000
66273  -45.891  -4.302  -8.729 0.0000000000
66290  -40.332  -4.583  -9.553 0.0000000000
66291  -40.828  -4.569  -10.023 0.0000000000
66292  -43.580  -5.075  -10.164 0.0000000000
66293  -44.227  -4.974  -9.832 0.0000000000
66294  -45.047  -4.525  -9.797 0.0000000000
66295  -45.578  -4.310  -9.444 0.0000000000
66313  -41.366  -4.600  -10.345 0.0000000000
66314  -42.050  -4.732  -10.576 0.0000000000
66315  -42.959  -4.713  -10.524 0.0000000000
66316  -43.740  -4.392  -10.407 0.0000000000
66317  -44.442  -4.243  -10.327 0.0000000000
67556  -52.213  -3.346  -4.028 0.0000000000
67557  -53.364  -3.212  -4.331 0.0000000000
67574  -47.528  -3.680  -6.177 0.0000000000
67578  -50.413  -3.204  -5.179 0.0000000000
67579  -51.020  -3.229  -5.220 0.0000000000
67580  -51.844  -3.210  -4.953 0.0000000000
67581  -52.609  -3.131  -4.935 0.0000000000
67591  -39.659  -4.036  -6.378 0.0000000000
67592  -40.231  -3.682  -6.703 0.0000000000
67594  -47.257  -3.720  -6.723 0.0000000000
67595  -47.782  -3.439  -6.685 0.0000000000
67596  -48.331  -3.257  -6.577 0.0000000000
67597  -50.295  -3.238  -5.518 0.0000000000
67598  -50.625  -3.245  -5.697 0.0000000000
67609  -40.421  -3.912  -7.918 0.0000000000
67610  -41.048  -3.264  -7.381 0.0000000000
67611  -46.863  -3.714  -7.686 0.0000000000
67612  -47.627  -3.358  -7.703 0.0000000000
67613  -48.128  -3.213  -7.305 0.0000000000
67626  -40.554  -3.985  -9.080 0.0000000000
67627  -41.273  -3.287  -8.650 0.0000000000
67628  -41.782  -2.895  -8.914 0.0000000000
67629  -46.507  -3.809  -8.700 0.0000000000
67630  -47.208  -3.363  -8.744 0.0000000000
67643  -40.732  -4.242  -9.633 0.0000000000
67644  -41.247  -3.883  -9.832 0.0000000000
67645  -41.828  -3.096  -9.517 0.0000000000
67646  -45.481  -4.108  -9.938 0.0000000000
67647  -46.002  -3.774  -9.752 0.0000000000
67648  -46.779  -3.405  -9.534 0.0000000000
67663  -41.701  -4.207  -10.366 0.0000000000
67664  -42.242  -3.752  -10.380 0.0000000000
67665  -43.169  -3.765  -10.522 0.0000000000
67666  -43.983  -3.550  -10.536 0.0000000000
67667  -45.054  -3.585  -10.421 0.0000000000
67668  -45.766  -3.120  -10.452 0.0000000000
68816  -53.699  -2.781  -5.144 0.0000000000
68817  -54.251  -2.763  -4.954 0.0000000000
68837  -49.156  -3.190  -5.839 0.0000000000
68838  -49.618  -3.228  -5.454 0.0000000000
68839  -50.043  -3.177  -5.176 0.0000000000
68840  -51.697  -3.024  -5.759 0.0000000000
68841  -52.363  -2.875  -5.680 0.0000000000
68842  -53.215  -2.612  -5.629 0.0000000000
68843  -53.954  -2.313  -5.591 0.0000000000
68844  -54.535  -2.065  -5.456 0.0000000000
68856  -41.457  -2.869  -7.026 0.0000000000
68858  -48.952  -3.126  -6.573 0.0000000000
68859  -49.569  -3.122  -6.480 0.0000000000
68860  -50.269  -3.169  -6.190 0.0000000000
68861  -51.206  -2.853  -6.447 0.0000000000
68862  -52.039  -2.537  -6.390 0.0000000000
68863  -52.679  -2.331  -6.292 0.0000000000
68873  -41.727  -2.779  -7.978 0.0000000000
68874  -42.479  -2.297  -7.650 0.0000000000
68875  -43.188  -2.069  -7.936 0.0000000000
68876  -48.217  -3.081  -8.079 0.0000000000
68877  -48.718  -3.021  -7.624 0.0000000000
68878  -49.396  -2.860  -7.472 0.0000000000
68879  -50.094  -2.631  -7.464 0.0000000000
68880  -50.714  -2.532  -7.176 0.0000000000
68893  -41.772  -2.839  -8.589 0.0000000000
68894  -42.336  -2.576  -8.844 0.0000000000
68895  -43.341  -2.032  -8.468 0.0000000000
68896  -43.874  -1.717  -8.647 0.0000000000
68897  -47.867  -2.914  -8.837 0.0000000000
68898  -48.547  -2.472  -8.858 0.0000000000
68899  -49.192  -2.363  -8.434 0.0000000000
68900  -49.697  -2.274  -8.167 0.0000000000
68914  -42.524  -2.835  -9.999 0.0000000000
68915  -43.234  -2.354  -9.621 0.0000000000
68916  -43.895  -1.830  -9.304 0.0000000000
68917  -46.495  -3.044  -10.281 0.0000000000
68918  -47.322  -2.649  -9.915 0.0000000000
68919  -47.979  -2.207  -9.546 0.0000000000
68931  -42.805  -3.312  -10.376 0.0000000000
68932  -43.296  -2.981  -10.367 0.0000000000
68933  -44.170  -2.418  -10.391 0.0000000000
68934  -45.156  -2.540  -10.510 0.0000000000
68935  -45.906  -2.394  -10.539 0.0000000000
68936  -46.576  -2.297  -10.442 0.0000000000
70127  -55.493  -1.103  -5.265 0.0000000000
70142  -53.683  -1.910  -6.115 0.0000000000
70143  -54.210  -1.440  -6.037 0.0000000000
70144  -54.880  -1.276  -5.621 0.0000000000
70157  -51.770  -2.079  -6.980 0.0000000000
70158  -52.351  -1.585  -6.860 0.0000000000
70159  -53.114  -1.556  -6.452 0.0000000000
70160  -53.670  -1.216  -6.359 0.0000000000
70171  -42.946  -2.082  -7.721 0.0000000000
70172  -43.556  -1.765  -7.855 0.0000000000
70173  -44.040  -1.219  -7.696 0.0000000000
70174  -50.543  -1.747  -7.922 0.0000000000
70175  -51.232  -1.768  -7.539 0.0000000000
70176  -51.804  -1.317  -7.337 0.0000000000
70188  -43.824  -1.723  -8.333 0.0000000000
70189  -44.331  -1.286  -8.624 0.0000000000
70190  -44.991  -0.904  -8.759 0.0000000000
70191  -48.858  -1.478  -9.133 0.0000000000
70192  -49.448  -1.452  -8.731 0.0000000000
70193  -50.000  -1.633  -8.301 0.0000000000
70208  -44.557  -1.593  -9.855 0.0000000000
70209  -45.301  -0.993  -9.592 0.0000000000
70210  -46.353  -0.923  -10.105 0.0000000000
70211  -47.407  -1.327  -10.045 0.0000000000
70212  -48.213  -1.440  -9.550 0.0000000000
70226  -44.778  -2.030  -10.355 0.0000000000
70227  -45.266  -1.766  -10.355 0.0000000000
70228  -46.039  -1.611  -10.384 0.0000000000
70229  -46.821  -1.726  -10.369 0.0000000000
71449  -53.584  0.005  -6.071 0.0000000000
71450  -54.230  -0.268  -5.815 0.0000000000
71451  -54.993  -0.246  -5.340 0.0000000000
71464  -44.405  -0.391  -7.497 0.0000000000
71465  -52.581  -0.514  -6.770 0.0000000000
71466  -53.220  -0.393  -6.396 0.0000000000
71467  -53.836  -0.651  -6.216 0.0000000000
71480  -44.561  -0.807  -8.015 0.0000000000
71481  -44.605  -0.451  -7.719 0.0000000000
71482  -49.772  -0.382  -7.965 0.0000000000
71483  -50.497  -0.626  -7.902 0.0000000000
71484  -51.316  -0.523  -7.611 0.0000000000
71485  -52.006  -0.496  -7.213 0.0000000000
71497  -44.831  -0.847  -8.448 0.0000000000
71498  -45.369  -0.489  -8.587 0.0000000000
71499  -46.550  -0.072  -8.937 0.0000000000
71500  -47.619  -0.059  -8.962 0.0000000000
71501  -48.656  -0.417  -8.820 0.0000000000
71502  -49.478  -0.574  -8.387 0.0000000000
71503  -50.136  -0.939  -8.236 0.0000000000
71516  -45.922  -0.673  -9.432 0.0000000000
71517  -46.545  -0.519  -9.502 0.0000000000
71518  -47.489  -0.581  -9.462 0.0000000000
71519  -48.237  -0.720  -9.274 0.0000000000
72723  -52.723  0.973  -5.909 0.0000000000
72724  -53.463  0.783  -5.706 0.0000000000
72725  -54.387  0.808  -5.237 0.0000000000
72737  -44.592  -0.261  -7.528 0.0000000000
72738  -51.650  0.733  -6.602 0.0000000000
72739  -52.387  0.576  -6.394 0.0000000000
72740  -53.097  0.429  -6.126 0.0000000000
72753  -44.754  -0.219  -7.765 0.0000000000
72754  -48.986  0.585  -7.843 0.0000000000
72755  -49.610  0.313  -7.639 0.0000000000
72756  -50.511  0.333  -7.454 0.0000000000
72757  -51.378  0.466  -7.153 0.0000000000
72758  -52.040  0.219  -6.867 0.0000000000
72773  -45.442  0.214  -8.317 0.0000000000
72774  -46.746  0.571  -8.703 0.0000000000
72775  -47.823  0.496  -8.484 0.0000000000
72776  -48.704  0.309  -8.203 0.0000000000
72777  -49.256  0.019  -7.927 0.0000000000
74139  -49.275  1.326  -6.966 0.0000000000
74158  -47.279  1.593  -7.936 0.0000000000
74159  -47.660  1.565  -7.861 0.0000000000
74160  -48.739  1.300  -7.504 0.0000000000
74161  -49.719  0.994  -7.191 0.0000000000
74162  -50.491  1.023  -6.902 0.0000000000
74163  -51.062  0.997  -6.568 0.0000000000
74178  -45.182  0.620  -8.518 0.0000000000
74179  -45.911  0.979  -8.587 0.0000000000
74180  -47.063  1.320  -8.181 0.0000000000
74181  -48.119  1.045  -8.077 0.0000000000
74182  -48.648  0.857  -7.933 0.0000000000
74197  -45.749  1.483  -9.098 0.0000000000
74220  -45.806  1.867  -9.454 0.0000000000
75506  -49.115  1.636  -6.760 0.0000000000
75520  -47.203  1.811  -7.832 0.0000000000
75521  -47.668  2.019  -7.579 0.0000000000
75522  -48.580  2.167  -6.999 0.0000000000
75537  -46.361  1.564  -8.608 0.0000000000
75538  -46.753  2.122  -8.137 0.0000000000
75539  -47.389  2.558  -7.983 0.0000000000
75550  -46.232  1.978  -9.033 0.0000000000
75551  -46.604  2.496  -9.025 0.0000000000
75568  -45.961  2.405  -9.867 0.0000000000
75569  -46.662  2.730  -9.625 0.0000000000
76843  -47.994  2.555  -7.704 0.0000000000
76844  -48.571  2.992  -7.478 0.0000000000
76858  -47.066  2.703  -8.493 0.0000000000
76859  -47.821  3.180  -8.393 0.0000000000
76860  -48.511  3.416  -8.052 0.0000000000
76869  -47.051  3.000  -9.190 0.0000000000
76870  -47.547  3.470  -9.416 0.0000000000
76885  -45.611  2.925  -11.118 0.0000000000
76886  -46.902  3.242  -10.412 0.0000000000
76887  -47.593  3.668  -10.029 0.0000000000
76900  -44.989  3.919  -11.450 0.0000000000
76901  -46.119  3.785  -11.310 0.0000000000
76902  -46.740  3.802  -11.081 0.0000000000
78206  -48.961  3.569  -7.732 0.0000000000
78207  -49.704  4.181  -7.521 0.0000000000
78221  -48.005  3.686  -8.974 0.0000000000
78222  -48.715  4.010  -8.569 0.0000000000
78223  -49.474  4.748  -8.344 0.0000000000
78237  -48.063  4.037  -9.564 0.0000000000
78238  -48.620  4.626  -9.352 0.0000000000
78254  -47.054  3.903  -10.920 0.0000000000
78255  -47.551  4.265  -10.523 0.0000000000
78273  -45.490  4.700  -11.448 0.0000000000
78274  -46.717  4.550  -11.288 0.0000000000
78275  -47.416  4.934  -11.044 0.0000000000
79477  -49.987  5.054  -7.934 0.0000000000
79478  -50.617  5.709  -7.811 0.0000000000
79490  -49.094  4.907  -8.923 0.0000000000
79491  -49.815  5.615  -8.679 0.0000000000
79492  -50.594  6.277  -8.413 0.0000000000
79504  -48.268  4.726  -9.970 0.0000000000
79505  -48.912  5.474  -9.672 0.0000000000
79506  -49.642  6.187  -9.393 0.0000000000
79521  -47.977  5.345  -10.569 0.0000000000
79522  -48.564  6.068  -10.392 0.0000000000
79536  -44.851  5.556  -11.424 0.0000000000
79537  -45.894  5.572  -11.504 0.0000000000
79538  -47.104  5.692  -11.362 0.0000000000
80750  -50.355  6.450  -9.046 0.0000000000
80751  -51.115  7.002  -8.679 0.0000000000
80767  -49.220  6.401  -10.018 0.0000000000
80768  -50.052  6.935  -9.741 0.0000000000
80769  -50.682  6.968  -9.276 0.0000000000
80784  -47.908  6.290  -10.917 0.0000000000
80785  -48.711  6.932  -10.692 0.0000000000
80786  -49.444  6.931  -10.249 0.0000000000
80800  -45.082  6.404  -11.357 0.0000000000
80801  -46.176  6.556  -11.562 0.0000000000
80802  -47.188  6.764  -11.388 0.0000000000
80803  -47.871  7.001  -11.071 0.0000000000
82066  -51.398  7.577  -8.840 0.0000000000
82079  -50.234  7.526  -9.896 0.0000000000
82080  -50.887  7.745  -9.483 0.0000000000
82099  -48.571  7.942  -10.867 0.0000000000
82100  -49.603  7.666  -10.322 0.0000000000
82101  -50.262  7.880  -9.980 0.0000000000
82117  -45.412  7.376  -11.322 0.0000000000
82118  -46.500  7.556  -11.516 0.0000000000
82119  -47.431  7.576  -11.316 0.0000000000
82120  -48.093  7.499  -11.034 0.0000000000
83410  -50.795  8.681  -9.549 0.0000000000
83427  -47.408  8.952  -11.160 0.0000000000
83428  -47.938  8.777  -11.019 0.0000000000
83429  -48.992  8.709  -10.528 0.0000000000
83430  -50.116  8.669  -10.053 0.0000000000
83447  -45.889  8.417  -11.369 0.0000000000
83448  -47.029  8.559  -11.316 0.0000000000
83449  -47.838  8.081  -11.186 0.0000000000
84699  -47.257  9.420  -11.058 0.0000000000
84717  -46.382  8.889  -11.290 0.0000000000
84718  -46.665  9.096  -11.225 0.0000000000
