#!ascii label  , from subject Broad_82_YZ vox2ras=TkReg
1240
42176  -6.257  -24.467  0.203 0.0000000000
42177  -7.371  -24.457  0.153 0.0000000000
42178  -8.120  -24.246  -0.027 0.0000000000
42182  -6.569  -24.579  -0.679 0.0000000000
42183  -7.652  -24.623  -0.663 0.0000000000
42184  -8.452  -24.261  -0.714 0.0000000000
42188  -6.936  -24.848  -1.476 0.0000000000
42189  -7.982  -24.756  -1.498 0.0000000000
42190  -8.697  -24.262  -1.628 0.0000000000
42195  -6.369  -25.111  -2.089 0.0000000000
42196  -7.236  -25.104  -2.364 0.0000000000
42197  -8.287  -24.822  -2.378 0.0000000000
42198  -9.070  -24.365  -2.595 0.0000000000
42199  -9.431  -24.174  -3.212 0.0000000000
42204  -7.749  -25.245  -3.114 0.0000000000
42205  -8.545  -24.964  -3.205 0.0000000000
42206  -9.107  -24.580  -3.495 0.0000000000
42207  -9.461  -24.232  -3.838 0.0000000000
42215  -7.887  -25.126  -3.826 0.0000000000
42216  -8.455  -24.841  -3.985 0.0000000000
42217  -9.040  -24.624  -4.306 0.0000000000
42218  -9.615  -24.288  -4.604 0.0000000000
42229  -7.978  -25.065  -4.314 0.0000000000
42230  -8.266  -25.039  -4.836 0.0000000000
42231  -9.042  -24.723  -5.199 0.0000000000
42232  -9.721  -24.331  -5.486 0.0000000000
42243  -8.323  -25.165  -5.879 0.0000000000
42244  -9.066  -24.761  -6.155 0.0000000000
42245  -9.753  -24.325  -6.407 0.0000000000
42259  -9.076  -24.749  -7.098 0.0000000000
42260  -9.869  -24.322  -7.334 0.0000000000
42278  -9.980  -24.286  -8.272 0.0000000000
42290  -9.983  -24.106  -9.188 0.0000000000
43215  -6.056  -23.496  2.318 0.0000000000
43216  -6.531  -23.455  2.325 0.0000000000
43217  -7.348  -23.307  2.278 0.0000000000
43224  -5.701  -23.615  1.924 0.0000000000
43225  -6.809  -23.720  1.746 0.0000000000
43226  -7.878  -23.446  1.628 0.0000000000
43227  -8.334  -23.313  0.910 0.0000000000
43234  -5.948  -24.153  1.060 0.0000000000
43235  -7.138  -24.175  1.020 0.0000000000
43236  -8.086  -23.998  0.739 0.0000000000
43237  -8.443  -23.608  0.061 0.0000000000
43242  -8.795  -23.618  -0.902 0.0000000000
43245  -8.896  -23.661  -1.899 0.0000000000
43248  -9.207  -23.654  -2.851 0.0000000000
43249  -9.516  -23.877  -3.499 0.0000000000
43251  -9.291  -23.467  -3.639 0.0000000000
43252  -9.639  -23.823  -4.089 0.0000000000
43255  -9.428  -23.370  -4.273 0.0000000000
43256  -9.909  -23.647  -4.869 0.0000000000
43263  -10.046  -23.728  -5.797 0.0000000000
43271  -10.259  -23.680  -6.610 0.0000000000
43280  -10.594  -23.531  -7.525 0.0000000000
43281  -10.996  -23.026  -8.010 0.0000000000
43293  -10.626  -23.577  -8.542 0.0000000000
43294  -11.147  -22.958  -8.646 0.0000000000
43310  -10.873  -23.321  -9.545 0.0000000000
43311  -11.382  -22.819  -9.106 0.0000000000
44210  -5.139  -22.455  3.826 0.0000000000
44215  -5.649  -22.724  3.506 0.0000000000
44216  -6.718  -22.706  3.381 0.0000000000
44217  -7.463  -22.445  3.218 0.0000000000
44220  -4.881  -23.258  2.693 0.0000000000
44221  -5.948  -23.324  2.657 0.0000000000
44222  -7.081  -23.034  2.798 0.0000000000
44223  -7.738  -22.560  2.451 0.0000000000
44225  -5.296  -23.436  2.248 0.0000000000
44226  -5.612  -23.473  2.273 0.0000000000
44227  -8.072  -22.563  1.334 0.0000000000
44228  -8.413  -22.957  0.499 0.0000000000
44230  -7.990  -22.446  0.300 0.0000000000
44231  -8.472  -22.956  -0.304 0.0000000000
44235  -7.143  -22.050  -0.912 0.0000000000
44236  -7.756  -22.356  -0.765 0.0000000000
44237  -8.614  -22.943  -1.292 0.0000000000
44241  -4.868  -21.809  -1.542 0.0000000000
44242  -5.268  -21.930  -1.626 0.0000000000
44243  -5.899  -22.133  -1.669 0.0000000000
44244  -6.843  -22.208  -1.512 0.0000000000
44245  -7.889  -22.565  -1.855 0.0000000000
44246  -8.639  -23.085  -2.284 0.0000000000
44250  -4.793  -22.094  -1.952 0.0000000000
44251  -5.337  -22.271  -2.217 0.0000000000
44252  -6.080  -22.443  -2.342 0.0000000000
44253  -7.007  -22.558  -2.523 0.0000000000
44254  -7.950  -22.732  -2.820 0.0000000000
44255  -8.756  -23.046  -3.187 0.0000000000
44258  -4.847  -22.302  -2.748 0.0000000000
44259  -5.466  -22.382  -3.019 0.0000000000
44260  -6.224  -22.530  -3.229 0.0000000000
44261  -7.101  -22.728  -3.455 0.0000000000
44262  -8.039  -22.692  -3.709 0.0000000000
44263  -8.878  -22.957  -4.007 0.0000000000
44267  -4.997  -22.392  -3.613 0.0000000000
44268  -5.601  -22.454  -3.876 0.0000000000
44269  -6.344  -22.573  -4.120 0.0000000000
44270  -7.211  -22.688  -4.338 0.0000000000
44271  -8.160  -22.630  -4.552 0.0000000000
44272  -9.174  -22.876  -4.844 0.0000000000
44273  -9.692  -23.179  -5.449 0.0000000000
44276  -5.195  -22.430  -4.381 0.0000000000
44277  -5.722  -22.450  -4.796 0.0000000000
44278  -6.481  -22.508  -4.950 0.0000000000
44279  -7.326  -22.477  -5.146 0.0000000000
44280  -8.262  -22.444  -5.348 0.0000000000
44281  -9.122  -22.637  -5.696 0.0000000000
44282  -9.768  -23.084  -6.127 0.0000000000
44286  -5.995  -22.412  -5.438 0.0000000000
44287  -6.581  -22.282  -5.750 0.0000000000
44288  -7.454  -22.130  -5.841 0.0000000000
44289  -8.354  -22.124  -6.086 0.0000000000
44290  -9.237  -22.404  -6.447 0.0000000000
44291  -10.124  -22.784  -6.834 0.0000000000
44298  -6.873  -22.026  -6.297 0.0000000000
44299  -7.540  -21.874  -6.554 0.0000000000
44300  -8.487  -21.911  -6.859 0.0000000000
44301  -9.467  -22.127  -7.202 0.0000000000
44302  -10.461  -22.398  -7.648 0.0000000000
44303  -10.978  -22.500  -8.179 0.0000000000
44311  -10.756  -22.025  -8.168 0.0000000000
44312  -11.392  -22.200  -8.577 0.0000000000
44322  -11.225  -22.977  -9.753 0.0000000000
44323  -11.474  -22.466  -9.617 0.0000000000
44324  -11.693  -22.030  -10.091 0.0000000000
44338  -11.141  -23.010  -10.062 0.0000000000
44339  -11.261  -22.673  -10.604 0.0000000000
44340  -11.911  -22.041  -10.614 0.0000000000
45316  -5.162  -21.375  5.144 0.0000000000
45320  -5.722  -21.971  4.459 0.0000000000
45321  -6.839  -21.722  4.316 0.0000000000
45322  -7.466  -21.437  4.110 0.0000000000
45324  -6.480  -22.273  3.935 0.0000000000
45325  -7.238  -22.078  3.785 0.0000000000
45326  -7.649  -21.624  3.332 0.0000000000
45328  -6.966  -21.078  2.200 0.0000000000
45329  -7.484  -21.568  2.233 0.0000000000
45331  -5.855  -20.904  1.327 0.0000000000
45332  -6.534  -21.234  1.501 0.0000000000
45333  -7.422  -21.874  0.953 0.0000000000
45335  -3.644  -20.820  0.433 0.0000000000
45336  -4.026  -20.884  0.284 0.0000000000
45337  -4.599  -20.965  0.292 0.0000000000
45338  -5.515  -21.123  0.625 0.0000000000
45339  -6.540  -21.572  0.309 0.0000000000
45340  -7.301  -22.006  -0.077 0.0000000000
45345  -3.355  -21.210  -0.182 0.0000000000
45346  -3.546  -21.102  -0.030 0.0000000000
45347  -4.182  -21.219  -0.399 0.0000000000
45348  -4.903  -21.290  -0.432 0.0000000000
45349  -5.746  -21.460  -0.448 0.0000000000
45350  -6.635  -21.788  -0.739 0.0000000000
45351  -7.222  -22.044  -0.614 0.0000000000
45356  -3.531  -21.412  -0.690 0.0000000000
45357  -3.828  -21.524  -0.994 0.0000000000
45358  -4.451  -21.696  -1.356 0.0000000000
45359  -5.146  -21.564  -1.149 0.0000000000
45360  -5.825  -21.702  -1.205 0.0000000000
45361  -6.291  -21.915  -1.303 0.0000000000
45367  -3.703  -21.732  -1.504 0.0000000000
45368  -3.954  -21.953  -1.892 0.0000000000
45369  -4.360  -22.187  -2.332 0.0000000000
45375  -3.814  -22.096  -2.320 0.0000000000
45376  -4.040  -22.346  -2.761 0.0000000000
45377  -4.482  -22.403  -3.261 0.0000000000
45383  -3.926  -22.370  -2.987 0.0000000000
45384  -4.306  -22.424  -3.733 0.0000000000
45385  -4.759  -22.421  -4.267 0.0000000000
45391  -4.784  -22.316  -5.219 0.0000000000
45392  -5.225  -22.385  -5.250 0.0000000000
45393  -5.632  -22.393  -5.429 0.0000000000
45400  -4.920  -22.045  -6.374 0.0000000000
45401  -5.172  -22.114  -6.315 0.0000000000
45402  -5.846  -22.265  -6.140 0.0000000000
45403  -6.426  -22.119  -6.319 0.0000000000
45409  -5.138  -21.544  -7.470 0.0000000000
45410  -5.653  -21.758  -7.185 0.0000000000
45411  -6.600  -21.818  -6.991 0.0000000000
45412  -7.693  -21.588  -7.329 0.0000000000
45413  -8.714  -21.685  -7.637 0.0000000000
45414  -9.751  -21.772  -7.891 0.0000000000
45415  -10.361  -21.873  -8.051 0.0000000000
45421  -5.131  -21.150  -8.258 0.0000000000
45422  -5.441  -21.216  -8.043 0.0000000000
45423  -6.119  -21.188  -7.845 0.0000000000
45424  -7.031  -21.115  -7.835 0.0000000000
45425  -8.009  -21.268  -8.116 0.0000000000
45426  -9.068  -21.353  -8.341 0.0000000000
45427  -10.438  -21.323  -8.587 0.0000000000
45428  -11.574  -21.611  -8.956 0.0000000000
45436  -10.633  -20.765  -9.181 0.0000000000
45437  -11.363  -21.161  -9.662 0.0000000000
45438  -11.793  -21.576  -10.204 0.0000000000
45451  -11.487  -20.726  -10.220 0.0000000000
45452  -11.991  -21.131  -10.517 0.0000000000
46539  -4.582  -20.177  6.232 0.0000000000
46544  -4.886  -20.606  5.739 0.0000000000
46545  -6.289  -20.836  5.304 0.0000000000
46546  -7.420  -20.277  5.027 0.0000000000
46547  -7.623  -19.926  4.660 0.0000000000
46549  -6.559  -21.419  4.731 0.0000000000
46550  -7.155  -21.070  4.670 0.0000000000
46551  -7.629  -20.571  4.148 0.0000000000
46553  -6.980  -20.266  3.066 0.0000000000
46554  -7.440  -20.824  3.214 0.0000000000
46556  -5.104  -20.111  2.055 0.0000000000
46557  -5.802  -20.290  2.156 0.0000000000
46558  -6.533  -20.639  2.327 0.0000000000
46559  -7.131  -20.883  2.647 0.0000000000
46564  -3.257  -20.360  1.345 0.0000000000
46565  -3.572  -20.325  1.387 0.0000000000
46566  -4.057  -20.317  1.439 0.0000000000
46567  -4.660  -20.383  1.461 0.0000000000
46568  -5.389  -20.580  1.455 0.0000000000
46569  -6.032  -20.701  1.737 0.0000000000
46574  -3.088  -20.755  0.700 0.0000000000
46575  -3.379  -20.725  0.733 0.0000000000
46576  -3.789  -20.626  0.847 0.0000000000
46577  -4.301  -20.640  0.858 0.0000000000
46578  -4.874  -20.678  0.904 0.0000000000
46584  -3.213  -21.032  0.203 0.0000000000
46585  -3.232  -20.908  0.407 0.0000000000
46663  -5.049  -20.756  -8.486 0.0000000000
46664  -5.269  -20.660  -8.581 0.0000000000
46665  -5.791  -20.640  -8.531 0.0000000000
46666  -6.544  -20.636  -8.496 0.0000000000
46667  -7.450  -20.727  -8.588 0.0000000000
46668  -8.403  -20.874  -8.755 0.0000000000
46669  -9.322  -20.846  -8.771 0.0000000000
46673  -4.965  -20.337  -9.041 0.0000000000
46674  -5.118  -20.272  -9.164 0.0000000000
46675  -5.551  -20.184  -9.203 0.0000000000
46676  -6.194  -20.253  -9.201 0.0000000000
46677  -7.005  -20.296  -9.193 0.0000000000
46678  -7.913  -20.420  -9.289 0.0000000000
46679  -8.879  -20.382  -9.208 0.0000000000
46680  -9.920  -20.447  -9.168 0.0000000000
46681  -10.628  -20.404  -9.591 0.0000000000
46691  -11.023  -20.342  -10.134 0.0000000000
46692  -11.543  -20.440  -10.492 0.0000000000
46693  -11.959  -20.565  -10.711 0.0000000000
46709  -11.159  -20.029  -10.506 0.0000000000
46710  -11.625  -20.130  -10.750 0.0000000000
46711  -12.436  -20.503  -10.962 0.0000000000
47748  -4.486  -19.544  6.490 0.0000000000
47749  -5.460  -19.282  6.459 0.0000000000
47750  -6.245  -19.142  6.215 0.0000000000
47762  -5.074  -19.956  6.297 0.0000000000
47763  -5.845  -19.903  5.990 0.0000000000
47764  -6.895  -19.538  5.641 0.0000000000
47765  -7.674  -19.452  5.043 0.0000000000
47776  -7.140  -19.155  4.139 0.0000000000
47777  -7.429  -19.459  4.338 0.0000000000
47788  -4.378  -18.872  3.091 0.0000000000
47789  -4.798  -19.032  3.173 0.0000000000
47790  -5.719  -19.277  3.179 0.0000000000
47791  -6.838  -19.346  3.671 0.0000000000
47792  -7.423  -20.048  3.664 0.0000000000
47802  -3.377  -19.364  2.317 0.0000000000
47803  -3.672  -19.342  2.421 0.0000000000
47804  -4.234  -19.289  2.665 0.0000000000
47805  -4.947  -19.577  2.612 0.0000000000
47806  -5.562  -19.806  2.540 0.0000000000
47807  -6.276  -19.883  2.777 0.0000000000
47812  -3.211  -19.805  1.761 0.0000000000
47813  -3.446  -19.809  1.826 0.0000000000
47814  -3.861  -19.809  1.936 0.0000000000
47815  -4.442  -19.914  2.025 0.0000000000
47893  -5.133  -19.806  -9.406 0.0000000000
47894  -5.405  -19.471  -9.768 0.0000000000
47895  -5.952  -19.626  -9.753 0.0000000000
47896  -6.717  -19.665  -9.669 0.0000000000
47897  -7.567  -19.792  -9.695 0.0000000000
47898  -8.474  -19.816  -9.623 0.0000000000
47899  -9.381  -19.835  -9.562 0.0000000000
47900  -10.194  -19.878  -9.652 0.0000000000
47901  -10.610  -20.037  -9.897 0.0000000000
47908  -5.392  -19.207  -10.103 0.0000000000
47909  -5.815  -19.126  -10.322 0.0000000000
47910  -6.452  -19.185  -10.316 0.0000000000
47911  -7.273  -19.312  -10.298 0.0000000000
47912  -8.162  -19.383  -10.195 0.0000000000
47913  -9.055  -19.355  -10.004 0.0000000000
47914  -9.855  -19.458  -10.001 0.0000000000
47915  -10.614  -19.675  -10.233 0.0000000000
47927  -11.161  -19.679  -10.620 0.0000000000
47928  -11.728  -19.708  -10.863 0.0000000000
47929  -12.514  -19.906  -10.992 0.0000000000
48996  -4.973  -18.598  6.719 0.0000000000
48997  -5.950  -18.439  6.537 0.0000000000
48998  -6.730  -18.492  6.059 0.0000000000
49017  -7.378  -18.622  5.351 0.0000000000
49018  -7.496  -19.011  4.731 0.0000000000
49033  -4.569  -17.870  3.978 0.0000000000
49034  -5.089  -17.804  4.184 0.0000000000
49035  -6.067  -18.139  4.250 0.0000000000
49036  -6.966  -18.732  4.413 0.0000000000
49037  -7.354  -19.056  4.497 0.0000000000
49051  -3.545  -18.550  3.188 0.0000000000
49052  -3.814  -18.428  3.328 0.0000000000
49053  -4.408  -18.369  3.533 0.0000000000
49054  -5.386  -18.543  3.663 0.0000000000
49055  -6.320  -18.770  3.802 0.0000000000
49056  -6.735  -18.928  3.956 0.0000000000
49066  -3.540  -18.897  2.812 0.0000000000
49067  -3.931  -18.833  2.934 0.0000000000
49068  -4.168  -18.829  3.037 0.0000000000
49145  -5.243  -19.343  -9.897 0.0000000000
49156  -5.435  -18.784  -10.370 0.0000000000
49157  -5.720  -18.604  -10.487 0.0000000000
49158  -6.284  -18.482  -10.592 0.0000000000
49159  -7.071  -18.645  -10.522 0.0000000000
49160  -7.920  -18.809  -10.551 0.0000000000
49161  -8.825  -18.877  -10.411 0.0000000000
49162  -9.708  -19.023  -10.304 0.0000000000
49163  -10.228  -19.253  -10.294 0.0000000000
49174  -6.517  -18.111  -10.825 0.0000000000
49175  -6.954  -18.181  -10.817 0.0000000000
49176  -7.681  -18.297  -10.896 0.0000000000
49177  -8.572  -18.395  -10.786 0.0000000000
49178  -9.557  -18.502  -10.529 0.0000000000
49179  -10.768  -19.023  -10.554 0.0000000000
49180  -12.018  -19.236  -10.980 0.0000000000
49181  -13.141  -19.671  -11.113 0.0000000000
50070  -3.968  -17.158  7.264 0.0000000000
50071  -5.061  -17.044  7.272 0.0000000000
50072  -5.952  -16.969  7.137 0.0000000000
50076  -4.457  -17.830  6.839 0.0000000000
50077  -5.508  -17.709  6.871 0.0000000000
50078  -6.444  -17.414  6.507 0.0000000000
50079  -7.028  -17.843  5.837 0.0000000000
50084  -6.607  -17.176  5.753 0.0000000000
50085  -6.796  -17.915  5.169 0.0000000000
50097  -3.906  -16.968  4.376 0.0000000000
50098  -4.319  -17.448  4.258 0.0000000000
50099  -5.067  -17.027  4.637 0.0000000000
50100  -6.013  -17.228  4.937 0.0000000000
50101  -6.503  -17.976  4.683 0.0000000000
50120  -3.838  -17.879  3.773 0.0000000000
50121  -4.034  -18.024  3.709 0.0000000000
50224  -5.678  -18.190  -10.647 0.0000000000
50225  -5.905  -18.297  -10.672 0.0000000000
50240  -5.781  -17.763  -10.864 0.0000000000
50241  -6.102  -17.906  -10.959 0.0000000000
50242  -6.872  -17.848  -10.952 0.0000000000
50243  -7.414  -17.847  -11.077 0.0000000000
50244  -8.226  -17.925  -11.174 0.0000000000
50245  -9.232  -18.117  -10.915 0.0000000000
50246  -10.264  -18.163  -10.639 0.0000000000
50247  -11.497  -18.565  -10.795 0.0000000000
50248  -12.563  -18.872  -11.197 0.0000000000
50268  -8.397  -17.657  -11.163 0.0000000000
50269  -9.087  -17.872  -11.071 0.0000000000
50270  -9.625  -17.959  -10.910 0.0000000000
51066  -4.590  -16.230  7.473 0.0000000000
51067  -5.677  -16.227  7.353 0.0000000000
51068  -6.476  -16.374  7.057 0.0000000000
51077  -6.490  -16.462  6.345 0.0000000000
51086  -5.072  -15.828  5.490 0.0000000000
51087  -5.710  -16.047  5.700 0.0000000000
51088  -6.224  -16.511  5.692 0.0000000000
51100  -3.760  -16.040  4.670 0.0000000000
51101  -4.035  -16.363  4.628 0.0000000000
51102  -4.588  -16.303  4.880 0.0000000000
51103  -5.374  -16.485  5.156 0.0000000000
51104  -5.844  -16.557  5.376 0.0000000000
51253  -6.127  -17.489  -11.045 0.0000000000
51254  -6.537  -17.473  -11.112 0.0000000000
51255  -7.152  -17.388  -11.159 0.0000000000
51256  -7.642  -17.608  -11.168 0.0000000000
51257  -10.426  -17.966  -10.717 0.0000000000
51258  -11.127  -18.123  -10.658 0.0000000000
51259  -12.095  -18.462  -11.010 0.0000000000
51273  -7.382  -17.181  -11.155 0.0000000000
51274  -7.824  -17.415  -11.189 0.0000000000
51275  -9.439  -16.403  -12.958 0.0000000000
51276  -9.869  -17.939  -10.889 0.0000000000
52241  -4.054  -15.379  7.733 0.0000000000
52242  -5.324  -15.247  7.382 0.0000000000
52243  -6.203  -15.616  7.254 0.0000000000
52255  -6.172  -14.839  7.089 0.0000000000
52256  -6.474  -15.603  6.717 0.0000000000
52268  -3.261  -14.609  5.273 0.0000000000
52269  -3.577  -14.842  5.249 0.0000000000
52270  -4.333  -15.213  5.379 0.0000000000
52271  -5.507  -15.038  6.242 0.0000000000
52272  -6.171  -15.890  6.143 0.0000000000
52288  -3.521  -15.301  5.054 0.0000000000
52289  -3.829  -15.599  4.942 0.0000000000
52290  -4.136  -15.869  4.931 0.0000000000
52439  -6.766  -17.193  -11.143 0.0000000000
52456  -7.089  -16.944  -11.191 0.0000000000
52457  -7.963  -15.554  -12.656 0.0000000000
52458  -8.683  -15.906  -12.969 0.0000000000
53599  -3.517  -14.531  8.018 0.0000000000
53600  -4.634  -14.421  7.714 0.0000000000
53601  -5.653  -14.117  7.373 0.0000000000
53602  -6.042  -13.653  7.098 0.0000000000
53621  -5.849  -14.008  6.819 0.0000000000
53622  -5.885  -13.559  6.847 0.0000000000
53644  -3.034  -14.102  5.357 0.0000000000
53645  -3.265  -14.117  5.388 0.0000000000
53646  -3.762  -14.143  5.520 0.0000000000
53647  -4.600  -14.039  5.843 0.0000000000
53648  -5.273  -13.738  6.387 0.0000000000
54947  -3.239  -13.589  8.333 0.0000000000
54948  -4.205  -13.145  8.117 0.0000000000
54959  -4.090  -13.828  7.959 0.0000000000
54960  -5.022  -13.432  7.747 0.0000000000
54961  -5.702  -13.269  7.304 0.0000000000
54962  -5.935  -13.345  6.960 0.0000000000
54972  -5.127  -12.802  6.484 0.0000000000
54973  -5.563  -13.099  6.737 0.0000000000
54974  -5.778  -13.353  6.785 0.0000000000
54984  -3.135  -13.572  5.402 0.0000000000
54985  -3.369  -13.362  5.490 0.0000000000
54986  -3.889  -13.224  5.786 0.0000000000
54987  -4.742  -13.002  6.270 0.0000000000
54988  -5.223  -13.275  6.432 0.0000000000
56216  -3.575  -12.415  8.417 0.0000000000
56217  -5.093  -12.380  8.051 0.0000000000
56218  -5.797  -11.893  7.973 0.0000000000
56227  -5.478  -12.865  7.675 0.0000000000
56228  -5.769  -12.334  7.438 0.0000000000
56236  -5.007  -12.308  6.547 0.0000000000
56237  -5.473  -12.301  6.906 0.0000000000
56245  -3.213  -12.698  5.457 0.0000000000
56246  -3.444  -12.416  5.628 0.0000000000
56247  -3.887  -12.331  5.966 0.0000000000
56248  -4.330  -12.146  6.251 0.0000000000
57603  -3.592  -11.339  8.619 0.0000000000
57604  -4.666  -11.426  8.430 0.0000000000
57605  -5.666  -11.333  8.168 0.0000000000
57606  -5.922  -11.091  8.131 0.0000000000
57612  -5.765  -11.250  7.753 0.0000000000
57613  -6.034  -11.054  7.916 0.0000000000
57620  -3.606  -11.197  6.298 0.0000000000
57621  -4.314  -11.369  6.496 0.0000000000
57622  -5.315  -11.434  6.990 0.0000000000
57630  -3.131  -11.496  5.796 0.0000000000
57631  -3.404  -11.486  5.978 0.0000000000
57632  -3.854  -11.709  6.157 0.0000000000
58800  -3.369  -10.500  8.926 0.0000000000
58801  -4.402  -10.491  8.693 0.0000000000
58802  -5.434  -10.511  8.373 0.0000000000
58803  -5.826  -10.852  8.184 0.0000000000
58806  -6.034  -10.442  8.014 0.0000000000
58807  -6.011  -10.898  8.051 0.0000000000
58811  -3.251  -10.061  6.300 0.0000000000
58812  -3.631  -10.385  6.441 0.0000000000
58813  -4.667  -10.334  6.824 0.0000000000
58814  -5.483  -10.177  7.451 0.0000000000
58820  -2.866  -10.509  6.079 0.0000000000
58821  -3.065  -10.379  6.186 0.0000000000
58822  -3.294  -10.891  6.276 0.0000000000
59800  -3.043  -9.675  9.105 0.0000000000
59804  -4.056  -9.576  8.875 0.0000000000
59805  -5.080  -9.530  8.538 0.0000000000
59806  -5.781  -9.435  8.202 0.0000000000
59813  -5.865  -9.298  7.766 0.0000000000
59820  -3.328  -9.417  6.314 0.0000000000
59821  -4.178  -9.369  6.599 0.0000000000
59822  -5.060  -9.270  7.060 0.0000000000
59823  -5.547  -9.233  7.432 0.0000000000
59833  -2.766  -9.571  6.089 0.0000000000
59834  -2.960  -9.494  6.158 0.0000000000
60763  -2.341  -8.536  9.398 0.0000000000
60764  -2.754  -9.130  9.221 0.0000000000
60778  -3.046  -7.985  8.999 0.0000000000
60779  -3.518  -8.622  8.865 0.0000000000
60780  -4.772  -8.661  8.522 0.0000000000
60781  -5.640  -8.529  8.337 0.0000000000
60782  -5.954  -8.097  8.303 0.0000000000
60799  -6.044  -8.351  8.097 0.0000000000
60800  -5.985  -7.767  8.260 0.0000000000
60817  -3.347  -8.564  6.284 0.0000000000
60818  -3.847  -8.489  6.402 0.0000000000
60819  -4.734  -8.344  6.681 0.0000000000
60820  -5.561  -8.230  7.423 0.0000000000
60842  -2.798  -8.710  6.113 0.0000000000
60843  -3.024  -8.614  6.163 0.0000000000
61944  -1.914  -7.501  9.814 0.0000000000
61959  -2.699  -7.240  8.975 0.0000000000
61960  -3.657  -7.564  8.571 0.0000000000
61961  -4.674  -7.816  8.447 0.0000000000
61962  -5.491  -7.940  8.375 0.0000000000
61963  -5.840  -7.905  8.386 0.0000000000
61973  -2.882  -6.638  8.556 0.0000000000
61974  -3.515  -6.736  8.371 0.0000000000
61975  -4.619  -6.913  8.310 0.0000000000
61976  -5.730  -7.340  8.172 0.0000000000
61977  -5.792  -7.624  8.310 0.0000000000
61985  -3.538  -7.744  6.258 0.0000000000
61986  -4.276  -7.525  6.414 0.0000000000
61987  -5.093  -7.229  6.877 0.0000000000
61988  -5.565  -7.065  7.489 0.0000000000
62002  -2.968  -7.910  6.139 0.0000000000
62003  -3.196  -7.516  6.135 0.0000000000
63247  -1.889  -6.459  9.290 0.0000000000
63248  -2.182  -5.983  8.624 0.0000000000
63262  -2.474  -6.493  8.704 0.0000000000
63263  -2.958  -6.043  8.232 0.0000000000
63264  -4.300  -5.941  7.989 0.0000000000
63265  -5.289  -6.433  8.043 0.0000000000
63278  -3.967  -7.034  6.225 0.0000000000
63279  -4.405  -6.360  6.530 0.0000000000
63280  -5.217  -6.089  7.327 0.0000000000
63281  -5.584  -6.674  7.759 0.0000000000
63301  -3.243  -6.812  6.023 0.0000000000
63302  -3.656  -6.507  6.107 0.0000000000
63303  -4.004  -5.927  6.225 0.0000000000
64626  -1.460  -5.382  8.787 0.0000000000
64627  -2.319  -5.469  8.193 0.0000000000
64637  -2.000  -4.912  7.928 0.0000000000
64638  -3.239  -4.820  7.775 0.0000000000
64639  -4.546  -4.941  7.436 0.0000000000
64647  -4.231  -5.520  6.367 0.0000000000
64648  -4.698  -5.134  6.794 0.0000000000
64662  -3.492  -5.313  5.772 0.0000000000
64663  -3.870  -5.317  5.994 0.0000000000
64664  -4.258  -4.876  6.319 0.0000000000
64686  -3.412  -4.314  5.630 0.0000000000
66062  -1.325  -4.549  8.141 0.0000000000
66069  -0.972  -3.790  8.073 0.0000000000
66070  -2.062  -3.928  7.473 0.0000000000
66071  -3.300  -3.621  7.629 0.0000000000
66072  -4.284  -3.752  7.524 0.0000000000
66073  -4.897  -3.313  7.299 0.0000000000
66076  -1.306  -3.278  7.426 0.0000000000
66077  -2.020  -3.003  7.385 0.0000000000
66078  -5.038  -4.021  7.116 0.0000000000
66079  -5.124  -3.269  7.077 0.0000000000
66082  -3.649  -4.746  5.765 0.0000000000
66083  -3.940  -4.210  5.984 0.0000000000
66084  -4.592  -4.166  6.536 0.0000000000
66103  -3.469  -3.536  5.728 0.0000000000
66104  -3.513  -4.089  5.681 0.0000000000
66105  -3.631  -3.780  5.784 0.0000000000
67408  -0.944  -2.882  8.045 0.0000000000
67409  -2.979  -2.869  7.605 0.0000000000
67410  -3.873  -2.932  7.603 0.0000000000
67411  -4.561  -2.901  7.379 0.0000000000
67412  -4.969  -2.869  7.158 0.0000000000
67415  -1.631  -2.549  7.456 0.0000000000
67416  -2.504  -2.417  7.495 0.0000000000
67417  -4.937  -3.332  6.765 0.0000000000
67418  -5.125  -2.982  6.949 0.0000000000
67423  -3.852  -2.073  6.353 0.0000000000
67424  -3.841  -2.390  6.211 0.0000000000
67425  -3.798  -3.232  6.067 0.0000000000
67426  -4.356  -3.413  6.369 0.0000000000
67440  -3.698  -2.555  6.138 0.0000000000
67441  -3.563  -3.217  5.857 0.0000000000
67442  -3.529  -3.549  5.750 0.0000000000
68708  -1.101  -1.961  7.683 0.0000000000
68709  -3.673  -2.512  7.499 0.0000000000
68710  -4.170  -2.430  7.332 0.0000000000
68711  -4.707  -2.519  7.078 0.0000000000
68712  -4.982  -2.727  6.932 0.0000000000
68715  -2.520  -1.772  7.455 0.0000000000
68716  -3.591  -2.056  7.330 0.0000000000
68717  -4.295  -2.186  6.880 0.0000000000
68718  -4.628  -2.738  6.671 0.0000000000
68719  -4.953  -2.907  6.806 0.0000000000
68724  -4.072  -1.478  6.708 0.0000000000
68725  -3.992  -1.985  6.555 0.0000000000
68726  -4.097  -2.494  6.418 0.0000000000
68727  -4.187  -2.921  6.372 0.0000000000
69995  -0.748  -1.247  8.356 0.0000000000
70004  -1.604  -1.006  7.540 0.0000000000
70005  -2.577  -0.591  7.496 0.0000000000
70006  -3.301  -0.354  7.557 0.0000000000
70007  -3.830  -0.349  7.540 0.0000000000
70008  -4.164  -0.297  7.405 0.0000000000
70018  -3.167  -1.178  7.434 0.0000000000
70019  -3.892  -1.014  7.430 0.0000000000
70020  -3.812  -0.138  6.840 0.0000000000
70021  -4.304  -0.617  7.194 0.0000000000
70022  -4.326  -0.427  7.245 0.0000000000
70026  -3.266  0.031  5.868 0.0000000000
70027  -3.683  -0.653  6.473 0.0000000000
70028  -3.959  -0.649  6.578 0.0000000000
70029  -4.165  -0.776  6.700 0.0000000000
70030  -4.447  -0.629  6.898 0.0000000000
70041  0.316  -1.488  4.969 0.0000000000
71316  -0.733  -0.218  8.021 0.0000000000
71319  -1.520  0.073  7.550 0.0000000000
71320  -2.492  0.304  7.551 0.0000000000
71321  -3.122  0.143  7.774 0.0000000000
71322  -3.799  -0.132  7.682 0.0000000000
71323  -4.198  -0.044  7.363 0.0000000000
71333  -4.445  -0.348  7.016 0.0000000000
71334  -4.344  -0.200  7.216 0.0000000000
71346  -3.087  0.971  5.902 0.0000000000
71347  -3.458  0.347  6.031 0.0000000000
71348  -3.760  -0.024  6.366 0.0000000000
71349  -4.049  -0.217  6.562 0.0000000000
71350  -4.308  -0.332  6.820 0.0000000000
71362  0.675  -0.489  4.855 0.0000000000
72569  -0.957  0.849  7.975 0.0000000000
72576  -1.771  1.275  7.513 0.0000000000
72577  -2.874  1.408  7.629 0.0000000000
72578  -3.255  1.007  7.711 0.0000000000
72579  -3.811  0.424  7.565 0.0000000000
72580  -4.260  0.126  7.187 0.0000000000
72583  -2.451  2.018  7.558 0.0000000000
72584  -2.937  2.132  7.743 0.0000000000
72585  -4.222  0.348  7.052 0.0000000000
72586  -4.367  0.143  7.000 0.0000000000
72599  -3.001  1.941  6.294 0.0000000000
72600  -3.194  1.216  5.974 0.0000000000
72601  -3.614  0.789  6.361 0.0000000000
72602  -3.973  0.500  6.702 0.0000000000
72603  -4.094  0.334  6.805 0.0000000000
72626  0.902  0.424  4.860 0.0000000000
73952  -0.799  1.554  8.608 0.0000000000
73955  -1.052  1.948  7.807 0.0000000000
73962  -1.970  2.347  7.584 0.0000000000
73963  -2.954  1.771  7.782 0.0000000000
73964  -3.349  1.399  7.540 0.0000000000
73965  -3.758  1.221  7.174 0.0000000000
73971  -2.828  2.698  7.877 0.0000000000
73972  -3.476  2.241  7.487 0.0000000000
73973  -3.854  1.770  6.863 0.0000000000
73974  -3.984  1.143  6.930 0.0000000000
73983  1.142  1.872  5.014 0.0000000000
73984  -3.351  2.442  6.630 0.0000000000
73985  -3.551  2.343  6.900 0.0000000000
73986  -3.378  1.511  6.612 0.0000000000
73987  -3.878  0.880  6.797 0.0000000000
73988  -3.969  0.852  6.841 0.0000000000
74011  1.138  1.109  4.843 0.0000000000
75318  -0.843  2.687  8.559 0.0000000000
75324  -1.605  2.887  7.849 0.0000000000
75327  -2.688  3.046  7.989 0.0000000000
75328  -3.633  1.827  7.605 0.0000000000
75329  -3.681  1.792  7.295 0.0000000000
75330  -4.020  1.772  6.942 0.0000000000
75337  -3.543  3.023  7.572 0.0000000000
75338  -3.515  2.027  7.594 0.0000000000
75339  -3.636  2.014  7.419 0.0000000000
75340  -4.182  1.898  6.957 0.0000000000
75353  0.609  2.406  5.488 0.0000000000
75354  -3.614  2.912  6.941 0.0000000000
76652  -0.626  3.746  8.926 0.0000000000
76659  -1.292  3.620  7.985 0.0000000000
76664  -2.467  3.660  7.977 0.0000000000
76668  -3.293  3.708  7.628 0.0000000000
76679  0.685  3.330  5.641 0.0000000000
76680  -3.547  3.512  7.169 0.0000000000
77965  -0.523  4.716  9.317 0.0000000000
77969  -0.904  4.531  8.152 0.0000000000
77973  -2.429  4.351  7.907 0.0000000000
77974  -3.374  4.677  8.116 0.0000000000
77978  -3.103  4.392  7.278 0.0000000000
77979  -3.252  4.365  7.584 0.0000000000
77991  0.760  4.294  5.749 0.0000000000
77992  -2.978  3.945  6.996 0.0000000000
79295  -0.687  5.431  8.700 0.0000000000
79296  -3.038  5.414  8.398 0.0000000000
79297  -3.314  5.585  8.338 0.0000000000
79298  -3.625  5.895  8.194 0.0000000000
79301  -1.727  5.159  8.160 0.0000000000
79302  -3.109  4.961  8.225 0.0000000000
79303  -3.786  5.660  7.918 0.0000000000
79304  -3.750  6.058  8.048 0.0000000000
79307  -2.137  6.200  6.444 0.0000000000
79308  -2.711  5.549  6.737 0.0000000000
79309  -3.230  5.063  7.354 0.0000000000
79310  -3.540  5.264  7.626 0.0000000000
79319  0.860  5.314  5.802 0.0000000000
79320  -2.744  4.985  6.746 0.0000000000
80559  -0.478  6.167  9.110 0.0000000000
80562  -0.453  6.802  9.009 0.0000000000
80563  -1.297  6.201  8.495 0.0000000000
80564  -2.624  5.959  8.526 0.0000000000
80565  -3.277  6.190  8.394 0.0000000000
80566  -3.562  6.298  8.176 0.0000000000
80571  -2.299  5.474  8.355 0.0000000000
80572  -2.802  5.391  8.404 0.0000000000
80573  -3.584  6.194  7.698 0.0000000000
80574  -3.699  6.370  7.947 0.0000000000
80580  -1.750  6.830  6.413 0.0000000000
80581  -2.111  6.600  6.474 0.0000000000
80582  -2.664  6.270  6.843 0.0000000000
80583  -3.299  6.131  7.353 0.0000000000
80593  -1.523  7.153  6.417 0.0000000000
81866  -0.835  7.378  8.773 0.0000000000
81867  -1.850  7.108  8.659 0.0000000000
81868  -2.791  6.952  8.646 0.0000000000
81869  -3.297  6.800  8.320 0.0000000000
81870  -3.460  6.738  8.153 0.0000000000
81878  -3.328  6.823  7.692 0.0000000000
81879  -3.480  6.972  7.974 0.0000000000
81888  -1.542  7.451  6.485 0.0000000000
81889  -2.031  7.386  6.607 0.0000000000
81890  -2.574  7.136  7.032 0.0000000000
81891  -2.946  7.082  7.378 0.0000000000
81903  1.565  7.523  5.669 0.0000000000
81904  -1.034  8.211  6.535 0.0000000000
83212  -0.487  8.227  9.305 0.0000000000
83213  -1.288  8.147  8.954 0.0000000000
83214  -2.207  8.047  8.766 0.0000000000
83215  -2.953  7.768  8.342 0.0000000000
83216  -3.325  7.097  8.250 0.0000000000
83229  -2.286  8.837  7.279 0.0000000000
83230  -2.731  8.452  7.629 0.0000000000
83231  -3.175  7.714  7.919 0.0000000000
83232  -3.317  7.266  8.092 0.0000000000
83244  -0.594  9.416  6.611 0.0000000000
83245  -1.254  8.600  6.703 0.0000000000
83246  -2.093  8.247  6.885 0.0000000000
83247  -2.576  7.879  7.297 0.0000000000
83248  -2.958  7.577  7.588 0.0000000000
83261  -0.547  9.103  6.582 0.0000000000
83262  -0.760  8.818  6.602 0.0000000000
84502  -1.070  9.813  9.394 0.0000000000
84503  -1.894  9.844  9.403 0.0000000000
84518  -0.789  8.976  9.350 0.0000000000
84519  -1.684  9.002  9.238 0.0000000000
84520  -2.426  9.274  8.806 0.0000000000
84523  -2.155  9.313  7.278 0.0000000000
84524  -2.428  9.581  7.478 0.0000000000
84525  -2.943  9.142  8.106 0.0000000000
84528  -0.426  10.149  6.563 0.0000000000
84529  -0.891  9.856  6.731 0.0000000000
84530  -1.739  9.551  7.138 0.0000000000
84531  -2.078  10.124  7.310 0.0000000000
84536  -0.209  10.019  6.518 0.0000000000
85821  -1.412  10.648  9.411 0.0000000000
85822  -2.302  10.533  9.259 0.0000000000
85834  -2.770  10.435  8.619 0.0000000000
85843  -2.287  10.534  7.479 0.0000000000
85844  -2.726  10.614  7.899 0.0000000000
85850  -0.580  10.769  6.582 0.0000000000
85851  -1.220  10.691  6.759 0.0000000000
85852  -1.865  10.803  7.150 0.0000000000
85863  -0.102  11.005  6.505 0.0000000000
87051  -1.838  11.505  9.484 0.0000000000
87052  -2.575  11.487  9.051 0.0000000000
87070  -2.828  11.504  8.340 0.0000000000
87091  -2.341  11.520  7.502 0.0000000000
87092  -2.709  11.529  7.893 0.0000000000
87111  -0.257  11.623  6.540 0.0000000000
87112  -0.859  11.602  6.585 0.0000000000
87113  -1.536  11.603  6.832 0.0000000000
87114  -1.958  11.594  7.119 0.0000000000
87130  -0.007  11.670  6.531 0.0000000000
88366  -1.223  12.395  9.380 0.0000000000
88367  -2.174  12.433  9.331 0.0000000000
88378  -2.635  12.472  8.720 0.0000000000
88385  -2.406  12.139  7.453 0.0000000000
88386  -2.725  12.448  7.790 0.0000000000
88394  -0.249  12.399  6.431 0.0000000000
88395  -0.602  12.446  6.472 0.0000000000
88396  -1.260  12.498  6.648 0.0000000000
88397  -2.134  12.453  7.059 0.0000000000
88398  -2.485  13.202  7.360 0.0000000000
89579  -0.679  13.275  9.427 0.0000000000
89580  -1.621  13.282  9.462 0.0000000000
89581  -2.360  13.408  9.166 0.0000000000
89587  -2.659  13.539  8.461 0.0000000000
89593  -2.658  13.684  7.738 0.0000000000
89599  -0.378  13.159  6.341 0.0000000000
89600  -0.951  13.390  6.507 0.0000000000
89601  -1.679  13.497  6.644 0.0000000000
89602  -2.256  13.663  7.015 0.0000000000
89603  -2.441  13.761  7.369 0.0000000000
89614  -0.168  12.970  6.290 0.0000000000
90732  -0.215  14.173  9.365 0.0000000000
90733  -1.046  14.105  9.411 0.0000000000
90734  -1.901  14.076  9.484 0.0000000000
90737  0.096  14.964  9.284 0.0000000000
90738  -0.518  14.926  9.222 0.0000000000
90739  -1.458  14.879  9.329 0.0000000000
90740  -2.356  14.582  9.031 0.0000000000
90743  -2.677  14.616  8.176 0.0000000000
90747  -0.475  14.025  6.322 0.0000000000
90748  -0.766  14.287  6.429 0.0000000000
90749  -1.336  14.450  6.537 0.0000000000
90750  -2.009  14.561  6.742 0.0000000000
90751  -2.434  14.521  7.380 0.0000000000
90767  -0.273  13.385  6.296 0.0000000000
91923  0.018  15.711  9.009 0.0000000000
91924  -0.872  15.786  9.202 0.0000000000
91925  -1.895  15.750  9.210 0.0000000000
91926  -2.409  15.661  8.545 0.0000000000
91930  -2.631  15.643  7.764 0.0000000000
91940  1.299  14.892  5.948 0.0000000000
91941  -0.696  15.278  6.504 0.0000000000
91942  -1.073  15.420  6.468 0.0000000000
91943  -1.675  15.533  6.567 0.0000000000
91944  -2.366  15.722  6.931 0.0000000000
91959  1.702  15.461  5.772 0.0000000000
91960  -0.708  16.159  6.398 0.0000000000
93242  0.368  16.622  9.245 0.0000000000
93246  -0.259  16.657  8.859 0.0000000000
93247  -1.265  16.739  9.178 0.0000000000
93248  -2.173  16.704  8.860 0.0000000000
93249  -2.559  16.650  8.159 0.0000000000
93260  -2.462  16.637  7.413 0.0000000000
93271  -0.868  16.491  6.336 0.0000000000
93272  -1.341  16.478  6.450 0.0000000000
93273  -1.915  16.572  6.705 0.0000000000
93274  -2.209  16.640  7.022 0.0000000000
93285  1.395  16.604  5.758 0.0000000000
93286  -0.745  16.703  6.296 0.0000000000
94603  0.278  17.632  8.813 0.0000000000
94604  -0.639  17.636  8.813 0.0000000000
94605  -1.617  17.636  8.827 0.0000000000
94606  -2.255  17.581  8.381 0.0000000000
94615  -2.513  17.568  7.736 0.0000000000
94619  -0.882  17.095  6.227 0.0000000000
94620  -1.078  17.371  6.264 0.0000000000
94621  -1.583  17.487  6.562 0.0000000000
94622  -2.206  17.561  6.999 0.0000000000
94629  -0.850  17.429  6.174 0.0000000000
94630  -1.002  18.172  6.065 0.0000000000
95810  -0.148  18.613  8.555 0.0000000000
95811  -1.100  18.544  8.707 0.0000000000
95812  -1.891  18.435  8.476 0.0000000000
95813  -2.392  18.423  8.040 0.0000000000
95816  -2.377  18.465  7.406 0.0000000000
95819  -1.307  18.461  6.300 0.0000000000
95820  -1.861  18.473  6.638 0.0000000000
95821  -2.263  18.622  6.927 0.0000000000
95828  1.484  18.467  5.482 0.0000000000
95829  -0.859  18.745  5.957 0.0000000000
95830  -1.029  18.894  6.046 0.0000000000
96846  0.078  19.686  8.641 0.0000000000
96847  -0.746  19.489  8.528 0.0000000000
96848  -1.557  19.275  8.340 0.0000000000
96849  -2.046  19.009  8.140 0.0000000000
96852  -1.908  19.501  7.988 0.0000000000
96853  -2.192  19.260  7.648 0.0000000000
96856  -1.676  19.347  6.423 0.0000000000
96857  -2.154  19.325  6.706 0.0000000000
96858  -2.386  19.272  7.129 0.0000000000
96867  -0.778  19.690  5.858 0.0000000000
96868  -0.946  19.643  5.973 0.0000000000
96869  -1.239  19.469  6.174 0.0000000000
97842  -0.526  20.638  8.231 0.0000000000
97843  -1.318  20.048  8.172 0.0000000000
97844  -1.670  19.746  8.041 0.0000000000
97847  -0.977  21.201  7.957 0.0000000000
97848  -1.391  20.840  7.906 0.0000000000
97849  -1.900  20.144  7.702 0.0000000000
97850  -2.317  19.962  7.276 0.0000000000
97853  -1.544  20.016  6.263 0.0000000000
97854  -2.040  20.277  6.453 0.0000000000
97855  -2.383  19.894  6.875 0.0000000000
97863  -0.939  20.630  5.762 0.0000000000
97864  -1.280  20.418  5.988 0.0000000000
97865  -1.655  20.484  6.162 0.0000000000
98823  0.165  21.525  8.162 0.0000000000
98826  -0.637  21.625  7.871 0.0000000000
98827  -1.338  21.600  7.705 0.0000000000
98828  -2.105  21.237  7.417 0.0000000000
98829  -2.213  20.488  7.326 0.0000000000
98832  -2.243  21.298  6.568 0.0000000000
98833  -2.428  20.565  6.983 0.0000000000
98843  -0.817  21.958  5.361 0.0000000000
98844  -1.166  21.442  5.639 0.0000000000
98845  -1.746  21.193  5.980 0.0000000000
98858  -0.558  22.714  4.965 0.0000000000
99926  -0.285  22.437  7.780 0.0000000000
99927  -1.086  22.333  7.592 0.0000000000
99928  -1.627  22.154  7.312 0.0000000000
99936  -1.941  22.097  6.799 0.0000000000
99953  -0.979  22.212  5.379 0.0000000000
99954  -1.353  22.281  5.618 0.0000000000
99955  -1.967  22.178  6.097 0.0000000000
99972  -0.330  23.490  4.679 0.0000000000
99973  -0.739  22.814  5.060 0.0000000000
99974  -1.002  22.596  5.311 0.0000000000
101034  -1.013  23.317  7.359 0.0000000000
101035  -1.377  22.670  7.305 0.0000000000
101047  -1.513  23.538  6.493 0.0000000000
101048  -1.633  22.797  6.971 0.0000000000
101067  -1.570  23.213  5.750 0.0000000000
101068  -1.770  22.776  6.420 0.0000000000
101087  0.354  24.625  4.188 0.0000000000
101088  -0.099  24.260  4.429 0.0000000000
101089  -0.601  23.752  4.803 0.0000000000
101090  -1.039  23.122  5.271 0.0000000000
102178  -0.233  24.342  7.363 0.0000000000
102200  -1.065  24.520  6.655 0.0000000000
102216  -1.373  24.417  5.716 0.0000000000
102228  0.392  24.932  3.909 0.0000000000
102229  0.128  24.782  4.120 0.0000000000
102230  -0.437  24.784  4.403 0.0000000000
102231  -1.132  24.105  5.023 0.0000000000
102242  0.546  25.267  3.732 0.0000000000
102243  0.280  25.193  3.846 0.0000000000
102244  -0.092  24.966  4.053 0.0000000000
103227  -1.239  25.702  5.766 0.0000000000
103228  -1.355  26.348  5.186 0.0000000000
103236  -0.621  25.397  4.187 0.0000000000
103237  -1.288  25.378  4.600 0.0000000000
103238  -1.533  26.042  4.951 0.0000000000
103248  0.932  25.913  3.368 0.0000000000
103249  0.467  25.754  3.597 0.0000000000
103250  -0.126  25.574  3.821 0.0000000000
103251  -0.696  25.879  4.006 0.0000000000
104255  -0.468  26.590  6.145 0.0000000000
104256  -1.130  26.755  5.421 0.0000000000
104262  -1.393  26.178  4.516 0.0000000000
104263  -1.357  26.760  4.652 0.0000000000
104270  0.607  26.264  3.354 0.0000000000
104271  0.242  26.337  3.468 0.0000000000
104272  -0.377  26.549  3.529 0.0000000000
104273  -1.138  26.532  3.916 0.0000000000
104274  -1.285  27.237  3.999 0.0000000000
104283  0.690  26.552  3.206 0.0000000000
104284  0.449  26.798  3.130 0.0000000000
104285  -0.061  27.097  3.145 0.0000000000
105260  0.186  27.243  6.210 0.0000000000
105275  0.527  27.762  5.860 0.0000000000
105276  -0.330  27.550  5.460 0.0000000000
105277  -1.035  27.347  4.952 0.0000000000
105285  -0.684  27.845  4.752 0.0000000000
105286  -1.131  27.661  4.328 0.0000000000
105293  -0.727  27.033  3.465 0.0000000000
105294  -1.005  27.581  3.461 0.0000000000
105295  -1.188  27.708  3.831 0.0000000000
105303  0.503  27.138  2.825 0.0000000000
105304  0.224  27.497  2.731 0.0000000000
105305  -0.380  27.518  2.961 0.0000000000
105306  -0.787  28.202  2.872 0.0000000000
105313  0.398  27.847  2.413 0.0000000000
105314  0.264  28.171  2.308 0.0000000000
106252  0.556  28.447  5.224 0.0000000000
106253  -0.196  28.207  4.844 0.0000000000
106263  0.079  28.757  4.620 0.0000000000
106264  -0.589  28.491  4.221 0.0000000000
106265  -1.129  28.139  3.910 0.0000000000
106272  -0.819  28.514  3.430 0.0000000000
106273  -1.133  27.983  3.607 0.0000000000
106280  -0.010  28.056  2.445 0.0000000000
106281  -0.315  28.469  2.495 0.0000000000
106282  -0.567  29.053  2.623 0.0000000000
106290  0.359  28.692  1.964 0.0000000000
106291  0.063  28.796  2.037 0.0000000000
106292  -0.263  29.216  2.117 0.0000000000
106293  -0.349  29.489  2.231 0.0000000000
106528  0.689  28.938  -20.166 0.0000000000
107250  0.507  29.054  4.699 0.0000000000
107262  0.958  29.828  4.216 0.0000000000
107263  0.237  29.492  4.033 0.0000000000
107264  -0.431  29.022  3.703 0.0000000000
107270  0.046  29.954  3.430 0.0000000000
107271  -0.423  29.619  3.182 0.0000000000
107276  -0.368  29.848  2.353 0.0000000000
107283  0.481  29.280  1.554 0.0000000000
107284  0.277  29.383  1.580 0.0000000000
107285  -0.064  29.680  1.585 0.0000000000
107286  -0.344  29.831  1.876 0.0000000000
107300  0.367  29.878  1.197 0.0000000000
107301  0.144  29.965  1.228 0.0000000000
107539  0.195  31.090  -20.670 0.0000000000
107549  -0.385  31.009  -21.047 0.0000000000
107550  -0.554  30.901  -21.338 0.0000000000
108247  0.866  29.995  3.883 0.0000000000
108254  0.667  30.387  3.304 0.0000000000
108255  -0.006  30.153  3.126 0.0000000000
108261  0.435  30.865  2.744 0.0000000000
108262  -0.090  30.523  2.598 0.0000000000
108269  -0.277  30.248  1.466 0.0000000000
108270  -0.366  30.573  1.779 0.0000000000
108285  0.086  30.443  0.806 0.0000000000
108286  -0.157  30.406  1.060 0.0000000000
108287  -0.407  30.756  1.205 0.0000000000
108509  0.194  31.902  -20.534 0.0000000000
108517  -0.547  31.320  -21.208 0.0000000000
108522  -0.797  31.243  -21.678 0.0000000000
109193  0.248  31.323  2.380 0.0000000000
109203  -0.288  31.246  1.969 0.0000000000
109216  -0.153  30.780  0.702 0.0000000000
109217  -0.376  31.084  0.774 0.0000000000
109218  -0.418  31.533  1.193 0.0000000000
109226  -0.115  31.308  0.466 0.0000000000
109227  -0.317  31.884  0.543 0.0000000000
109228  -0.245  32.212  0.721 0.0000000000
109386  0.303  32.541  -20.414 0.0000000000
109389  0.161  32.222  -20.538 0.0000000000
110048  0.163  31.975  1.715 0.0000000000
110056  0.535  32.770  1.210 0.0000000000
110057  -0.157  32.343  0.976 0.0000000000
110061  -0.163  32.038  -0.048 0.0000000000
110062  -0.201  32.303  0.047 0.0000000000
110063  -0.022  32.891  0.420 0.0000000000
110064  -0.152  32.442  0.660 0.0000000000
110074  -0.064  32.658  -0.357 0.0000000000
110075  -0.005  33.090  -0.367 0.0000000000
110076  0.187  33.632  -0.339 0.0000000000
110196  0.442  33.296  -20.137 0.0000000000
110197  0.161  33.011  -20.464 0.0000000000
110198  0.040  33.385  -20.675 0.0000000000
110203  -0.099  32.892  -20.958 0.0000000000
110204  -0.656  32.743  -21.489 0.0000000000
110888  0.676  34.052  0.116 0.0000000000
110895  0.216  33.283  -0.801 0.0000000000
110896  0.141  33.806  -0.879 0.0000000000
110897  0.254  34.409  -0.786 0.0000000000
110905  0.129  34.041  -1.247 0.0000000000
110906  0.225  34.437  -1.471 0.0000000000
110907  0.005  34.932  -1.417 0.0000000000
111007  0.378  34.205  -20.003 0.0000000000
111008  0.250  33.810  -20.192 0.0000000000
111009  0.065  33.813  -20.437 0.0000000000
111014  -0.149  33.915  -20.916 0.0000000000
111015  -0.590  33.691  -21.249 0.0000000000
111714  0.347  35.254  -1.120 0.0000000000
111715  0.199  35.710  -1.560 0.0000000000
111721  -0.107  34.655  -1.750 0.0000000000
111722  -0.242  35.035  -1.857 0.0000000000
111723  -0.143  35.560  -1.795 0.0000000000
111724  -0.033  35.934  -1.780 0.0000000000
111731  -0.023  35.338  -2.257 0.0000000000
111732  -0.010  35.659  -2.307 0.0000000000
111733  -0.070  35.882  -2.213 0.0000000000
111847  0.539  35.315  -20.106 0.0000000000
111848  0.236  34.582  -20.130 0.0000000000
111849  0.131  34.200  -20.245 0.0000000000
111853  0.520  35.670  -20.141 0.0000000000
111854  0.281  35.401  -20.193 0.0000000000
111855  -0.051  34.745  -20.453 0.0000000000
111856  -0.573  34.649  -20.967 0.0000000000
111860  -1.031  34.521  -21.551 0.0000000000
112542  0.884  35.806  -1.323 0.0000000000
112543  0.336  36.045  -1.687 0.0000000000
112546  -0.011  36.158  -2.077 0.0000000000
112547  0.075  36.187  -1.850 0.0000000000
112555  0.347  36.126  -2.950 0.0000000000
112556  0.197  36.270  -2.509 0.0000000000
112678  0.756  36.273  -20.170 0.0000000000
112679  0.719  36.700  -20.304 0.0000000000
112684  0.624  35.885  -20.137 0.0000000000
112685  0.547  36.242  -20.303 0.0000000000
112686  -0.019  35.943  -20.303 0.0000000000
112687  -0.571  35.657  -20.654 0.0000000000
112692  -1.025  35.530  -21.308 0.0000000000
112693  -1.581  35.401  -21.873 0.0000000000
113371  0.936  36.325  -1.678 0.0000000000
113372  0.383  36.328  -1.872 0.0000000000
113376  1.475  36.835  -1.633 0.0000000000
113377  0.725  36.677  -2.138 0.0000000000
113378  0.176  36.417  -1.982 0.0000000000
113382  0.633  36.888  -3.330 0.0000000000
113383  0.743  36.989  -2.953 0.0000000000
113392  0.928  37.572  -3.759 0.0000000000
113393  1.029  37.517  -3.404 0.0000000000
113401  0.925  38.008  -4.421 0.0000000000
113402  1.008  37.898  -4.202 0.0000000000
113530  0.996  36.935  -20.420 0.0000000000
113534  0.884  36.968  -20.819 0.0000000000
113535  0.310  37.069  -20.533 0.0000000000
113536  -0.435  36.769  -20.644 0.0000000000
113539  0.928  37.340  -21.239 0.0000000000
113540  0.718  37.187  -21.026 0.0000000000
113541  -1.004  36.568  -21.125 0.0000000000
113542  -1.573  36.417  -21.673 0.0000000000
113546  -2.081  36.286  -22.289 0.0000000000
113547  -2.550  36.154  -22.966 0.0000000000
114192  1.588  37.479  -1.906 0.0000000000
114193  1.175  37.349  -2.535 0.0000000000
114200  1.514  37.880  -2.492 0.0000000000
114201  1.163  37.771  -3.047 0.0000000000
114208  1.080  38.014  -3.987 0.0000000000
114209  1.085  37.869  -3.590 0.0000000000
114218  1.028  38.635  -4.643 0.0000000000
114219  1.195  38.314  -4.394 0.0000000000
114339  1.257  37.552  -20.791 0.0000000000
114340  0.150  38.034  -20.337 0.0000000000
114341  -0.417  37.809  -20.484 0.0000000000
114345  1.159  37.703  -21.185 0.0000000000
114346  0.660  37.596  -21.084 0.0000000000
114347  -0.908  37.634  -21.082 0.0000000000
114348  -1.531  37.438  -21.522 0.0000000000
114351  -2.007  37.283  -22.150 0.0000000000
114352  -2.380  37.149  -22.834 0.0000000000
114357  -2.672  37.007  -23.598 0.0000000000
114991  1.704  38.275  -2.026 0.0000000000
114995  1.607  38.446  -2.849 0.0000000000
114996  1.325  38.182  -3.414 0.0000000000
115001  1.452  38.667  -3.771 0.0000000000
115002  1.217  38.170  -3.716 0.0000000000
115007  1.103  39.123  -4.829 0.0000000000
115008  1.501  39.162  -4.718 0.0000000000
115016  1.279  39.539  -5.087 0.0000000000
115017  1.567  39.843  -5.206 0.0000000000
115111  0.263  38.992  -20.296 0.0000000000
115112  -0.345  38.910  -20.489 0.0000000000
115115  1.230  38.352  -21.059 0.0000000000
115116  0.743  38.348  -21.079 0.0000000000
115117  -0.872  38.712  -20.974 0.0000000000
115118  -1.408  38.477  -21.511 0.0000000000
115120  -1.823  38.255  -22.134 0.0000000000
115121  -2.253  38.097  -22.694 0.0000000000
115126  -2.491  37.964  -23.421 0.0000000000
115132  -1.932  38.526  -24.834 0.0000000000
115133  -2.433  37.795  -24.239 0.0000000000
115771  1.884  39.314  -3.041 0.0000000000
115777  1.768  39.764  -3.974 0.0000000000
115782  1.678  40.197  -4.871 0.0000000000
115787  1.539  40.538  -5.618 0.0000000000
115866  0.772  40.118  -19.724 0.0000000000
115878  0.570  39.316  -20.054 0.0000000000
115879  0.418  39.836  -19.904 0.0000000000
115880  -0.150  40.053  -20.207 0.0000000000
115893  1.193  38.975  -20.680 0.0000000000
115894  0.826  39.149  -20.773 0.0000000000
115895  -0.864  39.847  -20.720 0.0000000000
115896  -1.364  39.597  -21.483 0.0000000000
115908  -1.786  39.216  -22.093 0.0000000000
115909  -2.136  38.962  -22.576 0.0000000000
115915  -2.044  39.624  -23.808 0.0000000000
115916  -2.330  38.866  -23.232 0.0000000000
115923  -1.860  39.470  -24.668 0.0000000000
115924  -2.271  38.741  -24.049 0.0000000000
115927  -1.343  39.226  -25.429 0.0000000000
116571  1.766  41.191  -6.053 0.0000000000
116677  1.034  40.838  -19.420 0.0000000000
116678  0.716  40.851  -19.614 0.0000000000
116691  0.119  41.025  -19.792 0.0000000000
116692  -0.188  41.081  -20.023 0.0000000000
116701  -0.535  40.926  -20.598 0.0000000000
116702  -1.134  40.929  -21.433 0.0000000000
116715  -1.820  40.396  -22.414 0.0000000000
116716  -2.022  39.580  -22.497 0.0000000000
116727  -1.945  40.533  -23.546 0.0000000000
116728  -2.280  39.734  -22.974 0.0000000000
116731  -1.912  40.414  -24.488 0.0000000000
116734  -1.642  40.215  -25.417 0.0000000000
117369  1.917  41.888  -6.453 0.0000000000
117376  1.563  42.131  -6.958 0.0000000000
117393  1.510  42.424  -7.342 0.0000000000
117487  1.332  42.100  -18.989 0.0000000000
117502  1.257  41.501  -19.241 0.0000000000
117503  1.076  41.743  -19.260 0.0000000000
117504  0.636  41.720  -19.487 0.0000000000
117515  0.191  41.783  -19.817 0.0000000000
117516  -0.195  41.814  -20.318 0.0000000000
117526  -0.629  41.845  -20.997 0.0000000000
117527  -1.065  42.004  -21.618 0.0000000000
117536  -1.440  41.846  -22.363 0.0000000000
117547  -1.719  41.523  -23.307 0.0000000000
117550  -2.083  41.514  -24.310 0.0000000000
117551  -2.351  42.087  -24.733 0.0000000000
117556  -2.064  41.062  -25.241 0.0000000000
117557  -2.325  41.761  -25.201 0.0000000000
117566  -2.133  41.493  -25.683 0.0000000000
118134  1.882  42.415  -6.864 0.0000000000
118143  1.823  42.945  -7.432 0.0000000000
118144  1.675  43.316  -7.915 0.0000000000
118149  1.514  43.025  -7.880 0.0000000000
118150  1.569  43.284  -8.131 0.0000000000
118165  1.495  43.598  -8.531 0.0000000000
118166  1.526  43.613  -8.421 0.0000000000
118185  1.499  44.199  -8.970 0.0000000000
118325  1.570  42.814  -18.634 0.0000000000
118326  1.251  42.670  -18.762 0.0000000000
118336  0.937  42.547  -19.062 0.0000000000
118337  0.614  42.546  -19.492 0.0000000000
118346  0.157  42.656  -19.902 0.0000000000
118347  -0.178  42.698  -20.627 0.0000000000
118356  -0.593  42.795  -21.488 0.0000000000
118357  -1.029  42.493  -22.091 0.0000000000
118365  -0.764  43.171  -22.440 0.0000000000
118366  -1.033  42.530  -22.618 0.0000000000
118377  -0.994  43.432  -22.933 0.0000000000
118378  -1.392  42.799  -23.350 0.0000000000
118379  -2.192  43.178  -23.715 0.0000000000
118385  -1.937  42.107  -23.766 0.0000000000
118386  -2.366  42.616  -24.223 0.0000000000
118392  -2.465  42.489  -25.225 0.0000000000
118401  -2.266  42.038  -25.964 0.0000000000
119002  1.919  43.524  -7.827 0.0000000000
119006  2.062  44.135  -8.032 0.0000000000
119007  1.676  43.647  -8.250 0.0000000000
119011  1.631  44.222  -8.677 0.0000000000
119012  1.561  43.754  -8.517 0.0000000000
119017  1.711  44.903  -9.636 0.0000000000
119027  1.684  45.420  -10.844 0.0000000000
119043  1.394  45.632  -11.933 0.0000000000
119123  1.874  44.517  -16.969 0.0000000000
119139  1.598  43.937  -17.645 0.0000000000
119140  1.396  43.848  -17.850 0.0000000000
119148  1.441  43.373  -18.265 0.0000000000
119149  1.154  43.507  -18.477 0.0000000000
119150  0.785  43.752  -18.689 0.0000000000
119158  0.725  43.136  -18.911 0.0000000000
119159  0.534  43.512  -19.327 0.0000000000
119168  0.291  43.554  -20.188 0.0000000000
119169  -0.011  43.562  -20.996 0.0000000000
119178  -0.337  43.721  -21.702 0.0000000000
119188  -0.541  43.998  -22.275 0.0000000000
119189  -0.902  44.198  -22.526 0.0000000000
119199  -0.868  43.754  -22.655 0.0000000000
119200  -1.383  43.974  -22.891 0.0000000000
119201  -2.099  43.772  -23.419 0.0000000000
119208  -2.592  43.643  -24.121 0.0000000000
119216  -2.577  43.441  -25.110 0.0000000000
119863  0.998  45.662  -12.647 0.0000000000
119864  1.256  45.845  -12.780 0.0000000000
119865  0.910  46.087  -13.424 0.0000000000
119880  0.816  45.561  -13.388 0.0000000000
119881  0.860  45.765  -13.858 0.0000000000
119882  0.877  46.060  -13.804 0.0000000000
119900  0.962  45.398  -14.443 0.0000000000
119901  0.914  45.461  -14.960 0.0000000000
119917  1.372  45.098  -15.677 0.0000000000
119918  1.287  45.229  -15.966 0.0000000000
119931  1.602  44.710  -16.408 0.0000000000
119932  1.451  44.637  -16.664 0.0000000000
119933  1.183  44.772  -16.735 0.0000000000
119934  0.892  44.860  -17.113 0.0000000000
119943  1.470  44.351  -17.339 0.0000000000
119944  1.156  44.348  -17.655 0.0000000000
119945  0.727  44.760  -17.716 0.0000000000
119953  0.912  44.173  -18.215 0.0000000000
119954  0.656  44.514  -18.616 0.0000000000
120010  -1.622  44.529  -22.680 0.0000000000
120011  -2.048  44.634  -22.981 0.0000000000
120020  -2.619  44.542  -23.747 0.0000000000
120680  1.178  46.415  -13.386 0.0000000000
120681  0.958  46.246  -13.591 0.0000000000
120687  0.829  46.167  -14.376 0.0000000000
120688  0.998  46.271  -13.835 0.0000000000
120690  0.816  45.720  -15.538 0.0000000000
120691  0.862  45.673  -15.986 0.0000000000
120703  1.029  45.382  -16.203 0.0000000000
120704  0.806  45.603  -16.333 0.0000000000
120717  0.870  45.165  -16.625 0.0000000000
120718  0.664  45.438  -17.012 0.0000000000
121477  1.296  46.855  -14.262 0.0000000000
121482  0.900  46.585  -15.507 0.0000000000
121483  0.716  45.920  -15.913 0.0000000000
121494  0.715  46.115  -16.406 0.0000000000
