#!ascii label  , from subject Broad_82_YZ vox2ras=TkReg
955
2337  -25.551  -66.880  -0.915 0.0000000000
2748  -25.948  -66.850  -0.515 0.0000000000
2749  -26.606  -66.679  -0.262 0.0000000000
2750  -27.442  -66.426  -0.246 0.0000000000
2751  -28.260  -66.274  -0.221 0.0000000000
2752  -29.116  -66.158  -0.199 0.0000000000
2767  -24.450  -66.702  -1.803 0.0000000000
2768  -25.334  -66.578  -1.499 0.0000000000
2769  -26.184  -66.537  -1.116 0.0000000000
2770  -27.038  -66.324  -0.946 0.0000000000
2771  -27.845  -66.174  -1.019 0.0000000000
2772  -28.643  -66.119  -0.894 0.0000000000
2773  -29.349  -65.880  -0.856 0.0000000000
2787  -24.143  -66.220  -2.496 0.0000000000
2788  -25.033  -66.119  -2.159 0.0000000000
2789  -25.948  -66.082  -1.870 0.0000000000
2790  -26.846  -66.085  -1.605 0.0000000000
2791  -27.391  -66.094  -1.387 0.0000000000
2805  -33.859  -66.387  -4.324 0.0000000000
2819  -34.054  -66.584  -4.979 0.0000000000
2835  -33.984  -66.456  -5.785 0.0000000000
3234  -29.953  -65.756  -0.255 0.0000000000
3235  -30.727  -65.057  -0.236 0.0000000000
3243  -28.321  -66.004  -1.363 0.0000000000
3244  -28.929  -65.824  -1.509 0.0000000000
3245  -29.983  -65.253  -1.248 0.0000000000
3246  -30.766  -64.467  -0.800 0.0000000000
3259  -23.873  -65.728  -3.105 0.0000000000
3260  -24.753  -65.684  -2.849 0.0000000000
3261  -25.693  -65.659  -2.600 0.0000000000
3262  -26.699  -65.705  -2.340 0.0000000000
3263  -27.888  -65.847  -1.956 0.0000000000
3264  -29.160  -65.210  -2.345 0.0000000000
3265  -29.887  -64.738  -1.912 0.0000000000
3266  -33.086  -65.101  -2.401 0.0000000000
3279  -23.526  -65.189  -3.624 0.0000000000
3280  -24.437  -65.194  -3.468 0.0000000000
3281  -25.381  -65.187  -3.291 0.0000000000
3282  -26.401  -65.208  -3.105 0.0000000000
3283  -27.467  -65.293  -2.845 0.0000000000
3284  -28.233  -65.328  -2.615 0.0000000000
3285  -32.838  -65.367  -3.391 0.0000000000
3292  -32.853  -65.479  -4.265 0.0000000000
3293  -33.380  -65.956  -3.916 0.0000000000
3300  -32.673  -65.199  -4.709 0.0000000000
3301  -33.318  -65.766  -5.105 0.0000000000
3315  -33.698  -65.737  -6.507 0.0000000000
3316  -34.243  -65.966  -7.397 0.0000000000
3333  -34.094  -65.141  -7.341 0.0000000000
3334  -34.631  -65.485  -7.952 0.0000000000
3349  -35.207  -65.605  -8.404 0.0000000000
3777  -31.649  -64.216  -0.109 0.0000000000
3787  -30.351  -64.301  -1.489 0.0000000000
3788  -31.086  -63.604  -1.004 0.0000000000
3797  -29.170  -64.579  -2.822 0.0000000000
3798  -29.849  -64.007  -2.351 0.0000000000
3799  -30.448  -63.694  -1.575 0.0000000000
3800  -32.250  -63.661  -2.093 0.0000000000
3801  -32.728  -64.355  -1.817 0.0000000000
3812  -22.316  -64.627  -4.260 0.0000000000
3813  -23.176  -64.643  -4.138 0.0000000000
3814  -24.080  -64.650  -4.018 0.0000000000
3815  -25.012  -64.639  -3.888 0.0000000000
3816  -26.009  -64.631  -3.769 0.0000000000
3817  -27.178  -64.518  -3.591 0.0000000000
3818  -28.378  -64.738  -3.107 0.0000000000
3819  -29.110  -64.140  -3.233 0.0000000000
3820  -31.993  -63.800  -2.745 0.0000000000
3821  -32.360  -64.477  -2.834 0.0000000000
3829  -21.971  -64.121  -4.605 0.0000000000
3830  -22.819  -64.055  -4.573 0.0000000000
3831  -23.705  -64.055  -4.488 0.0000000000
3832  -24.614  -64.061  -4.428 0.0000000000
3833  -25.559  -64.040  -4.342 0.0000000000
3834  -26.535  -63.955  -4.196 0.0000000000
3835  -31.810  -63.952  -3.457 0.0000000000
3836  -32.252  -64.832  -4.073 0.0000000000
3844  -31.778  -64.048  -4.454 0.0000000000
3845  -32.393  -64.614  -5.258 0.0000000000
3846  -33.102  -65.037  -5.982 0.0000000000
3853  -32.814  -64.340  -6.100 0.0000000000
3854  -33.636  -64.482  -6.667 0.0000000000
3855  -34.343  -64.008  -7.132 0.0000000000
3869  -34.190  -64.545  -7.234 0.0000000000
3870  -34.749  -64.516  -7.803 0.0000000000
3871  -35.317  -64.288  -8.057 0.0000000000
3889  -34.962  -65.086  -8.270 0.0000000000
3890  -35.534  -64.766  -8.374 0.0000000000
4354  -31.884  -63.271  -0.522 0.0000000000
4368  -31.587  -62.511  -0.999 0.0000000000
4369  -32.412  -62.888  -0.790 0.0000000000
4379  -29.884  -62.892  -2.388 0.0000000000
4380  -30.553  -62.916  -1.596 0.0000000000
4381  -32.277  -62.761  -1.627 0.0000000000
4382  -32.656  -63.537  -1.266 0.0000000000
4392  -27.268  -63.870  -4.071 0.0000000000
4393  -28.200  -63.684  -3.820 0.0000000000
4394  -29.302  -63.265  -3.148 0.0000000000
4395  -31.836  -63.043  -2.718 0.0000000000
4404  -21.449  -63.517  -4.687 0.0000000000
4405  -22.412  -63.310  -4.881 0.0000000000
4406  -23.338  -63.452  -4.918 0.0000000000
4407  -24.209  -63.487  -4.934 0.0000000000
4408  -25.123  -63.481  -4.920 0.0000000000
4409  -26.092  -63.438  -4.846 0.0000000000
4410  -27.191  -63.256  -4.641 0.0000000000
4411  -28.102  -62.846  -4.464 0.0000000000
4412  -31.438  -63.195  -3.991 0.0000000000
4419  -23.090  -62.806  -5.148 0.0000000000
4420  -23.818  -62.872  -5.283 0.0000000000
4421  -24.672  -62.859  -5.367 0.0000000000
4422  -25.598  -62.831  -5.381 0.0000000000
4423  -26.528  -62.778  -5.279 0.0000000000
4424  -27.109  -62.689  -5.155 0.0000000000
4425  -31.577  -63.369  -5.345 0.0000000000
4426  -32.291  -63.861  -5.921 0.0000000000
4432  -32.078  -63.230  -6.208 0.0000000000
4433  -32.928  -63.528  -6.445 0.0000000000
4434  -33.957  -63.430  -6.690 0.0000000000
4435  -34.927  -63.323  -6.960 0.0000000000
4436  -36.005  -63.133  -6.927 0.0000000000
4447  -34.834  -63.861  -7.414 0.0000000000
4448  -35.484  -63.792  -7.697 0.0000000000
4449  -36.541  -63.537  -7.627 0.0000000000
4465  -35.603  -64.206  -8.144 0.0000000000
4466  -36.109  -64.101  -8.256 0.0000000000
5002  -31.660  -61.659  -1.177 0.0000000000
5003  -32.219  -61.840  -1.242 0.0000000000
5004  -32.370  -61.363  -1.692 0.0000000000
5013  -30.245  -62.046  -2.077 0.0000000000
5014  -31.011  -61.868  -1.412 0.0000000000
5015  -32.294  -61.848  -2.196 0.0000000000
5016  -32.468  -61.315  -1.955 0.0000000000
5025  -21.265  -62.335  -4.334 0.0000000000
5026  -28.883  -62.517  -3.879 0.0000000000
5027  -29.531  -62.241  -2.898 0.0000000000
5028  -31.718  -62.141  -3.426 0.0000000000
5036  -20.941  -62.877  -4.552 0.0000000000
5037  -21.781  -62.621  -4.671 0.0000000000
5038  -22.582  -62.464  -4.967 0.0000000000
5039  -27.637  -62.506  -5.016 0.0000000000
5040  -28.403  -62.035  -4.680 0.0000000000
5041  -31.353  -62.342  -4.664 0.0000000000
5047  -23.030  -62.373  -5.174 0.0000000000
5048  -23.480  -62.300  -5.330 0.0000000000
5049  -24.214  -62.204  -5.594 0.0000000000
5050  -25.114  -62.140  -5.774 0.0000000000
5051  -26.089  -62.145  -5.820 0.0000000000
5052  -27.091  -62.152  -5.623 0.0000000000
5053  -27.831  -61.863  -5.327 0.0000000000
5054  -31.364  -62.449  -5.472 0.0000000000
5063  -31.577  -62.419  -6.295 0.0000000000
5064  -32.425  -62.684  -6.709 0.0000000000
5065  -33.433  -62.563  -6.831 0.0000000000
5066  -34.453  -62.618  -6.683 0.0000000000
5067  -35.451  -62.470  -6.567 0.0000000000
5068  -36.629  -62.440  -6.306 0.0000000000
5080  -31.682  -61.882  -6.757 0.0000000000
5081  -32.016  -62.066  -7.060 0.0000000000
5082  -32.722  -62.066  -7.180 0.0000000000
5699  -31.365  -61.141  -1.401 0.0000000000
5700  -31.878  -61.141  -1.268 0.0000000000
5701  -32.236  -61.048  -1.462 0.0000000000
5706  -21.825  -61.635  -3.122 0.0000000000
5707  -22.584  -61.384  -3.026 0.0000000000
5708  -23.472  -61.187  -2.871 0.0000000000
5711  -29.925  -61.275  -2.635 0.0000000000
5712  -30.681  -61.157  -1.875 0.0000000000
5713  -32.423  -61.185  -2.282 0.0000000000
5714  -32.431  -60.897  -1.890 0.0000000000
5721  -21.455  -61.851  -3.869 0.0000000000
5722  -22.214  -61.488  -3.678 0.0000000000
5723  -23.030  -61.068  -3.831 0.0000000000
5724  -24.002  -60.827  -3.503 0.0000000000
5725  -28.859  -61.818  -4.137 0.0000000000
5726  -29.250  -61.476  -3.562 0.0000000000
5727  -32.165  -61.260  -2.989 0.0000000000
5728  -32.424  -60.659  -2.558 0.0000000000
5736  -21.667  -62.113  -4.395 0.0000000000
5737  -22.315  -61.769  -4.510 0.0000000000
5738  -23.319  -61.258  -4.822 0.0000000000
5739  -28.818  -61.179  -4.360 0.0000000000
5740  -29.161  -60.846  -3.815 0.0000000000
5741  -31.641  -61.202  -4.187 0.0000000000
5748  -22.988  -61.888  -5.175 0.0000000000
5749  -23.779  -61.589  -5.359 0.0000000000
5750  -24.645  -61.395  -5.693 0.0000000000
5751  -25.622  -61.226  -6.033 0.0000000000
5752  -26.599  -61.408  -6.061 0.0000000000
5753  -27.557  -61.175  -5.866 0.0000000000
5754  -28.291  -61.253  -5.179 0.0000000000
5755  -31.241  -61.602  -5.540 0.0000000000
5767  -26.284  -60.790  -6.183 0.0000000000
5768  -26.922  -60.747  -6.182 0.0000000000
5769  -27.349  -60.620  -6.077 0.0000000000
5770  -31.514  -61.516  -6.536 0.0000000000
5771  -34.118  -62.029  -6.932 0.0000000000
5772  -34.858  -61.856  -6.656 0.0000000000
5773  -35.879  -61.413  -6.448 0.0000000000
5774  -37.176  -61.558  -5.886 0.0000000000
5786  -31.785  -61.532  -7.078 0.0000000000
5787  -32.377  -61.315  -7.602 0.0000000000
5788  -33.488  -61.545  -7.486 0.0000000000
5789  -34.403  -61.515  -7.247 0.0000000000
5790  -35.098  -61.249  -7.003 0.0000000000
5795  -32.588  -60.751  -8.029 0.0000000000
5796  -33.035  -61.007  -8.133 0.0000000000
6442  -31.624  -60.786  -1.417 0.0000000000
6443  -31.954  -60.525  -1.500 0.0000000000
6444  -32.280  -60.642  -1.653 0.0000000000
6450  -24.652  -60.560  -3.329 0.0000000000
6451  -25.085  -60.416  -2.842 0.0000000000
6452  -30.411  -60.359  -2.427 0.0000000000
6453  -31.222  -60.358  -1.788 0.0000000000
6454  -31.784  -59.909  -1.858 0.0000000000
6455  -32.366  -60.115  -2.028 0.0000000000
6465  -23.850  -60.829  -4.340 0.0000000000
6466  -24.545  -60.536  -4.031 0.0000000000
6467  -25.091  -60.114  -3.632 0.0000000000
6468  -29.622  -60.419  -3.296 0.0000000000
6469  -32.232  -60.535  -3.419 0.0000000000
6470  -32.417  -59.980  -2.910 0.0000000000
6480  -23.868  -60.890  -4.941 0.0000000000
6481  -24.403  -60.543  -4.813 0.0000000000
6482  -25.031  -60.089  -4.505 0.0000000000
6483  -28.626  -60.445  -4.945 0.0000000000
6484  -29.008  -60.295  -4.102 0.0000000000
6485  -32.091  -60.234  -4.303 0.0000000000
6486  -32.389  -59.880  -3.656 0.0000000000
6498  -23.768  -61.159  -5.165 0.0000000000
6499  -24.234  -60.965  -5.313 0.0000000000
6500  -25.138  -60.335  -5.503 0.0000000000
6501  -27.695  -60.334  -5.917 0.0000000000
6502  -28.152  -60.632  -5.556 0.0000000000
6503  -31.680  -60.538  -5.257 0.0000000000
6518  -25.836  -60.346  -6.105 0.0000000000
6519  -26.508  -60.228  -6.216 0.0000000000
6520  -27.142  -60.181  -6.158 0.0000000000
6521  -31.464  -60.793  -6.201 0.0000000000
6522  -35.991  -60.801  -6.638 0.0000000000
6523  -36.535  -60.595  -6.508 0.0000000000
6524  -37.684  -60.658  -5.922 0.0000000000
6525  -38.255  -60.250  -5.797 0.0000000000
6537  -31.666  -60.760  -7.134 0.0000000000
6538  -32.203  -60.377  -7.896 0.0000000000
6539  -34.108  -61.178  -7.682 0.0000000000
6540  -34.686  -60.927  -7.598 0.0000000000
6541  -35.679  -60.453  -7.192 0.0000000000
6542  -36.295  -60.130  -6.947 0.0000000000
6550  -32.882  -60.300  -8.404 0.0000000000
6551  -33.918  -60.635  -8.289 0.0000000000
6552  -34.904  -60.358  -8.039 0.0000000000
6553  -35.411  -59.921  -8.042 0.0000000000
7245  -25.624  -59.558  -1.768 0.0000000000
7253  -25.523  -59.478  -2.979 0.0000000000
7254  -30.780  -59.802  -2.313 0.0000000000
7255  -31.240  -59.354  -2.303 0.0000000000
7256  -31.960  -59.460  -2.272 0.0000000000
7257  -32.267  -59.467  -2.642 0.0000000000
7269  -25.404  -59.448  -4.063 0.0000000000
7270  -30.262  -59.163  -2.956 0.0000000000
7271  -30.853  -58.773  -2.583 0.0000000000
7272  -32.386  -59.298  -3.360 0.0000000000
7282  -25.453  -59.458  -4.913 0.0000000000
7283  -28.815  -59.393  -4.675 0.0000000000
7284  -29.401  -59.529  -3.785 0.0000000000
7285  -32.077  -59.876  -4.969 0.0000000000
7286  -32.346  -59.364  -4.347 0.0000000000
7298  -25.816  -59.437  -5.618 0.0000000000
7299  -26.181  -59.274  -5.892 0.0000000000
7300  -27.498  -59.503  -5.948 0.0000000000
7301  -28.265  -59.846  -5.521 0.0000000000
7302  -31.934  -59.925  -5.562 0.0000000000
7303  -32.252  -59.344  -5.378 0.0000000000
7304  -38.737  -59.732  -5.792 0.0000000000
7305  -39.560  -60.135  -5.310 0.0000000000
7317  -25.685  -59.929  -5.882 0.0000000000
7318  -26.132  -59.696  -6.094 0.0000000000
7319  -26.777  -59.652  -6.176 0.0000000000
7320  -31.704  -60.224  -5.977 0.0000000000
7321  -31.993  -59.661  -6.163 0.0000000000
7322  -36.589  -59.996  -6.827 0.0000000000
7323  -37.171  -59.804  -6.622 0.0000000000
7324  -38.014  -59.726  -6.162 0.0000000000
7334  -31.741  -60.215  -6.556 0.0000000000
7335  -32.042  -59.598  -7.150 0.0000000000
7336  -35.831  -59.790  -7.727 0.0000000000
7337  -36.457  -59.514  -7.384 0.0000000000
7338  -37.290  -59.066  -7.109 0.0000000000
7348  -32.476  -59.355  -8.245 0.0000000000
7349  -33.483  -59.361  -8.824 0.0000000000
7350  -34.734  -59.544  -8.708 0.0000000000
7351  -35.754  -59.220  -8.278 0.0000000000
7352  -36.404  -58.678  -8.088 0.0000000000
7369  -34.251  -58.768  -9.255 0.0000000000
7370  -34.777  -58.860  -9.148 0.0000000000
7999  -25.783  -58.525  -1.049 0.0000000000
8000  -26.050  -57.927  0.082 0.0000000000
8012  -25.460  -58.511  -2.258 0.0000000000
8024  -25.413  -58.420  -3.122 0.0000000000
8025  -31.259  -58.617  -2.614 0.0000000000
8026  -31.756  -58.914  -2.592 0.0000000000
8027  -32.080  -59.170  -2.570 0.0000000000
8039  -25.534  -58.655  -3.816 0.0000000000
8040  -29.948  -57.829  -3.299 0.0000000000
8041  -30.735  -58.076  -2.852 0.0000000000
8042  -31.631  -58.131  -3.107 0.0000000000
8043  -32.202  -58.807  -2.931 0.0000000000
8054  -25.657  -58.842  -4.484 0.0000000000
8055  -28.618  -58.445  -4.744 0.0000000000
8056  -29.295  -58.414  -3.972 0.0000000000
8057  -31.788  -58.011  -3.592 0.0000000000
8058  -32.080  -58.422  -3.830 0.0000000000
8059  -41.107  -59.201  -4.482 0.0000000000
8060  -41.716  -58.920  -3.975 0.0000000000
8061  -42.323  -58.541  -3.612 0.0000000000
8069  -25.879  -58.732  -5.110 0.0000000000
8070  -26.437  -58.784  -5.704 0.0000000000
8071  -27.301  -58.644  -5.760 0.0000000000
8072  -28.207  -58.817  -5.450 0.0000000000
8073  -32.313  -58.526  -4.969 0.0000000000
8074  -38.864  -59.208  -5.939 0.0000000000
8075  -39.327  -59.111  -5.738 0.0000000000
8076  -40.396  -59.223  -5.045 0.0000000000
8077  -41.078  -58.592  -4.709 0.0000000000
8087  -26.469  -59.277  -6.048 0.0000000000
8088  -26.893  -59.106  -6.120 0.0000000000
8089  -32.367  -58.657  -6.189 0.0000000000
8090  -37.768  -59.141  -6.644 0.0000000000
8091  -38.575  -58.790  -6.329 0.0000000000
8092  -39.303  -58.253  -6.119 0.0000000000
8103  -32.543  -58.264  -7.477 0.0000000000
8104  -37.051  -58.372  -7.655 0.0000000000
8105  -37.884  -58.350  -7.083 0.0000000000
8106  -38.446  -58.076  -6.847 0.0000000000
8117  -32.993  -58.329  -8.487 0.0000000000
8118  -33.611  -58.223  -9.123 0.0000000000
8119  -35.274  -58.732  -8.956 0.0000000000
8120  -35.946  -58.109  -8.715 0.0000000000
8121  -36.651  -58.032  -8.238 0.0000000000
8136  -34.213  -58.009  -9.362 0.0000000000
8137  -34.838  -58.237  -9.285 0.0000000000
8138  -35.370  -58.184  -9.092 0.0000000000
8808  -26.975  -57.147  0.518 0.0000000000
8809  -28.143  -57.129  1.090 0.0000000000
8827  -25.738  -57.070  -0.670 0.0000000000
8828  -26.209  -57.072  0.038 0.0000000000
8842  -25.421  -57.410  -1.794 0.0000000000
8855  -25.301  -57.559  -2.860 0.0000000000
8867  -25.454  -57.833  -3.636 0.0000000000
8868  -29.772  -57.136  -3.335 0.0000000000
8869  -30.258  -57.139  -3.159 0.0000000000
8870  -31.043  -57.235  -3.268 0.0000000000
8883  -25.764  -57.847  -4.517 0.0000000000
8884  -26.466  -57.328  -4.999 0.0000000000
8885  -27.382  -57.207  -4.975 0.0000000000
8886  -28.465  -57.497  -4.559 0.0000000000
8887  -29.332  -57.188  -3.721 0.0000000000
8888  -31.608  -57.490  -3.921 0.0000000000
8889  -31.971  -57.864  -4.608 0.0000000000
8890  -42.123  -58.032  -3.963 0.0000000000
8891  -42.714  -57.857  -3.473 0.0000000000
8900  -26.270  -58.105  -5.203 0.0000000000
8901  -26.915  -57.945  -5.446 0.0000000000
8902  -27.783  -58.003  -5.281 0.0000000000
8903  -28.292  -58.168  -5.048 0.0000000000
8904  -31.666  -57.250  -4.833 0.0000000000
8905  -32.149  -57.598  -5.523 0.0000000000
8906  -39.878  -58.368  -5.687 0.0000000000
8907  -40.561  -57.757  -5.445 0.0000000000
8908  -41.518  -57.667  -4.665 0.0000000000
8918  -32.414  -57.494  -6.571 0.0000000000
8919  -38.922  -57.511  -6.684 0.0000000000
8920  -39.790  -57.447  -6.056 0.0000000000
8921  -40.218  -57.248  -5.816 0.0000000000
8932  -32.570  -57.026  -7.389 0.0000000000
8933  -37.049  -57.638  -8.059 0.0000000000
8934  -37.662  -57.312  -7.698 0.0000000000
8935  -38.328  -57.586  -7.167 0.0000000000
8944  -32.824  -57.338  -8.156 0.0000000000
8945  -33.306  -57.410  -8.789 0.0000000000
8946  -35.900  -57.022  -9.010 0.0000000000
8947  -36.624  -57.240  -8.486 0.0000000000
8948  -37.166  -57.170  -8.155 0.0000000000
8960  -33.852  -57.361  -9.302 0.0000000000
8961  -34.603  -57.370  -9.397 0.0000000000
8962  -35.337  -57.582  -9.223 0.0000000000
9618  -27.105  -56.376  0.285 0.0000000000
9619  -27.798  -56.238  0.553 0.0000000000
9620  -28.866  -56.310  0.996 0.0000000000
9638  -25.905  -56.123  -0.853 0.0000000000
9639  -26.502  -56.272  -0.173 0.0000000000
9640  -27.211  -55.904  0.151 0.0000000000
9654  -25.604  -56.259  -1.535 0.0000000000
9666  -25.404  -56.494  -2.555 0.0000000000
9682  -25.573  -56.673  -3.735 0.0000000000
9683  -26.169  -56.193  -4.210 0.0000000000
9684  -29.387  -56.079  -3.827 0.0000000000
9685  -29.685  -56.494  -3.573 0.0000000000
9686  -30.491  -56.403  -3.649 0.0000000000
9687  -31.115  -56.688  -3.834 0.0000000000
9700  -26.031  -56.813  -4.550 0.0000000000
9701  -26.769  -56.391  -4.590 0.0000000000
9702  -27.886  -56.324  -4.525 0.0000000000
9703  -28.986  -56.406  -4.028 0.0000000000
9704  -29.339  -56.683  -3.746 0.0000000000
9705  -30.840  -56.131  -4.151 0.0000000000
9706  -31.265  -56.484  -4.589 0.0000000000
9707  -42.341  -56.990  -4.301 0.0000000000
9708  -43.170  -56.777  -3.635 0.0000000000
9716  -31.601  -56.656  -5.483 0.0000000000
9717  -32.033  -56.897  -6.122 0.0000000000
9718  -41.103  -56.818  -5.398 0.0000000000
9719  -41.702  -56.442  -4.971 0.0000000000
9730  -31.696  -56.155  -6.251 0.0000000000
9731  -32.179  -56.601  -6.775 0.0000000000
9732  -38.951  -56.850  -6.880 0.0000000000
9733  -39.392  -56.471  -6.706 0.0000000000
9734  -40.354  -56.551  -5.964 0.0000000000
9744  -31.902  -55.942  -6.910 0.0000000000
9745  -32.315  -56.135  -7.393 0.0000000000
9746  -37.905  -56.296  -7.784 0.0000000000
9747  -38.578  -56.578  -7.272 0.0000000000
9748  -39.026  -55.930  -7.156 0.0000000000
9753  -32.655  -56.396  -8.024 0.0000000000
9754  -33.050  -56.589  -8.591 0.0000000000
9755  -35.818  -56.428  -9.158 0.0000000000
9756  -36.349  -56.229  -8.893 0.0000000000
9757  -37.210  -56.405  -8.256 0.0000000000
9766  -33.508  -56.610  -9.081 0.0000000000
9767  -34.195  -56.521  -9.381 0.0000000000
9768  -35.193  -56.484  -9.373 0.0000000000
9769  -35.765  -55.955  -9.241 0.0000000000
10438  -27.726  -55.362  0.229 0.0000000000
10439  -28.487  -55.471  0.574 0.0000000000
10440  -29.202  -55.411  0.891 0.0000000000
10443  -39.802  -55.500  0.297 0.0000000000
10444  -40.701  -55.512  1.016 0.0000000000
10445  -41.324  -54.985  1.202 0.0000000000
10452  -25.844  -55.776  -1.199 0.0000000000
10453  -26.225  -55.325  -0.933 0.0000000000
10454  -26.990  -55.277  -0.218 0.0000000000
10457  -38.720  -55.462  -1.091 0.0000000000
10458  -39.173  -55.478  -0.445 0.0000000000
10466  -25.787  -55.442  -1.538 0.0000000000
10467  -25.968  -54.979  -1.451 0.0000000000
10477  -25.578  -55.556  -2.243 0.0000000000
10489  -25.568  -55.599  -3.127 0.0000000000
10490  -26.148  -55.386  -3.816 0.0000000000
10491  -26.635  -54.740  -3.851 0.0000000000
10492  -29.193  -55.730  -4.007 0.0000000000
10493  -29.680  -55.744  -3.845 0.0000000000
10494  -30.076  -55.927  -3.683 0.0000000000
10502  -26.530  -55.807  -4.212 0.0000000000
10503  -27.160  -55.304  -4.205 0.0000000000
10504  -28.483  -55.351  -4.208 0.0000000000
10505  -29.398  -55.116  -4.166 0.0000000000
10506  -30.379  -55.340  -4.300 0.0000000000
10507  -30.917  -55.817  -4.588 0.0000000000
10508  -42.184  -56.070  -4.709 0.0000000000
10509  -42.731  -55.857  -4.400 0.0000000000
10510  -43.421  -55.783  -3.852 0.0000000000
10518  -30.678  -54.813  -5.020 0.0000000000
10519  -31.094  -55.404  -5.476 0.0000000000
10520  -41.145  -55.570  -5.605 0.0000000000
10521  -41.959  -55.533  -5.126 0.0000000000
10522  -42.323  -55.578  -4.803 0.0000000000
10535  -31.525  -55.367  -6.647 0.0000000000
10536  -40.082  -55.527  -6.516 0.0000000000
10537  -40.550  -55.576  -6.082 0.0000000000
10546  -31.935  -55.407  -7.372 0.0000000000
10547  -32.411  -55.550  -7.957 0.0000000000
10548  -38.243  -55.866  -7.651 0.0000000000
10549  -38.681  -55.293  -7.522 0.0000000000
10550  -39.407  -55.345  -7.013 0.0000000000
10556  -32.817  -55.751  -8.570 0.0000000000
10557  -33.224  -56.041  -8.899 0.0000000000
10558  -36.913  -55.262  -8.737 0.0000000000
10559  -37.871  -55.298  -8.104 0.0000000000
10560  -38.336  -54.748  -7.882 0.0000000000
10567  -33.113  -55.552  -9.011 0.0000000000
10568  -33.637  -55.725  -9.247 0.0000000000
10569  -34.476  -55.569  -9.462 0.0000000000
10570  -35.304  -55.366  -9.412 0.0000000000
10571  -36.083  -55.231  -9.206 0.0000000000
11245  -42.531  -54.784  1.490 0.0000000000
11246  -43.305  -54.619  1.662 0.0000000000
11255  -28.252  -54.839  0.294 0.0000000000
11256  -28.941  -54.634  0.510 0.0000000000
11257  -29.476  -54.622  1.106 0.0000000000
11259  -40.299  -54.810  0.502 0.0000000000
11260  -40.941  -54.420  0.898 0.0000000000
11261  -41.793  -54.526  1.267 0.0000000000
11268  -26.856  -54.450  -0.754 0.0000000000
11269  -27.730  -54.490  -0.199 0.0000000000
11270  -28.437  -54.289  0.141 0.0000000000
11273  -38.958  -54.648  -0.795 0.0000000000
11274  -39.718  -54.530  -0.071 0.0000000000
11275  -40.381  -54.146  0.366 0.0000000000
11282  -25.805  -54.839  -1.950 0.0000000000
11283  -26.261  -54.384  -1.460 0.0000000000
11286  -38.450  -54.982  -1.709 0.0000000000
11294  -25.783  -54.824  -2.746 0.0000000000
11295  -26.093  -54.096  -2.332 0.0000000000
11296  -35.711  -54.387  -3.476 0.0000000000
11310  -25.854  -54.933  -3.335 0.0000000000
11311  -26.302  -54.142  -3.373 0.0000000000
11312  -27.101  -54.206  -3.945 0.0000000000
11313  -35.713  -54.160  -4.063 0.0000000000
11314  -36.180  -54.334  -3.909 0.0000000000
11315  -36.752  -54.422  -3.548 0.0000000000
11328  -27.932  -54.339  -4.302 0.0000000000
11329  -28.895  -54.309  -4.353 0.0000000000
11330  -29.731  -54.343  -4.530 0.0000000000
11331  -30.322  -54.312  -4.929 0.0000000000
11332  -43.112  -54.868  -4.312 0.0000000000
11333  -43.721  -54.926  -3.704 0.0000000000
11344  -30.688  -54.329  -5.594 0.0000000000
11345  -30.933  -54.618  -5.948 0.0000000000
11346  -41.182  -54.399  -5.706 0.0000000000
11347  -41.788  -54.622  -5.408 0.0000000000
11348  -42.445  -54.866  -4.892 0.0000000000
11355  -30.917  -54.148  -6.181 0.0000000000
11356  -31.177  -54.571  -6.493 0.0000000000
11357  -39.867  -54.487  -6.703 0.0000000000
11358  -40.586  -54.665  -6.159 0.0000000000
11368  -31.599  -54.670  -7.245 0.0000000000
11369  -32.098  -54.730  -7.905 0.0000000000
11370  -38.627  -54.185  -7.688 0.0000000000
11371  -39.227  -54.332  -7.229 0.0000000000
11383  -32.509  -54.969  -8.516 0.0000000000
11384  -36.445  -54.111  -9.148 0.0000000000
11385  -37.402  -54.226  -8.628 0.0000000000
11386  -38.116  -54.194  -8.168 0.0000000000
11401  -32.837  -55.192  -8.909 0.0000000000
11402  -33.190  -55.017  -9.223 0.0000000000
11403  -33.837  -54.770  -9.441 0.0000000000
11404  -34.691  -54.541  -9.517 0.0000000000
11405  -35.549  -54.402  -9.411 0.0000000000
12097  -42.510  -53.843  1.456 0.0000000000
12098  -43.583  -53.759  1.714 0.0000000000
12099  -44.418  -53.725  2.139 0.0000000000
12103  -28.850  -53.920  0.274 0.0000000000
12104  -29.390  -53.757  0.723 0.0000000000
12105  -34.693  -53.538  -0.069 0.0000000000
12107  -40.794  -53.474  0.552 0.0000000000
12108  -41.536  -53.619  1.046 0.0000000000
12110  -26.795  -53.802  -1.206 0.0000000000
12111  -27.488  -53.645  -0.846 0.0000000000
12112  -28.409  -53.608  -0.266 0.0000000000
12113  -29.063  -53.346  0.163 0.0000000000
12114  -34.782  -53.465  -1.098 0.0000000000
12116  -38.655  -53.769  -1.191 0.0000000000
12117  -39.366  -53.659  -0.470 0.0000000000
12118  -40.081  -53.509  0.080 0.0000000000
12120  -26.603  -53.471  -1.826 0.0000000000
12121  -27.069  -53.286  -1.363 0.0000000000
12122  -34.876  -53.436  -1.917 0.0000000000
12123  -35.371  -53.997  -1.687 0.0000000000
12124  -37.610  -53.309  -2.513 0.0000000000
12125  -37.928  -53.873  -2.174 0.0000000000
12131  -26.546  -53.313  -2.594 0.0000000000
12132  -34.711  -53.195  -2.316 0.0000000000
12133  -35.168  -53.698  -2.786 0.0000000000
12134  -37.297  -53.707  -3.163 0.0000000000
12135  -37.563  -54.452  -2.750 0.0000000000
12142  -26.755  -53.145  -3.205 0.0000000000
12143  -27.087  -53.341  -3.679 0.0000000000
12144  -34.939  -53.443  -4.058 0.0000000000
12145  -35.223  -53.754  -3.945 0.0000000000
12146  -35.850  -53.635  -4.476 0.0000000000
12147  -36.580  -53.728  -4.025 0.0000000000
12148  -44.126  -54.040  -3.460 0.0000000000
12153  -27.671  -53.460  -4.169 0.0000000000
12154  -28.449  -53.457  -4.490 0.0000000000
12155  -29.328  -53.428  -4.783 0.0000000000
12156  -29.953  -53.711  -4.918 0.0000000000
12157  -34.958  -53.345  -4.245 0.0000000000
12158  -35.272  -53.347  -4.569 0.0000000000
12159  -35.564  -53.194  -4.808 0.0000000000
12160  -42.752  -53.869  -4.590 0.0000000000
12161  -43.364  -53.947  -4.065 0.0000000000
12164  -29.878  -53.139  -5.131 0.0000000000
12165  -30.348  -53.473  -5.435 0.0000000000
12166  -40.874  -53.550  -5.860 0.0000000000
12167  -41.566  -53.645  -5.474 0.0000000000
12168  -42.215  -53.754  -5.154 0.0000000000
12173  -30.777  -53.527  -6.126 0.0000000000
12174  -31.138  -53.733  -6.666 0.0000000000
12175  -39.604  -53.486  -6.832 0.0000000000
12176  -40.213  -53.598  -6.382 0.0000000000
12182  -31.375  -54.042  -7.116 0.0000000000
12183  -31.804  -53.897  -7.691 0.0000000000
12184  -38.340  -53.331  -7.897 0.0000000000
12185  -38.958  -53.216  -7.338 0.0000000000
12195  -32.479  -53.937  -8.504 0.0000000000
12196  -33.159  -53.425  -8.893 0.0000000000
12197  -33.589  -53.076  -8.957 0.0000000000
12198  -35.388  -53.035  -9.216 0.0000000000
12199  -36.115  -52.946  -9.109 0.0000000000
12200  -37.060  -53.121  -8.856 0.0000000000
12201  -37.777  -53.334  -8.388 0.0000000000
12212  -32.793  -54.650  -8.930 0.0000000000
12213  -33.180  -54.202  -9.184 0.0000000000
12214  -33.963  -53.604  -9.391 0.0000000000
12215  -34.956  -53.583  -9.391 0.0000000000
12216  -35.707  -53.598  -9.330 0.0000000000
12929  -29.863  -53.052  1.188 0.0000000000
12930  -30.381  -52.497  1.607 0.0000000000
12931  -30.934  -52.065  1.897 0.0000000000
12932  -33.613  -52.208  1.038 0.0000000000
12934  -41.994  -52.801  1.224 0.0000000000
12935  -42.908  -52.796  1.560 0.0000000000
12936  -43.899  -52.839  1.814 0.0000000000
12937  -44.649  -52.887  2.338 0.0000000000
12940  -29.561  -52.894  0.461 0.0000000000
12941  -30.243  -52.416  0.802 0.0000000000
12942  -30.744  -52.134  1.275 0.0000000000
12943  -33.626  -52.251  -0.139 0.0000000000
12944  -34.226  -52.870  0.498 0.0000000000
12945  -40.468  -52.473  0.304 0.0000000000
12946  -41.297  -52.695  0.753 0.0000000000
12949  -27.505  -53.001  -1.242 0.0000000000
12950  -28.109  -52.948  -0.863 0.0000000000
12951  -29.088  -52.593  -0.406 0.0000000000
12952  -29.806  -52.347  0.187 0.0000000000
12953  -33.648  -52.376  -1.157 0.0000000000
12954  -34.213  -52.878  -0.604 0.0000000000
12955  -38.338  -52.682  -1.440 0.0000000000
12956  -39.019  -52.711  -0.662 0.0000000000
12957  -39.722  -52.794  -0.161 0.0000000000
12960  -26.754  -53.035  -2.154 0.0000000000
12961  -27.180  -52.716  -1.833 0.0000000000
12962  -27.830  -52.576  -1.402 0.0000000000
12963  -28.464  -52.438  -1.136 0.0000000000
12964  -33.790  -52.329  -1.736 0.0000000000
12965  -34.332  -52.815  -1.722 0.0000000000
12966  -37.497  -52.766  -2.622 0.0000000000
12967  -37.810  -52.794  -2.091 0.0000000000
12975  -26.882  -52.809  -2.394 0.0000000000
12976  -27.229  -52.406  -2.545 0.0000000000
12977  -33.919  -52.305  -2.222 0.0000000000
12978  -34.479  -52.801  -2.856 0.0000000000
12979  -34.907  -53.360  -3.462 0.0000000000
12980  -37.211  -52.557  -3.164 0.0000000000
12982  -45.899  -53.232  -2.273 0.0000000000
12989  -26.886  -52.755  -2.840 0.0000000000
12990  -27.333  -52.411  -3.340 0.0000000000
12991  -27.924  -52.229  -3.911 0.0000000000
12992  -34.728  -52.993  -3.853 0.0000000000
12993  -34.922  -53.437  -3.820 0.0000000000
12994  -36.407  -52.921  -4.594 0.0000000000
12995  -36.855  -52.798  -3.842 0.0000000000
12996  -42.823  -52.118  -4.065 0.0000000000
12997  -43.443  -52.800  -3.827 0.0000000000
12998  -44.782  -53.075  -3.052 0.0000000000
12999  -45.274  -52.543  -2.731 0.0000000000
13004  -27.554  -52.782  -3.941 0.0000000000
13005  -28.114  -52.709  -4.337 0.0000000000
13006  -28.909  -52.549  -4.667 0.0000000000
13007  -34.798  -52.829  -4.624 0.0000000000
13008  -35.256  -52.880  -5.069 0.0000000000
13009  -35.821  -52.808  -5.158 0.0000000000
13010  -41.769  -52.309  -4.895 0.0000000000
13011  -42.313  -52.607  -4.622 0.0000000000
13012  -42.979  -53.285  -4.298 0.0000000000
13017  -29.625  -52.509  -5.026 0.0000000000
13018  -30.192  -52.624  -5.394 0.0000000000
13019  -34.709  -52.440  -5.469 0.0000000000
13020  -35.293  -52.471  -5.836 0.0000000000
13021  -35.970  -52.193  -5.950 0.0000000000
13022  -39.720  -52.009  -6.198 0.0000000000
13023  -40.276  -52.526  -6.044 0.0000000000
13024  -41.350  -52.566  -5.263 0.0000000000
13025  -41.907  -53.108  -5.200 0.0000000000
13032  -30.664  -52.754  -5.938 0.0000000000
13033  -31.276  -52.825  -6.671 0.0000000000
13034  -31.790  -52.353  -6.869 0.0000000000
13035  -33.779  -51.959  -7.336 0.0000000000
13036  -34.474  -52.129  -6.627 0.0000000000
13037  -35.586  -52.130  -6.662 0.0000000000
13038  -36.181  -51.882  -6.569 0.0000000000
13039  -38.748  -52.059  -7.087 0.0000000000
13040  -39.366  -52.391  -6.714 0.0000000000
13041  -39.909  -52.972  -6.540 0.0000000000
13053  -31.534  -53.416  -7.207 0.0000000000
13054  -32.228  -52.734  -7.715 0.0000000000
13055  -33.373  -52.169  -7.948 0.0000000000
13056  -34.393  -52.018  -7.905 0.0000000000
13057  -35.403  -51.982  -7.586 0.0000000000
13058  -36.206  -51.835  -7.227 0.0000000000
13059  -37.844  -52.195  -7.946 0.0000000000
13060  -38.407  -52.399  -7.573 0.0000000000
13061  -38.876  -52.496  -7.182 0.0000000000
13072  -32.739  -53.185  -8.452 0.0000000000
13073  -33.175  -52.813  -8.518 0.0000000000
13074  -34.115  -52.666  -8.815 0.0000000000
13075  -35.263  -52.425  -8.643 0.0000000000
13076  -36.561  -52.066  -8.234 0.0000000000
13077  -37.470  -52.511  -8.326 0.0000000000
13078  -38.013  -52.718  -8.088 0.0000000000
13089  -34.471  -53.147  -9.247 0.0000000000
13090  -34.846  -52.902  -9.154 0.0000000000
13812  -31.456  -51.860  1.932 0.0000000000
13813  -31.919  -51.822  2.209 0.0000000000
13814  -32.488  -51.899  2.092 0.0000000000
13817  -45.032  -52.060  2.492 0.0000000000
13823  -31.167  -51.879  1.446 0.0000000000
13824  -31.802  -51.709  1.457 0.0000000000
13825  -32.734  -51.816  1.320 0.0000000000
13826  -41.672  -52.196  0.975 0.0000000000
13827  -42.243  -51.710  1.233 0.0000000000
13828  -43.328  -51.858  1.566 0.0000000000
13829  -44.283  -51.936  1.897 0.0000000000
13835  -30.214  -52.073  0.345 0.0000000000
13836  -30.870  -51.817  0.651 0.0000000000
13837  -31.906  -51.583  0.453 0.0000000000
13838  -32.862  -51.733  0.210 0.0000000000
13839  -40.529  -51.651  0.203 0.0000000000
13840  -41.271  -51.614  0.582 0.0000000000
13841  -41.817  -51.005  0.832 0.0000000000
13847  -29.378  -52.115  -0.667 0.0000000000
13848  -29.926  -51.877  -0.321 0.0000000000
13849  -31.021  -51.483  -0.402 0.0000000000
13850  -32.044  -51.495  -0.602 0.0000000000
13851  -32.927  -51.877  -0.868 0.0000000000
13852  -38.339  -52.069  -1.378 0.0000000000
13853  -38.695  -51.750  -1.037 0.0000000000
13854  -39.760  -51.634  -0.244 0.0000000000
13858  -27.681  -52.361  -1.738 0.0000000000
13859  -28.146  -52.131  -1.627 0.0000000000
13860  -29.092  -51.891  -1.251 0.0000000000
13861  -30.162  -51.373  -1.303 0.0000000000
13862  -31.223  -51.293  -1.422 0.0000000000
13863  -32.217  -51.467  -1.666 0.0000000000
13864  -33.237  -51.886  -1.910 0.0000000000
13865  -37.691  -52.302  -2.248 0.0000000000
13866  -38.064  -51.813  -1.790 0.0000000000
13867  -38.573  -50.988  -1.485 0.0000000000
13877  -27.652  -52.127  -2.104 0.0000000000
13878  -28.316  -51.660  -2.222 0.0000000000
13879  -29.342  -51.177  -2.357 0.0000000000
13880  -30.456  -50.971  -2.200 0.0000000000
13881  -31.441  -50.984  -2.356 0.0000000000
13882  -32.508  -51.066  -2.813 0.0000000000
13883  -33.686  -51.803  -2.971 0.0000000000
13884  -34.267  -52.281  -3.580 0.0000000000
13885  -37.537  -51.887  -2.639 0.0000000000
13886  -37.937  -51.238  -2.399 0.0000000000
13887  -45.627  -51.923  -2.682 0.0000000000
13888  -46.906  -52.197  -2.088 0.0000000000
13889  -47.720  -51.568  -1.829 0.0000000000
13902  -27.670  -51.882  -2.743 0.0000000000
13903  -28.404  -51.531  -3.414 0.0000000000
13904  -29.405  -50.951  -3.409 0.0000000000
13905  -33.156  -51.178  -3.558 0.0000000000
13906  -33.823  -51.598  -4.113 0.0000000000
13907  -34.424  -52.342  -4.196 0.0000000000
13908  -36.721  -52.126  -4.406 0.0000000000
13909  -37.235  -51.617  -3.671 0.0000000000
13910  -42.390  -51.493  -4.098 0.0000000000
13911  -43.156  -51.600  -3.690 0.0000000000
13912  -44.133  -51.822  -3.430 0.0000000000
13913  -44.908  -52.017  -3.031 0.0000000000
13925  -28.530  -51.989  -4.289 0.0000000000
13926  -29.704  -51.428  -4.544 0.0000000000
13927  -30.974  -51.159  -5.088 0.0000000000
13928  -31.504  -51.026  -5.244 0.0000000000
13929  -33.735  -51.513  -5.086 0.0000000000
13930  -34.334  -52.065  -4.862 0.0000000000
13931  -36.449  -52.033  -5.230 0.0000000000
13932  -37.087  -51.409  -4.785 0.0000000000
13933  -40.139  -51.156  -4.960 0.0000000000
13934  -40.873  -51.390  -4.784 0.0000000000
13935  -41.584  -51.832  -4.728 0.0000000000
13936  -42.057  -51.785  -4.472 0.0000000000
13946  -30.050  -52.100  -5.134 0.0000000000
13947  -30.670  -51.926  -5.584 0.0000000000
13948  -31.641  -51.333  -5.763 0.0000000000
13949  -32.663  -51.340  -5.998 0.0000000000
13950  -33.450  -51.594  -5.844 0.0000000000
13951  -34.070  -51.983  -5.696 0.0000000000
13952  -36.557  -51.669  -6.124 0.0000000000
13953  -37.047  -51.370  -5.659 0.0000000000
13954  -39.112  -51.219  -5.864 0.0000000000
13955  -39.811  -51.581  -5.703 0.0000000000
13956  -40.607  -51.830  -5.307 0.0000000000
13957  -41.125  -51.875  -5.045 0.0000000000
13969  -30.981  -52.351  -6.163 0.0000000000
13970  -31.399  -52.054  -6.341 0.0000000000
13971  -32.253  -51.879  -6.720 0.0000000000
13972  -33.332  -51.801  -6.703 0.0000000000
13973  -33.808  -51.930  -6.225 0.0000000000
13974  -36.632  -51.614  -6.782 0.0000000000
13975  -37.337  -51.350  -6.507 0.0000000000
13976  -38.511  -51.468  -6.553 0.0000000000
13977  -39.324  -51.681  -6.237 0.0000000000
13989  -32.882  -52.029  -7.332 0.0000000000
13990  -33.335  -51.950  -7.356 0.0000000000
13991  -36.937  -51.614  -7.375 0.0000000000
13992  -37.773  -51.708  -7.434 0.0000000000
13993  -38.392  -51.831  -7.214 0.0000000000
14005  -37.171  -51.800  -7.786 0.0000000000
14006  -37.379  -51.975  -8.004 0.0000000000
14815  -45.405  -51.403  2.615 0.0000000000
14816  -45.962  -50.913  2.874 0.0000000000
14823  -42.948  -51.079  1.308 0.0000000000
14824  -43.745  -50.836  1.421 0.0000000000
14825  -44.798  -51.048  2.106 0.0000000000
14826  -45.431  -50.909  2.450 0.0000000000
14833  -40.669  -50.933  0.040 0.0000000000
14834  -41.524  -50.290  0.302 0.0000000000
14835  -42.416  -50.535  0.946 0.0000000000
14836  -43.097  -50.570  1.166 0.0000000000
14844  -39.301  -50.573  -0.973 0.0000000000
14845  -40.133  -50.437  -0.470 0.0000000000
14846  -40.854  -50.097  -0.262 0.0000000000
14856  -38.278  -50.904  -2.028 0.0000000000
14857  -38.976  -50.301  -2.027 0.0000000000
14858  -48.417  -51.657  -1.541 0.0000000000
14859  -49.185  -51.112  -1.596 0.0000000000
14871  -29.923  -50.648  -2.877 0.0000000000
14872  -30.699  -50.634  -2.967 0.0000000000
14873  -31.517  -50.662  -3.161 0.0000000000
14874  -32.023  -50.674  -3.409 0.0000000000
14875  -37.732  -51.193  -2.961 0.0000000000
14876  -38.303  -50.647  -2.774 0.0000000000
14877  -39.062  -50.136  -3.019 0.0000000000
14878  -46.049  -50.809  -2.732 0.0000000000
14879  -47.150  -50.772  -2.337 0.0000000000
14880  -48.202  -50.751  -2.026 0.0000000000
14881  -48.774  -50.509  -1.949 0.0000000000
14893  -30.088  -50.707  -3.646 0.0000000000
14894  -30.814  -50.602  -3.711 0.0000000000
14895  -31.553  -50.590  -3.891 0.0000000000
14896  -32.426  -50.765  -3.882 0.0000000000
14897  -33.108  -51.057  -4.164 0.0000000000
14898  -37.865  -50.834  -3.477 0.0000000000
14899  -38.533  -50.457  -3.670 0.0000000000
14900  -39.324  -50.266  -3.804 0.0000000000
14901  -40.078  -50.229  -3.831 0.0000000000
14902  -40.856  -50.316  -3.768 0.0000000000
14903  -41.766  -50.565  -3.776 0.0000000000
14904  -42.688  -50.619  -3.589 0.0000000000
14905  -43.610  -50.736  -3.360 0.0000000000
14906  -44.761  -50.797  -3.083 0.0000000000
14918  -30.307  -50.792  -4.126 0.0000000000
14919  -30.807  -50.781  -4.408 0.0000000000
14920  -31.725  -50.767  -4.764 0.0000000000
14921  -32.654  -50.912  -4.682 0.0000000000
14922  -33.291  -51.208  -4.658 0.0000000000
14923  -37.864  -50.773  -4.431 0.0000000000
14924  -38.870  -50.515  -4.533 0.0000000000
14925  -39.720  -50.567  -4.471 0.0000000000
14926  -40.500  -50.717  -4.385 0.0000000000
14927  -41.252  -50.976  -4.329 0.0000000000
14928  -41.816  -51.318  -4.281 0.0000000000
14939  -31.758  -50.970  -5.306 0.0000000000
14940  -32.243  -50.983  -5.336 0.0000000000
14941  -33.037  -51.165  -5.285 0.0000000000
14942  -37.608  -51.025  -5.377 0.0000000000
14943  -38.456  -50.874  -5.457 0.0000000000
14944  -39.365  -50.908  -5.191 0.0000000000
14957  -37.468  -51.182  -5.886 0.0000000000
14958  -37.873  -51.093  -5.981 0.0000000000
15788  -46.040  -50.472  2.547 0.0000000000
15789  -46.537  -50.160  2.649 0.0000000000
15799  -43.798  -50.253  1.240 0.0000000000
15800  -44.349  -50.060  1.364 0.0000000000
15801  -45.535  -50.265  2.135 0.0000000000
15802  -46.083  -49.757  2.108 0.0000000000
15811  -41.759  -49.692  0.019 0.0000000000
15812  -42.264  -49.548  0.246 0.0000000000
15813  -43.329  -49.926  0.930 0.0000000000
15814  -43.969  -49.520  0.870 0.0000000000
15823  -39.879  -49.980  -0.870 0.0000000000
15824  -40.483  -49.682  -0.791 0.0000000000
15825  -41.546  -49.345  -0.517 0.0000000000
15826  -42.181  -49.143  -0.305 0.0000000000
15834  -39.913  -49.726  -1.554 0.0000000000
15835  -40.918  -49.278  -1.463 0.0000000000
15836  -41.539  -48.999  -1.368 0.0000000000
15837  -49.125  -50.296  -1.955 0.0000000000
15838  -49.788  -50.146  -1.817 0.0000000000
15846  -39.752  -49.843  -2.571 0.0000000000
15847  -40.604  -49.468  -2.374 0.0000000000
15848  -41.661  -49.129  -2.208 0.0000000000
15849  -42.563  -49.139  -2.580 0.0000000000
15850  -43.413  -49.112  -2.668 0.0000000000
15851  -44.296  -49.166  -2.700 0.0000000000
15852  -45.268  -49.572  -2.781 0.0000000000
15853  -46.476  -49.652  -2.589 0.0000000000
15854  -47.566  -49.707  -2.427 0.0000000000
15855  -48.553  -49.834  -2.211 0.0000000000
15856  -49.201  -49.748  -2.054 0.0000000000
15865  -39.708  -50.012  -3.283 0.0000000000
15866  -40.354  -49.848  -3.184 0.0000000000
15867  -41.222  -49.657  -3.195 0.0000000000
15868  -42.149  -49.707  -3.180 0.0000000000
15869  -43.054  -49.803  -3.156 0.0000000000
15870  -43.944  -49.854  -3.089 0.0000000000
15871  -44.557  -49.810  -2.978 0.0000000000
16706  -47.193  -49.697  2.664 0.0000000000
16720  -45.034  -49.695  1.455 0.0000000000
16721  -45.638  -49.454  1.542 0.0000000000
16722  -46.708  -49.261  1.946 0.0000000000
16723  -47.782  -48.806  1.928 0.0000000000
16744  -42.961  -49.297  0.360 0.0000000000
16745  -43.576  -49.113  0.442 0.0000000000
16746  -44.648  -49.047  0.838 0.0000000000
16747  -45.839  -48.697  0.895 0.0000000000
16748  -46.913  -48.354  0.884 0.0000000000
16749  -47.981  -48.368  1.151 0.0000000000
16750  -48.890  -48.228  1.146 0.0000000000
16765  -42.159  -48.947  -0.599 0.0000000000
16766  -42.788  -48.849  -0.293 0.0000000000
16767  -43.942  -48.476  -0.224 0.0000000000
16768  -45.210  -48.210  -0.183 0.0000000000
16769  -46.088  -48.231  0.199 0.0000000000
16770  -46.563  -48.071  0.187 0.0000000000
16783  -42.212  -48.685  -1.275 0.0000000000
16784  -43.308  -48.440  -1.192 0.0000000000
16785  -44.413  -48.251  -1.222 0.0000000000
16786  -45.525  -48.041  -1.360 0.0000000000
16787  -46.464  -48.014  -1.765 0.0000000000
16788  -47.044  -47.952  -1.964 0.0000000000
16789  -48.640  -48.422  -1.825 0.0000000000
16790  -49.406  -48.701  -1.708 0.0000000000
16805  -42.316  -48.860  -2.027 0.0000000000
16806  -42.906  -48.660  -2.012 0.0000000000
16807  -43.824  -48.447  -2.124 0.0000000000
16808  -44.848  -48.532  -2.202 0.0000000000
16809  -45.902  -48.644  -2.302 0.0000000000
16810  -47.001  -48.597  -2.400 0.0000000000
16811  -48.076  -48.764  -2.404 0.0000000000
16812  -48.908  -49.097  -2.105 0.0000000000
16813  -49.518  -49.354  -1.870 0.0000000000
17697  -47.489  -48.079  0.612 0.0000000000
17698  -48.054  -47.872  0.487 0.0000000000
17699  -48.929  -47.838  0.295 0.0000000000
17700  -49.799  -47.890  0.055 0.0000000000
17709  -45.828  -48.099  -0.227 0.0000000000
17710  -46.268  -47.975  -0.247 0.0000000000
17711  -47.087  -47.863  -0.073 0.0000000000
17712  -48.068  -47.680  -0.417 0.0000000000
17713  -48.995  -47.745  -0.598 0.0000000000
17714  -49.796  -47.960  -0.730 0.0000000000
17721  -45.809  -47.963  -0.591 0.0000000000
17722  -46.366  -47.776  -0.899 0.0000000000
17723  -47.238  -47.723  -1.239 0.0000000000
17724  -48.260  -47.848  -1.388 0.0000000000
17725  -49.176  -48.071  -1.318 0.0000000000
17726  -49.945  -48.381  -1.258 0.0000000000
17735  -47.609  -48.080  -1.976 0.0000000000
17736  -48.134  -48.218  -1.947 0.0000000000
