#!ascii label  , from subject Broad_82_YZ vox2ras=TkReg
472
126693  -39.007  53.993  -20.959 0.0000000000
126694  -39.863  53.693  -20.643 0.0000000000
126701  -37.855  53.829  -21.887 0.0000000000
126702  -38.716  53.663  -21.744 0.0000000000
126703  -39.627  53.542  -21.589 0.0000000000
126704  -40.591  53.331  -21.336 0.0000000000
126711  -36.843  53.768  -22.914 0.0000000000
126712  -37.665  53.704  -22.768 0.0000000000
126713  -38.496  53.600  -22.580 0.0000000000
126714  -39.359  53.567  -22.415 0.0000000000
126715  -40.376  53.644  -22.481 0.0000000000
126728  -35.849  53.806  -23.896 0.0000000000
126729  -36.651  53.621  -23.708 0.0000000000
126730  -37.419  53.616  -23.545 0.0000000000
126731  -38.295  53.668  -23.541 0.0000000000
126732  -39.206  53.674  -23.145 0.0000000000
126733  -39.801  53.692  -22.895 0.0000000000
126747  -35.823  53.851  -24.679 0.0000000000
126748  -36.459  53.636  -24.408 0.0000000000
126749  -37.278  53.602  -24.370 0.0000000000
126750  -37.809  53.629  -23.982 0.0000000000
126762  -35.891  53.868  -25.139 0.0000000000
126763  -36.376  53.725  -24.989 0.0000000000
126764  -36.837  53.606  -24.776 0.0000000000
127363  -39.035  55.138  -19.977 0.0000000000
127370  -37.854  55.107  -20.812 0.0000000000
127371  -38.497  54.873  -20.425 0.0000000000
127372  -39.413  54.329  -20.306 0.0000000000
127376  -35.671  55.407  -21.898 0.0000000000
127377  -36.079  55.165  -21.722 0.0000000000
127378  -37.323  54.832  -21.335 0.0000000000
127379  -38.278  54.258  -21.285 0.0000000000
127386  -34.837  55.434  -22.591 0.0000000000
127387  -35.280  55.216  -22.265 0.0000000000
127388  -36.241  54.399  -22.336 0.0000000000
127389  -37.159  54.075  -22.219 0.0000000000
127390  -40.594  53.875  -22.963 0.0000000000
127391  -41.092  53.951  -22.937 0.0000000000
127404  -34.628  55.158  -22.912 0.0000000000
127405  -35.258  54.344  -23.171 0.0000000000
127406  -36.121  53.892  -23.160 0.0000000000
127407  -38.512  53.762  -23.960 0.0000000000
127408  -38.998  53.885  -23.861 0.0000000000
127409  -40.231  54.098  -23.440 0.0000000000
127421  -34.529  54.874  -23.894 0.0000000000
127422  -35.170  54.239  -24.312 0.0000000000
127423  -37.581  53.700  -24.714 0.0000000000
127424  -38.205  53.808  -24.449 0.0000000000
127425  -39.435  54.400  -24.584 0.0000000000
127435  -34.646  54.796  -24.951 0.0000000000
127436  -35.365  54.186  -25.272 0.0000000000
127437  -36.100  53.901  -25.573 0.0000000000
127438  -37.226  53.797  -25.291 0.0000000000
127439  -38.508  54.347  -25.552 0.0000000000
127450  -34.726  54.651  -25.952 0.0000000000
127451  -35.488  54.257  -26.197 0.0000000000
127452  -36.421  54.139  -26.368 0.0000000000
127453  -37.559  54.332  -26.478 0.0000000000
127464  -35.020  54.727  -26.722 0.0000000000
127465  -35.653  54.462  -27.101 0.0000000000
127466  -36.631  54.610  -27.350 0.0000000000
127477  -37.050  54.862  -27.994 0.0000000000
128093  -39.096  55.674  -19.745 0.0000000000
128106  -37.017  56.077  -20.778 0.0000000000
128107  -37.739  55.601  -20.605 0.0000000000
128108  -38.421  55.602  -20.226 0.0000000000
128118  -35.711  55.876  -21.711 0.0000000000
128119  -36.582  55.636  -21.216 0.0000000000
128120  -37.140  55.511  -20.964 0.0000000000
128131  -34.708  55.910  -22.610 0.0000000000
128132  -35.172  55.851  -22.156 0.0000000000
128142  -34.370  55.803  -23.555 0.0000000000
128152  -34.362  55.674  -24.586 0.0000000000
128164  -34.456  55.534  -25.631 0.0000000000
128174  -34.603  55.379  -26.626 0.0000000000
128185  -35.071  55.223  -27.530 0.0000000000
128186  -35.781  54.941  -27.821 0.0000000000
128187  -36.403  55.017  -28.081 0.0000000000
128200  -35.454  55.413  -28.103 0.0000000000
128201  -35.841  55.329  -28.575 0.0000000000
128202  -36.825  55.253  -28.683 0.0000000000
128219  -36.202  55.617  -29.206 0.0000000000
128220  -36.943  55.645  -29.605 0.0000000000
128893  -37.035  56.559  -20.868 0.0000000000
128894  -37.604  56.742  -20.622 0.0000000000
128895  -38.426  56.313  -20.110 0.0000000000
128903  -35.700  56.885  -21.659 0.0000000000
128904  -36.533  56.599  -21.196 0.0000000000
128905  -37.048  56.849  -20.912 0.0000000000
128913  -34.694  56.915  -22.544 0.0000000000
128914  -35.168  56.464  -22.121 0.0000000000
128921  -34.371  56.700  -23.243 0.0000000000
128926  -34.437  56.605  -24.221 0.0000000000
128935  -34.393  56.522  -25.290 0.0000000000
128942  -34.547  56.339  -26.304 0.0000000000
128950  -34.587  56.133  -27.371 0.0000000000
128964  -35.154  56.025  -28.543 0.0000000000
128965  -35.696  55.781  -29.092 0.0000000000
128977  -35.232  56.664  -29.168 0.0000000000
128978  -35.963  56.395  -29.751 0.0000000000
129592  -39.314  57.287  -19.762 0.0000000000
129599  -37.802  57.572  -20.592 0.0000000000
129600  -38.799  57.530  -20.210 0.0000000000
129608  -35.647  57.498  -21.664 0.0000000000
129609  -36.170  57.473  -21.381 0.0000000000
129610  -37.056  57.517  -20.933 0.0000000000
129616  -34.715  57.521  -22.525 0.0000000000
129617  -35.133  57.468  -22.049 0.0000000000
129622  -34.419  57.498  -22.948 0.0000000000
129624  -34.430  57.537  -23.844 0.0000000000
129632  -34.556  57.534  -24.932 0.0000000000
129640  -34.872  57.372  -25.975 0.0000000000
129641  -35.010  57.800  -26.623 0.0000000000
129649  -34.564  57.131  -26.938 0.0000000000
129650  -35.035  57.808  -27.372 0.0000000000
129664  -34.844  56.959  -27.893 0.0000000000
129665  -35.064  57.737  -28.337 0.0000000000
129676  -34.953  56.945  -28.716 0.0000000000
129677  -35.282  57.467  -29.354 0.0000000000
130240  -29.420  58.700  -19.339 0.0000000000
130241  -29.855  58.815  -19.224 0.0000000000
130251  -29.036  58.450  -20.103 0.0000000000
130252  -30.176  58.640  -19.817 0.0000000000
130253  -31.238  58.954  -19.954 0.0000000000
130254  -31.784  59.127  -19.937 0.0000000000
130258  -28.598  58.703  -21.270 0.0000000000
130259  -29.753  58.485  -21.023 0.0000000000
130260  -30.918  58.559  -20.829 0.0000000000
130261  -32.029  58.971  -20.584 0.0000000000
130262  -32.729  59.178  -20.760 0.0000000000
130263  -36.817  58.853  -20.869 0.0000000000
130264  -37.804  58.509  -20.629 0.0000000000
130265  -39.053  58.843  -20.308 0.0000000000
130269  -28.613  58.951  -21.979 0.0000000000
130270  -29.294  58.669  -22.232 0.0000000000
130271  -30.509  58.400  -21.962 0.0000000000
130272  -31.689  58.645  -21.749 0.0000000000
130273  -32.940  58.978  -21.516 0.0000000000
130274  -34.091  58.889  -21.826 0.0000000000
130275  -34.910  58.655  -21.755 0.0000000000
130276  -35.621  58.177  -21.574 0.0000000000
130277  -36.475  58.186  -21.168 0.0000000000
130278  -37.041  58.270  -20.919 0.0000000000
130280  -29.547  59.017  -22.827 0.0000000000
130281  -30.124  58.784  -22.792 0.0000000000
130282  -31.239  58.785  -22.975 0.0000000000
130283  -32.461  58.695  -22.681 0.0000000000
130284  -33.570  58.603  -22.577 0.0000000000
130285  -34.539  58.151  -22.406 0.0000000000
130286  -35.051  58.123  -21.950 0.0000000000
130288  -31.533  59.057  -23.655 0.0000000000
130289  -32.134  59.038  -23.524 0.0000000000
130290  -33.222  58.859  -23.744 0.0000000000
130291  -34.126  58.229  -23.337 0.0000000000
130293  -33.604  59.063  -24.488 0.0000000000
130294  -34.231  58.600  -24.559 0.0000000000
130302  -35.041  58.515  -25.754 0.0000000000
130303  -35.522  59.023  -26.227 0.0000000000
130312  -35.173  58.045  -26.224 0.0000000000
130313  -35.464  58.588  -26.701 0.0000000000
130322  -35.459  58.579  -27.789 0.0000000000
130829  -27.361  59.970  -16.675 0.0000000000
130830  -27.943  59.532  -16.859 0.0000000000
130831  -28.566  59.442  -17.270 0.0000000000
130840  -26.383  60.011  -17.682 0.0000000000
130841  -26.996  59.642  -17.405 0.0000000000
130842  -27.986  59.089  -17.692 0.0000000000
130843  -29.085  59.265  -17.735 0.0000000000
130844  -30.077  59.449  -17.913 0.0000000000
130845  -30.765  59.693  -18.033 0.0000000000
130851  -26.393  59.776  -18.254 0.0000000000
130852  -27.225  59.316  -18.496 0.0000000000
130853  -28.397  58.730  -18.952 0.0000000000
130854  -29.648  58.992  -18.668 0.0000000000
130855  -30.488  59.276  -18.557 0.0000000000
130856  -31.310  59.611  -18.563 0.0000000000
130857  -32.003  59.768  -18.827 0.0000000000
130866  -26.389  59.559  -19.032 0.0000000000
130867  -27.113  59.360  -19.679 0.0000000000
130868  -27.990  58.900  -20.322 0.0000000000
130869  -30.202  58.959  -19.086 0.0000000000
130870  -30.868  59.077  -19.195 0.0000000000
130871  -31.708  59.316  -19.363 0.0000000000
130872  -32.509  59.658  -19.354 0.0000000000
130873  -33.158  59.796  -19.656 0.0000000000
130877  -27.232  59.563  -20.764 0.0000000000
130878  -27.828  59.200  -21.178 0.0000000000
130879  -32.171  59.243  -19.855 0.0000000000
130880  -32.769  59.401  -20.172 0.0000000000
130881  -33.630  59.697  -20.252 0.0000000000
130882  -34.421  59.790  -20.654 0.0000000000
130883  -35.235  59.882  -20.930 0.0000000000
130884  -36.211  59.664  -20.836 0.0000000000
130885  -37.305  59.700  -20.503 0.0000000000
130886  -38.466  59.782  -20.379 0.0000000000
130890  -27.473  59.781  -21.447 0.0000000000
130891  -28.088  59.521  -21.919 0.0000000000
130892  -28.622  59.227  -22.393 0.0000000000
130893  -33.203  59.236  -20.714 0.0000000000
130894  -33.811  59.378  -21.098 0.0000000000
130895  -34.663  59.324  -21.319 0.0000000000
130896  -35.465  59.120  -21.318 0.0000000000
130897  -36.103  58.812  -21.155 0.0000000000
130900  -28.358  59.825  -22.605 0.0000000000
130901  -29.061  59.610  -22.925 0.0000000000
130902  -29.763  59.276  -23.281 0.0000000000
130903  -30.431  59.072  -23.410 0.0000000000
130906  -29.479  59.914  -23.567 0.0000000000
130907  -30.164  59.748  -23.868 0.0000000000
130908  -30.991  59.257  -23.952 0.0000000000
130909  -31.769  59.338  -24.133 0.0000000000
130910  -32.479  59.255  -24.200 0.0000000000
130913  -30.687  59.938  -24.344 0.0000000000
130914  -31.298  59.830  -24.590 0.0000000000
130915  -32.172  59.888  -24.755 0.0000000000
130916  -33.076  59.444  -24.731 0.0000000000
130917  -33.744  59.269  -25.045 0.0000000000
130925  -32.763  60.077  -25.303 0.0000000000
130926  -33.432  59.851  -25.571 0.0000000000
130927  -34.505  59.619  -25.723 0.0000000000
130928  -35.308  59.354  -26.116 0.0000000000
131404  -27.429  60.755  -15.687 0.0000000000
131405  -27.846  60.712  -15.743 0.0000000000
131406  -28.740  60.555  -15.843 0.0000000000
131407  -29.648  60.579  -16.030 0.0000000000
131411  -25.648  61.051  -16.474 0.0000000000
131412  -25.983  60.835  -16.375 0.0000000000
131413  -26.997  60.522  -16.066 0.0000000000
131414  -27.980  60.137  -16.262 0.0000000000
131415  -29.031  59.810  -16.624 0.0000000000
131416  -30.241  60.362  -16.649 0.0000000000
131417  -31.057  60.487  -17.028 0.0000000000
131418  -31.814  60.569  -17.192 0.0000000000
131422  -25.567  60.950  -16.823 0.0000000000
131423  -26.210  60.314  -17.051 0.0000000000
131424  -26.854  60.066  -16.748 0.0000000000
131425  -29.803  59.759  -17.259 0.0000000000
131426  -30.550  60.003  -17.443 0.0000000000
131427  -31.398  60.121  -17.753 0.0000000000
131428  -32.310  60.527  -17.817 0.0000000000
131429  -32.990  60.634  -18.112 0.0000000000
131437  -25.527  60.922  -17.630 0.0000000000
131438  -25.906  60.333  -18.000 0.0000000000
131439  -31.894  60.097  -18.333 0.0000000000
131440  -32.580  60.233  -18.625 0.0000000000
131441  -33.469  60.530  -18.641 0.0000000000
131442  -34.129  60.737  -18.942 0.0000000000
131449  -25.541  60.940  -18.394 0.0000000000
131450  -25.857  60.428  -19.019 0.0000000000
131451  -26.414  60.036  -19.610 0.0000000000
131452  -33.104  60.070  -19.132 0.0000000000
131453  -33.726  60.298  -19.493 0.0000000000
131454  -34.619  60.653  -19.500 0.0000000000
131455  -35.369  60.757  -19.780 0.0000000000
131456  -36.058  61.082  -19.997 0.0000000000
131461  -26.207  60.701  -19.798 0.0000000000
131462  -26.561  60.327  -20.418 0.0000000000
131463  -34.250  60.173  -20.052 0.0000000000
131464  -34.912  60.353  -20.281 0.0000000000
131465  -35.750  60.440  -20.411 0.0000000000
131466  -36.770  60.726  -20.395 0.0000000000
131467  -37.864  60.705  -20.330 0.0000000000
131472  -27.057  60.460  -21.226 0.0000000000
131473  -27.575  60.483  -21.817 0.0000000000
131476  -28.050  60.528  -22.337 0.0000000000
131477  -28.501  60.574  -22.922 0.0000000000
131480  -29.099  60.618  -23.393 0.0000000000
131481  -29.782  60.645  -23.793 0.0000000000
131484  -30.376  60.573  -24.169 0.0000000000
131485  -30.945  60.624  -24.463 0.0000000000
131486  -31.630  60.744  -24.730 0.0000000000
131494  -32.271  60.760  -25.304 0.0000000000
131495  -33.053  60.801  -25.691 0.0000000000
131496  -33.970  60.777  -25.917 0.0000000000
131979  -27.282  61.907  -14.696 0.0000000000
131980  -28.125  61.863  -14.773 0.0000000000
131981  -29.100  61.857  -14.960 0.0000000000
131982  -30.075  61.757  -15.108 0.0000000000
131983  -30.630  61.742  -15.246 0.0000000000
131987  -25.830  61.720  -15.516 0.0000000000
131988  -26.542  61.614  -15.132 0.0000000000
131989  -27.437  61.154  -15.323 0.0000000000
131990  -28.455  61.213  -15.351 0.0000000000
131991  -29.457  61.168  -15.474 0.0000000000
131992  -30.712  61.165  -15.760 0.0000000000
131993  -32.044  61.399  -15.999 0.0000000000
131994  -33.128  61.790  -16.216 0.0000000000
131995  -33.736  62.045  -16.291 0.0000000000
131999  -25.451  61.447  -16.249 0.0000000000
132000  -26.222  61.134  -15.766 0.0000000000
132001  -26.785  61.053  -15.529 0.0000000000
132002  -30.903  60.685  -16.458 0.0000000000
132003  -31.577  60.796  -16.488 0.0000000000
132004  -32.646  61.134  -17.036 0.0000000000
132005  -33.897  61.822  -16.910 0.0000000000
132006  -34.537  62.142  -17.200 0.0000000000
132011  -25.080  61.635  -17.225 0.0000000000
132012  -32.914  60.825  -17.691 0.0000000000
132013  -33.617  61.168  -17.925 0.0000000000
132014  -34.438  61.832  -17.731 0.0000000000
132021  -25.295  61.736  -18.199 0.0000000000
132022  -34.014  60.918  -18.502 0.0000000000
132023  -34.809  61.358  -18.630 0.0000000000
132024  -36.015  61.868  -18.853 0.0000000000
132025  -36.590  62.081  -18.944 0.0000000000
132029  -25.492  61.510  -19.034 0.0000000000
132030  -25.985  61.432  -19.616 0.0000000000
132031  -35.097  61.059  -19.351 0.0000000000
132032  -35.690  61.313  -19.367 0.0000000000
132033  -36.855  61.691  -19.518 0.0000000000
132034  -37.944  62.009  -19.295 0.0000000000
132039  -26.428  61.400  -20.221 0.0000000000
132040  -26.799  61.375  -20.913 0.0000000000
132041  -37.368  61.209  -20.101 0.0000000000
132042  -37.951  61.447  -19.836 0.0000000000
132046  -27.351  61.388  -21.484 0.0000000000
132047  -27.995  61.363  -21.822 0.0000000000
132050  -28.288  61.460  -22.534 0.0000000000
132051  -28.790  61.498  -23.056 0.0000000000
132054  -29.437  61.550  -23.533 0.0000000000
132055  -30.340  61.540  -23.869 0.0000000000
132056  -30.739  62.108  -24.034 0.0000000000
132060  -30.622  61.082  -24.329 0.0000000000
132061  -31.051  61.630  -24.482 0.0000000000
132062  -31.941  61.663  -24.918 0.0000000000
132071  -32.528  61.685  -25.630 0.0000000000
132072  -33.441  61.729  -25.888 0.0000000000
132547  -33.325  63.141  -13.856 0.0000000000
132552  -26.610  62.645  -14.684 0.0000000000
132553  -27.714  62.723  -14.438 0.0000000000
132554  -28.730  62.664  -14.475 0.0000000000
132555  -29.755  62.513  -14.625 0.0000000000
132556  -30.842  62.268  -14.824 0.0000000000
132557  -31.974  62.434  -14.763 0.0000000000
132558  -33.060  62.541  -14.683 0.0000000000
132559  -34.152  62.931  -14.540 0.0000000000
132563  -24.659  63.240  -16.000 0.0000000000
132564  -25.334  62.479  -15.637 0.0000000000
132565  -25.949  62.215  -15.100 0.0000000000
132566  -30.919  61.751  -15.283 0.0000000000
132567  -31.507  61.836  -15.338 0.0000000000
132568  -32.588  62.058  -15.446 0.0000000000
132569  -33.884  62.351  -15.656 0.0000000000
132574  -24.642  63.325  -16.880 0.0000000000
132575  -24.851  62.430  -16.603 0.0000000000
132576  -34.097  62.178  -16.365 0.0000000000
132577  -34.869  62.547  -16.607 0.0000000000
132583  -24.670  63.531  -17.401 0.0000000000
132584  -24.863  62.847  -17.759 0.0000000000
132585  -35.015  62.291  -17.559 0.0000000000
132586  -35.951  62.592  -17.391 0.0000000000
132593  -25.629  62.668  -18.933 0.0000000000
132594  -26.229  63.135  -19.269 0.0000000000
132595  -34.924  61.961  -18.056 0.0000000000
132596  -35.543  62.147  -18.169 0.0000000000
132597  -36.652  62.369  -18.335 0.0000000000
132598  -37.644  62.558  -18.123 0.0000000000
132603  -25.892  62.038  -19.387 0.0000000000
132604  -26.576  62.544  -19.823 0.0000000000
132605  -27.306  62.994  -20.193 0.0000000000
132606  -36.873  62.172  -18.945 0.0000000000
132607  -37.362  62.255  -18.834 0.0000000000
132612  -26.810  61.963  -20.490 0.0000000000
132613  -27.485  62.512  -20.890 0.0000000000
132614  -28.270  63.002  -21.110 0.0000000000
132619  -27.777  61.970  -21.568 0.0000000000
132620  -28.463  62.524  -21.843 0.0000000000
132621  -29.158  63.025  -22.086 0.0000000000
132626  -28.628  62.056  -22.622 0.0000000000
132627  -29.253  62.561  -22.817 0.0000000000
132628  -30.024  62.842  -23.145 0.0000000000
132631  -29.839  62.261  -23.507 0.0000000000
132632  -30.466  62.648  -23.701 0.0000000000
132633  -31.084  62.653  -24.100 0.0000000000
132635  -31.562  62.630  -24.711 0.0000000000
132636  -32.272  62.614  -25.173 0.0000000000
132645  -32.976  62.642  -25.638 0.0000000000
133100  -28.588  64.303  -13.829 0.0000000000
133101  -29.116  64.200  -13.810 0.0000000000
133102  -30.084  64.082  -13.815 0.0000000000
133103  -31.141  63.936  -13.673 0.0000000000
133104  -32.390  63.793  -13.563 0.0000000000
133115  -25.617  64.119  -14.836 0.0000000000
133116  -26.073  63.697  -14.616 0.0000000000
133117  -27.169  63.689  -14.302 0.0000000000
133118  -28.339  63.761  -14.094 0.0000000000
133119  -29.399  63.413  -14.220 0.0000000000
133120  -30.447  63.227  -14.269 0.0000000000
133121  -31.509  63.061  -14.169 0.0000000000
133122  -32.427  62.923  -14.146 0.0000000000
133128  -24.714  63.988  -15.765 0.0000000000
133129  -25.266  63.678  -15.262 0.0000000000
133130  -25.780  62.905  -14.991 0.0000000000
133136  -24.541  63.984  -16.376 0.0000000000
133142  -24.518  64.039  -17.112 0.0000000000
133143  -24.796  63.949  -17.762 0.0000000000
133147  -25.364  63.768  -18.411 0.0000000000
133148  -26.084  63.687  -18.907 0.0000000000
133154  -26.698  63.638  -19.315 0.0000000000
133155  -27.389  63.638  -19.758 0.0000000000
133156  -28.018  63.897  -20.010 0.0000000000
133167  -27.729  63.320  -20.280 0.0000000000
133168  -28.355  63.659  -20.571 0.0000000000
133169  -29.003  63.997  -20.885 0.0000000000
133180  -28.661  63.397  -21.215 0.0000000000
133181  -29.298  63.682  -21.556 0.0000000000
133182  -29.893  63.941  -22.012 0.0000000000
133192  -29.508  63.359  -22.240 0.0000000000
133193  -30.096  63.418  -22.595 0.0000000000
133194  -30.759  63.860  -22.835 0.0000000000
133198  -30.436  63.337  -23.237 0.0000000000
133199  -31.134  63.615  -23.541 0.0000000000
133200  -31.790  63.946  -23.905 0.0000000000
133203  -31.476  63.350  -24.239 0.0000000000
133204  -32.195  63.656  -24.589 0.0000000000
133214  -32.647  63.373  -25.288 0.0000000000
133608  -28.223  65.131  -13.664 0.0000000000
133609  -28.655  64.896  -13.612 0.0000000000
133610  -29.721  64.930  -13.549 0.0000000000
133611  -30.760  64.879  -13.440 0.0000000000
133612  -31.862  64.849  -13.245 0.0000000000
133625  -25.839  64.465  -14.531 0.0000000000
133626  -26.561  64.575  -14.187 0.0000000000
133627  -27.768  64.795  -13.828 0.0000000000
133628  -28.313  64.422  -13.832 0.0000000000
133634  -24.937  64.483  -15.439 0.0000000000
133635  -25.345  64.680  -14.911 0.0000000000
133638  -24.574  64.684  -15.909 0.0000000000
133642  -24.510  64.762  -16.649 0.0000000000
133643  -24.737  64.786  -17.385 0.0000000000
133647  -25.270  64.737  -18.005 0.0000000000
133648  -26.084  64.671  -18.500 0.0000000000
133649  -26.859  64.977  -18.738 0.0000000000
133661  -26.626  64.280  -18.892 0.0000000000
133662  -27.294  64.562  -19.174 0.0000000000
133663  -28.002  64.596  -19.560 0.0000000000
133681  -28.450  64.394  -19.986 0.0000000000
133682  -29.084  64.859  -20.244 0.0000000000
133696  -29.483  64.487  -20.901 0.0000000000
134124  -27.587  66.089  -13.674 0.0000000000
134125  -28.301  65.736  -13.605 0.0000000000
134126  -29.383  65.808  -13.432 0.0000000000
134127  -30.423  65.784  -13.295 0.0000000000
134128  -31.428  65.752  -13.065 0.0000000000
134141  -25.253  65.842  -14.666 0.0000000000
134142  -25.806  65.348  -14.278 0.0000000000
134143  -26.917  65.592  -13.828 0.0000000000
134144  -27.623  65.542  -13.722 0.0000000000
134153  -24.853  65.448  -15.260 0.0000000000
134154  -25.281  65.318  -14.782 0.0000000000
134158  -24.484  65.551  -16.126 0.0000000000
134165  -24.601  65.616  -16.942 0.0000000000
134166  -25.090  65.636  -17.596 0.0000000000
134175  -25.737  65.653  -18.177 0.0000000000
134670  -27.070  66.762  -13.692 0.0000000000
134671  -28.132  66.850  -13.553 0.0000000000
134672  -29.161  66.824  -13.393 0.0000000000
134673  -30.172  66.719  -13.141 0.0000000000
134674  -31.066  66.553  -12.828 0.0000000000
134683  -24.861  66.697  -14.723 0.0000000000
134684  -25.630  66.447  -14.270 0.0000000000
134685  -26.278  66.205  -13.943 0.0000000000
134695  -24.505  66.457  -15.624 0.0000000000
134704  -24.510  66.463  -16.454 0.0000000000
134718  -24.814  66.557  -17.236 0.0000000000
134719  -25.504  66.547  -17.752 0.0000000000
135259  -24.843  67.796  -14.644 0.0000000000
135260  -25.619  67.680  -14.119 0.0000000000
135261  -26.219  66.981  -13.913 0.0000000000
135272  -24.549  67.501  -15.331 0.0000000000
135287  -24.409  67.229  -16.017 0.0000000000
135299  -24.608  67.462  -16.745 0.0000000000
