#!ascii label  , from subject Broad_82_YZ vox2ras=TkReg
1016
28775  -10.937  -35.650  31.805 0.0000000000
28776  -11.260  -35.039  31.152 0.0000000000
28795  -10.956  -36.243  30.521 0.0000000000
28796  -11.317  -35.316  30.548 0.0000000000
28815  -11.336  -35.625  29.473 0.0000000000
29000  -9.463  -35.758  17.743 0.0000000000
29014  -9.415  -36.020  17.275 0.0000000000
29027  -10.428  -35.900  16.049 0.0000000000
29039  -10.609  -36.096  15.366 0.0000000000
29040  -11.314  -35.780  14.913 0.0000000000
29054  -11.122  -36.086  14.286 0.0000000000
29780  -10.888  -35.021  32.723 0.0000000000
29781  -11.004  -34.583  32.233 0.0000000000
29803  -11.065  -34.976  32.100 0.0000000000
29804  -11.176  -34.597  31.572 0.0000000000
29825  -11.328  -34.543  30.612 0.0000000000
29846  -11.467  -34.686  29.600 0.0000000000
29866  -11.611  -34.937  28.479 0.0000000000
30016  -7.511  -35.781  19.981 0.0000000000
30017  -8.284  -35.712  19.506 0.0000000000
30018  -9.155  -35.113  19.111 0.0000000000
30031  -8.889  -35.813  18.813 0.0000000000
30032  -9.778  -35.285  18.254 0.0000000000
30033  -10.503  -34.859  18.107 0.0000000000
30044  -9.984  -35.598  17.384 0.0000000000
30045  -10.746  -35.028  17.513 0.0000000000
30046  -11.307  -34.605  17.152 0.0000000000
30058  -9.921  -35.866  16.908 0.0000000000
30059  -10.593  -35.599  16.558 0.0000000000
30060  -11.357  -34.928  16.632 0.0000000000
30070  -10.821  -35.737  15.894 0.0000000000
30071  -11.555  -35.236  15.545 0.0000000000
30072  -12.220  -34.615  15.125 0.0000000000
30082  -11.736  -35.468  14.366 0.0000000000
30083  -12.255  -34.822  14.510 0.0000000000
30095  -11.703  -35.756  13.377 0.0000000000
30096  -12.324  -35.034  13.534 0.0000000000
30110  -12.377  -35.328  12.522 0.0000000000
30804  -10.869  -34.236  32.710 0.0000000000
30805  -11.006  -34.105  32.044 0.0000000000
30828  -11.106  -33.977  31.582 0.0000000000
30848  -11.176  -33.946  30.953 0.0000000000
30872  -11.223  -33.822  29.820 0.0000000000
30892  -11.296  -34.100  28.601 0.0000000000
30910  -11.538  -34.250  27.486 0.0000000000
31048  -7.131  -35.183  20.262 0.0000000000
31068  -7.852  -35.005  20.060 0.0000000000
31069  -8.579  -34.656  19.633 0.0000000000
31070  -9.362  -34.318  19.279 0.0000000000
31071  -9.964  -34.145  19.040 0.0000000000
31091  -9.777  -34.653  18.863 0.0000000000
31092  -10.512  -34.294  18.481 0.0000000000
31093  -10.999  -33.935  18.177 0.0000000000
31112  -10.786  -34.632  17.986 0.0000000000
31113  -11.211  -34.236  17.710 0.0000000000
31130  -11.747  -34.137  16.674 0.0000000000
31131  -12.138  -33.727  16.187 0.0000000000
31144  -11.745  -34.623  16.140 0.0000000000
31145  -12.241  -34.174  15.690 0.0000000000
31156  -12.510  -34.092  14.676 0.0000000000
31167  -12.649  -34.216  13.707 0.0000000000
31177  -12.859  -34.410  12.652 0.0000000000
31178  -13.091  -34.166  12.283 0.0000000000
31186  -12.860  -34.707  11.845 0.0000000000
31187  -13.093  -34.254  12.050 0.0000000000
31198  -12.687  -34.588  10.783 0.0000000000
31985  -10.595  -33.577  32.274 0.0000000000
31986  -10.890  -33.821  31.830 0.0000000000
32001  -4.875  -33.347  30.832 0.0000000000
32005  -9.495  -33.095  31.336 0.0000000000
32006  -10.298  -33.300  31.390 0.0000000000
32007  -10.819  -33.678  31.441 0.0000000000
32026  -4.770  -33.481  30.618 0.0000000000
32029  -9.074  -33.339  30.494 0.0000000000
32030  -9.966  -33.255  30.514 0.0000000000
32031  -10.676  -33.551  30.634 0.0000000000
32059  -9.519  -33.374  29.623 0.0000000000
32060  -10.378  -33.435  29.658 0.0000000000
32074  -4.519  -33.107  28.485 0.0000000000
32077  -8.916  -33.474  28.773 0.0000000000
32078  -9.867  -33.335  28.696 0.0000000000
32079  -10.696  -33.572  28.671 0.0000000000
32097  -9.148  -33.324  27.792 0.0000000000
32098  -10.162  -33.277  27.682 0.0000000000
32099  -10.969  -33.632  27.593 0.0000000000
32119  -10.436  -33.292  26.610 0.0000000000
32225  -6.838  -34.390  20.187 0.0000000000
32226  -7.410  -34.620  20.150 0.0000000000
32242  -6.551  -33.534  19.745 0.0000000000
32243  -7.747  -33.931  19.904 0.0000000000
32244  -8.815  -33.760  19.488 0.0000000000
32245  -9.671  -33.487  19.156 0.0000000000
32246  -10.200  -33.829  18.918 0.0000000000
32267  -9.966  -32.907  18.853 0.0000000000
32268  -10.418  -33.370  18.711 0.0000000000
32269  -10.832  -33.641  18.353 0.0000000000
32290  -11.167  -33.496  17.944 0.0000000000
32310  -11.562  -33.380  17.231 0.0000000000
32311  -11.944  -33.284  16.452 0.0000000000
32329  -12.281  -33.282  15.799 0.0000000000
32342  -12.514  -33.308  14.983 0.0000000000
32350  -12.665  -33.363  13.974 0.0000000000
32356  -12.918  -33.553  12.857 0.0000000000
32357  -13.109  -33.926  12.349 0.0000000000
32366  -13.011  -33.757  11.743 0.0000000000
32367  -13.177  -34.016  12.097 0.0000000000
32377  -10.101  -33.072  10.124 0.0000000000
32378  -10.858  -33.104  10.402 0.0000000000
32379  -11.665  -33.165  10.493 0.0000000000
32380  -12.392  -33.450  10.701 0.0000000000
32396  -11.382  -33.617  9.870 0.0000000000
32397  -11.950  -33.522  10.137 0.0000000000
33138  -4.471  -32.488  32.539 0.0000000000
33149  -4.750  -32.772  31.809 0.0000000000
33150  -5.054  -33.071  31.176 0.0000000000
33153  -9.930  -32.879  32.149 0.0000000000
33164  -4.798  -33.418  30.073 0.0000000000
33165  -5.047  -33.145  30.363 0.0000000000
33186  -4.730  -33.439  29.773 0.0000000000
33187  -5.012  -33.139  29.200 0.0000000000
33207  -4.942  -32.620  28.215 0.0000000000
33229  -5.029  -32.192  27.500 0.0000000000
33348  -7.234  -32.863  19.391 0.0000000000
33349  -8.347  -33.029  19.384 0.0000000000
33350  -9.043  -33.172  19.290 0.0000000000
33362  -6.674  -32.147  18.723 0.0000000000
33363  -7.887  -32.224  18.845 0.0000000000
33364  -9.190  -32.548  18.814 0.0000000000
33365  -10.330  -32.455  18.283 0.0000000000
33366  -10.875  -33.092  18.282 0.0000000000
33369  -10.694  -32.195  17.666 0.0000000000
33370  -11.124  -32.682  17.670 0.0000000000
33373  -10.904  -32.115  17.167 0.0000000000
33374  -11.468  -32.479  16.597 0.0000000000
33375  -12.001  -32.717  16.003 0.0000000000
33383  -11.628  -32.243  15.668 0.0000000000
33384  -12.143  -32.590  15.272 0.0000000000
33395  -10.232  -31.717  14.304 0.0000000000
33396  -10.560  -31.701  14.385 0.0000000000
33397  -11.455  -31.866  14.734 0.0000000000
33398  -12.323  -32.522  14.316 0.0000000000
33409  -10.278  -31.775  14.067 0.0000000000
33410  -10.794  -31.766  13.798 0.0000000000
33411  -11.739  -32.037  13.604 0.0000000000
33412  -12.500  -32.639  13.259 0.0000000000
33419  -11.071  -31.822  12.981 0.0000000000
33420  -11.831  -32.248  12.588 0.0000000000
33421  -12.531  -32.879  12.220 0.0000000000
33432  -10.617  -31.801  11.425 0.0000000000
33433  -10.956  -31.914  11.887 0.0000000000
33434  -11.898  -32.520  11.643 0.0000000000
33435  -12.435  -33.036  11.346 0.0000000000
33447  -10.502  -32.223  10.832 0.0000000000
33448  -11.335  -32.562  10.991 0.0000000000
33449  -12.089  -32.812  10.924 0.0000000000
33450  -12.337  -33.087  10.979 0.0000000000
33461  -9.718  -32.503  9.609 0.0000000000
33473  -9.498  -32.173  8.984 0.0000000000
34298  -4.494  -31.698  32.836 0.0000000000
34299  -4.956  -31.676  32.325 0.0000000000
34306  -4.778  -32.108  32.194 0.0000000000
34307  -5.222  -32.122  31.402 0.0000000000
34308  -5.798  -31.652  30.847 0.0000000000
34315  -5.533  -32.334  30.149 0.0000000000
34316  -6.175  -31.593  30.030 0.0000000000
34317  -6.814  -31.332  29.712 0.0000000000
34330  -5.772  -32.357  29.091 0.0000000000
34331  -6.455  -31.752  29.037 0.0000000000
34332  -7.156  -31.308  29.074 0.0000000000
34348  -5.822  -31.962  28.089 0.0000000000
34349  -6.663  -31.438  28.278 0.0000000000
34350  -7.323  -31.091  28.337 0.0000000000
34372  -5.553  -31.784  27.139 0.0000000000
34373  -6.352  -31.522  27.456 0.0000000000
34374  -7.031  -31.187  27.692 0.0000000000
34395  -5.279  -31.506  26.372 0.0000000000
34396  -6.160  -31.479  26.616 0.0000000000
34397  -6.914  -31.270  26.947 0.0000000000
34421  -4.997  -31.439  25.533 0.0000000000
34422  -5.991  -31.401  25.713 0.0000000000
34423  -6.868  -31.293  26.077 0.0000000000
34450  -5.679  -31.534  24.730 0.0000000000
34451  -6.986  -31.322  24.898 0.0000000000
34452  -7.781  -31.152  24.361 0.0000000000
34474  -5.155  -31.602  23.731 0.0000000000
34475  -6.290  -31.549  23.746 0.0000000000
34476  -7.398  -31.358  23.687 0.0000000000
34492  -5.650  -31.584  22.710 0.0000000000
34493  -6.788  -31.562  22.673 0.0000000000
34494  -7.914  -31.319  22.622 0.0000000000
34512  -4.978  -31.603  21.698 0.0000000000
34513  -6.092  -31.504  21.665 0.0000000000
34514  -7.214  -31.359  21.633 0.0000000000
34515  -8.250  -31.133  21.549 0.0000000000
34531  -5.331  -31.422  20.733 0.0000000000
34532  -6.490  -31.236  20.600 0.0000000000
34533  -7.635  -31.115  20.747 0.0000000000
34534  -8.422  -30.972  20.759 0.0000000000
34548  -5.463  -31.055  19.913 0.0000000000
34549  -6.327  -30.823  19.792 0.0000000000
34559  -7.235  -31.582  18.099 0.0000000000
34560  -8.476  -31.705  18.120 0.0000000000
34561  -9.523  -31.768  18.099 0.0000000000
34568  -7.784  -31.338  17.194 0.0000000000
34569  -9.018  -31.504  17.228 0.0000000000
34570  -10.184  -31.749  17.361 0.0000000000
34578  -8.359  -31.402  16.197 0.0000000000
34579  -9.604  -31.524  16.317 0.0000000000
34580  -10.683  -31.803  16.364 0.0000000000
34581  -11.222  -32.002  15.934 0.0000000000
34589  -7.570  -31.686  15.083 0.0000000000
34590  -9.069  -31.632  15.293 0.0000000000
34591  -10.151  -31.640  15.491 0.0000000000
34592  -10.878  -31.736  15.562 0.0000000000
34593  -11.292  -31.880  15.423 0.0000000000
34600  -7.657  -31.586  14.068 0.0000000000
34601  -8.748  -31.716  14.287 0.0000000000
34602  -9.945  -31.725  14.535 0.0000000000
34603  -10.694  -31.643  14.963 0.0000000000
34604  -11.111  -31.713  15.171 0.0000000000
34616  -7.091  -31.069  13.622 0.0000000000
34617  -8.488  -31.058  13.418 0.0000000000
34618  -9.846  -31.633  13.572 0.0000000000
34619  -10.550  -31.673  13.270 0.0000000000
34628  -9.003  -30.571  12.956 0.0000000000
34629  -9.708  -31.041  12.623 0.0000000000
34630  -10.438  -31.574  12.767 0.0000000000
34646  -10.419  -31.261  11.569 0.0000000000
34647  -10.400  -31.429  12.228 0.0000000000
34662  -10.324  -31.417  10.396 0.0000000000
34676  -10.001  -31.582  9.423 0.0000000000
34687  -8.655  -32.145  7.954 0.0000000000
34688  -9.588  -31.672  8.391 0.0000000000
34689  -10.160  -31.187  8.010 0.0000000000
34700  -8.802  -31.833  7.354 0.0000000000
34701  -9.743  -31.372  7.408 0.0000000000
34709  -7.877  -31.721  6.522 0.0000000000
34710  -9.098  -31.459  6.418 0.0000000000
34711  -9.986  -31.076  6.743 0.0000000000
34722  -8.162  -31.554  5.503 0.0000000000
34723  -9.197  -31.324  5.375 0.0000000000
34742  -7.307  -31.626  4.629 0.0000000000
34743  -8.463  -31.351  4.462 0.0000000000
34744  -9.448  -31.142  4.596 0.0000000000
34768  -7.508  -31.224  3.748 0.0000000000
34769  -8.338  -30.878  3.677 0.0000000000
35551  -4.411  -30.656  33.204 0.0000000000
35552  -5.336  -30.275  33.089 0.0000000000
35553  -5.894  -29.973  33.031 0.0000000000
35558  -4.833  -31.316  32.728 0.0000000000
35559  -5.407  -31.157  32.304 0.0000000000
35560  -6.072  -30.406  32.491 0.0000000000
35567  -5.684  -31.426  31.436 0.0000000000
35568  -6.465  -30.859  31.253 0.0000000000
35569  -7.262  -30.362  31.033 0.0000000000
35575  -6.749  -31.165  30.292 0.0000000000
35576  -7.529  -30.708  30.147 0.0000000000
35577  -8.299  -30.251  29.982 0.0000000000
35581  -7.784  -30.838  28.930 0.0000000000
35582  -8.297  -30.435  29.365 0.0000000000
35589  -7.807  -30.791  28.249 0.0000000000
35590  -8.486  -30.438  28.442 0.0000000000
35591  -9.037  -30.225  28.030 0.0000000000
35603  -7.524  -30.946  27.854 0.0000000000
35604  -8.021  -30.739  27.728 0.0000000000
35605  -8.673  -30.459  27.552 0.0000000000
35623  -7.540  -31.034  27.297 0.0000000000
35624  -8.185  -30.835  27.000 0.0000000000
35625  -8.959  -30.523  26.713 0.0000000000
35626  -9.551  -30.426  26.318 0.0000000000
35645  -7.564  -31.092  26.535 0.0000000000
35646  -8.247  -30.829  26.135 0.0000000000
35647  -9.038  -30.635  25.771 0.0000000000
35648  -9.928  -30.472  25.646 0.0000000000
35673  -7.577  -31.096  25.741 0.0000000000
35674  -8.194  -30.890  25.058 0.0000000000
35675  -9.312  -30.658  24.750 0.0000000000
35676  -10.438  -30.372  24.630 0.0000000000
35677  -11.165  -30.019  24.221 0.0000000000
35700  -8.515  -31.035  23.789 0.0000000000
35701  -9.766  -30.714  23.618 0.0000000000
35702  -10.764  -30.352  23.537 0.0000000000
35703  -11.553  -29.930  23.515 0.0000000000
35720  -9.131  -30.944  22.403 0.0000000000
35721  -10.300  -30.573  22.566 0.0000000000
35722  -11.238  -30.264  22.638 0.0000000000
35723  -11.997  -29.863  22.708 0.0000000000
35738  -9.099  -30.914  21.163 0.0000000000
35739  -9.966  -30.652  21.518 0.0000000000
35740  -10.891  -30.425  21.679 0.0000000000
35741  -11.722  -30.016  21.782 0.0000000000
35759  -7.203  -30.866  19.962 0.0000000000
35760  -8.125  -30.835  20.095 0.0000000000
35761  -8.932  -30.720  20.305 0.0000000000
35762  -9.755  -30.577  20.541 0.0000000000
35763  -10.592  -30.450  20.758 0.0000000000
35764  -11.388  -30.191  20.832 0.0000000000
35782  -5.657  -30.540  19.242 0.0000000000
35783  -6.773  -30.496  19.275 0.0000000000
35784  -7.770  -30.510  19.403 0.0000000000
35785  -8.675  -30.520  19.566 0.0000000000
35786  -9.496  -30.440  19.750 0.0000000000
35787  -10.429  -30.258  19.766 0.0000000000
35788  -11.002  -30.212  20.266 0.0000000000
35800  -6.240  -30.219  18.569 0.0000000000
35801  -7.383  -30.224  18.673 0.0000000000
35802  -8.396  -30.260  18.824 0.0000000000
35803  -9.307  -30.313  19.037 0.0000000000
35804  -9.872  -30.294  19.293 0.0000000000
35844  -6.528  -30.460  13.183 0.0000000000
35845  -7.513  -30.517  13.185 0.0000000000
35851  -6.066  -29.960  12.628 0.0000000000
35852  -7.181  -29.924  12.693 0.0000000000
35853  -8.320  -30.166  12.756 0.0000000000
35854  -9.244  -30.223  12.494 0.0000000000
35869  -9.843  -30.346  11.957 0.0000000000
35881  -10.128  -30.387  11.041 0.0000000000
35889  -10.297  -30.545  10.025 0.0000000000
35890  -10.335  -30.338  9.447 0.0000000000
35897  -10.211  -30.996  9.186 0.0000000000
35898  -10.376  -30.674  8.654 0.0000000000
35904  -10.567  -30.683  7.562 0.0000000000
35905  -11.175  -30.209  7.068 0.0000000000
35909  -9.746  -31.005  6.036 0.0000000000
35910  -10.571  -30.596  6.326 0.0000000000
35911  -11.481  -29.970  6.305 0.0000000000
35916  -10.054  -30.903  5.285 0.0000000000
35917  -10.860  -30.155  5.285 0.0000000000
35918  -11.587  -29.552  5.581 0.0000000000
35925  -9.059  -30.858  4.001 0.0000000000
35926  -9.902  -30.304  4.293 0.0000000000
35927  -10.677  -29.688  4.529 0.0000000000
35941  -6.735  -30.978  3.090 0.0000000000
35942  -7.676  -30.525  3.059 0.0000000000
35943  -8.929  -30.187  3.266 0.0000000000
35944  -9.699  -29.707  3.578 0.0000000000
35963  -6.853  -30.424  2.492 0.0000000000
35964  -7.431  -30.073  2.469 0.0000000000
35965  -8.100  -29.905  2.672 0.0000000000
36670  -4.620  -29.540  33.542 0.0000000000
36671  -5.479  -29.409  33.276 0.0000000000
36685  -6.352  -29.470  32.689 0.0000000000
36686  -6.850  -28.997  32.395 0.0000000000
36697  -6.613  -30.153  32.099 0.0000000000
36698  -7.312  -29.602  31.717 0.0000000000
36699  -7.967  -29.060  31.361 0.0000000000
36708  -7.645  -30.103  30.909 0.0000000000
36709  -8.341  -29.563  30.627 0.0000000000
36710  -8.975  -29.038  30.366 0.0000000000
36719  -8.811  -30.004  29.636 0.0000000000
36720  -9.205  -29.347  29.869 0.0000000000
36729  -8.813  -30.225  29.043 0.0000000000
36730  -9.476  -29.753  28.679 0.0000000000
36731  -10.162  -29.280  28.255 0.0000000000
36742  -9.427  -30.105  27.430 0.0000000000
36743  -10.132  -29.558  27.664 0.0000000000
36761  -9.532  -30.262  26.770 0.0000000000
36762  -10.161  -29.992  26.617 0.0000000000
36763  -10.945  -29.517  26.285 0.0000000000
36779  -10.730  -30.013  25.632 0.0000000000
36780  -11.366  -29.366  25.528 0.0000000000
36798  -11.119  -29.849  24.902 0.0000000000
36799  -11.746  -29.343  24.434 0.0000000000
36800  -12.391  -28.962  23.972 0.0000000000
36818  -12.194  -29.454  23.466 0.0000000000
36819  -12.654  -28.893  23.243 0.0000000000
36835  -12.445  -29.374  22.763 0.0000000000
36836  -12.811  -28.959  22.364 0.0000000000
36854  -12.365  -29.499  21.984 0.0000000000
36855  -12.980  -29.112  21.449 0.0000000000
36856  -13.284  -28.760  21.005 0.0000000000
36872  -12.340  -29.684  20.843 0.0000000000
36873  -13.091  -29.124  20.559 0.0000000000
36874  -13.415  -28.575  20.430 0.0000000000
36882  -10.886  -30.019  19.184 0.0000000000
36883  -11.532  -29.817  19.736 0.0000000000
36884  -12.813  -29.212  19.616 0.0000000000
36885  -13.281  -28.899  20.026 0.0000000000
36895  -5.723  -29.836  17.909 0.0000000000
36896  -6.952  -29.828  17.990 0.0000000000
36897  -8.071  -29.938  18.067 0.0000000000
36898  -9.118  -30.074  18.223 0.0000000000
36899  -10.217  -30.024  18.660 0.0000000000
36900  -11.263  -29.742  18.638 0.0000000000
36901  -12.149  -29.388  18.699 0.0000000000
36912  -5.263  -29.611  17.242 0.0000000000
36913  -6.503  -29.672  17.244 0.0000000000
36914  -7.683  -29.646  17.281 0.0000000000
36915  -8.788  -29.662  17.403 0.0000000000
36916  -9.833  -29.708  17.590 0.0000000000
36917  -10.929  -29.542  17.648 0.0000000000
36918  -11.749  -29.437  17.976 0.0000000000
36930  -4.773  -29.517  16.598 0.0000000000
36931  -6.023  -29.528  16.534 0.0000000000
36932  -7.203  -29.452  16.525 0.0000000000
36933  -8.416  -29.343  16.444 0.0000000000
36934  -9.503  -29.382  16.751 0.0000000000
36935  -10.360  -29.449  16.914 0.0000000000
36949  -4.298  -29.386  15.945 0.0000000000
36950  -5.508  -29.365  15.822 0.0000000000
36951  -6.699  -29.286  15.799 0.0000000000
36952  -7.676  -29.223  15.830 0.0000000000
36962  -5.023  -29.004  13.020 0.0000000000
36966  -5.510  -29.348  12.769 0.0000000000
36967  -6.855  -29.211  12.248 0.0000000000
36968  -7.938  -29.412  12.190 0.0000000000
36969  -8.890  -29.632  12.143 0.0000000000
36970  -9.431  -29.890  12.089 0.0000000000
36981  -7.306  -28.804  12.013 0.0000000000
36982  -7.741  -28.879  11.780 0.0000000000
36983  -8.714  -29.117  11.395 0.0000000000
36984  -9.501  -29.714  11.549 0.0000000000
36994  -9.178  -28.894  10.934 0.0000000000
36995  -9.757  -29.454  10.634 0.0000000000
36996  -10.242  -29.450  10.079 0.0000000000
37004  -10.258  -29.870  9.938 0.0000000000
37005  -10.574  -29.695  9.461 0.0000000000
37006  -11.145  -29.398  9.103 0.0000000000
37010  -10.871  -29.936  8.480 0.0000000000
37011  -11.568  -29.356  8.412 0.0000000000
37012  -12.136  -28.960  8.030 0.0000000000
37016  -11.191  -29.943  7.772 0.0000000000
37017  -11.793  -29.518  7.335 0.0000000000
37018  -12.478  -28.821  7.368 0.0000000000
37022  -12.243  -29.046  6.312 0.0000000000
37023  -12.731  -28.571  6.829 0.0000000000
37026  -11.252  -29.478  4.921 0.0000000000
37027  -11.876  -28.893  5.172 0.0000000000
37029  -10.249  -29.508  3.988 0.0000000000
37030  -10.914  -28.820  4.327 0.0000000000
37031  -11.623  -28.409  4.791 0.0000000000
37038  -9.384  -29.517  3.111 0.0000000000
37039  -9.877  -28.911  3.366 0.0000000000
37040  -10.387  -28.462  3.815 0.0000000000
37053  -7.676  -29.542  2.135 0.0000000000
37054  -8.728  -29.099  2.560 0.0000000000
37055  -9.300  -28.616  2.926 0.0000000000
37072  -8.217  -28.667  2.121 0.0000000000
37723  -4.860  -28.737  33.521 0.0000000000
37739  -5.534  -28.288  33.044 0.0000000000
37740  -6.366  -28.595  32.572 0.0000000000
37755  -6.060  -27.917  32.420 0.0000000000
37756  -6.816  -28.293  32.066 0.0000000000
37757  -7.578  -28.456  31.572 0.0000000000
37769  -8.215  -28.479  31.090 0.0000000000
37770  -8.773  -28.523  30.602 0.0000000000
37780  -9.316  -28.585  30.125 0.0000000000
37789  -9.741  -28.759  29.424 0.0000000000
37790  -10.196  -28.819  28.688 0.0000000000
37798  -10.615  -28.803  27.895 0.0000000000
37799  -11.031  -28.550  27.225 0.0000000000
37806  -10.724  -29.197  27.026 0.0000000000
37807  -11.374  -28.725  26.427 0.0000000000
37820  -11.847  -28.487  25.301 0.0000000000
37821  -12.283  -28.132  24.708 0.0000000000
37837  -12.208  -28.633  24.493 0.0000000000
37838  -12.593  -28.173  23.942 0.0000000000
37853  -12.995  -28.151  22.787 0.0000000000
37854  -13.102  -27.714  22.535 0.0000000000
37868  -13.162  -28.498  21.889 0.0000000000
37869  -13.266  -27.834  22.100 0.0000000000
37884  -13.243  -28.651  21.386 0.0000000000
37885  -13.445  -28.115  21.186 0.0000000000
37899  -13.701  -27.964  20.290 0.0000000000
37910  -13.242  -28.823  19.064 0.0000000000
37911  -13.554  -28.435  19.530 0.0000000000
37917  -12.934  -28.965  18.559 0.0000000000
37918  -13.483  -28.493  18.580 0.0000000000
37926  -11.778  -29.243  17.267 0.0000000000
37927  -12.499  -29.066  17.685 0.0000000000
37928  -13.234  -28.567  17.777 0.0000000000
37940  -9.329  -29.240  15.913 0.0000000000
37941  -10.199  -29.094  16.168 0.0000000000
37942  -11.210  -29.118  16.540 0.0000000000
37943  -12.300  -28.682  16.634 0.0000000000
37944  -12.954  -28.569  17.083 0.0000000000
37962  -4.981  -29.042  15.172 0.0000000000
37963  -6.173  -28.943  15.079 0.0000000000
37964  -7.342  -28.840  15.144 0.0000000000
37965  -8.538  -28.835  15.378 0.0000000000
37966  -9.787  -28.521  15.383 0.0000000000
37967  -10.842  -28.549  15.705 0.0000000000
37968  -11.759  -28.513  15.866 0.0000000000
37976  -4.463  -28.870  14.557 0.0000000000
37977  -5.552  -28.686  14.351 0.0000000000
37978  -6.814  -28.448  14.305 0.0000000000
37979  -7.958  -28.271  14.584 0.0000000000
37980  -9.037  -28.114  14.644 0.0000000000
37981  -9.937  -27.914  14.702 0.0000000000
37986  -4.927  -28.759  13.599 0.0000000000
37987  -6.041  -28.559  13.536 0.0000000000
37988  -7.026  -28.248  13.423 0.0000000000
37990  -5.548  -28.809  13.037 0.0000000000
37991  -6.458  -28.666  12.754 0.0000000000
37992  -7.435  -28.210  12.663 0.0000000000
37993  -7.985  -27.966  12.213 0.0000000000
38002  -7.097  -28.647  12.259 0.0000000000
38003  -7.641  -28.462  12.048 0.0000000000
38004  -8.433  -28.310  11.672 0.0000000000
38005  -9.108  -28.223  11.325 0.0000000000
38006  -11.516  -28.324  10.794 0.0000000000
38007  -11.846  -28.328  10.778 0.0000000000
38021  -8.971  -28.603  11.203 0.0000000000
38022  -9.543  -28.535  10.847 0.0000000000
38023  -10.372  -28.842  10.265 0.0000000000
38024  -11.328  -28.554  10.341 0.0000000000
38025  -12.158  -28.354  10.194 0.0000000000
38035  -11.003  -29.066  9.708 0.0000000000
38036  -11.689  -28.847  9.403 0.0000000000
38037  -12.488  -28.378  9.343 0.0000000000
38041  -12.154  -28.815  8.717 0.0000000000
38042  -12.764  -28.345  8.316 0.0000000000
38043  -13.201  -27.814  7.909 0.0000000000
38047  -13.002  -28.251  7.338 0.0000000000
38048  -13.252  -27.575  7.282 0.0000000000
38051  -12.344  -28.479  5.739 0.0000000000
38052  -12.805  -27.893  6.353 0.0000000000
38053  -13.165  -27.330  6.857 0.0000000000
38056  -12.161  -27.938  5.250 0.0000000000
38057  -12.450  -27.505  5.764 0.0000000000
38059  -10.650  -27.974  4.021 0.0000000000
38060  -11.356  -27.912  4.559 0.0000000000
38068  -9.442  -28.200  3.232 0.0000000000
38069  -10.038  -28.095  3.571 0.0000000000
38083  -8.915  -28.225  2.779 0.0000000000
38766  -6.985  -27.596  31.438 0.0000000000
38767  -7.715  -27.788  31.170 0.0000000000
38776  -7.248  -27.129  30.808 0.0000000000
38777  -8.307  -27.520  30.598 0.0000000000
38778  -9.067  -27.925  30.316 0.0000000000
38783  -8.966  -27.355  30.041 0.0000000000
38784  -9.567  -27.814  29.740 0.0000000000
38787  -10.073  -27.999  29.086 0.0000000000
38788  -10.584  -28.046  28.470 0.0000000000
38794  -11.047  -27.948  27.741 0.0000000000
38795  -11.310  -28.074  26.985 0.0000000000
38802  -11.160  -27.514  27.096 0.0000000000
38803  -11.602  -27.626  26.277 0.0000000000
38813  -12.024  -27.515  25.069 0.0000000000
38814  -12.363  -27.798  24.523 0.0000000000
38831  -12.110  -27.112  24.665 0.0000000000
38832  -12.347  -27.377  24.264 0.0000000000
38849  -12.699  -27.348  23.214 0.0000000000
38850  -12.986  -27.618  22.758 0.0000000000
38863  -12.739  -26.970  22.734 0.0000000000
38864  -13.037  -27.243  22.444 0.0000000000
38872  -13.374  -27.240  21.610 0.0000000000
38882  -13.698  -27.251  20.687 0.0000000000
38895  -13.970  -27.294  19.571 0.0000000000
38896  -14.012  -26.790  19.063 0.0000000000
38909  -13.957  -27.854  18.668 0.0000000000
38910  -14.146  -27.028  18.600 0.0000000000
38923  -13.720  -28.095  17.933 0.0000000000
38924  -14.106  -27.450  17.783 0.0000000000
38937  -12.974  -28.343  16.499 0.0000000000
38938  -13.591  -27.963  16.904 0.0000000000
38939  -14.285  -27.065  16.871 0.0000000000
38955  -10.561  -28.091  15.079 0.0000000000
38956  -11.446  -27.956  15.214 0.0000000000
38957  -12.766  -27.787  15.579 0.0000000000
38958  -14.029  -27.279  15.919 0.0000000000
38959  -14.368  -26.698  16.251 0.0000000000
38965  -7.543  -27.903  14.003 0.0000000000
38966  -8.356  -27.570  14.105 0.0000000000
38967  -9.502  -27.285  14.103 0.0000000000
38968  -10.726  -27.474  14.497 0.0000000000
38969  -11.946  -27.312  14.640 0.0000000000
38970  -12.579  -27.141  14.809 0.0000000000
38976  -7.815  -27.764  13.381 0.0000000000
38977  -8.647  -27.489  13.333 0.0000000000
38978  -9.517  -27.350  13.180 0.0000000000
38979  -10.238  -27.393  12.905 0.0000000000
38980  -10.953  -27.462  12.815 0.0000000000
38987  -8.087  -27.753  12.782 0.0000000000
38988  -8.733  -27.697  12.430 0.0000000000
38989  -9.615  -27.678  12.336 0.0000000000
38990  -10.438  -27.771  12.240 0.0000000000
38991  -11.412  -27.720  12.212 0.0000000000
38992  -12.153  -27.644  11.847 0.0000000000
38999  -9.086  -27.906  11.784 0.0000000000
39000  -9.778  -27.992  11.504 0.0000000000
39001  -10.694  -28.068  11.496 0.0000000000
39002  -11.550  -28.141  11.265 0.0000000000
39003  -12.550  -27.819  11.073 0.0000000000
39004  -13.169  -27.368  10.651 0.0000000000
39018  -10.208  -28.250  10.901 0.0000000000
39019  -10.880  -28.316  10.811 0.0000000000
39020  -11.269  -28.326  10.799 0.0000000000
39021  -12.823  -27.828  10.080 0.0000000000
39022  -13.411  -27.205  9.924 0.0000000000
39035  -13.162  -27.837  9.226 0.0000000000
39036  -13.538  -27.086  9.007 0.0000000000
39043  -13.281  -27.667  8.511 0.0000000000
39044  -13.461  -27.069  8.049 0.0000000000
39048  -13.291  -26.848  7.247 0.0000000000
39051  -12.531  -26.908  6.000 0.0000000000
39052  -12.990  -26.900  6.619 0.0000000000
39055  -11.540  -27.073  5.010 0.0000000000
39056  -12.161  -27.203  5.493 0.0000000000
39058  -9.252  -27.326  3.764 0.0000000000
39059  -9.968  -27.346  3.936 0.0000000000
39060  -10.775  -27.234  4.437 0.0000000000
39069  -8.882  -27.564  3.251 0.0000000000
39070  -9.536  -27.719  3.544 0.0000000000
39781  -7.603  -26.610  30.158 0.0000000000
39782  -8.468  -26.841  29.943 0.0000000000
39795  -8.038  -26.283  29.212 0.0000000000
39796  -9.173  -26.930  29.361 0.0000000000
39797  -9.700  -27.484  29.178 0.0000000000
39801  -8.189  -26.122  28.583 0.0000000000
39802  -8.872  -26.352  28.409 0.0000000000
39803  -10.035  -27.154  28.575 0.0000000000
39804  -10.682  -27.536  28.190 0.0000000000
39807  -9.026  -26.173  27.842 0.0000000000
39808  -9.738  -26.408  27.572 0.0000000000
39809  -10.743  -27.126  27.725 0.0000000000
39815  -9.889  -26.131  26.452 0.0000000000
39816  -10.965  -26.811  26.674 0.0000000000
39817  -11.426  -27.106  26.305 0.0000000000
39824  -9.685  -25.964  25.462 0.0000000000
39825  -10.775  -26.353  25.656 0.0000000000
39826  -11.544  -26.928  25.835 0.0000000000
39842  -10.479  -26.177  24.598 0.0000000000
39843  -11.634  -26.709  24.739 0.0000000000
39844  -12.143  -26.958  24.417 0.0000000000
39859  -10.095  -26.016  23.618 0.0000000000
39860  -11.327  -26.237  23.560 0.0000000000
39861  -12.203  -26.759  23.872 0.0000000000
39876  -9.596  -25.876  22.989 0.0000000000
39877  -11.646  -26.250  22.875 0.0000000000
39878  -12.288  -26.534  22.735 0.0000000000
39879  -12.772  -26.818  22.475 0.0000000000
39895  -12.463  -26.312  22.088 0.0000000000
39896  -12.926  -26.532  21.947 0.0000000000
39909  -13.379  -26.594  21.113 0.0000000000
39925  -13.607  -26.391  20.151 0.0000000000
39926  -13.872  -26.549  19.373 0.0000000000
39944  -13.633  -26.031  19.341 0.0000000000
39945  -13.990  -26.267  18.722 0.0000000000
39964  -14.343  -26.455  17.745 0.0000000000
39985  -14.485  -26.203  16.661 0.0000000000
40002  -12.892  -27.028  14.917 0.0000000000
40003  -13.510  -26.818  15.085 0.0000000000
40004  -14.401  -26.154  15.574 0.0000000000
40019  -9.868  -27.168  13.688 0.0000000000
40020  -10.355  -26.997  13.902 0.0000000000
40021  -11.301  -26.755  14.035 0.0000000000
40022  -12.648  -26.373  14.212 0.0000000000
40023  -13.957  -26.027  14.541 0.0000000000
40024  -14.434  -25.583  14.871 0.0000000000
40035  -10.147  -27.195  13.446 0.0000000000
40036  -10.809  -27.172  13.411 0.0000000000
40037  -11.851  -26.979  13.048 0.0000000000
40038  -12.579  -26.035  12.982 0.0000000000
40043  -12.117  -27.342  12.348 0.0000000000
40044  -12.881  -26.758  12.025 0.0000000000
40045  -13.499  -26.059  11.545 0.0000000000
40049  -13.110  -27.167  11.190 0.0000000000
40050  -13.502  -26.490  10.803 0.0000000000
40059  -13.677  -26.298  9.620 0.0000000000
40071  -13.552  -26.182  8.643 0.0000000000
40085  -13.346  -26.117  7.775 0.0000000000
40095  -12.408  -25.818  6.691 0.0000000000
40096  -12.987  -26.042  7.002 0.0000000000
40103  -9.403  -25.846  5.656 0.0000000000
40104  -9.740  -25.742  5.831 0.0000000000
40105  -11.474  -26.043  5.857 0.0000000000
40106  -12.073  -26.052  6.166 0.0000000000
40107  -12.637  -26.344  6.480 0.0000000000
40112  -9.124  -26.148  5.122 0.0000000000
40113  -10.139  -26.125  5.434 0.0000000000
40114  -11.097  -26.269  5.426 0.0000000000
40115  -11.881  -26.557  5.596 0.0000000000
40119  -9.084  -26.813  4.309 0.0000000000
40120  -10.017  -26.658  4.623 0.0000000000
40121  -10.776  -26.593  4.891 0.0000000000
40800  -7.294  -25.914  29.058 0.0000000000
40813  -7.548  -25.854  28.433 0.0000000000
40814  -8.253  -26.075  28.292 0.0000000000
40826  -7.219  -25.632  27.469 0.0000000000
40827  -8.400  -25.927  27.753 0.0000000000
40828  -9.069  -26.062  27.583 0.0000000000
40837  -8.092  -25.607  26.825 0.0000000000
40838  -9.060  -25.853  27.093 0.0000000000
40848  -8.928  -25.683  26.183 0.0000000000
40875  -10.300  -25.881  22.953 0.0000000000
40876  -10.732  -26.005  23.205 0.0000000000
40887  -8.948  -26.059  21.818 0.0000000000
40888  -9.860  -25.908  22.268 0.0000000000
40889  -11.069  -26.026  22.623 0.0000000000
40890  -11.769  -26.206  22.546 0.0000000000
40902  -8.364  -26.146  21.093 0.0000000000
40903  -9.549  -25.895  21.299 0.0000000000
40904  -10.715  -25.836  21.596 0.0000000000
40905  -11.937  -26.036  21.912 0.0000000000
40906  -12.564  -26.161  21.750 0.0000000000
40919  -7.935  -26.064  20.179 0.0000000000
40920  -9.043  -25.790  20.402 0.0000000000
40921  -10.226  -25.623  20.627 0.0000000000
40922  -11.464  -25.567  20.832 0.0000000000
40923  -12.780  -25.821  20.994 0.0000000000
40941  -7.343  -25.974  19.373 0.0000000000
40942  -8.475  -25.646  19.476 0.0000000000
40943  -9.637  -25.406  19.774 0.0000000000
40944  -10.791  -25.247  19.886 0.0000000000
40945  -12.065  -25.245  19.829 0.0000000000
40946  -13.150  -25.552  19.753 0.0000000000
40963  -6.694  -25.768  18.536 0.0000000000
40964  -7.707  -25.623  18.773 0.0000000000
40965  -8.467  -25.295  18.857 0.0000000000
40966  -12.718  -25.099  19.178 0.0000000000
40967  -13.476  -25.364  18.730 0.0000000000
40968  -14.136  -25.680  18.147 0.0000000000
40985  -6.270  -25.549  18.012 0.0000000000
40986  -13.941  -25.040  18.006 0.0000000000
40987  -14.354  -25.378  17.312 0.0000000000
41009  -14.594  -25.285  16.273 0.0000000000
41034  -14.770  -24.944  15.215 0.0000000000
41057  -13.098  -25.654  13.377 0.0000000000
41058  -13.639  -25.518  13.807 0.0000000000
41059  -14.315  -25.080  14.236 0.0000000000
41074  -13.115  -25.544  12.823 0.0000000000
41075  -13.588  -24.906  13.055 0.0000000000
41076  -14.030  -24.978  13.582 0.0000000000
41080  -13.063  -25.964  12.545 0.0000000000
41081  -13.552  -25.450  12.124 0.0000000000
41084  -13.628  -25.371  11.072 0.0000000000
41089  -13.705  -25.373  10.119 0.0000000000
41096  -13.536  -25.315  9.176 0.0000000000
41109  -12.698  -24.831  7.793 0.0000000000
41110  -13.271  -25.168  8.264 0.0000000000
41126  -8.301  -24.991  6.847 0.0000000000
41127  -9.355  -25.049  6.831 0.0000000000
41128  -10.339  -25.164  6.954 0.0000000000
41129  -11.260  -25.118  7.073 0.0000000000
41130  -12.255  -25.192  7.235 0.0000000000
41131  -13.020  -25.419  7.549 0.0000000000
41150  -9.144  -25.484  6.175 0.0000000000
41151  -10.205  -25.592  6.124 0.0000000000
41152  -11.196  -25.588  6.363 0.0000000000
41153  -11.872  -25.533  6.683 0.0000000000
41169  -8.787  -25.756  5.746 0.0000000000
41170  -10.620  -25.943  5.695 0.0000000000
41171  -10.948  -25.844  5.857 0.0000000000
41965  -9.145  -25.201  19.160 0.0000000000
41966  -10.035  -24.901  19.180 0.0000000000
41967  -11.164  -24.895  19.081 0.0000000000
41968  -12.043  -24.914  18.971 0.0000000000
41977  -7.332  -25.524  18.316 0.0000000000
41978  -7.952  -25.173  18.385 0.0000000000
41979  -9.071  -24.749  18.599 0.0000000000
41980  -10.388  -24.325  18.422 0.0000000000
41981  -11.555  -24.387  18.516 0.0000000000
41982  -12.625  -24.614  18.542 0.0000000000
41983  -13.398  -24.651  18.147 0.0000000000
41993  -5.843  -25.141  17.742 0.0000000000
41994  -7.007  -25.157  17.855 0.0000000000
41995  -8.270  -24.551  17.961 0.0000000000
41996  -9.391  -24.137  17.987 0.0000000000
41997  -10.085  -23.904  17.933 0.0000000000
41998  -12.100  -24.057  18.189 0.0000000000
41999  -12.856  -24.063  17.872 0.0000000000
42000  -13.865  -24.315  17.441 0.0000000000
42001  -14.388  -24.662  16.784 0.0000000000
42013  -14.195  -24.067  16.768 0.0000000000
42014  -14.612  -24.207  16.106 0.0000000000
42034  -14.759  -23.830  15.204 0.0000000000
42049  -14.633  -24.137  14.374 0.0000000000
42068  -14.024  -24.352  12.835 0.0000000000
42069  -14.280  -24.278  13.413 0.0000000000
42078  -13.894  -24.261  12.249 0.0000000000
42079  -14.182  -23.922  12.710 0.0000000000
42082  -13.776  -24.404  11.340 0.0000000000
42089  -13.607  -24.431  10.470 0.0000000000
42096  -12.793  -23.988  9.103 0.0000000000
42097  -13.336  -24.355  9.602 0.0000000000
42107  -8.919  -24.106  7.801 0.0000000000
42108  -9.614  -24.075  7.975 0.0000000000
42109  -10.527  -23.984  8.045 0.0000000000
42110  -11.463  -23.908  8.107 0.0000000000
42111  -12.462  -24.187  8.420 0.0000000000
42112  -13.139  -24.579  8.891 0.0000000000
42121  -8.527  -24.453  7.437 0.0000000000
42122  -9.542  -24.587  7.435 0.0000000000
42123  -10.449  -24.593  7.532 0.0000000000
42124  -11.358  -24.526  7.603 0.0000000000
42125  -12.090  -24.482  7.782 0.0000000000
43035  -11.038  -24.045  18.250 0.0000000000
43036  -11.472  -23.905  18.127 0.0000000000
43046  -4.185  -23.786  17.059 0.0000000000
43047  -5.003  -24.219  17.485 0.0000000000
43048  -6.306  -24.437  17.310 0.0000000000
43049  -7.554  -24.169  17.445 0.0000000000
43050  -8.720  -23.778  17.577 0.0000000000
43051  -9.806  -23.508  17.483 0.0000000000
43052  -10.765  -23.671  17.848 0.0000000000
43053  -11.919  -23.527  17.699 0.0000000000
43054  -13.093  -23.357  17.072 0.0000000000
43055  -13.827  -23.775  16.954 0.0000000000
43069  -4.835  -23.723  16.800 0.0000000000
43070  -5.793  -23.747  16.818 0.0000000000
43071  -7.014  -23.583  16.934 0.0000000000
43072  -8.188  -23.330  17.106 0.0000000000
43073  -9.233  -23.183  17.197 0.0000000000
43074  -9.704  -23.154  17.218 0.0000000000
43075  -13.516  -22.936  16.606 0.0000000000
43076  -14.065  -23.349  16.515 0.0000000000
43077  -14.506  -23.323  15.790 0.0000000000
43091  -14.630  -23.094  15.196 0.0000000000
43100  -14.684  -23.262  14.549 0.0000000000
43117  -14.602  -23.365  13.724 0.0000000000
43129  -14.139  -23.356  12.226 0.0000000000
43130  -14.367  -23.342  12.929 0.0000000000
43136  -4.893  -22.916  11.014 0.0000000000
43137  -13.878  -23.466  11.528 0.0000000000
43146  -6.419  -23.010  9.910 0.0000000000
43147  -7.044  -22.779  9.964 0.0000000000
43148  -13.184  -23.019  10.140 0.0000000000
43149  -13.594  -23.437  10.714 0.0000000000
43158  -6.347  -23.397  9.122 0.0000000000
43159  -7.547  -23.085  9.303 0.0000000000
43160  -8.742  -23.025  9.067 0.0000000000
43161  -9.705  -22.884  9.106 0.0000000000
43162  -10.695  -22.798  9.179 0.0000000000
43163  -11.683  -22.882  9.316 0.0000000000
43164  -12.686  -23.278  9.608 0.0000000000
43165  -13.343  -23.686  10.064 0.0000000000
43174  -7.389  -23.771  8.279 0.0000000000
43175  -8.590  -23.569  8.350 0.0000000000
43176  -9.632  -23.457  8.497 0.0000000000
43177  -10.599  -23.370  8.577 0.0000000000
43178  -11.545  -23.406  8.730 0.0000000000
43179  -12.235  -23.560  9.040 0.0000000000
43185  -7.885  -24.123  7.765 0.0000000000
43186  -8.268  -23.965  7.897 0.0000000000
44051  -4.332  -23.226  18.004 0.0000000000
44071  -2.473  -22.641  17.918 0.0000000000
44072  -3.482  -23.091  17.348 0.0000000000
44073  -4.141  -23.713  17.439 0.0000000000
44074  -10.432  -23.264  17.402 0.0000000000
44075  -11.084  -23.053  17.358 0.0000000000
44076  -12.051  -22.884  17.120 0.0000000000
44077  -12.604  -22.808  16.836 0.0000000000
44090  -4.345  -23.084  16.726 0.0000000000
44091  -5.440  -22.917  16.588 0.0000000000
44092  -6.632  -22.775  16.591 0.0000000000
44093  -7.808  -22.714  16.600 0.0000000000
44094  -8.935  -22.672  16.677 0.0000000000
44095  -10.094  -22.752  17.013 0.0000000000
44096  -11.336  -22.421  16.824 0.0000000000
44097  -12.260  -22.402  16.625 0.0000000000
44098  -13.047  -22.576  16.552 0.0000000000
44099  -13.764  -22.542  16.166 0.0000000000
44100  -14.237  -22.902  16.066 0.0000000000
44110  -13.885  -22.263  15.762 0.0000000000
44111  -14.253  -22.566  15.583 0.0000000000
44120  -14.478  -22.533  14.811 0.0000000000
44135  -14.543  -22.570  14.027 0.0000000000
44149  -4.210  -21.725  11.735 0.0000000000
44150  -14.244  -22.556  12.436 0.0000000000
44151  -14.392  -22.555  13.221 0.0000000000
44157  -4.538  -22.326  11.505 0.0000000000
44158  -5.651  -22.640  11.040 0.0000000000
44159  -6.818  -22.363  11.122 0.0000000000
44160  -7.837  -22.018  11.129 0.0000000000
44161  -8.766  -21.733  11.256 0.0000000000
44162  -9.321  -21.520  11.410 0.0000000000
44163  -13.471  -22.250  11.233 0.0000000000
44164  -13.897  -22.563  11.702 0.0000000000
44170  -5.949  -22.943  10.428 0.0000000000
44171  -6.595  -22.733  10.475 0.0000000000
44172  -7.688  -22.517  10.207 0.0000000000
44173  -8.789  -22.201  10.514 0.0000000000
44174  -9.886  -21.852  10.820 0.0000000000
44175  -11.167  -21.795  10.493 0.0000000000
44176  -12.189  -22.004  10.525 0.0000000000
44177  -13.145  -22.395  10.668 0.0000000000
44178  -13.650  -22.802  11.123 0.0000000000
44184  -8.190  -22.777  9.562 0.0000000000
44185  -8.807  -22.594  9.705 0.0000000000
44186  -9.780  -22.420  9.862 0.0000000000
44187  -10.845  -22.258  9.853 0.0000000000
44188  -11.888  -22.424  9.933 0.0000000000
44189  -12.633  -22.612  10.146 0.0000000000
45160  -2.967  -22.105  17.254 0.0000000000
45161  -3.315  -22.599  17.076 0.0000000000
45170  -3.506  -21.554  16.969 0.0000000000
45171  -3.889  -22.145  16.932 0.0000000000
45172  -5.044  -22.055  16.636 0.0000000000
45173  -6.369  -21.615  16.371 0.0000000000
45174  -7.529  -21.845  16.277 0.0000000000
45175  -8.599  -21.915  16.186 0.0000000000
45176  -9.669  -21.897  16.305 0.0000000000
45177  -10.759  -21.818  16.374 0.0000000000
45178  -11.828  -21.761  16.271 0.0000000000
45179  -12.759  -21.920  16.214 0.0000000000
45180  -13.284  -22.192  16.192 0.0000000000
45190  -6.851  -20.845  15.879 0.0000000000
45191  -7.397  -21.025  15.821 0.0000000000
45192  -8.320  -21.108  15.717 0.0000000000
45193  -9.328  -21.112  15.733 0.0000000000
45194  -10.335  -21.154  15.773 0.0000000000
45195  -11.343  -21.148  15.763 0.0000000000
45196  -12.508  -21.147  15.491 0.0000000000
45197  -13.495  -21.872  15.695 0.0000000000
45198  -13.952  -22.140  15.555 0.0000000000
45212  -12.851  -20.846  14.834 0.0000000000
45213  -13.447  -21.276  14.728 0.0000000000
45214  -14.094  -21.935  15.168 0.0000000000
45233  -13.775  -21.383  13.771 0.0000000000
45234  -14.202  -21.877  14.349 0.0000000000
45250  -3.744  -21.205  11.885 0.0000000000
45251  -4.907  -21.333  11.741 0.0000000000
45252  -6.134  -20.983  11.785 0.0000000000
45253  -7.117  -20.796  11.800 0.0000000000
45254  -7.608  -20.711  11.799 0.0000000000
45255  -10.267  -20.640  12.123 0.0000000000
45256  -10.551  -20.609  12.131 0.0000000000
45257  -12.274  -20.692  12.546 0.0000000000
45258  -12.965  -20.917  12.479 0.0000000000
45259  -13.964  -21.600  12.758 0.0000000000
45260  -14.284  -21.947  13.601 0.0000000000
45269  -5.258  -22.074  11.496 0.0000000000
45270  -5.955  -21.854  11.494 0.0000000000
45271  -6.964  -21.555  11.510 0.0000000000
45272  -7.909  -21.169  11.579 0.0000000000
45273  -8.849  -21.174  11.661 0.0000000000
45274  -9.801  -21.102  11.723 0.0000000000
45275  -10.849  -20.853  11.760 0.0000000000
45276  -12.068  -20.935  11.901 0.0000000000
45277  -13.348  -21.638  11.712 0.0000000000
45278  -14.033  -22.000  12.045 0.0000000000
45287  -10.647  -21.409  11.182 0.0000000000
45288  -11.586  -21.404  11.122 0.0000000000
45289  -12.614  -21.652  11.106 0.0000000000
45290  -13.182  -21.942  11.125 0.0000000000
46360  -2.549  -21.253  17.443 0.0000000000
46377  -2.690  -20.435  17.213 0.0000000000
46378  -3.261  -20.842  16.955 0.0000000000
46379  -4.047  -20.916  16.656 0.0000000000
46380  -4.771  -21.170  16.564 0.0000000000
46381  -5.597  -21.113  16.391 0.0000000000
46398  -4.677  -20.432  16.307 0.0000000000
46399  -5.370  -20.363  16.103 0.0000000000
46400  -6.345  -20.482  15.867 0.0000000000
46401  -7.250  -20.305  15.440 0.0000000000
46402  -8.024  -20.413  15.307 0.0000000000
46403  -9.019  -20.250  15.142 0.0000000000
46404  -10.014  -20.298  15.352 0.0000000000
46405  -10.910  -20.501  15.312 0.0000000000
46406  -11.712  -20.644  15.198 0.0000000000
46429  -7.781  -19.904  15.114 0.0000000000
46430  -8.375  -19.839  14.889 0.0000000000
46431  -8.896  -19.789  14.712 0.0000000000
46432  -10.569  -19.982  14.776 0.0000000000
46433  -11.363  -20.242  14.569 0.0000000000
46434  -12.297  -20.603  14.586 0.0000000000
46435  -12.940  -20.802  14.391 0.0000000000
46455  -10.018  -19.801  12.967 0.0000000000
46456  -10.637  -19.927  13.705 0.0000000000
46457  -11.848  -20.377  13.744 0.0000000000
46458  -12.695  -20.651  13.831 0.0000000000
46459  -13.245  -20.966  13.988 0.0000000000
46477  -4.227  -20.317  12.203 0.0000000000
46478  -5.379  -20.235  12.132 0.0000000000
46479  -6.497  -20.184  12.179 0.0000000000
46480  -7.603  -20.242  12.117 0.0000000000
46481  -8.574  -20.131  12.318 0.0000000000
46482  -9.590  -20.242  12.429 0.0000000000
46483  -10.576  -20.339  12.548 0.0000000000
46484  -11.578  -20.478  12.804 0.0000000000
46485  -12.469  -20.564  13.087 0.0000000000
46486  -13.289  -20.846  13.291 0.0000000000
46497  -7.854  -20.679  11.808 0.0000000000
46498  -8.305  -20.656  11.873 0.0000000000
46499  -9.020  -20.680  12.017 0.0000000000
46500  -10.781  -20.596  12.149 0.0000000000
46501  -11.171  -20.606  12.206 0.0000000000
47609  -3.221  -19.539  16.298 0.0000000000
47610  -3.935  -20.015  16.296 0.0000000000
47611  -4.362  -20.228  16.272 0.0000000000
47623  -3.377  -18.893  14.975 0.0000000000
47624  -3.877  -19.379  15.307 0.0000000000
47625  -4.761  -19.726  15.614 0.0000000000
47626  -5.915  -19.712  15.345 0.0000000000
47627  -6.900  -19.731  15.230 0.0000000000
47628  -7.436  -19.785  15.139 0.0000000000
47629  -9.732  -19.885  14.938 0.0000000000
47630  -10.127  -19.869  14.958 0.0000000000
47642  -3.745  -18.924  14.324 0.0000000000
47643  -4.533  -19.111  14.506 0.0000000000
47644  -5.398  -19.231  14.425 0.0000000000
47645  -6.585  -19.415  14.470 0.0000000000
47646  -7.705  -19.499  14.586 0.0000000000
47647  -8.728  -19.500  14.341 0.0000000000
47648  -9.419  -19.688  14.487 0.0000000000
47649  -10.080  -19.785  14.489 0.0000000000
47656  -3.322  -19.118  13.582 0.0000000000
47657  -4.309  -19.040  13.677 0.0000000000
47658  -5.245  -19.132  13.489 0.0000000000
47659  -6.223  -19.304  13.570 0.0000000000
47660  -7.302  -19.372  13.633 0.0000000000
47661  -8.368  -19.354  13.626 0.0000000000
47662  -9.464  -19.559  13.606 0.0000000000
47663  -9.911  -19.693  14.059 0.0000000000
47675  -3.695  -19.592  12.892 0.0000000000
47676  -4.752  -19.531  12.768 0.0000000000
47677  -5.836  -19.525  12.718 0.0000000000
47678  -6.910  -19.597  12.775 0.0000000000
47679  -7.955  -19.619  12.838 0.0000000000
47680  -8.935  -19.616  12.870 0.0000000000
47681  -9.522  -19.709  12.920 0.0000000000
48888  -4.752  -18.983  14.250 0.0000000000
48889  -4.942  -19.054  14.317 0.0000000000
48895  -4.580  -18.899  14.106 0.0000000000
48896  -4.896  -18.899  14.040 0.0000000000
