#!ascii label  , from subject Broad_82_YZ vox2ras=TkReg
242
46211  -51.948  -20.347  24.674 0.0000000000
46228  -51.774  -20.024  23.984 0.0000000000
46229  -52.564  -20.515  23.529 0.0000000000
46249  -52.856  -20.189  22.369 0.0000000000
46250  -53.761  -20.646  22.718 0.0000000000
46273  -52.904  -19.824  21.674 0.0000000000
46274  -53.646  -20.159  21.822 0.0000000000
46275  -54.658  -20.354  22.059 0.0000000000
46490  -55.951  -20.164  12.537 0.0000000000
47509  -51.600  -19.423  24.493 0.0000000000
47516  -51.680  -19.450  23.404 0.0000000000
47517  -52.201  -19.828  22.695 0.0000000000
47524  -51.759  -19.164  22.216 0.0000000000
47525  -52.383  -19.665  22.021 0.0000000000
47534  -51.814  -18.798  21.577 0.0000000000
47535  -52.395  -19.189  21.213 0.0000000000
47536  -53.422  -19.646  21.114 0.0000000000
47537  -54.430  -19.826  21.298 0.0000000000
47551  -52.558  -18.925  20.563 0.0000000000
47552  -53.126  -19.180  20.322 0.0000000000
47553  -54.144  -19.458  20.521 0.0000000000
47554  -55.203  -19.477  20.734 0.0000000000
47574  -53.380  -18.978  19.819 0.0000000000
47575  -53.896  -19.108  19.863 0.0000000000
47576  -54.838  -19.177  19.985 0.0000000000
47577  -55.808  -19.217  20.139 0.0000000000
47668  -53.192  -19.705  13.412 0.0000000000
47669  -54.140  -19.776  13.209 0.0000000000
47670  -54.877  -19.950  12.988 0.0000000000
47687  -52.752  -19.107  12.835 0.0000000000
47688  -53.738  -19.272  12.731 0.0000000000
47689  -54.635  -19.477  12.554 0.0000000000
47690  -55.429  -19.849  12.496 0.0000000000
47691  -56.104  -19.932  12.217 0.0000000000
47692  -59.053  -19.262  12.951 0.0000000000
47701  -55.181  -19.340  12.176 0.0000000000
47702  -55.770  -19.516  11.918 0.0000000000
47703  -56.576  -19.876  11.632 0.0000000000
47705  -59.063  -19.429  11.818 0.0000000000
47706  -59.749  -19.919  11.445 0.0000000000
47715  -59.386  -19.436  11.028 0.0000000000
47716  -59.940  -19.802  10.540 0.0000000000
47726  -60.165  -19.690  9.736 0.0000000000
48722  -51.661  -18.575  25.282 0.0000000000
48739  -51.517  -18.456  24.123 0.0000000000
48755  -51.476  -18.362  22.964 0.0000000000
48771  -51.607  -18.306  21.922 0.0000000000
48782  -51.792  -18.436  21.000 0.0000000000
48783  -52.257  -18.699  20.653 0.0000000000
48791  -52.101  -18.330  20.402 0.0000000000
48792  -52.527  -18.602  20.085 0.0000000000
48793  -53.039  -18.832  19.766 0.0000000000
48807  -52.827  -18.460  19.363 0.0000000000
48808  -53.522  -18.744  19.360 0.0000000000
48809  -54.438  -18.904  19.281 0.0000000000
48810  -55.535  -18.957  19.393 0.0000000000
48834  -53.221  -18.389  18.863 0.0000000000
48835  -53.948  -18.533  18.602 0.0000000000
48836  -54.948  -18.698  18.601 0.0000000000
48837  -56.176  -18.705  18.613 0.0000000000
48860  -54.457  -18.465  18.131 0.0000000000
48861  -55.173  -18.474  17.679 0.0000000000
48862  -56.659  -18.507  17.641 0.0000000000
48873  -55.018  -18.378  16.993 0.0000000000
48874  -55.767  -18.394  16.675 0.0000000000
48875  -57.224  -18.504  16.753 0.0000000000
48881  -55.696  -18.288  16.007 0.0000000000
48882  -56.522  -18.346  15.700 0.0000000000
48883  -57.986  -18.514  16.021 0.0000000000
48890  -56.670  -18.301  14.630 0.0000000000
48891  -57.623  -18.639  15.053 0.0000000000
48897  -56.623  -18.029  13.825 0.0000000000
48898  -57.435  -18.495  14.078 0.0000000000
48899  -58.380  -18.872  14.495 0.0000000000
48903  -52.426  -18.674  12.087 0.0000000000
48904  -53.424  -18.725  12.147 0.0000000000
48905  -54.341  -18.915  12.157 0.0000000000
48906  -54.838  -19.117  12.147 0.0000000000
48907  -56.594  -17.715  13.386 0.0000000000
48908  -57.106  -18.174  13.038 0.0000000000
48909  -58.178  -18.810  13.464 0.0000000000
48916  -53.126  -18.455  11.330 0.0000000000
48917  -54.138  -18.551  11.422 0.0000000000
48918  -55.206  -18.821  11.634 0.0000000000
48919  -56.210  -19.200  11.330 0.0000000000
48921  -57.366  -17.960  12.362 0.0000000000
48922  -58.058  -18.538  12.187 0.0000000000
48930  -52.830  -18.461  10.405 0.0000000000
48931  -53.840  -18.414  10.504 0.0000000000
48932  -54.887  -18.385  10.619 0.0000000000
48933  -55.942  -18.638  10.658 0.0000000000
48936  -58.732  -18.710  10.862 0.0000000000
48937  -59.379  -19.233  10.516 0.0000000000
48948  -53.529  -18.462  9.536 0.0000000000
48949  -54.519  -18.395  9.617 0.0000000000
48953  -58.803  -18.251  10.168 0.0000000000
48954  -59.561  -18.790  9.763 0.0000000000
48955  -60.247  -19.334  9.336 0.0000000000
48972  -59.925  -18.278  9.213 0.0000000000
48973  -60.434  -18.752  8.705 0.0000000000
48974  -60.797  -17.939  8.423 0.0000000000
49902  -51.893  -17.736  24.852 0.0000000000
49903  -52.342  -17.072  24.543 0.0000000000
49912  -51.822  -17.294  23.702 0.0000000000
49913  -52.199  -16.916  24.014 0.0000000000
49928  -51.593  -17.501  22.453 0.0000000000
49945  -51.560  -17.564  21.323 0.0000000000
49964  -51.793  -17.761  20.173 0.0000000000
49965  -52.157  -18.206  20.058 0.0000000000
49980  -52.079  -17.617  19.262 0.0000000000
49981  -52.300  -18.095  19.593 0.0000000000
49994  -52.234  -17.617  18.932 0.0000000000
49995  -52.599  -17.871  18.645 0.0000000000
49996  -53.372  -18.238  18.435 0.0000000000
50015  -52.818  -17.337  17.570 0.0000000000
50016  -53.830  -18.139  17.683 0.0000000000
50017  -54.631  -18.286  17.212 0.0000000000
50030  -52.847  -17.060  17.049 0.0000000000
50031  -53.402  -17.320  16.712 0.0000000000
50032  -54.617  -18.039  16.565 0.0000000000
50033  -55.316  -18.175  16.190 0.0000000000
50036  -53.528  -16.879  16.167 0.0000000000
50037  -54.112  -17.267  15.778 0.0000000000
50038  -55.273  -17.850  15.600 0.0000000000
50039  -55.950  -17.991  14.944 0.0000000000
50043  -54.755  -17.123  15.155 0.0000000000
50044  -55.464  -17.280  14.685 0.0000000000
50045  -56.133  -17.670  14.320 0.0000000000
50049  -55.857  -17.126  14.133 0.0000000000
50050  -56.241  -17.317  13.713 0.0000000000
50053  -56.570  -17.291  13.080 0.0000000000
50054  -57.100  -17.374  12.512 0.0000000000
50056  -57.515  -17.591  11.943 0.0000000000
50057  -57.996  -17.734  11.344 0.0000000000
50059  -58.425  -17.620  10.539 0.0000000000
50062  -58.909  -17.689  9.822 0.0000000000
50063  -59.547  -17.653  9.392 0.0000000000
50064  -59.993  -17.221  9.167 0.0000000000
50066  -60.094  -17.880  9.034 0.0000000000
50067  -60.505  -17.460  8.751 0.0000000000
50929  -52.038  -16.814  23.486 0.0000000000
50930  -52.565  -16.427  23.774 0.0000000000
50940  -51.869  -16.766  22.962 0.0000000000
50941  -52.178  -16.072  22.398 0.0000000000
50952  -51.693  -16.741  21.834 0.0000000000
50953  -51.954  -16.059  21.245 0.0000000000
50968  -51.607  -16.621  20.583 0.0000000000
50969  -51.850  -16.129  20.716 0.0000000000
50987  -51.701  -16.938  19.367 0.0000000000
50988  -51.859  -16.485  18.990 0.0000000000
51000  -52.075  -17.386  18.886 0.0000000000
51001  -52.156  -16.777  18.383 0.0000000000
51010  -52.710  -16.527  17.285 0.0000000000
51011  -52.961  -16.134  17.026 0.0000000000
51022  -52.982  -16.838  16.859 0.0000000000
51023  -53.210  -16.418  16.586 0.0000000000
51030  -53.734  -16.430  15.837 0.0000000000
51031  -54.353  -16.481  15.330 0.0000000000
51033  -54.948  -16.500  14.748 0.0000000000
51034  -55.668  -16.491  14.225 0.0000000000
51035  -55.973  -16.099  13.989 0.0000000000
51038  -55.972  -16.851  13.882 0.0000000000
51039  -56.269  -16.509  13.586 0.0000000000
51042  -56.815  -16.581  12.789 0.0000000000
51043  -57.538  -16.688  12.155 0.0000000000
51044  -57.925  -16.210  11.934 0.0000000000
51047  -57.723  -17.144  11.631 0.0000000000
51048  -58.133  -16.659  11.313 0.0000000000
51051  -58.841  -16.652  10.257 0.0000000000
51052  -59.319  -16.214  10.143 0.0000000000
51055  -59.123  -17.103  9.654 0.0000000000
51056  -59.575  -16.587  9.644 0.0000000000
51057  -60.317  -16.552  9.225 0.0000000000
52076  -53.166  -15.670  23.611 0.0000000000
52091  -52.822  -15.529  22.876 0.0000000000
52105  -52.698  -15.258  21.575 0.0000000000
52106  -53.308  -15.010  22.469 0.0000000000
52117  -51.754  -16.285  19.708 0.0000000000
52118  -52.098  -15.722  20.325 0.0000000000
52130  -51.803  -16.390  19.268 0.0000000000
52131  -51.997  -15.876  19.008 0.0000000000
52145  -52.587  -15.683  17.845 0.0000000000
52146  -53.146  -15.204  17.541 0.0000000000
52159  -52.813  -15.981  17.263 0.0000000000
52160  -53.207  -15.634  17.014 0.0000000000
52168  -53.691  -15.632  16.145 0.0000000000
52169  -54.275  -15.412  15.702 0.0000000000
52179  -54.097  -15.906  15.575 0.0000000000
52180  -54.675  -15.646  15.074 0.0000000000
52181  -55.302  -15.422  14.728 0.0000000000
52187  -55.223  -15.931  14.552 0.0000000000
52188  -55.756  -15.686  14.314 0.0000000000
52189  -56.274  -15.745  13.875 0.0000000000
52191  -56.762  -15.788  13.255 0.0000000000
52192  -57.530  -15.508  12.972 0.0000000000
52193  -58.075  -15.418  12.642 0.0000000000
52195  -57.243  -16.067  12.672 0.0000000000
52196  -57.724  -15.876  12.340 0.0000000000
52197  -58.414  -15.706  12.004 0.0000000000
52198  -59.097  -15.358  11.644 0.0000000000
52201  -58.767  -15.833  11.043 0.0000000000
52202  -59.553  -15.402  11.008 0.0000000000
52203  -60.036  -15.346  10.683 0.0000000000
52211  -59.190  -15.912  10.495 0.0000000000
52212  -59.712  -15.772  10.241 0.0000000000
52224  -60.110  -15.913  9.690 0.0000000000
53397  -53.199  -14.731  21.081 0.0000000000
53398  -53.674  -14.567  21.722 0.0000000000
53416  -52.881  -14.846  20.417 0.0000000000
53417  -53.694  -14.410  20.630 0.0000000000
53418  -54.472  -14.020  21.186 0.0000000000
53431  -52.635  -15.074  19.339 0.0000000000
53432  -53.520  -14.473  19.524 0.0000000000
53433  -54.492  -13.854  19.904 0.0000000000
53448  -52.556  -15.290  18.584 0.0000000000
53449  -53.269  -14.725  18.224 0.0000000000
53450  -54.251  -14.035  18.672 0.0000000000
53466  -53.660  -14.897  17.148 0.0000000000
53467  -54.616  -14.227  17.473 0.0000000000
53468  -55.441  -14.021  17.214 0.0000000000
53476  -53.702  -15.214  16.616 0.0000000000
53477  -54.386  -14.850  16.244 0.0000000000
53478  -55.638  -14.203  16.464 0.0000000000
53479  -56.392  -13.982  16.218 0.0000000000
53489  -54.646  -15.150  15.546 0.0000000000
53490  -55.332  -14.796  15.225 0.0000000000
53491  -56.660  -14.251  15.498 0.0000000000
53503  -55.675  -15.217  14.656 0.0000000000
53504  -56.343  -15.045  14.391 0.0000000000
53505  -57.519  -14.486  14.383 0.0000000000
53513  -56.608  -15.391  13.769 0.0000000000
53514  -57.140  -15.124  13.642 0.0000000000
53515  -58.249  -14.791  13.262 0.0000000000
53527  -58.462  -15.227  12.608 0.0000000000
53528  -59.110  -15.012  12.463 0.0000000000
53543  -59.691  -15.014  11.760 0.0000000000
54773  -55.076  -13.612  18.863 0.0000000000
54789  -54.890  -13.878  18.195 0.0000000000
54790  -55.687  -13.693  17.837 0.0000000000
54805  -55.831  -13.903  17.083 0.0000000000
54806  -56.595  -13.708  16.843 0.0000000000
54825  -56.729  -13.810  16.099 0.0000000000
