#!ascii label  , from subject Broad_82_YZ vox2ras=TkReg
1229
120428  -33.730  45.482  11.477 0.0000000000
120429  -34.447  45.586  11.277 0.0000000000
121189  -32.668  46.338  12.043 0.0000000000
121190  -33.109  45.822  11.461 0.0000000000
121204  -32.722  46.544  11.136 0.0000000000
121205  -33.475  45.853  10.792 0.0000000000
121206  -34.450  45.797  10.443 0.0000000000
121219  -32.644  46.428  10.265 0.0000000000
121220  -33.524  46.097  9.865 0.0000000000
121221  -34.504  46.114  9.589 0.0000000000
121233  -32.728  46.481  9.444 0.0000000000
121234  -33.461  46.323  8.865 0.0000000000
121235  -34.635  46.475  8.698 0.0000000000
121249  -33.802  46.601  8.169 0.0000000000
121250  -34.354  46.870  8.001 0.0000000000
121986  -32.438  47.515  11.711 0.0000000000
121998  -32.023  48.131  10.495 0.0000000000
121999  -32.236  47.548  10.707 0.0000000000
122014  -31.848  47.926  10.098 0.0000000000
122015  -32.117  47.106  9.761 0.0000000000
122030  -31.804  47.760  9.396 0.0000000000
122031  -32.299  47.108  8.726 0.0000000000
122032  -33.087  46.783  8.153 0.0000000000
122049  -32.651  47.353  7.899 0.0000000000
122050  -33.540  47.203  7.584 0.0000000000
122850  -32.418  48.566  11.412 0.0000000000
122859  -31.971  48.682  10.407 0.0000000000
122860  -32.157  48.436  10.806 0.0000000000
122871  -31.689  48.619  9.725 0.0000000000
122883  -31.583  48.297  8.768 0.0000000000
122884  -32.087  47.846  8.075 0.0000000000
122898  -31.748  48.567  7.897 0.0000000000
122899  -32.575  48.209  7.359 0.0000000000
122900  -33.797  48.099  7.120 0.0000000000
122916  -33.118  48.694  6.834 0.0000000000
123659  -32.008  49.751  10.329 0.0000000000
123660  -32.379  49.288  10.979 0.0000000000
123668  -30.914  50.206  9.043 0.0000000000
123669  -31.405  49.447  9.394 0.0000000000
123679  -30.847  50.010  7.941 0.0000000000
123680  -31.246  49.272  8.340 0.0000000000
123692  -31.056  50.062  7.388 0.0000000000
123693  -31.620  49.438  7.164 0.0000000000
123694  -32.515  48.952  6.935 0.0000000000
123712  -31.981  49.926  6.447 0.0000000000
123713  -32.870  49.551  6.503 0.0000000000
124463  -30.826  51.217  9.711 0.0000000000
124464  -31.508  50.738  10.104 0.0000000000
124476  -30.524  50.919  8.599 0.0000000000
124492  -30.703  50.699  7.430 0.0000000000
124493  -31.141  50.156  7.123 0.0000000000
124513  -30.832  51.031  6.856 0.0000000000
124514  -31.420  50.568  6.753 0.0000000000
124515  -32.401  50.561  6.376 0.0000000000
124516  -33.497  50.588  6.389 0.0000000000
125169  -29.943  52.261  9.321 0.0000000000
125170  -30.258  51.953  9.408 0.0000000000
125178  -29.886  52.191  8.985 0.0000000000
125179  -30.100  51.691  8.170 0.0000000000
125191  -30.599  51.584  7.194 0.0000000000
125192  -31.129  51.489  6.653 0.0000000000
125193  -31.913  51.407  6.379 0.0000000000
125194  -32.924  51.466  6.347 0.0000000000
125247  -21.733  51.936  0.118 0.0000000000
125248  -21.953  51.889  0.074 0.0000000000
125259  -21.773  51.955  -0.089 0.0000000000
125260  -22.058  52.013  -0.196 0.0000000000
125796  -29.701  52.588  8.480 0.0000000000
125797  -30.253  52.442  7.503 0.0000000000
125808  -30.806  52.287  6.753 0.0000000000
125809  -31.510  52.178  6.515 0.0000000000
125810  -32.370  52.305  6.414 0.0000000000
125811  -33.408  52.432  6.471 0.0000000000
125828  -27.362  52.958  5.191 0.0000000000
125829  -28.122  52.957  5.209 0.0000000000
125830  -28.573  53.095  5.173 0.0000000000
125841  -25.106  52.887  4.028 0.0000000000
125842  -25.969  52.730  4.227 0.0000000000
125843  -26.819  52.658  4.610 0.0000000000
125844  -27.835  52.668  4.587 0.0000000000
125845  -28.705  52.919  4.642 0.0000000000
125846  -29.218  52.993  4.325 0.0000000000
125859  -23.124  52.714  2.938 0.0000000000
125860  -24.046  52.556  3.113 0.0000000000
125861  -24.916  52.527  3.235 0.0000000000
125862  -25.759  52.521  3.383 0.0000000000
125863  -26.637  52.459  3.554 0.0000000000
125864  -27.558  52.490  3.743 0.0000000000
125865  -28.381  52.656  3.902 0.0000000000
125866  -29.048  52.822  3.866 0.0000000000
125873  -21.969  52.460  1.957 0.0000000000
125874  -22.910  52.360  2.105 0.0000000000
125875  -23.817  52.326  2.264 0.0000000000
125876  -24.709  52.427  2.366 0.0000000000
125877  -25.581  52.463  2.510 0.0000000000
125878  -26.412  52.501  2.685 0.0000000000
125879  -27.348  52.596  2.646 0.0000000000
125880  -28.289  52.601  3.114 0.0000000000
125881  -28.794  52.727  3.423 0.0000000000
125887  -20.890  52.479  0.966 0.0000000000
125888  -21.780  52.275  1.084 0.0000000000
125889  -22.691  52.166  1.226 0.0000000000
125890  -23.640  52.203  1.364 0.0000000000
125891  -24.495  52.381  1.514 0.0000000000
125892  -25.388  52.624  1.518 0.0000000000
125893  -26.287  52.563  1.902 0.0000000000
125894  -26.853  52.590  2.173 0.0000000000
125899  -19.875  52.658  -0.132 0.0000000000
125900  -20.692  52.242  0.117 0.0000000000
125901  -21.564  52.033  0.281 0.0000000000
125902  -22.439  52.046  0.241 0.0000000000
125903  -23.426  52.273  0.479 0.0000000000
125904  -24.387  52.563  0.573 0.0000000000
125905  -24.921  52.617  1.031 0.0000000000
125916  -19.878  52.745  -1.023 0.0000000000
125917  -20.586  52.409  -0.767 0.0000000000
125918  -21.573  52.171  -0.507 0.0000000000
125919  -22.429  52.338  -0.513 0.0000000000
125920  -23.323  52.619  -0.447 0.0000000000
125921  -23.906  52.587  0.021 0.0000000000
125927  -19.953  52.891  -1.534 0.0000000000
125928  -20.448  52.755  -1.493 0.0000000000
125929  -21.294  52.624  -1.382 0.0000000000
125930  -22.239  52.703  -1.134 0.0000000000
125931  -22.828  52.731  -0.896 0.0000000000
126383  -29.785  53.339  7.799 0.0000000000
126384  -30.869  53.289  7.016 0.0000000000
126385  -31.918  53.792  6.854 0.0000000000
126386  -32.552  53.949  6.853 0.0000000000
126400  -26.693  54.385  6.196 0.0000000000
126401  -27.401  54.043  6.212 0.0000000000
126402  -28.149  53.719  6.165 0.0000000000
126403  -28.808  53.794  6.136 0.0000000000
126404  -31.227  52.666  6.696 0.0000000000
126405  -31.758  52.953  6.592 0.0000000000
126406  -32.774  53.380  6.674 0.0000000000
126420  -24.585  54.259  5.018 0.0000000000
126421  -25.113  53.988  5.270 0.0000000000
126422  -26.411  53.615  5.538 0.0000000000
126423  -27.659  53.365  5.708 0.0000000000
126424  -28.519  53.336  5.619 0.0000000000
126425  -29.341  53.522  5.617 0.0000000000
126426  -30.058  53.551  5.284 0.0000000000
126427  -30.922  53.490  5.236 0.0000000000
126428  -31.742  53.744  4.966 0.0000000000
126439  -22.650  54.172  3.785 0.0000000000
126440  -23.122  53.955  4.110 0.0000000000
126441  -24.312  53.717  4.505 0.0000000000
126442  -25.485  53.282  4.770 0.0000000000
126443  -26.143  52.992  4.841 0.0000000000
126444  -28.912  53.228  5.170 0.0000000000
126445  -29.465  53.212  4.802 0.0000000000
126446  -30.300  53.346  4.548 0.0000000000
126447  -31.186  53.411  4.361 0.0000000000
126458  -21.629  53.780  3.080 0.0000000000
126459  -22.394  53.613  3.338 0.0000000000
126460  -23.521  53.186  3.698 0.0000000000
126461  -24.345  52.886  3.795 0.0000000000
126462  -29.685  52.993  4.017 0.0000000000
126463  -30.475  53.242  3.684 0.0000000000
126464  -31.453  53.487  3.516 0.0000000000
126471  -20.694  53.566  2.197 0.0000000000
126472  -21.323  53.335  2.478 0.0000000000
126473  -22.319  52.854  2.612 0.0000000000
126474  -27.574  52.830  2.174 0.0000000000
126475  -28.074  52.932  2.344 0.0000000000
126476  -29.377  53.096  2.845 0.0000000000
126477  -30.755  53.545  2.818 0.0000000000
126486  -19.650  53.606  1.262 0.0000000000
126487  -20.296  53.384  1.598 0.0000000000
126488  -21.201  52.723  1.677 0.0000000000
126489  -25.596  52.892  1.117 0.0000000000
126490  -26.044  53.004  1.271 0.0000000000
126491  -27.268  53.112  1.634 0.0000000000
126492  -28.473  53.678  1.885 0.0000000000
126493  -29.321  54.108  2.012 0.0000000000
126498  -18.826  53.826  0.290 0.0000000000
126499  -19.339  53.523  0.600 0.0000000000
126500  -20.154  52.786  0.674 0.0000000000
126501  -24.710  52.900  0.234 0.0000000000
126502  -25.345  53.081  0.570 0.0000000000
126503  -26.411  53.690  0.821 0.0000000000
126504  -27.201  54.077  0.908 0.0000000000
126516  -18.186  53.930  -0.506 0.0000000000
126517  -18.544  53.793  -0.239 0.0000000000
126518  -19.231  53.176  -0.585 0.0000000000
126519  -23.670  53.009  -0.778 0.0000000000
126520  -24.354  53.157  -0.390 0.0000000000
126521  -25.334  53.775  -0.274 0.0000000000
126527  -18.138  53.799  -0.795 0.0000000000
126528  -18.594  53.522  -1.229 0.0000000000
126529  -19.420  53.146  -1.552 0.0000000000
126530  -20.095  53.096  -2.015 0.0000000000
126531  -20.933  53.161  -2.055 0.0000000000
126532  -21.934  53.242  -1.873 0.0000000000
126533  -23.245  53.380  -1.395 0.0000000000
126534  -24.279  53.998  -1.218 0.0000000000
126544  -18.858  53.476  -1.974 0.0000000000
126545  -19.492  53.539  -2.377 0.0000000000
126546  -20.373  53.689  -2.658 0.0000000000
126547  -21.354  53.876  -2.583 0.0000000000
126548  -22.355  54.047  -2.277 0.0000000000
126549  -23.077  54.368  -2.111 0.0000000000
127048  -27.377  55.165  6.937 0.0000000000
127049  -27.687  55.088  6.989 0.0000000000
127051  -30.257  54.309  7.563 0.0000000000
127052  -31.320  54.419  7.277 0.0000000000
127066  -25.851  54.891  6.286 0.0000000000
127067  -26.317  54.915  6.475 0.0000000000
127068  -27.188  54.907  6.702 0.0000000000
127069  -28.352  54.531  6.701 0.0000000000
127070  -29.611  54.197  6.302 0.0000000000
127071  -30.660  54.496  6.385 0.0000000000
127072  -31.234  54.682  6.423 0.0000000000
127084  -24.038  55.111  5.105 0.0000000000
127085  -24.684  54.781  5.424 0.0000000000
127086  -25.508  54.634  5.895 0.0000000000
127087  -26.156  54.484  6.073 0.0000000000
127088  -29.873  53.781  5.758 0.0000000000
127089  -30.441  53.951  5.797 0.0000000000
127090  -31.503  54.290  5.815 0.0000000000
127104  -22.020  54.895  3.786 0.0000000000
127105  -22.749  54.689  4.063 0.0000000000
127106  -23.532  54.700  4.581 0.0000000000
127107  -24.232  54.529  4.912 0.0000000000
127121  -20.091  54.861  2.920 0.0000000000
127122  -20.878  54.470  3.219 0.0000000000
127123  -21.676  54.269  3.406 0.0000000000
127124  -22.300  54.344  3.675 0.0000000000
127130  -19.770  54.526  2.157 0.0000000000
127131  -20.527  54.017  2.438 0.0000000000
127132  -21.193  53.964  2.950 0.0000000000
127133  -30.188  54.125  2.234 0.0000000000
127143  -18.781  54.583  1.238 0.0000000000
127144  -19.488  54.057  1.455 0.0000000000
127145  -20.003  53.988  1.929 0.0000000000
127146  -27.954  54.176  1.194 0.0000000000
127147  -28.782  54.812  1.413 0.0000000000
127148  -29.796  54.865  1.645 0.0000000000
127157  -17.960  54.603  0.232 0.0000000000
127158  -18.610  54.172  0.501 0.0000000000
127159  -19.051  54.085  0.950 0.0000000000
127160  -25.957  54.107  0.131 0.0000000000
127161  -26.715  54.706  0.320 0.0000000000
127162  -27.609  54.806  0.727 0.0000000000
127163  -28.156  54.851  1.048 0.0000000000
127175  -17.122  54.766  -0.988 0.0000000000
127176  -17.881  54.204  -0.490 0.0000000000
127177  -18.235  54.175  0.008 0.0000000000
127178  -24.940  54.201  -0.761 0.0000000000
127179  -25.698  54.709  -0.521 0.0000000000
127180  -26.200  54.735  -0.111 0.0000000000
127185  -16.858  54.661  -1.999 0.0000000000
127186  -17.862  54.104  -1.587 0.0000000000
127187  -18.442  53.761  -1.853 0.0000000000
127188  -23.762  54.796  -1.800 0.0000000000
127189  -24.734  54.789  -1.288 0.0000000000
127190  -25.238  54.787  -0.932 0.0000000000
127198  -16.810  54.985  -2.851 0.0000000000
127199  -17.566  54.539  -2.662 0.0000000000
127200  -18.630  54.126  -2.563 0.0000000000
127201  -19.673  54.264  -2.976 0.0000000000
127202  -20.576  54.770  -3.127 0.0000000000
127203  -21.688  54.805  -2.744 0.0000000000
127204  -22.584  54.927  -2.442 0.0000000000
127205  -23.153  54.952  -2.192 0.0000000000
127219  -16.896  55.354  -3.199 0.0000000000
127220  -17.343  55.164  -3.253 0.0000000000
127221  -18.159  54.932  -3.326 0.0000000000
127222  -19.121  54.870  -3.365 0.0000000000
127223  -19.822  54.877  -3.338 0.0000000000
127776  -25.955  56.066  6.959 0.0000000000
127777  -26.368  55.909  7.093 0.0000000000
127778  -27.256  55.494  7.154 0.0000000000
127779  -28.298  55.492  7.281 0.0000000000
127780  -29.178  55.549  7.288 0.0000000000
127793  -24.885  55.966  6.206 0.0000000000
127794  -25.562  55.681  6.492 0.0000000000
127795  -26.606  55.350  6.803 0.0000000000
127796  -27.012  55.247  6.881 0.0000000000
127797  -28.769  55.111  7.051 0.0000000000
127798  -29.260  54.952  6.854 0.0000000000
127799  -30.033  55.047  6.737 0.0000000000
127800  -30.985  55.366  6.676 0.0000000000
127812  -19.764  55.742  5.018 0.0000000000
127813  -20.120  55.600  5.073 0.0000000000
127814  -21.006  55.626  5.048 0.0000000000
127815  -22.037  55.861  4.918 0.0000000000
127816  -23.226  55.623  5.031 0.0000000000
127817  -24.464  55.778  5.735 0.0000000000
127818  -25.022  55.209  5.910 0.0000000000
127819  -31.677  54.936  6.438 0.0000000000
127834  -19.681  55.686  4.665 0.0000000000
127835  -20.350  55.395  4.422 0.0000000000
127836  -21.402  55.302  4.256 0.0000000000
127837  -22.429  55.321  4.362 0.0000000000
127838  -23.013  55.137  4.455 0.0000000000
127852  -18.924  55.993  3.273 0.0000000000
127853  -19.415  55.676  3.609 0.0000000000
127854  -20.563  55.041  3.713 0.0000000000
127855  -21.316  54.797  3.687 0.0000000000
127861  -18.810  55.901  2.824 0.0000000000
127862  -19.286  55.271  2.483 0.0000000000
127871  -16.971  56.181  1.110 0.0000000000
127872  -17.326  56.010  1.226 0.0000000000
127873  -18.299  55.594  1.742 0.0000000000
127874  -19.140  54.827  1.800 0.0000000000
127875  -28.831  55.600  1.319 0.0000000000
127876  -29.414  55.683  1.433 0.0000000000
127885  -16.821  55.978  0.769 0.0000000000
127886  -17.475  55.348  0.648 0.0000000000
127887  -18.219  54.854  0.880 0.0000000000
127888  -26.772  55.230  0.089 0.0000000000
127889  -27.259  55.497  0.229 0.0000000000
127890  -28.237  55.647  0.934 0.0000000000
127902  -15.957  55.876  -0.540 0.0000000000
127903  -16.454  55.629  -0.263 0.0000000000
127904  -17.361  54.889  -0.161 0.0000000000
127905  -25.873  55.218  -0.658 0.0000000000
127906  -26.401  55.448  -0.359 0.0000000000
127907  -27.106  56.182  -0.175 0.0000000000
127918  -15.839  55.739  -0.951 0.0000000000
127919  -16.344  55.255  -1.376 0.0000000000
127920  -23.759  55.689  -1.844 0.0000000000
127921  -24.431  55.622  -1.617 0.0000000000
127922  -25.494  55.502  -1.089 0.0000000000
127923  -26.089  56.176  -0.904 0.0000000000
127927  -15.846  55.695  -1.716 0.0000000000
127928  -16.322  55.497  -2.334 0.0000000000
127929  -20.478  55.638  -3.101 0.0000000000
127930  -21.063  55.652  -2.843 0.0000000000
127931  -21.958  55.757  -2.566 0.0000000000
127932  -23.023  55.816  -2.198 0.0000000000
127945  -16.525  55.633  -3.072 0.0000000000
127946  -17.003  55.796  -3.453 0.0000000000
127947  -17.773  55.806  -3.474 0.0000000000
127948  -18.679  55.772  -3.476 0.0000000000
127949  -19.765  55.749  -3.308 0.0000000000
128511  -25.972  56.617  7.321 0.0000000000
128512  -27.051  56.453  7.581 0.0000000000
128513  -27.897  56.229  7.574 0.0000000000
128527  -18.059  56.873  5.882 0.0000000000
128528  -18.841  56.348  6.113 0.0000000000
128529  -19.831  56.313  6.315 0.0000000000
128534  -24.729  56.457  6.357 0.0000000000
128535  -25.320  56.469  6.796 0.0000000000
128536  -29.612  55.399  6.968 0.0000000000
128537  -30.032  56.027  7.123 0.0000000000
128552  -18.100  57.102  4.952 0.0000000000
128553  -18.618  56.456  5.161 0.0000000000
128554  -19.516  55.944  5.332 0.0000000000
128555  -20.485  55.954  5.686 0.0000000000
128556  -21.529  56.170  5.730 0.0000000000
128557  -22.597  56.373  5.656 0.0000000000
128558  -23.610  56.393  5.728 0.0000000000
128559  -24.198  56.407  5.956 0.0000000000
128572  -18.233  57.273  4.490 0.0000000000
128573  -18.504  56.813  4.278 0.0000000000
128574  -19.083  56.116  4.490 0.0000000000
128586  -18.655  56.477  3.358 0.0000000000
128587  -18.888  56.251  3.926 0.0000000000
128592  -17.955  56.909  2.169 0.0000000000
128593  -18.332  56.418  2.488 0.0000000000
128601  -16.867  56.641  1.207 0.0000000000
128602  -17.657  56.457  1.697 0.0000000000
128603  -18.060  56.345  2.027 0.0000000000
128604  -28.980  56.241  1.298 0.0000000000
128616  -15.676  57.038  0.228 0.0000000000
128617  -16.196  56.393  0.354 0.0000000000
128618  -27.771  56.595  0.335 0.0000000000
128619  -28.596  56.779  0.964 0.0000000000
128631  -15.706  56.357  -0.453 0.0000000000
128632  -16.065  56.080  -0.094 0.0000000000
128633  -26.635  56.624  -0.589 0.0000000000
128634  -27.363  56.846  -0.320 0.0000000000
128649  -15.487  56.294  -1.508 0.0000000000
128650  -23.755  56.568  -1.764 0.0000000000
128651  -24.807  56.488  -1.473 0.0000000000
128652  -25.608  56.572  -1.232 0.0000000000
128653  -26.116  56.826  -0.986 0.0000000000
128666  -15.720  56.127  -2.326 0.0000000000
128667  -16.001  55.953  -2.927 0.0000000000
128668  -20.495  56.390  -2.960 0.0000000000
128669  -21.230  56.628  -2.586 0.0000000000
128670  -22.064  56.765  -2.325 0.0000000000
128671  -22.771  57.076  -1.997 0.0000000000
128689  -15.652  56.539  -3.013 0.0000000000
128690  -16.299  56.445  -3.562 0.0000000000
128691  -17.275  56.586  -3.780 0.0000000000
128692  -18.202  56.595  -3.627 0.0000000000
128693  -19.067  56.659  -3.457 0.0000000000
128694  -19.889  56.973  -3.159 0.0000000000
128707  -16.653  56.988  -3.999 0.0000000000
128708  -17.151  57.235  -4.240 0.0000000000
129284  -18.321  56.840  6.755 0.0000000000
129302  -17.631  57.690  5.551 0.0000000000
129311  -18.067  57.850  4.537 0.0000000000
129312  -18.305  57.379  4.247 0.0000000000
129320  -18.243  58.226  4.006 0.0000000000
129321  -18.334  57.584  3.706 0.0000000000
129325  -17.281  57.918  2.113 0.0000000000
129326  -17.766  57.603  2.386 0.0000000000
129327  -18.261  57.291  2.790 0.0000000000
129330  -16.002  58.056  1.094 0.0000000000
129331  -16.675  57.759  1.543 0.0000000000
129332  -17.398  57.230  1.823 0.0000000000
129337  -14.872  58.173  -0.047 0.0000000000
129338  -15.493  57.918  0.468 0.0000000000
129339  -16.152  57.299  0.813 0.0000000000
129340  -27.621  57.571  -0.042 0.0000000000
129341  -28.410  57.636  0.516 0.0000000000
129348  -14.691  58.151  -0.886 0.0000000000
129349  -15.225  57.440  -0.302 0.0000000000
129350  -25.465  57.928  -1.013 0.0000000000
129351  -26.326  57.579  -0.830 0.0000000000
129352  -26.996  57.399  -0.454 0.0000000000
129359  -14.723  57.858  -1.885 0.0000000000
129360  -15.120  57.152  -1.225 0.0000000000
129361  -20.759  58.125  -1.908 0.0000000000
129362  -21.328  58.183  -1.744 0.0000000000
129363  -22.121  58.267  -1.591 0.0000000000
129364  -23.100  57.829  -1.543 0.0000000000
129365  -24.235  57.441  -1.435 0.0000000000
129366  -25.115  57.274  -1.282 0.0000000000
129367  -25.748  57.230  -1.111 0.0000000000
129374  -14.889  57.872  -2.808 0.0000000000
129375  -15.269  57.023  -2.356 0.0000000000
129376  -20.564  57.565  -2.548 0.0000000000
129377  -21.284  57.504  -2.143 0.0000000000
129378  -21.989  57.584  -1.896 0.0000000000
129379  -22.490  57.691  -1.739 0.0000000000
129390  -15.002  58.030  -3.310 0.0000000000
129391  -15.483  57.477  -3.635 0.0000000000
129392  -16.164  57.068  -4.001 0.0000000000
129393  -17.865  57.250  -4.095 0.0000000000
129394  -18.662  57.322  -3.854 0.0000000000
129395  -19.466  57.390  -3.667 0.0000000000
129396  -20.252  57.870  -3.280 0.0000000000
129397  -20.728  58.177  -3.490 0.0000000000
129409  -15.815  58.035  -4.270 0.0000000000
129410  -16.443  57.657  -4.386 0.0000000000
129411  -17.535  57.781  -4.894 0.0000000000
129412  -18.471  57.471  -4.749 0.0000000000
129413  -19.299  57.453  -4.526 0.0000000000
129414  -20.086  57.571  -4.249 0.0000000000
129415  -20.768  57.861  -4.041 0.0000000000
129427  -17.890  58.213  -5.375 0.0000000000
129428  -18.324  57.912  -5.396 0.0000000000
129429  -19.211  57.666  -5.559 0.0000000000
129430  -19.991  57.571  -5.142 0.0000000000
129431  -20.664  57.794  -4.989 0.0000000000
129436  -19.652  57.763  -6.164 0.0000000000
129437  -20.139  57.633  -5.919 0.0000000000
129438  -20.519  57.730  -5.573 0.0000000000
129960  -17.033  58.381  6.199 0.0000000000
129968  -16.946  59.207  5.782 0.0000000000
129969  -17.529  58.787  5.143 0.0000000000
129977  -18.032  58.825  4.282 0.0000000000
129987  -18.055  58.565  3.536 0.0000000000
129988  -18.269  58.022  3.016 0.0000000000
129994  -16.755  58.500  2.244 0.0000000000
129995  -17.641  58.415  2.713 0.0000000000
129996  -18.015  57.846  2.701 0.0000000000
129999  -15.543  58.688  1.044 0.0000000000
130000  -16.129  58.608  1.634 0.0000000000
130005  -14.663  58.897  -0.262 0.0000000000
130006  -15.018  58.753  0.442 0.0000000000
130007  -28.030  58.615  0.221 0.0000000000
130013  -14.495  59.017  -0.969 0.0000000000
130014  -22.974  59.801  -0.694 0.0000000000
130015  -23.631  59.429  -0.745 0.0000000000
130016  -24.814  58.871  -0.795 0.0000000000
130017  -25.997  58.641  -0.693 0.0000000000
130018  -27.067  58.412  -0.440 0.0000000000
130024  -14.367  58.736  -1.649 0.0000000000
130025  -20.653  58.412  -1.834 0.0000000000
130026  -20.787  58.627  -1.798 0.0000000000
130027  -21.453  58.938  -1.490 0.0000000000
130028  -22.533  59.236  -1.115 0.0000000000
130029  -23.829  58.464  -1.127 0.0000000000
130030  -24.703  57.992  -1.155 0.0000000000
130036  -14.543  58.469  -2.385 0.0000000000
130037  -20.506  58.359  -2.063 0.0000000000
130038  -20.568  58.842  -2.245 0.0000000000
130045  -14.679  58.596  -3.131 0.0000000000
130046  -15.003  58.258  -3.642 0.0000000000
130047  -20.477  58.295  -2.563 0.0000000000
130048  -20.822  58.607  -3.020 0.0000000000
130049  -21.462  58.793  -3.439 0.0000000000
130055  -14.875  58.835  -3.750 0.0000000000
130056  -15.367  58.540  -4.148 0.0000000000
130057  -16.166  58.635  -4.607 0.0000000000
130058  -16.860  58.346  -4.905 0.0000000000
130059  -21.183  58.346  -3.782 0.0000000000
130060  -21.812  58.729  -4.169 0.0000000000
130072  -16.642  58.975  -5.244 0.0000000000
130073  -17.441  58.740  -5.471 0.0000000000
130074  -18.172  58.445  -5.739 0.0000000000
130075  -18.688  58.114  -5.908 0.0000000000
130076  -21.310  58.214  -4.739 0.0000000000
130077  -22.039  58.692  -5.243 0.0000000000
130091  -17.994  58.967  -5.979 0.0000000000
130092  -18.479  58.581  -6.375 0.0000000000
130093  -19.188  58.038  -6.448 0.0000000000
130094  -20.049  57.915  -6.637 0.0000000000
130095  -21.221  58.070  -6.176 0.0000000000
130096  -22.218  58.886  -6.145 0.0000000000
130118  -18.836  58.474  -7.006 0.0000000000
130119  -19.540  58.316  -7.221 0.0000000000
130120  -20.482  58.466  -7.464 0.0000000000
130121  -21.360  58.826  -7.350 0.0000000000
130136  -19.031  58.625  -7.617 0.0000000000
130137  -19.653  58.633  -8.048 0.0000000000
130138  -20.319  59.011  -8.277 0.0000000000
130599  -17.337  59.875  5.370 0.0000000000
130604  -17.962  59.828  4.695 0.0000000000
130605  -18.213  60.124  4.306 0.0000000000
130613  -17.536  59.831  3.394 0.0000000000
130614  -18.172  59.669  3.834 0.0000000000
130615  -18.252  60.103  4.062 0.0000000000
130622  -16.090  59.750  2.405 0.0000000000
130623  -16.988  59.492  2.724 0.0000000000
130624  -17.659  59.187  3.270 0.0000000000
130627  -14.865  59.855  1.151 0.0000000000
130628  -15.539  59.508  1.690 0.0000000000
130629  -16.209  59.103  2.240 0.0000000000
130635  -14.585  59.650  0.377 0.0000000000
130636  -15.109  59.286  0.946 0.0000000000
130637  -26.542  60.069  -0.085 0.0000000000
130638  -27.438  59.704  0.100 0.0000000000
130646  -14.388  59.704  -0.571 0.0000000000
130647  -22.590  60.278  -0.642 0.0000000000
130648  -23.365  60.249  -0.397 0.0000000000
130649  -24.408  59.987  -0.408 0.0000000000
130650  -25.653  59.764  -0.426 0.0000000000
130651  -26.558  59.314  -0.360 0.0000000000
130657  -14.336  59.619  -1.443 0.0000000000
130658  -20.934  59.344  -1.835 0.0000000000
130659  -21.654  59.747  -1.507 0.0000000000
130660  -21.968  60.166  -0.926 0.0000000000
130665  -14.353  59.385  -2.433 0.0000000000
130666  -21.175  59.148  -2.570 0.0000000000
130667  -21.599  59.629  -2.269 0.0000000000
130673  -14.647  59.503  -3.438 0.0000000000
130674  -21.378  58.967  -3.037 0.0000000000
130675  -22.131  59.337  -3.266 0.0000000000
130676  -22.812  59.882  -3.547 0.0000000000
130681  -15.106  59.403  -4.072 0.0000000000
130682  -15.703  59.362  -4.407 0.0000000000
130683  -16.357  59.609  -4.783 0.0000000000
130684  -22.490  59.250  -4.570 0.0000000000
130685  -22.909  59.776  -4.183 0.0000000000
130690  -16.845  59.676  -5.368 0.0000000000
130691  -17.506  59.576  -5.836 0.0000000000
130692  -22.666  59.522  -5.577 0.0000000000
130693  -22.963  59.784  -4.943 0.0000000000
130699  -16.477  59.521  -7.330 0.0000000000
130700  -17.231  59.384  -7.149 0.0000000000
130701  -17.925  59.245  -6.685 0.0000000000
130702  -18.433  58.775  -6.860 0.0000000000
130703  -21.971  59.083  -6.913 0.0000000000
130704  -22.490  59.683  -6.533 0.0000000000
130718  -15.955  59.667  -8.106 0.0000000000
130719  -16.940  59.283  -7.945 0.0000000000
130720  -17.806  59.122  -7.687 0.0000000000
130721  -18.438  58.815  -7.385 0.0000000000
130722  -21.035  59.184  -8.110 0.0000000000
130723  -21.796  59.768  -7.768 0.0000000000
130724  -22.238  59.729  -7.138 0.0000000000
130736  -16.039  59.996  -9.035 0.0000000000
130737  -16.766  59.711  -8.725 0.0000000000
130738  -17.658  59.433  -8.565 0.0000000000
130739  -18.719  59.047  -8.374 0.0000000000
130740  -19.746  59.324  -8.634 0.0000000000
130741  -20.561  59.845  -8.778 0.0000000000
130742  -21.241  59.815  -8.364 0.0000000000
130751  -16.196  60.445  -9.305 0.0000000000
130752  -16.669  60.313  -9.250 0.0000000000
130753  -17.450  60.121  -9.203 0.0000000000
130754  -18.360  59.881  -9.176 0.0000000000
130755  -19.279  59.773  -9.157 0.0000000000
130756  -19.899  59.804  -9.072 0.0000000000
131189  -17.785  61.509  5.987 0.0000000000
131199  -17.236  60.481  5.732 0.0000000000
131200  -17.788  60.875  5.404 0.0000000000
131208  -18.088  60.628  4.594 0.0000000000
131209  -18.161  60.417  4.162 0.0000000000
131217  -16.135  61.026  3.136 0.0000000000
131218  -17.041  60.488  3.390 0.0000000000
131219  -17.809  60.303  3.702 0.0000000000
131220  -18.158  60.232  3.880 0.0000000000
131228  -15.563  60.520  2.348 0.0000000000
131229  -16.342  60.242  2.826 0.0000000000
131232  -14.549  60.673  0.877 0.0000000000
131233  -15.048  60.372  1.571 0.0000000000
131238  -14.228  60.529  -0.112 0.0000000000
131251  -14.230  60.496  -1.061 0.0000000000
131254  -25.072  60.659  0.133 0.0000000000
131255  -26.007  60.548  0.146 0.0000000000
131263  -14.368  60.445  -2.008 0.0000000000
131264  -22.020  60.376  -1.383 0.0000000000
131265  -22.270  60.993  -0.848 0.0000000000
131272  -14.531  60.395  -3.000 0.0000000000
131273  -22.038  60.155  -2.046 0.0000000000
131274  -22.586  60.771  -1.813 0.0000000000
131279  -15.093  60.415  -3.985 0.0000000000
131280  -15.944  61.055  -4.321 0.0000000000
131281  -16.471  61.384  -4.358 0.0000000000
131282  -22.166  59.791  -2.559 0.0000000000
131283  -22.836  60.260  -2.880 0.0000000000
131287  -15.398  59.887  -4.347 0.0000000000
131288  -15.769  60.197  -4.543 0.0000000000
131289  -16.557  60.728  -4.750 0.0000000000
131290  -23.200  60.271  -3.865 0.0000000000
131299  -14.744  61.069  -6.189 0.0000000000
131300  -15.317  60.819  -6.021 0.0000000000
131301  -16.530  60.370  -5.738 0.0000000000
131302  -17.272  59.693  -6.306 0.0000000000
131303  -23.033  60.078  -5.386 0.0000000000
131304  -23.294  60.516  -4.884 0.0000000000
131313  -14.753  60.763  -6.611 0.0000000000
131314  -15.512  59.905  -6.843 0.0000000000
131315  -16.774  59.719  -6.646 0.0000000000
131316  -17.354  59.530  -6.672 0.0000000000
131317  -22.955  60.570  -6.019 0.0000000000
131318  -23.276  61.130  -5.522 0.0000000000
131335  -13.827  61.102  -7.569 0.0000000000
131336  -14.383  60.669  -7.392 0.0000000000
131337  -15.042  60.095  -7.925 0.0000000000
131338  -21.932  60.815  -7.874 0.0000000000
131339  -22.455  60.505  -7.166 0.0000000000
131351  -13.827  60.867  -7.990 0.0000000000
131352  -14.431  60.626  -8.463 0.0000000000
131353  -15.275  60.182  -8.728 0.0000000000
131354  -20.605  60.913  -9.091 0.0000000000
131355  -21.321  60.627  -8.492 0.0000000000
131362  -14.893  60.753  -9.161 0.0000000000
131363  -15.670  60.669  -9.381 0.0000000000
131364  -16.413  60.925  -9.502 0.0000000000
131365  -17.203  60.956  -9.477 0.0000000000
131366  -18.111  60.859  -9.477 0.0000000000
131367  -18.993  60.666  -9.414 0.0000000000
131368  -19.833  60.543  -9.269 0.0000000000
131761  -17.992  61.991  5.719 0.0000000000
131771  -17.092  62.133  4.507 0.0000000000
131772  -17.677  61.606  4.753 0.0000000000
131773  -17.982  60.834  4.261 0.0000000000
131782  -15.958  61.846  3.321 0.0000000000
131783  -16.791  61.645  3.900 0.0000000000
131784  -17.646  60.943  3.937 0.0000000000
131785  -18.061  60.588  3.918 0.0000000000
131795  -15.415  61.618  2.664 0.0000000000
131799  -14.436  61.580  0.982 0.0000000000
131800  -14.847  61.338  1.738 0.0000000000
131808  -14.180  61.466  0.268 0.0000000000
131819  -14.259  61.421  -0.651 0.0000000000
131827  -14.319  61.391  -1.596 0.0000000000
131839  -14.718  61.439  -2.564 0.0000000000
131840  -15.317  61.733  -3.155 0.0000000000
131853  -14.948  61.115  -3.348 0.0000000000
131854  -15.548  61.408  -3.772 0.0000000000
131855  -16.432  61.732  -3.893 0.0000000000
131856  -17.037  62.138  -3.874 0.0000000000
131857  -23.362  61.330  -2.534 0.0000000000
131868  -16.826  61.763  -4.303 0.0000000000
131869  -17.187  62.268  -4.148 0.0000000000
131870  -23.584  61.180  -3.848 0.0000000000
131882  -14.338  61.852  -5.911 0.0000000000
131883  -14.747  61.639  -5.853 0.0000000000
131884  -15.720  61.450  -5.283 0.0000000000
131885  -16.508  61.593  -4.791 0.0000000000
131886  -23.462  61.634  -5.052 0.0000000000
131894  -14.107  61.793  -6.174 0.0000000000
131895  -14.320  61.198  -6.370 0.0000000000
131896  -22.817  61.421  -6.796 0.0000000000
131897  -23.212  61.815  -6.040 0.0000000000
131912  -13.837  61.501  -7.009 0.0000000000
131913  -14.294  61.011  -6.876 0.0000000000
131914  -21.589  61.498  -8.142 0.0000000000
131915  -22.237  61.720  -7.560 0.0000000000
131924  -13.481  61.564  -7.962 0.0000000000
131925  -13.818  61.172  -8.556 0.0000000000
131926  -19.419  62.115  -9.371 0.0000000000
131927  -19.838  61.737  -9.185 0.0000000000
131928  -20.826  61.821  -8.587 0.0000000000
131933  -13.463  61.820  -8.923 0.0000000000
131934  -14.193  61.283  -9.324 0.0000000000
131935  -15.059  61.270  -9.791 0.0000000000
131936  -15.933  61.460  -9.850 0.0000000000
131937  -16.835  61.786  -9.766 0.0000000000
131938  -17.802  61.764  -9.648 0.0000000000
131939  -18.914  61.840  -9.511 0.0000000000
131940  -19.411  61.194  -9.413 0.0000000000
131945  -13.606  61.968  -9.814 0.0000000000
131946  -14.411  61.875  -10.314 0.0000000000
131947  -15.384  61.810  -10.613 0.0000000000
131948  -16.325  62.008  -10.475 0.0000000000
131949  -17.017  62.229  -10.444 0.0000000000
131956  -14.756  62.151  -10.950 0.0000000000
131957  -15.271  62.317  -11.299 0.0000000000
132329  -17.253  62.603  4.917 0.0000000000
132330  -17.635  62.878  5.626 0.0000000000
132339  -16.134  62.457  3.664 0.0000000000
132340  -16.593  62.798  4.377 0.0000000000
132351  -15.488  62.563  3.081 0.0000000000
132357  -14.532  62.145  1.340 0.0000000000
132358  -14.966  62.555  2.068 0.0000000000
132369  -14.302  62.279  0.616 0.0000000000
132378  -14.213  62.319  -0.238 0.0000000000
132389  -14.459  62.318  -1.186 0.0000000000
132390  -14.934  62.749  -1.718 0.0000000000
132402  -14.565  62.194  -2.034 0.0000000000
132403  -15.517  62.655  -2.630 0.0000000000
132404  -16.358  63.219  -2.918 0.0000000000
132416  -15.847  62.086  -3.475 0.0000000000
132417  -16.524  62.691  -3.544 0.0000000000
132418  -17.174  62.588  -3.895 0.0000000000
132419  -23.886  62.179  -3.268 0.0000000000
132428  -15.702  62.766  -4.722 0.0000000000
132429  -16.341  62.627  -4.540 0.0000000000
132430  -16.894  62.362  -4.392 0.0000000000
132431  -17.186  62.563  -4.192 0.0000000000
132432  -23.789  62.557  -4.414 0.0000000000
132444  -14.072  62.293  -5.623 0.0000000000
132445  -15.107  62.403  -5.206 0.0000000000
132446  -16.014  62.161  -4.799 0.0000000000
132447  -16.524  62.196  -4.630 0.0000000000
132448  -23.441  62.645  -5.470 0.0000000000
132458  -13.561  62.392  -6.389 0.0000000000
132459  -22.745  62.529  -6.899 0.0000000000
132460  -23.179  62.830  -6.215 0.0000000000
132472  -12.780  63.010  -7.895 0.0000000000
132473  -13.175  62.456  -7.359 0.0000000000
132474  -21.435  62.487  -7.983 0.0000000000
132475  -22.089  62.756  -7.501 0.0000000000
132479  -12.750  63.237  -8.552 0.0000000000
132480  -13.068  62.454  -8.355 0.0000000000
132481  -19.509  62.668  -9.294 0.0000000000
132482  -20.177  62.712  -8.799 0.0000000000
132483  -20.746  62.755  -8.345 0.0000000000
132489  -12.777  63.469  -9.029 0.0000000000
132490  -13.155  62.886  -9.365 0.0000000000
132491  -17.581  62.374  -10.115 0.0000000000
132492  -18.313  62.553  -9.849 0.0000000000
132493  -18.984  62.852  -9.714 0.0000000000
132498  -13.799  62.763  -10.567 0.0000000000
132499  -14.375  62.379  -10.806 0.0000000000
132500  -16.034  62.302  -11.231 0.0000000000
132501  -16.866  62.326  -11.113 0.0000000000
132502  -17.646  62.222  -10.963 0.0000000000
132503  -18.353  62.456  -10.691 0.0000000000
132504  -18.943  62.728  -10.382 0.0000000000
132512  -14.072  63.252  -11.121 0.0000000000
132513  -14.606  62.850  -11.357 0.0000000000
132514  -15.722  62.904  -12.016 0.0000000000
132515  -16.697  62.608  -11.865 0.0000000000
132516  -17.560  62.460  -11.782 0.0000000000
132517  -18.405  62.480  -11.602 0.0000000000
132518  -19.231  62.647  -11.265 0.0000000000
132519  -19.714  62.877  -11.605 0.0000000000
132526  -16.166  63.570  -12.392 0.0000000000
132527  -16.653  63.219  -12.381 0.0000000000
132528  -17.384  62.903  -12.415 0.0000000000
132529  -18.331  62.812  -12.518 0.0000000000
132530  -19.247  62.641  -12.299 0.0000000000
132531  -19.588  62.791  -11.853 0.0000000000
132545  -18.790  63.000  -12.957 0.0000000000
132546  -18.954  62.873  -12.750 0.0000000000
132895  -16.964  63.678  5.301 0.0000000000
132896  -17.538  63.632  5.808 0.0000000000
132902  -15.842  63.455  3.667 0.0000000000
132903  -16.271  63.806  4.464 0.0000000000
132912  -15.312  63.571  2.677 0.0000000000
132916  -14.575  62.968  1.137 0.0000000000
132917  -15.024  63.695  1.694 0.0000000000
132927  -14.479  63.116  0.191 0.0000000000
132928  -14.997  63.827  0.715 0.0000000000
132940  -14.695  63.053  -0.725 0.0000000000
132941  -15.134  63.893  -0.305 0.0000000000
132954  -14.805  62.950  -1.285 0.0000000000
132955  -15.443  63.556  -1.449 0.0000000000
132965  -16.249  63.871  -2.382 0.0000000000
132966  -16.839  63.694  -3.078 0.0000000000
132975  -16.215  63.744  -3.984 0.0000000000
132976  -16.840  63.205  -3.816 0.0000000000
132977  -17.261  62.816  -4.032 0.0000000000
132985  -14.061  63.896  -5.020 0.0000000000
132986  -15.020  63.397  -4.717 0.0000000000
132987  -15.951  63.263  -4.458 0.0000000000
132988  -16.657  63.027  -4.284 0.0000000000
132989  -17.070  62.807  -4.180 0.0000000000
132998  -12.846  64.055  -6.112 0.0000000000
132999  -13.492  63.287  -5.688 0.0000000000
133000  -14.368  63.066  -5.272 0.0000000000
133001  -23.720  63.596  -5.149 0.0000000000
133009  -12.583  63.964  -6.949 0.0000000000
133010  -13.153  63.266  -6.688 0.0000000000
133011  -22.796  63.705  -6.543 0.0000000000
133012  -23.338  63.451  -5.883 0.0000000000
133021  -12.559  63.834  -7.870 0.0000000000
133022  -12.783  63.282  -7.341 0.0000000000
133023  -20.766  64.043  -8.028 0.0000000000
133024  -21.528  63.587  -7.649 0.0000000000
133025  -22.284  63.418  -7.195 0.0000000000
133030  -12.587  63.973  -8.717 0.0000000000
133031  -19.711  63.674  -8.818 0.0000000000
133032  -20.417  63.499  -8.429 0.0000000000
133033  -20.950  63.267  -8.044 0.0000000000
133039  -12.837  63.903  -9.398 0.0000000000
133040  -13.359  63.758  -10.098 0.0000000000
133041  -19.541  63.606  -9.507 0.0000000000
133042  -19.894  63.958  -9.677 0.0000000000
133046  -13.745  63.772  -10.911 0.0000000000
133047  -19.386  63.194  -10.234 0.0000000000
133048  -19.906  63.666  -10.142 0.0000000000
133057  -14.296  63.790  -11.497 0.0000000000
133058  -15.054  63.749  -12.075 0.0000000000
133059  -15.702  63.678  -12.301 0.0000000000
133060  -19.376  62.897  -10.702 0.0000000000
133061  -19.877  63.186  -11.029 0.0000000000
133062  -20.577  63.614  -11.499 0.0000000000
133072  -15.586  64.157  -12.316 0.0000000000
133073  -16.069  64.145  -12.481 0.0000000000
133074  -16.709  64.030  -12.614 0.0000000000
133075  -17.277  63.574  -12.732 0.0000000000
133076  -17.825  63.267  -12.869 0.0000000000
133077  -19.592  62.955  -12.562 0.0000000000
133078  -20.042  63.076  -12.216 0.0000000000
133079  -20.992  63.812  -12.318 0.0000000000
133094  -17.223  64.140  -13.004 0.0000000000
133095  -17.642  63.819  -13.356 0.0000000000
133096  -18.419  63.311  -13.315 0.0000000000
133097  -19.411  63.143  -13.147 0.0000000000
133098  -20.631  63.739  -13.399 0.0000000000
133099  -21.202  64.168  -12.985 0.0000000000
133111  -18.059  63.777  -13.988 0.0000000000
133112  -18.846  63.522  -14.275 0.0000000000
133113  -19.921  63.742  -14.279 0.0000000000
133114  -20.520  64.050  -14.128 0.0000000000
133438  -16.487  64.788  4.713 0.0000000000
133443  -15.652  64.599  3.193 0.0000000000
133444  -16.055  64.457  3.934 0.0000000000
133452  -15.319  64.563  2.258 0.0000000000
133454  -15.285  64.661  1.274 0.0000000000
133460  -15.445  64.760  0.266 0.0000000000
133466  -16.079  64.867  -0.782 0.0000000000
133467  -16.798  65.492  -0.996 0.0000000000
133474  -16.180  64.434  -1.715 0.0000000000
133475  -16.775  65.143  -1.635 0.0000000000
133485  -16.541  64.565  -2.090 0.0000000000
133486  -16.779  64.814  -2.493 0.0000000000
133495  -14.926  65.061  -3.854 0.0000000000
133496  -15.547  64.662  -3.764 0.0000000000
133497  -16.546  64.531  -3.370 0.0000000000
133504  -13.807  64.687  -4.892 0.0000000000
133505  -14.633  64.605  -4.412 0.0000000000
133506  -15.505  63.944  -4.295 0.0000000000
133512  -12.830  64.895  -5.846 0.0000000000
133513  -13.373  64.492  -5.438 0.0000000000
133519  -12.558  64.830  -6.519 0.0000000000
133520  -22.695  64.773  -6.603 0.0000000000
133521  -23.401  64.494  -5.914 0.0000000000
133527  -12.449  64.778  -7.369 0.0000000000
133528  -20.545  64.778  -8.019 0.0000000000
133529  -21.136  64.674  -7.672 0.0000000000
133530  -22.046  64.472  -7.189 0.0000000000
133536  -12.475  64.764  -8.249 0.0000000000
133537  -19.681  64.468  -8.721 0.0000000000
133538  -20.152  64.418  -8.424 0.0000000000
133545  -12.603  64.760  -9.094 0.0000000000
133546  -13.109  64.716  -9.804 0.0000000000
133547  -19.421  64.296  -9.021 0.0000000000
133548  -19.856  64.423  -9.372 0.0000000000
133549  -20.404  64.734  -9.584 0.0000000000
133554  -13.593  64.623  -10.513 0.0000000000
133555  -20.281  64.179  -9.873 0.0000000000
133556  -20.846  64.606  -10.194 0.0000000000
133567  -14.032  64.628  -11.215 0.0000000000
133568  -14.782  64.705  -11.786 0.0000000000
133569  -15.403  65.038  -12.079 0.0000000000
133570  -20.498  63.896  -10.651 0.0000000000
133571  -21.226  64.372  -11.280 0.0000000000
133587  -15.315  64.488  -12.174 0.0000000000
133588  -15.825  64.757  -12.382 0.0000000000
133589  -16.378  64.679  -12.668 0.0000000000
133590  -21.533  64.613  -12.447 0.0000000000
133604  -16.825  64.631  -13.201 0.0000000000
133605  -17.222  64.312  -13.474 0.0000000000
133606  -20.812  64.271  -13.989 0.0000000000
133607  -21.329  64.759  -13.635 0.0000000000
133619  -16.985  64.596  -13.731 0.0000000000
133620  -17.354  64.347  -14.143 0.0000000000
133621  -18.169  64.236  -14.666 0.0000000000
133622  -19.164  64.549  -14.966 0.0000000000
133623  -20.411  64.813  -14.482 0.0000000000
133624  -21.013  65.558  -14.242 0.0000000000
133631  -17.555  64.703  -14.875 0.0000000000
133632  -18.162  64.976  -15.290 0.0000000000
133633  -18.801  65.482  -15.331 0.0000000000
133960  -15.803  65.178  3.210 0.0000000000
133961  -16.185  65.639  3.639 0.0000000000
133970  -15.765  65.264  2.770 0.0000000000
133971  -16.269  66.075  2.451 0.0000000000
133974  -15.721  65.419  1.847 0.0000000000
133975  -16.272  66.226  1.453 0.0000000000
133981  -15.809  65.519  0.894 0.0000000000
133982  -16.498  66.194  0.558 0.0000000000
133987  -16.107  65.517  0.091 0.0000000000
133988  -16.972  65.993  -0.310 0.0000000000
133989  -17.621  66.537  -0.705 0.0000000000
133994  -17.306  65.920  -1.163 0.0000000000
133995  -17.731  66.600  -1.325 0.0000000000
134003  -17.452  65.921  -1.984 0.0000000000
134004  -17.701  66.699  -1.769 0.0000000000
134015  -15.197  65.477  -3.616 0.0000000000
134016  -15.988  65.642  -3.384 0.0000000000
134017  -16.787  65.899  -2.680 0.0000000000
134026  -13.235  65.716  -4.832 0.0000000000
134027  -13.705  65.491  -4.661 0.0000000000
134028  -14.521  65.680  -3.950 0.0000000000
134034  -13.030  65.487  -5.214 0.0000000000
134035  -13.475  65.042  -5.071 0.0000000000
134042  -12.434  65.655  -5.989 0.0000000000
134043  -22.200  65.439  -6.894 0.0000000000
134049  -12.286  65.683  -6.861 0.0000000000
134050  -20.255  65.193  -8.212 0.0000000000
134051  -20.644  65.462  -7.801 0.0000000000
134052  -21.410  65.629  -7.383 0.0000000000
134058  -12.392  65.667  -7.761 0.0000000000
134059  -19.609  64.685  -8.806 0.0000000000
134060  -19.955  65.138  -8.651 0.0000000000
134067  -12.572  65.661  -8.629 0.0000000000
134068  -12.830  65.655  -9.475 0.0000000000
134069  -19.564  64.847  -9.006 0.0000000000
134070  -20.089  65.284  -9.185 0.0000000000
134071  -20.858  65.317  -9.596 0.0000000000
134075  -13.375  65.653  -10.286 0.0000000000
134076  -13.979  65.987  -10.787 0.0000000000
134077  -21.567  65.328  -10.410 0.0000000000
134078  -22.232  65.779  -10.877 0.0000000000
134089  -13.871  65.290  -10.826 0.0000000000
134090  -14.432  65.599  -11.323 0.0000000000
134091  -15.134  65.621  -11.789 0.0000000000
134092  -21.905  65.260  -11.581 0.0000000000
134093  -22.384  66.114  -11.705 0.0000000000
134108  -15.679  65.580  -12.434 0.0000000000
134109  -16.097  65.093  -12.609 0.0000000000
134110  -22.025  65.630  -12.774 0.0000000000
134111  -22.437  66.566  -12.593 0.0000000000
134119  -14.970  65.956  -13.890 0.0000000000
134120  -15.531  65.674  -13.417 0.0000000000
134121  -16.300  65.248  -13.048 0.0000000000
134122  -21.673  66.033  -13.894 0.0000000000
134123  -22.194  66.436  -13.321 0.0000000000
134134  -14.927  66.232  -14.274 0.0000000000
134135  -15.441  65.927  -14.471 0.0000000000
134136  -16.397  64.971  -14.194 0.0000000000
134137  -17.088  64.836  -14.645 0.0000000000
134138  -19.537  65.843  -15.059 0.0000000000
134139  -20.413  66.081  -14.638 0.0000000000
134140  -21.066  66.270  -14.419 0.0000000000
134148  -15.631  66.199  -14.989 0.0000000000
134149  -16.099  65.890  -15.109 0.0000000000
134150  -17.182  65.514  -15.240 0.0000000000
134151  -18.183  65.937  -15.566 0.0000000000
134152  -18.854  66.195  -15.391 0.0000000000
134525  -17.142  66.626  0.371 0.0000000000
134526  -17.701  66.915  -0.026 0.0000000000
134540  -18.019  67.204  -0.762 0.0000000000
134550  -16.875  67.296  -2.526 0.0000000000
134551  -17.499  66.948  -2.239 0.0000000000
134552  -17.932  67.235  -1.506 0.0000000000
134560  -14.363  66.857  -3.634 0.0000000000
134561  -15.134  66.467  -3.472 0.0000000000
134562  -16.250  66.784  -2.930 0.0000000000
134563  -16.882  66.719  -2.587 0.0000000000
134572  -13.135  66.267  -4.714 0.0000000000
134573  -13.896  66.465  -4.145 0.0000000000
134574  -14.459  66.350  -3.790 0.0000000000
134582  -12.044  67.093  -5.662 0.0000000000
134583  -12.451  66.515  -5.370 0.0000000000
134591  -11.841  67.307  -5.940 0.0000000000
134592  -12.059  66.704  -6.288 0.0000000000
134600  -12.183  66.576  -7.276 0.0000000000
134601  -20.127  66.008  -8.054 0.0000000000
134609  -12.428  66.600  -8.155 0.0000000000
134610  -20.423  66.203  -8.661 0.0000000000
134611  -20.846  66.782  -8.772 0.0000000000
134618  -12.726  66.559  -8.998 0.0000000000
134619  -13.147  66.583  -9.747 0.0000000000
134620  -20.622  65.817  -9.209 0.0000000000
134621  -21.394  66.361  -9.462 0.0000000000
134622  -22.124  66.998  -9.738 0.0000000000
134626  -13.791  66.655  -10.356 0.0000000000
134627  -14.553  66.709  -11.017 0.0000000000
134628  -15.024  67.406  -11.212 0.0000000000
134629  -21.935  66.014  -10.292 0.0000000000
134630  -22.347  66.685  -10.603 0.0000000000
134641  -14.853  66.150  -11.498 0.0000000000
134642  -15.250  66.628  -11.753 0.0000000000
134643  -22.729  67.028  -11.841 0.0000000000
134656  -14.438  66.747  -12.851 0.0000000000
134657  -15.141  66.301  -12.624 0.0000000000
134658  -22.633  67.287  -12.680 0.0000000000
134666  -14.512  66.548  -13.885 0.0000000000
134667  -14.966  66.247  -13.349 0.0000000000
134668  -22.021  67.101  -13.934 0.0000000000
134669  -22.400  67.032  -13.204 0.0000000000
134678  -14.944  66.676  -14.787 0.0000000000
134679  -15.413  66.369  -14.905 0.0000000000
134680  -19.730  67.028  -14.869 0.0000000000
134681  -20.642  66.980  -14.596 0.0000000000
134682  -21.359  66.804  -14.293 0.0000000000
134689  -15.243  67.148  -15.241 0.0000000000
134690  -15.689  66.737  -15.338 0.0000000000
134691  -16.687  66.636  -15.542 0.0000000000
134692  -17.655  66.638  -15.600 0.0000000000
134693  -18.526  66.835  -15.475 0.0000000000
134694  -19.146  66.774  -15.227 0.0000000000
134699  -15.373  67.101  -16.696 0.0000000000
134700  -16.305  66.920  -16.584 0.0000000000
134701  -17.315  66.915  -16.610 0.0000000000
134702  -18.193  66.994  -16.668 0.0000000000
134703  -18.637  67.230  -16.765 0.0000000000
134715  -17.922  66.605  -17.424 0.0000000000
134716  -18.765  66.991  -17.382 0.0000000000
134717  -19.155  67.082  -17.828 0.0000000000
134731  -18.561  66.759  -18.286 0.0000000000
134732  -19.012  66.866  -18.015 0.0000000000
135134  -16.366  68.043  -2.706 0.0000000000
135135  -17.225  68.014  -2.209 0.0000000000
135136  -17.788  67.843  -1.760 0.0000000000
135142  -13.849  67.549  -3.798 0.0000000000
135143  -14.791  67.580  -3.440 0.0000000000
135144  -15.620  67.487  -3.187 0.0000000000
135152  -12.588  67.295  -4.639 0.0000000000
135153  -13.261  67.053  -4.259 0.0000000000
135160  -11.940  67.762  -5.546 0.0000000000
135161  -12.214  67.292  -5.223 0.0000000000
135167  -11.772  67.751  -6.278 0.0000000000
135168  -11.906  67.292  -6.914 0.0000000000
135176  -11.799  67.982  -6.965 0.0000000000
135177  -12.188  67.601  -7.608 0.0000000000
135184  -12.742  67.573  -8.528 0.0000000000
135185  -13.274  67.872  -9.013 0.0000000000
135195  -13.081  67.240  -9.226 0.0000000000
135196  -13.648  67.600  -9.742 0.0000000000
135197  -14.306  67.953  -10.082 0.0000000000
135198  -21.195  67.143  -8.813 0.0000000000
135199  -21.837  67.550  -9.209 0.0000000000
135204  -14.221  67.343  -10.376 0.0000000000
135205  -14.777  67.808  -10.635 0.0000000000
135206  -15.327  68.017  -10.967 0.0000000000
135207  -22.583  67.623  -10.005 0.0000000000
135218  -15.103  67.719  -11.462 0.0000000000
135219  -22.971  67.775  -11.125 0.0000000000
135220  -23.317  68.364  -11.685 0.0000000000
135231  -13.829  68.276  -12.588 0.0000000000
135232  -14.195  67.712  -12.461 0.0000000000
135233  -15.041  67.343  -12.111 0.0000000000
135234  -23.072  68.023  -12.370 0.0000000000
135235  -23.432  68.594  -12.132 0.0000000000
135242  -13.605  67.972  -13.118 0.0000000000
135243  -14.022  67.305  -13.449 0.0000000000
135244  -21.945  68.032  -14.121 0.0000000000
135245  -22.452  67.864  -13.376 0.0000000000
135254  -13.638  67.782  -13.847 0.0000000000
135255  -14.114  67.393  -14.406 0.0000000000
135256  -19.583  67.646  -14.986 0.0000000000
135257  -20.067  67.969  -14.879 0.0000000000
135258  -21.253  67.739  -14.587 0.0000000000
135265  -14.840  67.600  -15.135 0.0000000000
135266  -15.578  67.630  -15.427 0.0000000000
135267  -16.283  67.553  -15.645 0.0000000000
135268  -17.203  67.278  -15.815 0.0000000000
135269  -18.165  67.280  -15.814 0.0000000000
135270  -19.212  67.776  -15.538 0.0000000000
135271  -19.783  68.427  -15.361 0.0000000000
135281  -15.235  67.826  -16.545 0.0000000000
135282  -15.784  67.809  -16.291 0.0000000000
135283  -16.624  67.695  -16.078 0.0000000000
135284  -17.703  67.332  -16.152 0.0000000000
135285  -18.601  67.447  -16.286 0.0000000000
135286  -19.270  67.772  -16.619 0.0000000000
135295  -14.110  67.981  -17.362 0.0000000000
135296  -14.495  67.720  -16.975 0.0000000000
135297  -19.005  67.331  -16.857 0.0000000000
135298  -19.378  67.459  -17.502 0.0000000000
135305  -13.921  67.738  -17.854 0.0000000000
135306  -14.322  66.984  -17.826 0.0000000000
135307  -18.814  67.053  -18.514 0.0000000000
135308  -19.194  67.295  -18.424 0.0000000000
135318  -18.698  67.114  -18.741 0.0000000000
135716  -12.852  69.006  -3.839 0.0000000000
135717  -13.329  68.590  -3.689 0.0000000000
135718  -14.396  68.598  -3.382 0.0000000000
135719  -15.476  68.579  -3.100 0.0000000000
135725  -12.076  68.971  -4.682 0.0000000000
135726  -12.521  68.546  -4.364 0.0000000000
135727  -13.088  67.792  -4.149 0.0000000000
135734  -12.006  68.516  -5.034 0.0000000000
135735  -12.183  67.845  -4.920 0.0000000000
135742  -11.767  68.626  -5.726 0.0000000000
135750  -11.688  68.704  -6.528 0.0000000000
135751  -11.916  68.670  -7.302 0.0000000000
135757  -12.430  68.589  -8.001 0.0000000000
135758  -13.050  68.597  -8.612 0.0000000000
135767  -13.612  68.504  -9.154 0.0000000000
135768  -14.119  68.515  -9.622 0.0000000000
135769  -22.574  68.609  -9.364 0.0000000000
135770  -23.217  69.170  -9.977 0.0000000000
135775  -14.596  68.604  -10.130 0.0000000000
135776  -15.052  68.658  -10.577 0.0000000000
135777  -23.031  68.461  -10.377 0.0000000000
135778  -23.308  69.208  -10.789 0.0000000000
135789  -14.471  69.074  -11.625 0.0000000000
135790  -14.738  68.986  -11.489 0.0000000000
135791  -15.337  68.748  -11.136 0.0000000000
135792  -23.246  68.558  -11.122 0.0000000000
135793  -23.480  69.103  -11.698 0.0000000000
135804  -14.134  68.715  -11.929 0.0000000000
135805  -14.789  68.226  -11.764 0.0000000000
135806  -15.086  67.978  -11.562 0.0000000000
135807  -22.754  68.687  -13.186 0.0000000000
135808  -23.262  69.128  -12.636 0.0000000000
135814  -13.415  68.695  -12.715 0.0000000000
135815  -21.523  68.572  -14.412 0.0000000000
135816  -22.154  68.990  -14.013 0.0000000000
135824  -13.272  68.558  -13.852 0.0000000000
135825  -13.665  67.996  -14.307 0.0000000000
135826  -20.100  68.983  -15.229 0.0000000000
135827  -20.837  68.855  -14.803 0.0000000000
135828  -21.448  69.266  -14.581 0.0000000000
135834  -13.334  69.027  -14.492 0.0000000000
135835  -13.962  68.423  -14.939 0.0000000000
135836  -15.320  68.383  -15.549 0.0000000000
135837  -15.871  68.029  -15.554 0.0000000000
135838  -19.700  68.274  -16.458 0.0000000000
135839  -19.917  68.865  -15.998 0.0000000000
135848  -15.173  68.517  -16.382 0.0000000000
135849  -15.806  68.525  -15.983 0.0000000000
135850  -16.041  68.134  -15.710 0.0000000000
135851  -19.826  68.153  -17.306 0.0000000000
135852  -20.240  68.823  -17.052 0.0000000000
135857  -14.083  68.540  -17.355 0.0000000000
135858  -14.540  68.763  -16.740 0.0000000000
135859  -19.817  68.050  -18.247 0.0000000000
135869  -13.565  68.615  -18.107 0.0000000000
135870  -19.494  68.388  -18.935 0.0000000000
136212  -13.141  69.386  -3.579 0.0000000000
136218  -12.199  69.399  -4.410 0.0000000000
136219  -12.506  69.581  -3.784 0.0000000000
136225  -11.797  69.451  -4.974 0.0000000000
136233  -11.698  69.645  -5.938 0.0000000000
136241  -11.757  69.615  -6.849 0.0000000000
136242  -12.271  69.560  -7.470 0.0000000000
136249  -12.825  69.540  -8.108 0.0000000000
136250  -13.631  69.486  -8.657 0.0000000000
136259  -13.953  69.002  -9.232 0.0000000000
136260  -14.442  69.559  -9.490 0.0000000000
136261  -14.910  70.060  -9.628 0.0000000000
136263  -23.331  70.022  -10.319 0.0000000000
136271  -14.871  69.113  -10.121 0.0000000000
136272  -15.197  69.674  -10.171 0.0000000000
136273  -23.471  70.052  -11.290 0.0000000000
136282  -14.463  69.572  -11.429 0.0000000000
136283  -15.165  69.681  -11.068 0.0000000000
136284  -15.319  69.859  -10.650 0.0000000000
136285  -23.547  70.047  -12.253 0.0000000000
136295  -12.824  70.131  -12.503 0.0000000000
136296  -13.484  69.635  -12.043 0.0000000000
136297  -22.794  69.534  -13.491 0.0000000000
136298  -23.181  70.154  -13.092 0.0000000000
136306  -12.589  70.209  -13.241 0.0000000000
136307  -12.857  69.395  -13.035 0.0000000000
136308  -22.384  70.093  -14.167 0.0000000000
136309  -22.808  70.333  -13.709 0.0000000000
136318  -12.580  70.382  -13.794 0.0000000000
136319  -12.798  69.676  -14.112 0.0000000000
136320  -20.508  69.568  -15.173 0.0000000000
136321  -20.940  69.964  -14.882 0.0000000000
136322  -21.711  70.004  -14.562 0.0000000000
136328  -13.460  69.503  -14.933 0.0000000000
136329  -14.522  69.362  -15.629 0.0000000000
136330  -15.303  68.868  -15.749 0.0000000000
136331  -20.422  69.773  -15.872 0.0000000000
136340  -14.758  69.487  -16.349 0.0000000000
136341  -15.289  69.110  -16.014 0.0000000000
136348  -13.806  69.481  -17.586 0.0000000000
136349  -14.360  69.497  -17.004 0.0000000000
136720  -14.123  70.586  -11.327 0.0000000000
136721  -15.088  70.600  -10.836 0.0000000000
136733  -12.674  70.905  -12.616 0.0000000000
136734  -13.244  70.743  -11.916 0.0000000000
136742  -12.520  70.950  -13.425 0.0000000000
136752  -12.696  70.760  -14.358 0.0000000000
136753  -13.065  70.112  -14.688 0.0000000000
136761  -12.917  71.133  -14.905 0.0000000000
136762  -13.401  70.508  -15.300 0.0000000000
136763  -14.264  70.361  -15.969 0.0000000000
136773  -14.355  70.302  -16.596 0.0000000000
136782  -14.108  70.307  -17.174 0.0000000000
137166  -13.840  71.634  -11.359 0.0000000000
137175  -12.581  71.776  -12.833 0.0000000000
137176  -13.077  71.726  -12.054 0.0000000000
137181  -12.526  71.737  -13.723 0.0000000000
137191  -12.730  71.723  -14.557 0.0000000000
137200  -13.162  71.567  -15.212 0.0000000000
137201  -13.765  71.386  -15.910 0.0000000000
137202  -14.180  70.826  -16.305 0.0000000000
137211  -13.929  71.889  -16.395 0.0000000000
137212  -14.166  71.178  -16.720 0.0000000000
137614  -13.587  72.659  -11.476 0.0000000000
137629  -12.543  72.663  -13.123 0.0000000000
137630  -12.992  72.690  -12.302 0.0000000000
137641  -12.629  72.587  -14.025 0.0000000000
137656  -12.973  72.568  -14.955 0.0000000000
137657  -13.203  73.192  -15.229 0.0000000000
137666  -13.346  72.038  -15.504 0.0000000000
137667  -13.527  72.605  -15.838 0.0000000000
138047  -12.705  73.477  -13.496 0.0000000000
138048  -12.994  73.647  -12.623 0.0000000000
138060  -12.776  73.346  -14.275 0.0000000000
138077  -13.026  73.437  -14.784 0.0000000000
138078  -13.191  73.701  -15.050 0.0000000000
138090  -13.369  73.645  -15.549 0.0000000000
138396  -12.844  74.010  -13.887 0.0000000000
138406  -13.007  73.946  -14.454 0.0000000000
138419  -13.113  73.865  -14.800 0.0000000000
