#!ascii label  , from subject Broad_82_YZ vox2ras=TkReg
1434
73415  -19.233  1.832  44.193 0.0000000000
73416  -19.700  1.982  44.284 0.0000000000
73430  -18.814  1.755  43.464 0.0000000000
73431  -19.868  1.892  43.728 0.0000000000
73432  -20.429  2.151  43.514 0.0000000000
73445  -18.484  1.793  42.384 0.0000000000
73446  -19.442  1.672  42.703 0.0000000000
73447  -20.278  1.901  42.953 0.0000000000
73459  -18.292  1.897  41.359 0.0000000000
73460  -19.126  1.580  41.658 0.0000000000
73461  -20.118  1.515  41.986 0.0000000000
73471  -18.158  1.985  40.549 0.0000000000
73472  -18.805  1.692  40.678 0.0000000000
73473  -19.729  1.631  40.874 0.0000000000
73486  -18.357  1.788  39.813 0.0000000000
73487  -19.231  1.526  39.847 0.0000000000
73488  -20.313  1.672  39.930 0.0000000000
73489  -20.968  1.990  39.601 0.0000000000
73500  -18.749  1.943  38.993 0.0000000000
73501  -19.614  1.703  38.955 0.0000000000
73502  -20.569  1.795  38.824 0.0000000000
73503  -21.180  2.040  39.179 0.0000000000
73515  -18.988  1.817  38.092 0.0000000000
73516  -19.884  1.789  38.122 0.0000000000
73517  -20.382  1.881  38.177 0.0000000000
74816  -17.214  2.802  44.852 0.0000000000
74817  -18.276  2.133  44.419 0.0000000000
74818  -19.567  2.139  44.711 0.0000000000
74819  -20.485  2.470  44.735 0.0000000000
74829  -17.107  2.716  43.793 0.0000000000
74830  -17.871  2.220  43.127 0.0000000000
74831  -20.090  2.168  44.338 0.0000000000
74832  -20.665  2.521  44.020 0.0000000000
74833  -21.222  2.762  43.685 0.0000000000
74843  -17.203  2.983  42.657 0.0000000000
74844  -17.668  2.297  41.973 0.0000000000
74845  -20.832  2.335  43.296 0.0000000000
74846  -21.394  2.669  43.045 0.0000000000
74856  -17.167  3.245  41.438 0.0000000000
74857  -17.754  2.475  40.924 0.0000000000
74858  -20.829  2.146  42.419 0.0000000000
74859  -21.530  2.592  42.039 0.0000000000
74860  -22.016  2.841  41.565 0.0000000000
74867  -17.428  3.150  40.280 0.0000000000
74868  -17.776  2.367  39.968 0.0000000000
74869  -20.773  1.935  41.205 0.0000000000
74870  -21.578  2.421  40.947 0.0000000000
74871  -22.169  2.906  40.845 0.0000000000
74879  -17.548  3.036  39.272 0.0000000000
74880  -18.054  2.386  39.083 0.0000000000
74881  -21.033  2.135  40.285 0.0000000000
74882  -21.608  2.580  39.798 0.0000000000
74883  -22.229  3.082  40.239 0.0000000000
74891  -17.591  2.871  38.285 0.0000000000
74892  -18.246  2.299  38.159 0.0000000000
74893  -20.665  1.983  38.258 0.0000000000
74894  -21.264  2.276  38.533 0.0000000000
74902  -17.845  2.815  37.314 0.0000000000
74903  -18.519  2.300  37.256 0.0000000000
74904  -19.346  1.952  37.258 0.0000000000
74905  -20.428  2.074  37.536 0.0000000000
74906  -21.365  2.640  37.400 0.0000000000
74921  -18.082  2.729  36.371 0.0000000000
74922  -18.787  2.339  36.382 0.0000000000
74923  -19.692  2.220  36.361 0.0000000000
74924  -20.685  2.513  36.373 0.0000000000
74925  -21.519  2.996  36.373 0.0000000000
74942  -18.370  2.673  35.710 0.0000000000
74943  -18.976  2.448  35.386 0.0000000000
74944  -20.019  2.489  35.355 0.0000000000
74945  -21.016  2.977  35.294 0.0000000000
74946  -21.608  3.282  35.758 0.0000000000
74962  -19.425  2.650  34.345 0.0000000000
74963  -20.301  2.751  34.508 0.0000000000
74964  -20.834  3.074  34.285 0.0000000000
74975  -19.497  2.749  33.616 0.0000000000
74976  -20.030  2.756  33.814 0.0000000000
74977  -20.457  2.895  33.998 0.0000000000
76174  -16.604  3.529  44.267 0.0000000000
76183  -16.289  4.340  43.585 0.0000000000
76184  -16.708  3.639  43.257 0.0000000000
76197  -16.617  4.463  42.832 0.0000000000
76198  -16.700  3.814  42.288 0.0000000000
76199  -21.898  3.160  42.874 0.0000000000
76211  -16.743  4.596  42.191 0.0000000000
76212  -16.928  4.340  41.514 0.0000000000
76213  -22.111  3.081  42.214 0.0000000000
76214  -22.544  3.376  41.790 0.0000000000
76224  -17.219  4.088  40.577 0.0000000000
76225  -22.715  3.485  40.782 0.0000000000
76226  -23.120  3.793  40.316 0.0000000000
76236  -17.389  3.929  39.551 0.0000000000
76237  -21.867  2.751  39.060 0.0000000000
76238  -22.461  3.312  39.565 0.0000000000
76239  -23.258  4.003  39.589 0.0000000000
76250  -17.416  3.774  38.523 0.0000000000
76251  -21.999  3.006  38.372 0.0000000000
76252  -22.919  3.803  38.395 0.0000000000
76253  -23.417  4.297  39.017 0.0000000000
76268  -17.456  3.618  37.485 0.0000000000
76269  -22.117  3.320  37.311 0.0000000000
76270  -22.716  4.017  37.174 0.0000000000
76288  -17.585  3.460  36.425 0.0000000000
76289  -22.161  3.593  36.191 0.0000000000
76290  -22.869  4.186  36.221 0.0000000000
76307  -17.819  3.190  35.222 0.0000000000
76308  -18.368  2.748  35.200 0.0000000000
76309  -21.348  3.369  34.572 0.0000000000
76310  -21.793  3.576  35.169 0.0000000000
76311  -22.473  3.978  35.373 0.0000000000
76324  -18.013  3.466  33.873 0.0000000000
76325  -18.531  2.873  34.540 0.0000000000
76326  -21.274  3.369  33.933 0.0000000000
76327  -21.980  3.737  34.151 0.0000000000
76328  -22.236  3.879  34.790 0.0000000000
76336  -18.168  3.687  32.774 0.0000000000
76337  -18.834  2.920  33.255 0.0000000000
76338  -19.806  2.831  33.070 0.0000000000
76339  -20.659  3.178  33.402 0.0000000000
76340  -21.533  3.652  33.261 0.0000000000
76351  -18.261  3.888  32.235 0.0000000000
76352  -18.683  3.650  32.107 0.0000000000
76353  -19.483  3.226  32.266 0.0000000000
76354  -20.334  3.278  32.383 0.0000000000
76355  -21.123  3.612  32.441 0.0000000000
76365  -18.762  3.780  31.365 0.0000000000
76366  -19.254  3.554  31.461 0.0000000000
76367  -20.114  3.503  31.436 0.0000000000
76368  -20.794  3.608  31.757 0.0000000000
76376  -18.616  3.996  31.002 0.0000000000
76377  -18.962  3.752  30.812 0.0000000000
76378  -19.633  3.658  30.823 0.0000000000
77526  -16.009  4.946  43.624 0.0000000000
77538  -16.521  5.223  43.005 0.0000000000
77539  -16.912  5.601  42.465 0.0000000000
77551  -16.732  5.063  42.482 0.0000000000
77552  -17.059  5.281  41.863 0.0000000000
77553  -23.130  3.970  41.730 0.0000000000
77563  -17.195  5.081  40.870 0.0000000000
77564  -23.235  4.052  41.020 0.0000000000
77565  -23.611  4.465  40.619 0.0000000000
77576  -17.355  4.891  39.869 0.0000000000
77577  -23.795  4.610  39.639 0.0000000000
77592  -17.445  4.735  38.827 0.0000000000
77593  -23.268  4.204  37.759 0.0000000000
77594  -23.867  4.652  38.433 0.0000000000
77595  -24.425  5.294  38.210 0.0000000000
77611  -17.399  4.585  37.765 0.0000000000
77612  -23.444  4.548  37.069 0.0000000000
77613  -24.239  5.203  37.368 0.0000000000
77614  -24.581  5.533  37.887 0.0000000000
77626  -17.423  4.430  36.682 0.0000000000
77627  -23.380  4.614  36.123 0.0000000000
77628  -23.843  5.031  36.396 0.0000000000
77635  -17.346  4.250  35.550 0.0000000000
77636  -23.078  4.467  35.401 0.0000000000
77637  -23.660  4.958  35.536 0.0000000000
77647  -17.482  4.210  34.364 0.0000000000
77648  -22.476  4.185  33.823 0.0000000000
77649  -22.714  4.307  34.468 0.0000000000
77650  -23.412  4.855  34.688 0.0000000000
77661  -17.655  4.281  33.203 0.0000000000
77662  -22.232  4.141  33.255 0.0000000000
77663  -22.924  4.700  33.445 0.0000000000
77664  -23.214  4.737  34.083 0.0000000000
77677  -17.980  4.323  32.120 0.0000000000
77678  -18.320  3.983  31.981 0.0000000000
77679  -21.913  4.038  32.399 0.0000000000
77680  -22.549  4.657  32.495 0.0000000000
77692  -18.029  4.520  31.268 0.0000000000
77693  -18.387  4.085  31.461 0.0000000000
77694  -20.853  3.762  31.080 0.0000000000
77695  -21.525  3.971  31.457 0.0000000000
77696  -22.293  4.587  31.576 0.0000000000
77704  -17.849  4.765  30.912 0.0000000000
77705  -18.447  4.457  30.392 0.0000000000
77706  -19.451  3.902  30.097 0.0000000000
77707  -20.414  3.805  30.355 0.0000000000
77708  -21.355  4.106  30.429 0.0000000000
77709  -22.095  4.569  30.618 0.0000000000
77717  -18.575  4.937  29.079 0.0000000000
77718  -19.279  4.413  29.222 0.0000000000
77719  -20.219  4.181  29.326 0.0000000000
77720  -21.145  4.233  29.495 0.0000000000
77721  -21.973  4.587  29.638 0.0000000000
77736  -18.807  5.337  28.521 0.0000000000
77737  -19.267  5.037  28.305 0.0000000000
77738  -20.002  4.565  28.442 0.0000000000
77739  -20.988  4.542  28.482 0.0000000000
77740  -21.777  4.573  28.850 0.0000000000
77762  -19.534  5.238  27.818 0.0000000000
77763  -19.856  5.008  27.777 0.0000000000
77764  -20.512  4.810  27.833 0.0000000000
78893  -16.285  5.789  43.100 0.0000000000
78894  -16.819  6.065  42.652 0.0000000000
78907  -15.404  5.931  41.603 0.0000000000
78908  -17.392  6.234  42.127 0.0000000000
78920  -14.990  5.438  40.687 0.0000000000
78921  -15.360  6.276  40.654 0.0000000000
78922  -17.430  6.018  41.220 0.0000000000
78934  -15.067  5.834  39.516 0.0000000000
78935  -15.477  6.489  40.015 0.0000000000
78936  -17.570  5.815  40.252 0.0000000000
78949  -14.717  5.839  38.246 0.0000000000
78950  -17.542  5.724  39.200 0.0000000000
78961  -13.499  5.696  37.001 0.0000000000
78962  -14.138  5.586  37.527 0.0000000000
78963  -17.604  5.583  38.104 0.0000000000
78964  -24.486  5.601  37.008 0.0000000000
78965  -24.738  5.846  37.480 0.0000000000
78975  -17.388  5.443  37.012 0.0000000000
78976  -24.296  5.503  36.518 0.0000000000
78977  -24.672  5.939  36.678 0.0000000000
78983  -17.351  5.289  35.904 0.0000000000
78984  -24.114  5.429  35.764 0.0000000000
78985  -24.489  5.898  35.908 0.0000000000
78990  -17.293  5.186  34.785 0.0000000000
78991  -24.157  5.463  34.858 0.0000000000
78992  -24.390  5.736  35.373 0.0000000000
79003  -17.449  5.172  33.676 0.0000000000
79004  -23.313  5.256  33.157 0.0000000000
79005  -23.623  5.358  33.816 0.0000000000
79015  -17.538  5.151  32.576 0.0000000000
79016  -23.109  5.246  32.589 0.0000000000
79017  -23.622  5.748  32.816 0.0000000000
79030  -17.668  5.094  31.509 0.0000000000
79031  -22.882  5.239  31.734 0.0000000000
79032  -23.412  5.896  31.942 0.0000000000
79045  -17.796  5.294  30.639 0.0000000000
79046  -18.137  5.494  29.741 0.0000000000
79047  -22.724  5.179  30.801 0.0000000000
79048  -23.350  5.774  31.007 0.0000000000
79061  -18.455  5.696  28.793 0.0000000000
79062  -22.613  5.138  29.849 0.0000000000
79063  -23.213  5.688  30.035 0.0000000000
79081  -18.954  5.699  27.946 0.0000000000
79082  -19.334  5.381  27.849 0.0000000000
79083  -21.841  4.860  28.155 0.0000000000
79084  -22.629  5.272  28.667 0.0000000000
79085  -23.047  5.549  29.362 0.0000000000
79100  -19.151  5.909  27.359 0.0000000000
79101  -19.561  5.534  27.316 0.0000000000
79102  -20.404  5.236  27.191 0.0000000000
79103  -21.293  5.068  27.471 0.0000000000
79104  -22.215  5.419  27.556 0.0000000000
79113  -19.617  5.917  26.744 0.0000000000
79114  -20.133  5.779  26.458 0.0000000000
79115  -21.087  5.503  26.473 0.0000000000
79116  -21.845  5.548  26.851 0.0000000000
79122  -20.312  6.033  25.963 0.0000000000
79123  -20.644  5.877  25.952 0.0000000000
80158  -16.021  6.124  43.047 0.0000000000
80170  -15.849  6.341  42.395 0.0000000000
80171  -16.534  6.516  42.533 0.0000000000
80172  -17.210  6.795  42.393 0.0000000000
80186  -15.750  6.781  41.446 0.0000000000
80187  -17.720  7.109  42.079 0.0000000000
80188  -18.086  7.477  41.664 0.0000000000
80198  -15.679  7.028  40.504 0.0000000000
80199  -17.830  6.824  41.517 0.0000000000
80200  -18.296  7.377  41.048 0.0000000000
80211  -15.005  6.355  38.904 0.0000000000
80212  -15.430  6.951  39.407 0.0000000000
80213  -17.911  6.648  40.668 0.0000000000
80214  -18.313  7.300  40.162 0.0000000000
80226  -14.950  6.770  38.428 0.0000000000
80227  -15.225  7.394  38.699 0.0000000000
80228  -17.919  6.572  39.676 0.0000000000
80229  -18.289  7.327  39.238 0.0000000000
80239  -11.776  6.638  37.354 0.0000000000
80240  -12.823  6.561  37.108 0.0000000000
80241  -14.130  6.647  37.516 0.0000000000
80242  -17.870  6.659  38.525 0.0000000000
80243  -18.322  7.499  38.454 0.0000000000
80253  -11.973  5.984  36.778 0.0000000000
80254  -12.758  5.741  36.560 0.0000000000
80255  -17.620  6.463  37.365 0.0000000000
80256  -25.124  6.426  37.029 0.0000000000
80257  -25.576  6.998  36.547 0.0000000000
80263  -17.547  6.293  36.257 0.0000000000
80264  -25.000  6.414  36.127 0.0000000000
80265  -25.438  7.051  35.628 0.0000000000
80271  -17.435  6.163  35.173 0.0000000000
80272  -24.401  5.875  34.684 0.0000000000
80273  -24.717  6.308  34.982 0.0000000000
80274  -25.299  7.184  34.887 0.0000000000
80282  -17.484  6.066  34.133 0.0000000000
80283  -24.282  5.959  34.241 0.0000000000
80284  -24.705  6.618  33.854 0.0000000000
80291  -17.399  6.159  33.043 0.0000000000
80292  -17.663  6.835  32.300 0.0000000000
80293  -24.174  6.185  33.286 0.0000000000
80294  -24.635  6.954  32.919 0.0000000000
80299  -17.590  5.963  31.992 0.0000000000
80300  -17.693  6.649  31.383 0.0000000000
80301  -24.056  6.670  32.202 0.0000000000
80302  -24.479  7.283  32.324 0.0000000000
80307  -17.614  5.863  31.165 0.0000000000
80308  -17.806  6.323  30.385 0.0000000000
80309  -23.793  6.492  31.276 0.0000000000
80316  -18.099  6.391  29.305 0.0000000000
80317  -23.710  6.448  30.282 0.0000000000
80328  -18.472  6.454  28.346 0.0000000000
80329  -23.103  5.944  28.254 0.0000000000
80330  -23.494  6.313  28.949 0.0000000000
80342  -18.895  6.480  27.289 0.0000000000
80343  -19.321  6.027  26.979 0.0000000000
80344  -22.858  5.881  27.669 0.0000000000
80345  -23.290  6.409  27.791 0.0000000000
80351  -18.963  6.806  26.682 0.0000000000
80352  -19.508  6.411  26.294 0.0000000000
80353  -20.073  6.126  26.021 0.0000000000
80354  -21.862  5.821  26.215 0.0000000000
80355  -22.644  6.114  26.662 0.0000000000
80356  -23.069  6.310  27.213 0.0000000000
80362  -19.711  6.680  25.606 0.0000000000
80363  -20.374  6.373  25.447 0.0000000000
80364  -21.347  6.019  25.644 0.0000000000
80365  -22.170  6.317  25.695 0.0000000000
80372  -20.815  6.616  24.738 0.0000000000
80373  -21.333  6.455  24.946 0.0000000000
80374  -21.813  6.398  25.217 0.0000000000
81428  -16.374  7.168  41.961 0.0000000000
81429  -17.066  7.367  42.201 0.0000000000
81430  -17.468  7.304  42.163 0.0000000000
81443  -16.185  7.557  41.125 0.0000000000
81444  -16.918  8.112  41.449 0.0000000000
81445  -17.767  7.946  41.819 0.0000000000
81446  -18.476  8.083  41.351 0.0000000000
81460  -15.957  8.005  40.202 0.0000000000
81461  -16.426  8.144  40.900 0.0000000000
81462  -18.624  8.061  40.510 0.0000000000
81473  -15.651  7.876  39.135 0.0000000000
81474  -18.568  7.928  39.704 0.0000000000
81486  -11.935  7.871  38.347 0.0000000000
81487  -14.667  7.549  38.126 0.0000000000
81488  -15.185  7.914  38.587 0.0000000000
81489  -18.723  8.041  38.913 0.0000000000
81499  -12.206  7.486  37.765 0.0000000000
81500  -13.262  7.423  37.486 0.0000000000
81501  -14.002  7.614  37.609 0.0000000000
81502  -18.046  7.392  37.655 0.0000000000
81503  -18.671  8.104  37.971 0.0000000000
81504  -26.070  7.569  36.971 0.0000000000
81513  -17.787  7.296  36.613 0.0000000000
81514  -18.423  8.123  36.966 0.0000000000
81515  -25.952  7.854  36.125 0.0000000000
81516  -26.287  8.193  36.663 0.0000000000
81525  -17.756  7.110  35.524 0.0000000000
81526  -18.169  8.039  35.883 0.0000000000
81527  -25.739  7.889  35.189 0.0000000000
81536  -17.698  6.938  34.484 0.0000000000
81537  -18.190  7.802  34.784 0.0000000000
81538  -25.126  7.017  34.297 0.0000000000
81539  -25.486  7.746  34.356 0.0000000000
81547  -17.625  6.766  33.671 0.0000000000
81548  -17.942  7.599  33.665 0.0000000000
81549  -25.100  7.521  33.536 0.0000000000
81550  -25.527  8.269  33.780 0.0000000000
81558  -17.579  7.041  33.058 0.0000000000
81559  -17.834  7.643  32.635 0.0000000000
81560  -24.814  7.803  32.599 0.0000000000
81565  -17.839  7.509  31.715 0.0000000000
81566  -24.134  6.992  31.457 0.0000000000
81567  -24.471  7.711  31.606 0.0000000000
81573  -17.857  7.336  30.773 0.0000000000
81574  -24.130  7.156  30.783 0.0000000000
81575  -24.347  8.040  30.447 0.0000000000
81581  -18.015  7.205  29.833 0.0000000000
81582  -24.079  7.369  29.677 0.0000000000
81583  -24.348  8.236  29.651 0.0000000000
81593  -18.218  7.218  28.912 0.0000000000
81594  -24.031  7.363  28.696 0.0000000000
81601  -18.476  7.305  27.963 0.0000000000
81602  -23.749  7.122  27.912 0.0000000000
81606  -18.737  7.421  26.959 0.0000000000
81607  -18.967  7.047  26.300 0.0000000000
81608  -22.947  6.630  26.453 0.0000000000
81609  -23.336  6.938  26.820 0.0000000000
81618  -18.762  7.681  26.095 0.0000000000
81619  -19.253  7.131  25.620 0.0000000000
81620  -19.795  6.927  25.150 0.0000000000
81621  -22.874  6.818  25.903 0.0000000000
81622  -23.299  7.545  25.982 0.0000000000
81633  -18.841  7.799  25.329 0.0000000000
81634  -19.373  7.537  24.671 0.0000000000
81635  -20.314  7.017  24.482 0.0000000000
81636  -21.248  6.866  24.260 0.0000000000
81637  -22.308  6.938  24.704 0.0000000000
81652  -19.913  7.757  23.801 0.0000000000
81653  -20.818  7.491  23.657 0.0000000000
81654  -21.787  7.507  23.724 0.0000000000
81655  -22.414  7.731  23.989 0.0000000000
82802  -17.085  8.790  41.162 0.0000000000
82803  -17.623  9.003  41.269 0.0000000000
82804  -18.381  8.879  41.345 0.0000000000
82814  -16.168  8.665  40.112 0.0000000000
82815  -16.621  8.876  40.650 0.0000000000
82816  -17.139  9.110  41.022 0.0000000000
82817  -18.882  8.815  40.822 0.0000000000
82827  -12.319  8.845  39.209 0.0000000000
82828  -15.831  8.768  39.492 0.0000000000
82829  -16.253  8.994  40.057 0.0000000000
82830  -18.933  8.892  39.642 0.0000000000
82831  -19.256  9.515  39.295 0.0000000000
82840  -12.589  8.459  38.430 0.0000000000
82841  -13.840  8.630  38.242 0.0000000000
82842  -14.754  8.391  38.383 0.0000000000
82843  -15.401  8.376  38.802 0.0000000000
82844  -19.133  8.720  38.480 0.0000000000
82845  -19.297  9.360  38.762 0.0000000000
82852  -12.861  7.944  37.745 0.0000000000
82853  -13.461  8.118  37.768 0.0000000000
82854  -14.183  8.102  37.937 0.0000000000
82855  -19.097  9.013  37.456 0.0000000000
82856  -19.382  9.208  38.162 0.0000000000
82862  -18.644  8.929  36.288 0.0000000000
82863  -26.238  8.574  36.267 0.0000000000
82864  -26.574  8.905  36.692 0.0000000000
82874  -18.489  8.788  35.154 0.0000000000
82875  -26.160  8.895  35.651 0.0000000000
82876  -26.312  9.043  36.177 0.0000000000
82892  -18.300  8.585  34.061 0.0000000000
82893  -25.984  8.745  34.503 0.0000000000
82901  -18.189  8.423  33.025 0.0000000000
82902  -25.197  8.439  33.101 0.0000000000
82903  -25.608  9.029  33.538 0.0000000000
82910  -17.995  8.336  32.072 0.0000000000
82911  -25.092  8.936  32.156 0.0000000000
82912  -25.273  9.065  32.955 0.0000000000
82917  -18.011  8.191  31.145 0.0000000000
82918  -24.665  8.860  30.967 0.0000000000
82923  -18.046  8.041  30.218 0.0000000000
82924  -24.476  8.884  30.005 0.0000000000
82931  -18.170  7.859  29.437 0.0000000000
82932  -24.350  8.060  28.954 0.0000000000
82933  -24.577  8.789  29.174 0.0000000000
82944  -18.294  8.055  28.666 0.0000000000
82945  -24.117  8.083  28.066 0.0000000000
82946  -24.400  8.656  28.524 0.0000000000
82953  -18.411  8.209  27.686 0.0000000000
82954  -23.830  7.771  27.278 0.0000000000
82961  -18.546  8.376  26.705 0.0000000000
82962  -23.694  8.045  26.485 0.0000000000
82977  -18.478  8.438  25.723 0.0000000000
82978  -23.077  7.525  25.255 0.0000000000
82979  -23.512  8.397  25.499 0.0000000000
82996  -18.639  8.431  24.637 0.0000000000
82997  -19.226  8.155  23.970 0.0000000000
82998  -22.982  8.193  24.448 0.0000000000
82999  -23.437  9.052  24.804 0.0000000000
83017  -18.918  8.803  23.737 0.0000000000
83018  -19.560  8.551  23.245 0.0000000000
83019  -20.374  8.181  23.113 0.0000000000
83020  -21.297  8.131  23.054 0.0000000000
83021  -22.306  8.538  23.379 0.0000000000
83040  -20.014  8.723  22.697 0.0000000000
83041  -20.726  8.782  22.593 0.0000000000
83042  -21.587  8.931  22.695 0.0000000000
83043  -22.094  9.230  22.855 0.0000000000
84075  -17.815  9.780  41.189 0.0000000000
84076  -18.268  9.746  41.269 0.0000000000
84081  -12.864  9.924  40.225 0.0000000000
84082  -16.767  9.412  40.449 0.0000000000
84083  -17.229  9.724  40.723 0.0000000000
84084  -18.905  9.666  40.983 0.0000000000
84085  -19.304  9.951  40.478 0.0000000000
84092  -12.337  9.341  39.809 0.0000000000
84093  -13.275  9.761  39.515 0.0000000000
84094  -14.159  9.729  39.161 0.0000000000
84095  -15.258  9.627  39.184 0.0000000000
84096  -16.416  9.634  39.933 0.0000000000
84097  -16.898  10.321  40.234 0.0000000000
84098  -19.128  9.432  40.391 0.0000000000
84099  -19.438  9.803  39.794 0.0000000000
84106  -12.812  9.129  39.131 0.0000000000
84107  -13.523  9.182  38.802 0.0000000000
84108  -14.496  9.156  38.626 0.0000000000
84109  -15.298  8.953  38.693 0.0000000000
84110  -19.289  9.981  38.976 0.0000000000
84117  -19.217  9.704  37.344 0.0000000000
84118  -19.516  9.849  38.007 0.0000000000
84126  -18.969  9.698  36.717 0.0000000000
84143  -18.694  9.824  35.587 0.0000000000
84144  -26.285  9.505  35.647 0.0000000000
84145  -26.393  9.796  36.054 0.0000000000
84162  -18.443  9.566  34.413 0.0000000000
84163  -26.316  9.823  35.198 0.0000000000
84164  -26.355  10.306  35.583 0.0000000000
84172  -18.289  9.315  33.387 0.0000000000
84173  -25.959  9.890  34.073 0.0000000000
84177  -18.203  9.134  32.421 0.0000000000
84178  -25.142  10.055  32.098 0.0000000000
84179  -25.377  9.841  32.993 0.0000000000
84185  -18.215  8.978  31.509 0.0000000000
84186  -24.921  9.896  31.285 0.0000000000
84193  -17.980  9.581  30.217 0.0000000000
84194  -18.185  8.855  30.600 0.0000000000
84195  -24.699  9.682  30.341 0.0000000000
84206  -17.918  9.662  29.188 0.0000000000
84207  -18.133  8.726  29.538 0.0000000000
84208  -24.666  9.580  29.439 0.0000000000
84220  -17.787  9.777  28.139 0.0000000000
84221  -18.148  8.936  28.438 0.0000000000
84222  -24.227  8.907  27.985 0.0000000000
84223  -24.519  9.447  28.507 0.0000000000
84231  -17.718  9.957  27.063 0.0000000000
84232  -18.195  9.108  27.400 0.0000000000
84233  -24.032  8.704  27.194 0.0000000000
84234  -24.278  9.545  27.596 0.0000000000
84245  -17.490  9.935  25.943 0.0000000000
84246  -18.137  9.201  26.346 0.0000000000
84247  -23.942  8.959  26.234 0.0000000000
84248  -24.202  9.534  26.728 0.0000000000
84261  -17.665  10.036  24.859 0.0000000000
84262  -18.069  9.231  25.253 0.0000000000
84263  -23.881  9.560  25.437 0.0000000000
84264  -24.186  9.528  26.113 0.0000000000
84276  -17.820  10.133  24.253 0.0000000000
84277  -18.276  9.561  24.066 0.0000000000
84278  -23.104  9.540  24.004 0.0000000000
84279  -23.525  9.621  24.734 0.0000000000
84289  -19.014  9.456  22.887 0.0000000000
84290  -19.609  9.018  22.733 0.0000000000
84291  -22.437  9.573  23.146 0.0000000000
84309  -19.394  10.001  22.373 0.0000000000
84310  -20.006  9.523  22.347 0.0000000000
84311  -21.074  9.610  22.357 0.0000000000
84312  -21.795  9.620  22.582 0.0000000000
84313  -22.140  9.611  22.793 0.0000000000
85397  -17.899  10.628  41.304 0.0000000000
85398  -18.709  10.479  41.141 0.0000000000
85401  -12.886  10.204  40.698 0.0000000000
85402  -13.567  10.508  40.285 0.0000000000
85403  -14.691  10.853  40.236 0.0000000000
85404  -15.654  11.145  40.258 0.0000000000
85405  -16.516  11.227  40.424 0.0000000000
85406  -17.223  10.870  40.664 0.0000000000
85407  -19.169  10.347  40.744 0.0000000000
85408  -19.588  10.480  40.256 0.0000000000
85411  -13.867  10.109  39.599 0.0000000000
85412  -14.517  10.254  39.638 0.0000000000
85413  -15.523  10.398  39.763 0.0000000000
85414  -16.376  10.630  39.979 0.0000000000
85415  -16.814  10.783  40.264 0.0000000000
85416  -19.228  10.917  39.078 0.0000000000
85417  -19.463  10.592  39.443 0.0000000000
85426  -19.186  11.034  38.736 0.0000000000
85427  -19.328  10.652  38.544 0.0000000000
85439  -19.157  10.227  37.249 0.0000000000
85440  -19.338  10.626  37.802 0.0000000000
85453  -18.797  10.423  36.442 0.0000000000
85469  -18.416  10.603  35.672 0.0000000000
85470  -26.165  11.298  35.282 0.0000000000
85471  -26.308  11.021  35.691 0.0000000000
85479  -17.704  10.797  34.373 0.0000000000
85480  -18.042  10.556  34.721 0.0000000000
85481  -26.114  10.934  34.837 0.0000000000
85482  -26.311  10.537  35.335 0.0000000000
85491  -17.703  10.732  33.966 0.0000000000
85492  -18.106  10.160  33.715 0.0000000000
85493  -25.585  10.915  33.653 0.0000000000
85499  -17.695  10.592  33.096 0.0000000000
85500  -18.076  9.934  32.757 0.0000000000
85501  -24.938  10.559  31.734 0.0000000000
85502  -25.118  10.924  32.502 0.0000000000
85510  -17.800  10.495  32.130 0.0000000000
85511  -18.153  9.769  31.809 0.0000000000
85512  -24.944  10.634  31.204 0.0000000000
85522  -17.940  10.337  31.016 0.0000000000
85523  -18.279  9.554  31.010 0.0000000000
85524  -24.879  10.450  30.573 0.0000000000
85535  -17.684  10.365  29.913 0.0000000000
85536  -24.801  10.345  29.743 0.0000000000
85547  -17.561  10.469  28.886 0.0000000000
85548  -24.734  10.321  28.870 0.0000000000
85549  -24.835  10.712  28.428 0.0000000000
85558  -17.305  10.584  27.851 0.0000000000
85559  -24.595  10.290  28.002 0.0000000000
85560  -24.966  10.826  27.989 0.0000000000
85570  -16.703  11.276  26.574 0.0000000000
85571  -16.965  10.875  26.727 0.0000000000
85572  -24.488  10.216  27.103 0.0000000000
85577  -16.671  11.317  26.139 0.0000000000
85578  -17.082  10.816  25.418 0.0000000000
85579  -24.108  10.493  25.403 0.0000000000
85580  -24.457  10.159  26.122 0.0000000000
85590  -17.526  10.739  24.314 0.0000000000
85591  -17.929  10.293  23.838 0.0000000000
85592  -23.092  10.630  24.064 0.0000000000
85593  -23.588  10.342  24.735 0.0000000000
85604  -17.791  10.858  23.443 0.0000000000
85605  -18.247  10.227  23.157 0.0000000000
85606  -22.568  10.515  23.347 0.0000000000
85619  -18.052  10.870  22.753 0.0000000000
85620  -18.822  10.644  22.240 0.0000000000
85621  -19.757  10.418  22.028 0.0000000000
85622  -20.689  10.600  21.978 0.0000000000
85623  -21.566  10.366  22.368 0.0000000000
85624  -22.177  10.079  22.723 0.0000000000
85645  -19.058  11.231  21.722 0.0000000000
85646  -19.585  11.028  21.702 0.0000000000
85647  -20.126  10.860  21.734 0.0000000000
86671  -14.010  11.253  40.720 0.0000000000
86673  -15.899  11.743  40.886 0.0000000000
86674  -16.793  11.622  41.047 0.0000000000
86675  -17.454  11.414  41.213 0.0000000000
86693  -19.059  11.218  38.224 0.0000000000
86694  -19.363  10.925  38.089 0.0000000000
86705  -17.937  11.497  36.926 0.0000000000
86706  -18.806  10.962  37.298 0.0000000000
86707  -19.225  10.982  37.820 0.0000000000
86720  -17.637  11.435  35.968 0.0000000000
86721  -18.309  11.025  36.270 0.0000000000
86732  -17.429  11.355  35.155 0.0000000000
86733  -17.912  10.975  35.461 0.0000000000
86744  -17.454  11.138  34.377 0.0000000000
86745  -17.657  10.958  34.952 0.0000000000
86746  -25.589  11.860  34.332 0.0000000000
86760  -17.367  11.181  33.435 0.0000000000
86761  -25.391  11.887  33.230 0.0000000000
86772  -16.885  11.667  32.076 0.0000000000
86773  -17.386  11.134  32.533 0.0000000000
86774  -24.980  11.157  31.584 0.0000000000
86775  -25.259  11.877  32.122 0.0000000000
86785  -16.758  11.499  31.072 0.0000000000
86786  -17.375  11.043  31.562 0.0000000000
86787  -25.117  11.046  30.814 0.0000000000
86788  -25.450  11.599  31.157 0.0000000000
86798  -16.902  11.476  30.218 0.0000000000
86799  -17.380  11.008  30.562 0.0000000000
86800  -25.072  10.999  30.005 0.0000000000
86801  -25.466  11.487  30.300 0.0000000000
86812  -17.311  11.089  29.607 0.0000000000
86813  -24.938  10.938  29.212 0.0000000000
86814  -25.594  11.495  29.368 0.0000000000
86815  -26.134  11.687  29.064 0.0000000000
86825  -17.066  11.163  28.651 0.0000000000
86826  -24.858  10.832  28.754 0.0000000000
86827  -25.230  11.114  28.522 0.0000000000
86828  -26.175  11.503  28.401 0.0000000000
86829  -26.736  11.645  27.942 0.0000000000
86837  -16.803  11.322  27.626 0.0000000000
86838  -24.887  10.672  27.463 0.0000000000
86839  -25.513  11.109  27.538 0.0000000000
86840  -26.374  11.686  27.315 0.0000000000
86841  -26.979  11.935  27.577 0.0000000000
86847  -16.549  11.687  26.842 0.0000000000
86848  -16.758  11.282  27.065 0.0000000000
86849  -25.021  10.779  26.684 0.0000000000
86850  -25.735  11.540  26.380 0.0000000000
86851  -26.416  12.079  26.512 0.0000000000
86855  -16.395  11.964  25.872 0.0000000000
86856  -16.695  11.515  25.418 0.0000000000
86857  -23.889  11.106  25.112 0.0000000000
86858  -24.724  11.289  25.587 0.0000000000
86859  -25.492  12.034  25.480 0.0000000000
86866  -16.539  12.033  25.094 0.0000000000
86867  -16.980  11.579  24.616 0.0000000000
86868  -22.741  11.299  23.826 0.0000000000
86869  -23.332  11.431  24.483 0.0000000000
86877  -17.417  11.512  23.803 0.0000000000
86878  -21.763  11.875  22.758 0.0000000000
86879  -22.122  11.635  23.160 0.0000000000
86889  -17.623  11.589  22.873 0.0000000000
86890  -18.120  11.296  22.305 0.0000000000
86891  -20.910  11.207  21.847 0.0000000000
86892  -21.445  11.521  22.224 0.0000000000
86893  -22.012  10.825  22.726 0.0000000000
86904  -17.831  11.912  22.137 0.0000000000
86905  -18.533  11.665  21.745 0.0000000000
86906  -19.394  11.738  21.463 0.0000000000
86907  -20.447  11.564  21.637 0.0000000000
86908  -21.049  12.147  21.762 0.0000000000
87989  -18.422  11.615  37.717 0.0000000000
88003  -17.267  12.032  36.463 0.0000000000
88012  -16.708  12.554  35.884 0.0000000000
88013  -17.068  11.918  35.510 0.0000000000
88022  -16.739  12.588  34.942 0.0000000000
88023  -16.953  11.830  34.627 0.0000000000
88039  -16.501  12.472  34.019 0.0000000000
88040  -16.954  11.784  33.698 0.0000000000
88041  -25.469  12.808  33.912 0.0000000000
88051  -16.396  12.380  32.823 0.0000000000
88052  -17.049  11.673  32.906 0.0000000000
88053  -25.918  12.783  32.808 0.0000000000
88054  -26.403  13.123  32.550 0.0000000000
88065  -25.923  12.279  31.524 0.0000000000
88066  -26.726  12.922  31.858 0.0000000000
88067  -27.354  13.151  31.641 0.0000000000
88078  -25.902  11.939  30.530 0.0000000000
88079  -26.636  12.400  30.701 0.0000000000
88080  -27.625  12.912  30.933 0.0000000000
88081  -28.235  13.196  30.572 0.0000000000
88090  -25.774  11.787  29.933 0.0000000000
88091  -26.326  12.018  29.570 0.0000000000
88092  -27.332  12.499  29.753 0.0000000000
88093  -28.201  12.903  29.972 0.0000000000
88102  -26.455  11.782  28.886 0.0000000000
88103  -27.118  12.064  28.465 0.0000000000
88104  -28.095  12.770  28.893 0.0000000000
88112  -26.956  12.242  26.882 0.0000000000
88113  -27.487  12.371  27.332 0.0000000000
88114  -28.097  12.688  27.733 0.0000000000
88121  -26.222  12.279  25.796 0.0000000000
88122  -26.879  12.549  26.138 0.0000000000
88123  -27.630  12.839  26.396 0.0000000000
88124  -27.976  12.762  27.005 0.0000000000
88129  -23.960  11.920  25.015 0.0000000000
88130  -24.707  12.595  24.972 0.0000000000
88131  -25.882  12.745  25.008 0.0000000000
88132  -26.782  12.921  25.434 0.0000000000
88133  -27.279  12.944  25.825 0.0000000000
88134  -34.785  12.861  25.243 0.0000000000
88135  -35.085  12.802  25.233 0.0000000000
88140  -16.557  12.531  24.259 0.0000000000
88141  -17.115  12.003  24.066 0.0000000000
88142  -21.901  12.828  23.764 0.0000000000
88143  -22.513  12.256  24.107 0.0000000000
88144  -23.409  12.430  24.620 0.0000000000
88145  -23.979  12.552  24.798 0.0000000000
88146  -34.786  12.716  24.938 0.0000000000
88147  -34.980  12.682  25.046 0.0000000000
88152  -16.771  12.988  23.240 0.0000000000
88153  -17.144  12.217  23.443 0.0000000000
88154  -21.752  12.487  22.875 0.0000000000
88155  -22.048  12.285  23.498 0.0000000000
88156  -32.258  12.731  23.097 0.0000000000
88157  -33.333  12.574  23.260 0.0000000000
88158  -34.277  12.641  23.291 0.0000000000
88159  -35.044  12.736  23.271 0.0000000000
88160  -35.461  12.908  23.199 0.0000000000
88166  -17.220  12.654  22.412 0.0000000000
88167  -21.325  12.557  22.060 0.0000000000
88168  -32.059  12.562  21.980 0.0000000000
88169  -32.997  12.455  22.276 0.0000000000
88170  -33.924  12.503  22.463 0.0000000000
88171  -34.720  12.620  22.585 0.0000000000
88172  -35.350  12.834  22.705 0.0000000000
88176  -17.941  12.580  21.595 0.0000000000
88177  -18.879  12.566  21.243 0.0000000000
88178  -19.915  12.589  21.286 0.0000000000
88179  -20.694  12.584  21.572 0.0000000000
88180  -21.047  12.573  21.750 0.0000000000
88181  -31.023  12.643  20.741 0.0000000000
88182  -31.883  12.499  20.990 0.0000000000
88183  -32.767  12.425  21.271 0.0000000000
88184  -33.697  12.459  21.534 0.0000000000
88185  -34.489  12.593  21.798 0.0000000000
88186  -35.131  12.774  21.949 0.0000000000
88192  -30.907  12.680  19.761 0.0000000000
88193  -31.674  12.515  20.056 0.0000000000
88194  -32.536  12.449  20.299 0.0000000000
88195  -33.471  12.484  20.556 0.0000000000
88196  -34.515  12.662  20.864 0.0000000000
88197  -34.904  12.731  21.405 0.0000000000
88208  -30.819  12.533  18.959 0.0000000000
88209  -31.461  12.547  19.197 0.0000000000
88210  -32.269  12.498  19.364 0.0000000000
88211  -33.180  12.482  19.579 0.0000000000
88212  -34.123  12.653  19.810 0.0000000000
88229  -31.904  12.598  18.539 0.0000000000
88230  -32.882  12.574  18.537 0.0000000000
88231  -33.796  12.485  18.928 0.0000000000
89250  -25.855  13.626  33.630 0.0000000000
89251  -26.512  14.048  33.469 0.0000000000
89252  -26.972  14.204  33.389 0.0000000000
89264  -26.014  13.254  33.194 0.0000000000
89265  -26.331  13.418  33.031 0.0000000000
89266  -26.968  13.830  32.921 0.0000000000
89267  -27.597  13.987  32.659 0.0000000000
89277  -26.732  13.356  32.503 0.0000000000
89278  -27.310  13.471  32.183 0.0000000000
89279  -28.054  13.778  32.109 0.0000000000
89286  -27.757  13.356  31.604 0.0000000000
89287  -28.380  13.625  31.138 0.0000000000
89288  -29.013  13.912  30.613 0.0000000000
89294  -28.665  13.458  30.244 0.0000000000
89295  -29.329  13.870  29.866 0.0000000000
89301  -28.748  13.392  29.321 0.0000000000
89302  -29.311  14.026  28.875 0.0000000000
89308  -28.821  13.450  28.114 0.0000000000
89309  -29.340  14.234  28.053 0.0000000000
89310  -34.197  14.079  27.173 0.0000000000
89311  -34.609  13.958  27.145 0.0000000000
89312  -35.459  13.797  27.053 0.0000000000
89313  -36.236  13.723  26.951 0.0000000000
89321  -27.960  13.277  26.150 0.0000000000
89322  -28.422  13.472  26.693 0.0000000000
89323  -33.506  13.999  26.439 0.0000000000
89324  -33.946  13.864  26.733 0.0000000000
89325  -34.873  13.508  26.470 0.0000000000
89326  -35.778  13.442  26.336 0.0000000000
89327  -36.757  13.611  26.267 0.0000000000
89328  -37.532  13.727  25.848 0.0000000000
89334  -24.484  13.434  24.690 0.0000000000
89335  -25.229  13.583  24.730 0.0000000000
89336  -26.449  13.719  24.783 0.0000000000
89337  -27.650  13.692  25.518 0.0000000000
89338  -28.520  14.386  25.896 0.0000000000
89339  -32.756  14.077  25.644 0.0000000000
89340  -33.249  13.895  25.933 0.0000000000
89341  -34.271  13.298  25.700 0.0000000000
89342  -35.173  13.088  25.638 0.0000000000
89343  -36.051  13.249  25.487 0.0000000000
89344  -36.941  13.528  25.247 0.0000000000
89352  -21.731  13.394  24.039 0.0000000000
89353  -22.158  13.269  24.291 0.0000000000
89354  -22.930  13.154  24.548 0.0000000000
89355  -23.843  13.266  24.659 0.0000000000
89356  -27.032  14.301  24.744 0.0000000000
89357  -27.449  14.687  24.955 0.0000000000
89358  -31.823  14.028  24.642 0.0000000000
89359  -32.426  13.917  25.057 0.0000000000
89360  -33.506  13.311  24.952 0.0000000000
89361  -34.430  12.819  24.840 0.0000000000
89362  -35.275  12.792  24.837 0.0000000000
89363  -36.250  13.211  24.542 0.0000000000
89364  -37.176  13.403  24.290 0.0000000000
89372  -21.615  13.485  23.439 0.0000000000
89373  -30.832  14.044  23.626 0.0000000000
89374  -31.493  13.768  23.946 0.0000000000
89375  -32.780  13.100  24.113 0.0000000000
89376  -33.842  12.815  24.096 0.0000000000
89377  -34.747  12.792  24.018 0.0000000000
89378  -35.584  12.981  23.784 0.0000000000
89379  -36.439  13.285  23.600 0.0000000000
89389  -20.903  13.908  21.889 0.0000000000
89390  -21.229  13.603  22.319 0.0000000000
89391  -29.868  14.053  22.719 0.0000000000
89392  -30.400  13.884  23.013 0.0000000000
89393  -31.289  13.079  22.571 0.0000000000
89394  -35.854  13.079  23.022 0.0000000000
89395  -36.523  13.327  22.668 0.0000000000
89404  -19.376  13.558  21.032 0.0000000000
89405  -20.531  13.661  21.492 0.0000000000
89406  -21.038  13.003  21.753 0.0000000000
89407  -29.671  13.807  22.225 0.0000000000
89408  -30.437  13.226  21.635 0.0000000000
89409  -31.316  12.741  21.593 0.0000000000
89410  -35.800  13.058  22.172 0.0000000000
89411  -36.494  13.332  21.653 0.0000000000
89419  -28.842  13.839  20.503 0.0000000000
89420  -29.324  13.738  20.886 0.0000000000
89421  -30.228  13.033  20.331 0.0000000000
89422  -34.974  12.828  20.677 0.0000000000
89423  -35.448  12.996  21.023 0.0000000000
89424  -36.560  13.370  20.562 0.0000000000
89432  -28.801  13.659  20.012 0.0000000000
89433  -29.522  13.281  19.656 0.0000000000
89434  -30.245  12.814  19.295 0.0000000000
89435  -34.946  12.870  20.154 0.0000000000
89436  -35.793  13.134  19.769 0.0000000000
89448  -28.885  13.577  18.830 0.0000000000
89449  -29.778  13.126  18.572 0.0000000000
89451  -33.781  12.774  18.042 0.0000000000
89452  -34.861  12.875  18.779 0.0000000000
89469  -28.632  13.700  17.982 0.0000000000
89470  -29.310  13.567  17.801 0.0000000000
90452  -27.788  14.777  33.648 0.0000000000
90461  -27.440  14.304  33.251 0.0000000000
90462  -28.268  14.513  32.894 0.0000000000
90463  -29.004  14.775  32.451 0.0000000000
90469  -28.698  14.241  31.919 0.0000000000
90470  -29.351  14.734  31.690 0.0000000000
90476  -28.977  14.228  31.178 0.0000000000
90477  -29.477  14.622  30.592 0.0000000000
90483  -29.697  14.658  29.467 0.0000000000
90489  -29.645  14.788  28.488 0.0000000000
90490  -34.412  14.912  28.094 0.0000000000
90491  -34.844  14.835  28.143 0.0000000000
90492  -35.707  14.578  28.298 0.0000000000
90493  -36.672  14.382  28.296 0.0000000000
90494  -37.683  14.394  28.132 0.0000000000
90501  -29.149  14.105  27.350 0.0000000000
90502  -29.592  14.931  27.504 0.0000000000
90503  -32.860  15.030  27.011 0.0000000000
90504  -33.125  14.842  27.172 0.0000000000
90505  -34.046  14.535  27.558 0.0000000000
90506  -35.132  14.294  27.644 0.0000000000
90507  -36.049  14.042  27.645 0.0000000000
90508  -37.043  13.896  27.352 0.0000000000
90509  -38.064  14.219  27.180 0.0000000000
90516  -29.196  14.692  26.532 0.0000000000
90517  -29.658  15.422  26.782 0.0000000000
90518  -32.802  14.856  26.727 0.0000000000
90519  -33.322  14.279  26.649 0.0000000000
90520  -33.742  14.164  27.022 0.0000000000
90521  -37.586  13.853  26.562 0.0000000000
90531  -21.601  14.805  24.953 0.0000000000
90532  -22.025  14.604  25.156 0.0000000000
90533  -22.923  14.515  25.212 0.0000000000
90534  -24.108  14.316  24.714 0.0000000000
90535  -25.665  14.770  24.699 0.0000000000
90536  -26.483  14.473  24.681 0.0000000000
90537  -28.050  15.044  25.387 0.0000000000
90538  -28.839  15.280  25.788 0.0000000000
90539  -31.933  14.688  25.553 0.0000000000
90540  -32.588  14.436  25.950 0.0000000000
90541  -33.052  14.192  26.173 0.0000000000
90551  -21.639  14.183  24.330 0.0000000000
90552  -22.490  13.942  24.676 0.0000000000
90553  -23.334  13.834  24.731 0.0000000000
90554  -23.761  13.812  24.652 0.0000000000
90555  -26.108  15.424  24.711 0.0000000000
90556  -26.748  15.116  24.674 0.0000000000
90557  -27.532  15.350  24.863 0.0000000000
90558  -31.038  14.807  24.493 0.0000000000
90559  -31.581  14.448  24.899 0.0000000000
90560  -32.113  14.350  25.379 0.0000000000
90570  -20.971  14.811  22.670 0.0000000000
90571  -21.234  14.392  23.240 0.0000000000
90572  -30.040  14.899  23.495 0.0000000000
90573  -30.693  14.576  23.822 0.0000000000
90574  -31.204  14.403  24.280 0.0000000000
90584  -20.812  14.445  22.001 0.0000000000
90585  -21.085  14.318  22.545 0.0000000000
90586  -28.922  14.920  22.262 0.0000000000
90587  -29.583  14.539  22.850 0.0000000000
90588  -30.133  14.429  23.346 0.0000000000
90600  -20.395  14.515  21.493 0.0000000000
90601  -27.697  14.903  20.969 0.0000000000
90602  -28.452  14.772  21.553 0.0000000000
90603  -29.093  14.302  21.853 0.0000000000
90614  -27.580  14.602  19.986 0.0000000000
90615  -28.434  14.180  20.589 0.0000000000
90616  -28.815  14.232  21.224 0.0000000000
90626  -26.897  14.997  18.453 0.0000000000
90627  -27.481  14.466  18.941 0.0000000000
90628  -28.142  13.967  19.469 0.0000000000
90637  -27.099  15.137  17.675 0.0000000000
90638  -27.527  14.511  17.930 0.0000000000
90639  -28.119  13.981  18.367 0.0000000000
90652  -27.346  15.340  17.326 0.0000000000
90653  -27.684  14.990  17.326 0.0000000000
90654  -28.585  14.430  17.252 0.0000000000
90655  -29.789  13.982  17.057 0.0000000000
90669  -28.987  14.963  16.585 0.0000000000
90670  -29.567  14.721  16.576 0.0000000000
90671  -30.570  14.408  16.616 0.0000000000
91639  -28.880  15.191  33.027 0.0000000000
91640  -29.453  15.553  32.493 0.0000000000
91646  -29.934  15.471  31.317 0.0000000000
91647  -30.395  15.912  30.835 0.0000000000
91655  -30.085  15.465  30.072 0.0000000000
91656  -30.642  16.196  30.148 0.0000000000
91667  -30.140  15.325  28.945 0.0000000000
91668  -30.434  16.007  29.260 0.0000000000
91680  -29.937  15.498  28.095 0.0000000000
91681  -30.314  15.939  28.415 0.0000000000
91682  -32.731  15.863  28.025 0.0000000000
91683  -33.500  15.683  28.328 0.0000000000
91684  -34.380  15.450  28.445 0.0000000000
91685  -35.358  15.258  28.717 0.0000000000
91686  -36.252  15.022  28.949 0.0000000000
91697  -30.058  15.840  27.314 0.0000000000
91698  -30.229  15.916  27.871 0.0000000000
91699  -32.655  15.385  27.149 0.0000000000
91700  -33.284  15.220  27.748 0.0000000000
91701  -33.793  15.194  28.058 0.0000000000
91711  -21.917  15.997  26.291 0.0000000000
91712  -22.623  15.984  26.306 0.0000000000
91713  -23.065  16.085  26.239 0.0000000000
91714  -29.358  15.661  26.204 0.0000000000
91715  -29.753  16.049  26.520 0.0000000000
91716  -31.747  15.600  26.163 0.0000000000
91717  -32.318  15.204  26.423 0.0000000000
91727  -21.138  15.855  25.083 0.0000000000
91728  -21.578  15.377  25.476 0.0000000000
91729  -22.345  15.256  25.781 0.0000000000
91730  -23.359  15.569  25.657 0.0000000000
91731  -24.614  15.621  25.097 0.0000000000
91732  -25.613  15.848  24.839 0.0000000000
91733  -28.577  15.729  25.328 0.0000000000
91734  -29.116  16.152  25.548 0.0000000000
91735  -29.459  16.199  26.070 0.0000000000
91736  -30.949  15.769  25.240 0.0000000000
91737  -31.487  15.240  25.523 0.0000000000
91738  -32.035  15.063  25.897 0.0000000000
91747  -20.998  15.664  24.299 0.0000000000
91748  -21.306  15.114  24.730 0.0000000000
91749  -26.394  15.963  24.674 0.0000000000
91750  -27.221  15.974  24.661 0.0000000000
91751  -28.112  15.943  24.867 0.0000000000
91752  -28.677  16.149  25.114 0.0000000000
91753  -30.073  16.088  24.263 0.0000000000
91754  -30.657  15.445  24.513 0.0000000000
91755  -31.035  15.097  25.003 0.0000000000
91765  -20.934  15.428  23.304 0.0000000000
91766  -21.146  14.924  24.019 0.0000000000
91767  -28.880  16.218  23.056 0.0000000000
91768  -29.592  15.617  23.487 0.0000000000
91769  -30.293  15.389  23.838 0.0000000000
91778  -20.740  15.466  22.301 0.0000000000
91779  -28.465  15.672  22.228 0.0000000000
91780  -29.099  15.397  22.767 0.0000000000
91793  -27.440  15.807  21.174 0.0000000000
91794  -27.992  15.458  21.541 0.0000000000
91806  -26.572  15.927  19.876 0.0000000000
91807  -27.178  15.404  20.360 0.0000000000
91818  -26.419  15.685  18.888 0.0000000000
91819  -26.930  15.098  19.438 0.0000000000
91828  -26.481  15.611  17.921 0.0000000000
91840  -27.033  15.726  17.318 0.0000000000
91841  -27.666  15.602  16.993 0.0000000000
91842  -28.107  15.172  16.965 0.0000000000
91855  -28.137  15.593  16.797 0.0000000000
91856  -28.616  15.426  16.656 0.0000000000
91857  -29.419  15.520  16.549 0.0000000000
91858  -30.276  15.470  16.519 0.0000000000
91859  -31.244  15.444  16.587 0.0000000000
92909  -30.069  16.261  32.044 0.0000000000
92919  -30.304  16.044  31.369 0.0000000000
92920  -30.645  16.636  31.207 0.0000000000
92931  -31.177  16.756  30.173 0.0000000000
92932  -31.520  16.906  29.839 0.0000000000
92947  -30.847  16.600  29.378 0.0000000000
92948  -31.312  16.907  29.433 0.0000000000
92949  -32.796  16.762  29.200 0.0000000000
92968  -21.835  17.080  28.046 0.0000000000
92969  -22.166  17.088  28.236 0.0000000000
92970  -22.595  17.230  28.385 0.0000000000
92971  -30.651  16.407  28.665 0.0000000000
92972  -31.220  16.871  28.633 0.0000000000
92973  -32.182  16.717  28.466 0.0000000000
92974  -33.092  16.339  28.675 0.0000000000
92975  -33.815  16.178  28.764 0.0000000000
92993  -21.744  17.128  27.687 0.0000000000
92994  -22.001  16.814  27.706 0.0000000000
92995  -22.660  16.840  27.862 0.0000000000
92996  -30.304  16.184  27.271 0.0000000000
92997  -30.544  16.336  27.697 0.0000000000
92998  -31.348  16.544  27.571 0.0000000000
92999  -32.076  16.164  27.399 0.0000000000
93015  -21.765  16.824  26.917 0.0000000000
93016  -22.300  16.522  27.002 0.0000000000
93017  -23.057  16.479  26.848 0.0000000000
93018  -23.598  16.667  26.472 0.0000000000
93019  -30.213  16.248  26.869 0.0000000000
93020  -30.657  16.449  26.699 0.0000000000
93021  -31.411  16.213  26.568 0.0000000000
93022  -32.036  15.757  26.734 0.0000000000
93038  -21.151  16.361  25.190 0.0000000000
93039  -21.391  16.465  25.784 0.0000000000
93040  -23.392  16.277  26.186 0.0000000000
93041  -24.074  16.500  25.815 0.0000000000
93042  -25.038  16.593  25.190 0.0000000000
93043  -29.225  16.637  25.307 0.0000000000
93044  -29.783  16.542  25.782 0.0000000000
93045  -30.657  16.360  25.706 0.0000000000
93046  -31.273  15.928  25.822 0.0000000000
93063  -21.035  16.395  24.661 0.0000000000
93064  -25.924  16.682  24.858 0.0000000000
93065  -26.778  16.742  24.635 0.0000000000
93066  -27.698  16.758  24.621 0.0000000000
93067  -28.672  16.720  24.893 0.0000000000
93068  -29.980  16.805  24.880 0.0000000000
93069  -30.485  16.171  24.924 0.0000000000
93079  -20.910  16.416  23.774 0.0000000000
93080  -28.831  16.929  23.201 0.0000000000
93081  -29.388  16.839  23.833 0.0000000000
93091  -20.772  16.396  22.742 0.0000000000
93092  -27.780  17.212  22.012 0.0000000000
93093  -28.220  16.918  22.463 0.0000000000
93108  -26.615  17.142  21.109 0.0000000000
93109  -27.217  16.917  21.517 0.0000000000
93110  -27.857  16.141  21.796 0.0000000000
93123  -25.734  17.223  20.092 0.0000000000
93124  -26.221  16.955  20.465 0.0000000000
93125  -26.908  16.180  20.692 0.0000000000
93135  -25.689  17.153  19.625 0.0000000000
93136  -26.057  16.484  19.312 0.0000000000
93144  -25.685  17.071  18.685 0.0000000000
93145  -26.054  16.350  18.307 0.0000000000
93153  -25.918  17.146  17.838 0.0000000000
93154  -26.568  16.541  17.413 0.0000000000
93155  -27.398  16.387  16.903 0.0000000000
93156  -31.184  17.054  17.310 0.0000000000
93157  -31.705  16.882  17.267 0.0000000000
93158  -32.329  16.813  17.052 0.0000000000
93169  -28.225  16.227  16.646 0.0000000000
93170  -29.137  16.293  16.581 0.0000000000
93171  -29.976  16.271  16.589 0.0000000000
93172  -30.899  16.447  16.872 0.0000000000
93173  -31.872  16.231  16.845 0.0000000000
94306  -31.195  17.267  30.910 0.0000000000
94307  -31.714  17.219  30.248 0.0000000000
94322  -22.721  17.835  28.968 0.0000000000
94323  -22.996  17.935  29.216 0.0000000000
94324  -31.676  17.050  29.526 0.0000000000
94325  -32.230  17.049  29.556 0.0000000000
94340  -21.848  17.620  28.174 0.0000000000
94341  -22.443  17.512  28.617 0.0000000000
94342  -23.250  17.619  28.670 0.0000000000
94343  -23.958  18.002  28.404 0.0000000000
94344  -31.473  17.076  29.137 0.0000000000
94345  -31.771  17.104  29.022 0.0000000000
94357  -21.612  17.575  27.280 0.0000000000
94358  -23.424  17.056  27.485 0.0000000000
94359  -23.947  17.732  27.681 0.0000000000
94367  -21.506  17.421  26.359 0.0000000000
94368  -23.522  16.839  26.879 0.0000000000
94369  -24.024  17.270  26.618 0.0000000000
94378  -21.179  16.847  25.106 0.0000000000
94379  -21.327  17.347  25.525 0.0000000000
94380  -24.728  17.370  25.714 0.0000000000
94381  -25.464  17.459  25.078 0.0000000000
94382  -29.204  16.987  25.052 0.0000000000
94383  -29.538  16.936  25.048 0.0000000000
94399  -21.090  17.355  24.326 0.0000000000
94400  -21.237  17.353  24.999 0.0000000000
94401  -26.277  17.506  24.727 0.0000000000
94402  -27.181  17.575  24.448 0.0000000000
94403  -28.117  17.537  24.521 0.0000000000
94404  -28.784  17.459  24.601 0.0000000000
94405  -29.253  17.343  24.507 0.0000000000
94422  -20.903  17.300  23.214 0.0000000000
94423  -28.780  17.641  23.380 0.0000000000
94424  -29.208  17.527  23.946 0.0000000000
94440  -26.899  18.159  22.032 0.0000000000
94441  -27.683  17.723  22.248 0.0000000000
94442  -28.312  17.718  22.740 0.0000000000
94457  -25.683  18.185  20.952 0.0000000000
94458  -26.464  17.633  21.296 0.0000000000
94459  -27.076  17.606  21.771 0.0000000000
94470  -25.469  17.721  20.116 0.0000000000
94471  -25.941  17.600  20.719 0.0000000000
94479  -25.250  17.716  19.048 0.0000000000
94487  -25.261  17.708  18.082 0.0000000000
94488  -32.242  17.811  18.299 0.0000000000
94499  -25.754  17.885  17.490 0.0000000000
94500  -26.450  17.589  17.238 0.0000000000
94501  -27.208  17.267  16.882 0.0000000000
94502  -29.113  17.937  17.085 0.0000000000
94503  -29.697  17.744  17.205 0.0000000000
94504  -30.610  17.370  17.314 0.0000000000
94505  -31.531  17.528  17.804 0.0000000000
94506  -32.442  17.356  17.611 0.0000000000
94521  -27.938  17.082  16.553 0.0000000000
94522  -28.843  17.285  16.734 0.0000000000
94523  -29.782  16.997  16.774 0.0000000000
94524  -30.322  16.785  16.851 0.0000000000
95565  -22.762  18.318  29.266 0.0000000000
95566  -23.360  18.434  29.386 0.0000000000
95567  -23.806  18.904  29.697 0.0000000000
95572  -22.098  18.510  28.287 0.0000000000
95573  -22.338  18.079  28.770 0.0000000000
95574  -23.510  18.118  29.095 0.0000000000
95575  -24.007  18.448  29.099 0.0000000000
95579  -21.712  18.407  27.569 0.0000000000
95580  -24.402  18.640  27.861 0.0000000000
95581  -24.871  19.300  27.359 0.0000000000
95585  -21.551  18.324  26.667 0.0000000000
95586  -24.470  18.182  26.749 0.0000000000
95587  -24.890  19.011  26.704 0.0000000000
95591  -21.430  18.206  25.778 0.0000000000
95592  -24.627  17.828  26.158 0.0000000000
95593  -25.286  18.524  25.560 0.0000000000
95594  -26.049  19.190  25.005 0.0000000000
95601  -21.298  17.969  24.991 0.0000000000
95602  -25.819  18.030  24.848 0.0000000000
95603  -26.534  18.542  24.594 0.0000000000
95604  -27.700  18.352  24.356 0.0000000000
95605  -28.485  18.205  24.276 0.0000000000
95606  -28.897  17.781  24.407 0.0000000000
95617  -28.635  18.451  23.732 0.0000000000
95618  -28.979  17.923  24.064 0.0000000000
95633  -26.732  18.841  22.306 0.0000000000
95634  -27.422  18.678  22.590 0.0000000000
95635  -28.280  18.442  22.983 0.0000000000
95651  -25.468  18.914  21.207 0.0000000000
95652  -26.218  18.683  21.630 0.0000000000
95666  -24.428  19.470  20.154 0.0000000000
95667  -24.900  18.849  20.443 0.0000000000
95682  -24.439  19.282  19.570 0.0000000000
95683  -24.837  18.471  19.390 0.0000000000
95698  -24.601  19.163  18.725 0.0000000000
95699  -24.902  18.422  18.431 0.0000000000
95700  -30.855  18.926  18.377 0.0000000000
95701  -31.584  18.559  18.591 0.0000000000
95714  -24.789  19.138  18.003 0.0000000000
95715  -25.383  18.677  17.633 0.0000000000
95716  -26.289  18.551  17.251 0.0000000000
95717  -27.315  18.308  16.987 0.0000000000
95718  -28.498  18.261  16.983 0.0000000000
95719  -29.434  18.475  17.406 0.0000000000
95720  -30.458  18.474  17.811 0.0000000000
95721  -31.023  17.948  17.929 0.0000000000
95732  -27.833  17.729  16.709 0.0000000000
95733  -28.281  17.600  16.682 0.0000000000
96595  -23.918  19.424  30.994 0.0000000000
96596  -24.333  19.705  31.203 0.0000000000
96602  -23.056  19.089  29.663 0.0000000000
96603  -23.699  19.388  30.071 0.0000000000
96604  -24.313  19.446  30.087 0.0000000000
96605  -24.782  19.934  29.828 0.0000000000
96611  -22.262  18.995  28.336 0.0000000000
96612  -22.457  18.993  28.902 0.0000000000
96613  -24.527  19.176  29.092 0.0000000000
96614  -24.856  19.830  29.258 0.0000000000
96619  -22.063  19.248  27.788 0.0000000000
96620  -22.320  19.425  28.336 0.0000000000
96621  -24.463  18.920  28.586 0.0000000000
96622  -24.893  19.649  28.121 0.0000000000
96627  -21.694  19.294  26.870 0.0000000000
96628  -25.370  19.928  26.718 0.0000000000
96629  -26.006  20.299  26.195 0.0000000000
96635  -25.292  19.379  26.085 0.0000000000
96636  -26.006  19.795  25.646 0.0000000000
96643  -26.684  19.637  24.770 0.0000000000
96644  -27.560  19.297  24.248 0.0000000000
96645  -28.061  18.749  24.240 0.0000000000
96651  -27.460  19.768  23.469 0.0000000000
96652  -27.956  19.568  23.800 0.0000000000
96653  -28.297  18.979  24.031 0.0000000000
96661  -26.176  19.804  22.427 0.0000000000
96662  -26.913  19.529  22.831 0.0000000000
96663  -27.836  19.260  23.160 0.0000000000
96664  -28.302  19.014  23.549 0.0000000000
96678  -24.934  19.888  21.394 0.0000000000
96679  -25.636  19.593  21.759 0.0000000000
96680  -26.340  19.289  22.194 0.0000000000
96693  -24.561  19.836  20.696 0.0000000000
96694  -25.069  19.393  21.117 0.0000000000
96706  -24.156  20.090  19.810 0.0000000000
96707  -30.823  20.052  18.860 0.0000000000
96720  -24.272  19.937  18.899 0.0000000000
96721  -29.667  19.757  18.048 0.0000000000
96722  -30.367  19.419  18.344 0.0000000000
96723  -31.063  19.327  18.643 0.0000000000
96737  -24.698  19.864  18.189 0.0000000000
96738  -25.275  19.724  17.679 0.0000000000
96739  -26.069  19.549  17.334 0.0000000000
96740  -27.044  19.374  17.319 0.0000000000
96741  -28.036  19.280  17.218 0.0000000000
96742  -29.042  19.364  17.488 0.0000000000
96743  -29.808  19.105  17.801 0.0000000000
97613  -24.773  20.073  30.848 0.0000000000
97614  -25.360  20.568  30.455 0.0000000000
97620  -23.465  19.967  30.396 0.0000000000
97621  -23.658  19.594  30.808 0.0000000000
97622  -24.859  20.077  30.206 0.0000000000
97623  -25.317  20.447  29.621 0.0000000000
97628  -22.822  19.942  29.421 0.0000000000
97629  -25.439  20.542  28.590 0.0000000000
97635  -22.265  20.090  27.970 0.0000000000
97636  -22.467  19.976  28.632 0.0000000000
97637  -25.767  20.758  27.418 0.0000000000
97638  -26.415  21.082  26.681 0.0000000000
97644  -26.024  20.609  26.568 0.0000000000
97645  -26.578  20.667  25.981 0.0000000000
97652  -26.742  20.339  25.189 0.0000000000
97661  -27.175  20.306  24.411 0.0000000000
97662  -27.660  19.867  24.100 0.0000000000
97674  -26.116  20.657  23.096 0.0000000000
97675  -26.788  20.323  23.549 0.0000000000
97676  -27.520  20.038  23.876 0.0000000000
97690  -24.914  20.653  22.128 0.0000000000
97691  -25.628  20.441  22.452 0.0000000000
97692  -26.365  20.182  22.851 0.0000000000
97711  -24.485  20.549  21.439 0.0000000000
97712  -25.103  20.211  21.846 0.0000000000
97729  -24.019  20.667  20.516 0.0000000000
97740  -23.860  20.877  19.772 0.0000000000
97750  -24.004  20.767  19.045 0.0000000000
97751  -28.389  20.650  17.632 0.0000000000
97752  -29.139  20.500  17.926 0.0000000000
97753  -30.006  20.423  18.622 0.0000000000
97762  -24.499  20.669  18.349 0.0000000000
97763  -25.090  20.596  17.812 0.0000000000
97764  -25.896  20.549  17.538 0.0000000000
97765  -26.816  20.382  17.477 0.0000000000
97766  -27.766  20.250  17.444 0.0000000000
97767  -28.496  20.029  17.480 0.0000000000
98599  -25.978  21.136  29.896 0.0000000000
98608  -25.997  21.179  28.976 0.0000000000
98609  -26.775  21.699  28.363 0.0000000000
98610  -27.199  21.849  27.851 0.0000000000
98618  -26.119  21.206  28.128 0.0000000000
98619  -26.741  21.643  27.337 0.0000000000
98620  -27.183  22.005  27.552 0.0000000000
98627  -26.815  21.505  26.193 0.0000000000
98639  -26.771  21.141  25.183 0.0000000000
98650  -25.566  21.522  24.008 0.0000000000
98651  -26.291  21.190  24.155 0.0000000000
98665  -24.534  21.728  22.899 0.0000000000
98666  -25.388  21.269  23.222 0.0000000000
98667  -26.183  20.873  23.514 0.0000000000
98681  -24.435  21.307  22.234 0.0000000000
98682  -25.091  20.916  22.514 0.0000000000
98700  -23.564  22.110  20.810 0.0000000000
98701  -23.757  21.478  21.118 0.0000000000
98714  -23.581  21.948  20.341 0.0000000000
98715  -23.710  21.380  20.162 0.0000000000
98723  -23.639  21.826  19.874 0.0000000000
98724  -23.806  21.604  19.368 0.0000000000
98733  -24.379  21.603  18.497 0.0000000000
98734  -25.022  21.910  17.973 0.0000000000
98735  -26.930  21.794  18.038 0.0000000000
98736  -27.358  21.724  18.032 0.0000000000
98737  -28.384  21.452  18.035 0.0000000000
98738  -29.591  21.552  18.797 0.0000000000
98739  -30.131  21.072  18.981 0.0000000000
98745  -24.854  21.265  17.953 0.0000000000
98746  -25.631  21.480  17.750 0.0000000000
98747  -26.645  21.467  17.784 0.0000000000
98748  -27.508  21.074  17.625 0.0000000000
98749  -28.035  20.897  17.587 0.0000000000
99648  -26.891  22.303  26.499 0.0000000000
99661  -25.969  22.728  25.317 0.0000000000
99662  -26.522  22.107  25.472 0.0000000000
99675  -24.728  22.719  24.052 0.0000000000
99676  -25.516  22.181  24.528 0.0000000000
99677  -26.310  21.658  24.860 0.0000000000
99693  -24.633  22.220  23.496 0.0000000000
99694  -25.191  21.712  23.887 0.0000000000
99710  -23.569  22.918  21.950 0.0000000000
99711  -23.935  22.311  22.453 0.0000000000
99727  -23.562  22.489  21.337 0.0000000000
99728  -23.829  21.859  21.821 0.0000000000
99738  -23.514  22.554  20.434 0.0000000000
99747  -23.660  22.392  19.683 0.0000000000
99748  -24.080  22.436  18.870 0.0000000000
99749  -29.194  22.937  19.456 0.0000000000
99758  -24.793  22.530  18.322 0.0000000000
99759  -25.766  22.467  18.096 0.0000000000
99760  -26.818  22.231  18.219 0.0000000000
99761  -27.876  22.332  18.465 0.0000000000
99762  -28.912  22.477  18.884 0.0000000000
99763  -29.447  22.150  18.997 0.0000000000
99769  -26.288  21.933  17.887 0.0000000000
99770  -26.575  21.878  17.955 0.0000000000
100744  -25.054  23.721  25.257 0.0000000000
100745  -25.767  23.333  25.624 0.0000000000
100746  -26.441  22.912  25.967 0.0000000000
100756  -24.767  23.257  24.474 0.0000000000
100757  -25.441  23.064  25.021 0.0000000000
100771  -23.726  23.914  23.102 0.0000000000
100772  -24.193  23.322  23.556 0.0000000000
100788  -23.655  23.445  22.493 0.0000000000
100789  -24.083  22.822  23.008 0.0000000000
100807  -23.444  23.480  21.440 0.0000000000
100824  -23.464  23.300  20.582 0.0000000000
100825  -28.962  24.233  20.316 0.0000000000
100842  -23.559  23.079  19.912 0.0000000000
100843  -24.015  23.258  19.253 0.0000000000
100844  -24.687  23.671  18.885 0.0000000000
100845  -26.749  23.940  18.915 0.0000000000
100846  -27.242  23.903  19.117 0.0000000000
100847  -28.493  23.680  19.625 0.0000000000
100861  -24.534  23.097  18.690 0.0000000000
100862  -25.361  23.389  18.554 0.0000000000
100863  -26.488  23.505  18.641 0.0000000000
100864  -27.539  23.121  18.790 0.0000000000
100865  -28.198  22.890  18.963 0.0000000000
101938  -23.816  24.915  24.722 0.0000000000
101939  -24.355  24.117  24.682 0.0000000000
101951  -23.794  24.434  23.696 0.0000000000
101952  -24.255  23.774  24.106 0.0000000000
101966  -23.531  24.507  22.598 0.0000000000
101981  -23.462  24.384  21.650 0.0000000000
101999  -23.587  24.320  20.617 0.0000000000
102000  -24.082  24.537  19.862 0.0000000000
102001  -27.962  25.079  20.366 0.0000000000
102002  -28.474  24.655  20.363 0.0000000000
102017  -23.724  23.813  19.852 0.0000000000
102018  -24.399  24.102  19.347 0.0000000000
102019  -25.321  24.273  18.981 0.0000000000
102020  -26.476  24.341  19.090 0.0000000000
102021  -27.589  24.671  19.850 0.0000000000
102022  -28.178  24.324  19.965 0.0000000000
102035  -25.998  23.951  18.710 0.0000000000
102036  -26.328  23.946  18.797 0.0000000000
102986  -23.629  25.630  23.843 0.0000000000
103002  -23.447  25.457  22.849 0.0000000000
103017  -23.544  25.419  21.780 0.0000000000
103018  -23.871  25.712  20.982 0.0000000000
103033  -23.662  25.066  21.018 0.0000000000
103034  -24.251  25.350  20.252 0.0000000000
103035  -25.040  25.507  19.720 0.0000000000
103036  -26.919  25.846  20.186 0.0000000000
103037  -27.468  25.510  20.287 0.0000000000
103038  -28.381  25.576  20.812 0.0000000000
103048  -24.756  24.875  19.521 0.0000000000
103049  -25.674  25.150  19.464 0.0000000000
103050  -26.730  25.373  19.797 0.0000000000
103051  -27.261  25.181  19.986 0.0000000000
104025  -23.381  26.630  24.024 0.0000000000
104038  -23.397  26.443  23.042 0.0000000000
104039  -28.543  26.893  21.904 0.0000000000
104055  -23.597  26.352  22.174 0.0000000000
104056  -23.877  26.341  21.362 0.0000000000
104057  -27.490  26.811  20.959 0.0000000000
104058  -28.233  26.411  21.278 0.0000000000
104072  -24.341  26.228  20.730 0.0000000000
104073  -25.193  26.153  20.118 0.0000000000
104074  -26.330  26.229  20.186 0.0000000000
104075  -27.132  26.277  20.463 0.0000000000
104076  -27.783  26.147  20.704 0.0000000000
104088  -25.461  25.685  19.723 0.0000000000
104089  -25.892  25.772  19.777 0.0000000000
105070  -23.542  27.574  23.049 0.0000000000
105071  -24.065  28.053  22.423 0.0000000000
105072  -27.618  27.889  21.807 0.0000000000
105073  -28.226  27.727  22.199 0.0000000000
105086  -23.625  26.952  22.474 0.0000000000
105087  -24.160  27.366  21.744 0.0000000000
105088  -25.113  27.641  21.054 0.0000000000
105089  -26.083  27.696  21.025 0.0000000000
105090  -27.051  27.606  21.329 0.0000000000
105091  -27.878  27.235  21.569 0.0000000000
105105  -24.221  26.758  21.088 0.0000000000
105106  -24.722  26.935  20.764 0.0000000000
105107  -25.685  27.005  20.537 0.0000000000
105108  -26.667  27.006  20.649 0.0000000000
106039  -23.592  28.552  23.855 0.0000000000
106053  -23.957  28.650  22.880 0.0000000000
106054  -24.744  28.527  22.132 0.0000000000
106055  -25.860  28.739  22.089 0.0000000000
106056  -26.767  28.674  22.190 0.0000000000
106057  -27.617  28.442  22.362 0.0000000000
106058  -28.222  28.273  22.662 0.0000000000
106067  -24.824  28.018  21.523 0.0000000000
106068  -25.492  28.230  21.492 0.0000000000
106069  -26.407  28.252  21.602 0.0000000000
106070  -27.127  28.234  21.794 0.0000000000
107044  -24.175  29.336  23.590 0.0000000000
107045  -25.020  29.907  23.427 0.0000000000
107046  -26.012  29.991  23.073 0.0000000000
107059  -24.592  29.245  22.854 0.0000000000
107060  -25.414  29.330  22.648 0.0000000000
107061  -26.378  29.308  22.570 0.0000000000
107062  -27.226  29.084  22.668 0.0000000000
107063  -27.670  28.867  22.792 0.0000000000
