#!ascii label  , from subject Broad_82_YZ vox2ras=TkReg
970
56692  -42.206  -12.020  -28.869 0.0000000000
56693  -43.003  -12.495  -28.748 0.0000000000
56695  -45.243  -12.139  -29.327 0.0000000000
56696  -45.682  -11.617  -29.552 0.0000000000
58063  -44.424  -11.128  -27.850 0.0000000000
58064  -45.399  -11.078  -28.032 0.0000000000
58065  -45.865  -10.897  -28.269 0.0000000000
58082  -42.015  -11.077  -28.702 0.0000000000
58083  -42.801  -11.521  -28.374 0.0000000000
58084  -43.775  -11.869  -28.296 0.0000000000
58085  -44.872  -11.851  -28.458 0.0000000000
58086  -45.930  -11.294  -28.877 0.0000000000
58087  -46.530  -10.982  -29.145 0.0000000000
58099  -41.529  -11.610  -29.325 0.0000000000
58100  -45.977  -11.167  -29.992 0.0000000000
58101  -46.382  -11.052  -29.544 0.0000000000
58117  -41.155  -11.229  -29.698 0.0000000000
58122  -51.040  -10.919  -30.794 0.0000000000
58123  -51.803  -11.177  -30.622 0.0000000000
58124  -52.778  -11.400  -30.450 0.0000000000
59198  -43.167  -9.943  -27.891 0.0000000000
59199  -44.023  -10.194  -27.656 0.0000000000
59200  -45.012  -10.367  -27.490 0.0000000000
59201  -46.050  -10.389  -27.859 0.0000000000
59202  -47.010  -9.940  -27.873 0.0000000000
59203  -47.463  -9.575  -27.922 0.0000000000
59220  -42.051  -10.136  -28.715 0.0000000000
59221  -42.638  -10.504  -28.308 0.0000000000
59222  -43.442  -10.897  -27.969 0.0000000000
59223  -46.145  -10.799  -28.396 0.0000000000
59224  -46.797  -10.626  -28.647 0.0000000000
59225  -47.862  -9.893  -28.387 0.0000000000
59226  -48.503  -9.625  -28.593 0.0000000000
59240  -41.508  -10.564  -29.349 0.0000000000
59241  -46.455  -10.840  -30.121 0.0000000000
59242  -46.917  -10.785  -29.661 0.0000000000
59243  -47.788  -10.552  -29.320 0.0000000000
59244  -48.784  -9.960  -29.132 0.0000000000
59245  -49.391  -9.697  -29.418 0.0000000000
59257  -40.991  -10.723  -29.954 0.0000000000
59258  -46.173  -10.617  -30.778 0.0000000000
59259  -46.820  -10.683  -30.600 0.0000000000
59260  -47.574  -10.715  -30.296 0.0000000000
59261  -48.463  -10.489  -30.115 0.0000000000
59262  -49.471  -10.035  -30.087 0.0000000000
59263  -50.514  -10.257  -30.492 0.0000000000
59264  -51.554  -10.257  -30.378 0.0000000000
59265  -52.516  -10.385  -30.299 0.0000000000
59266  -53.520  -10.491  -30.304 0.0000000000
59289  -49.701  -10.576  -30.897 0.0000000000
60218  -43.068  -9.266  -27.901 0.0000000000
60219  -43.641  -9.287  -27.638 0.0000000000
60220  -44.547  -9.399  -27.467 0.0000000000
60221  -45.516  -9.468  -27.407 0.0000000000
60222  -46.431  -9.389  -27.509 0.0000000000
60223  -47.172  -9.215  -27.645 0.0000000000
60238  -42.134  -9.701  -28.740 0.0000000000
60239  -42.493  -9.411  -28.422 0.0000000000
60240  -47.788  -9.147  -27.890 0.0000000000
60241  -48.432  -9.112  -28.298 0.0000000000
60242  -48.985  -8.868  -28.569 0.0000000000
60257  -41.856  -9.548  -29.072 0.0000000000
60258  -42.143  -8.846  -28.919 0.0000000000
60259  -48.855  -9.380  -28.684 0.0000000000
60260  -49.484  -9.185  -28.958 0.0000000000
60261  -50.191  -8.976  -29.369 0.0000000000
60262  -50.744  -8.892  -29.675 0.0000000000
60276  -41.110  -9.613  -30.036 0.0000000000
60277  -49.791  -9.516  -29.518 0.0000000000
60278  -50.341  -9.529  -29.837 0.0000000000
60279  -51.254  -9.313  -30.036 0.0000000000
60280  -52.268  -9.393  -30.210 0.0000000000
60281  -53.255  -9.481  -30.297 0.0000000000
60282  -54.285  -9.539  -30.517 0.0000000000
61275  -43.117  -8.405  -27.861 0.0000000000
61276  -44.102  -8.461  -27.474 0.0000000000
61277  -45.048  -8.534  -27.345 0.0000000000
61278  -45.980  -8.544  -27.362 0.0000000000
61279  -46.774  -8.556  -27.509 0.0000000000
61280  -47.403  -8.486  -27.725 0.0000000000
61296  -42.463  -8.339  -28.587 0.0000000000
61297  -48.048  -8.365  -28.042 0.0000000000
61298  -48.691  -8.297  -28.416 0.0000000000
61299  -49.332  -8.280  -28.708 0.0000000000
61314  -41.759  -8.576  -29.460 0.0000000000
61315  -42.150  -8.347  -29.032 0.0000000000
61316  -49.950  -8.280  -29.115 0.0000000000
61317  -50.577  -8.238  -29.506 0.0000000000
61318  -51.248  -8.299  -29.819 0.0000000000
61332  -40.690  -8.664  -30.766 0.0000000000
61333  -41.324  -8.432  -30.187 0.0000000000
61334  -52.040  -8.404  -30.152 0.0000000000
61335  -53.016  -8.466  -30.275 0.0000000000
61336  -53.924  -8.587  -30.522 0.0000000000
61337  -54.642  -8.601  -30.968 0.0000000000
61348  -40.373  -8.361  -31.429 0.0000000000
61364  -39.669  -8.250  -32.192 0.0000000000
61365  -40.198  -8.101  -31.933 0.0000000000
62464  -43.244  -7.604  -27.892 0.0000000000
62465  -43.780  -7.513  -27.633 0.0000000000
62466  -44.659  -7.625  -27.428 0.0000000000
62467  -45.544  -7.674  -27.416 0.0000000000
62468  -46.519  -7.610  -27.624 0.0000000000
62469  -47.057  -8.046  -27.641 0.0000000000
62484  -42.820  -7.423  -28.267 0.0000000000
62485  -43.357  -7.118  -27.905 0.0000000000
62486  -46.930  -7.059  -27.927 0.0000000000
62487  -47.459  -7.558  -27.969 0.0000000000
62488  -48.310  -7.593  -28.347 0.0000000000
62489  -48.989  -7.540  -28.606 0.0000000000
62504  -41.650  -7.639  -29.887 0.0000000000
62505  -42.164  -7.618  -29.092 0.0000000000
62506  -49.662  -7.469  -28.956 0.0000000000
62507  -50.326  -7.488  -29.342 0.0000000000
62508  -50.999  -7.461  -29.673 0.0000000000
62522  -40.771  -7.885  -31.159 0.0000000000
62523  -41.261  -7.636  -30.635 0.0000000000
62524  -51.784  -7.431  -30.045 0.0000000000
62525  -52.691  -7.505  -30.386 0.0000000000
62526  -53.751  -7.534  -30.850 0.0000000000
62527  -54.337  -8.053  -30.925 0.0000000000
62541  -40.618  -7.660  -31.724 0.0000000000
62542  -41.083  -7.199  -31.326 0.0000000000
62543  -54.059  -7.150  -31.511 0.0000000000
62563  -39.429  -7.658  -32.669 0.0000000000
62564  -40.322  -7.371  -32.465 0.0000000000
62565  -40.931  -7.058  -31.977 0.0000000000
62578  -39.149  -7.037  -33.165 0.0000000000
62579  -39.891  -7.053  -33.132 0.0000000000
63873  -43.825  -6.644  -27.759 0.0000000000
63874  -44.384  -6.830  -27.557 0.0000000000
63875  -45.176  -6.789  -27.448 0.0000000000
63876  -45.897  -6.977  -27.566 0.0000000000
63898  -42.562  -6.509  -28.762 0.0000000000
63899  -43.289  -6.488  -28.174 0.0000000000
63900  -45.743  -6.377  -27.705 0.0000000000
63901  -46.456  -6.522  -27.929 0.0000000000
63902  -47.256  -6.589  -28.276 0.0000000000
63903  -48.023  -6.799  -28.490 0.0000000000
63904  -48.610  -7.009  -28.604 0.0000000000
63918  -41.560  -7.070  -30.234 0.0000000000
63919  -41.882  -6.523  -29.714 0.0000000000
63920  -48.503  -6.517  -28.779 0.0000000000
63921  -49.149  -6.642  -28.921 0.0000000000
63922  -50.025  -6.624  -29.337 0.0000000000
63923  -50.663  -6.853  -29.546 0.0000000000
63936  -41.453  -6.489  -30.695 0.0000000000
63937  -41.733  -5.988  -30.223 0.0000000000
63938  -50.550  -6.283  -29.658 0.0000000000
63939  -51.291  -6.450  -29.915 0.0000000000
63940  -52.321  -6.481  -30.512 0.0000000000
63941  -53.100  -6.794  -30.786 0.0000000000
63956  -41.272  -6.421  -31.666 0.0000000000
63957  -52.925  -6.138  -31.041 0.0000000000
63958  -53.583  -6.480  -31.498 0.0000000000
63975  -40.451  -6.502  -33.237 0.0000000000
63976  -40.963  -6.464  -32.480 0.0000000000
63996  -38.837  -6.494  -33.754 0.0000000000
63997  -39.804  -6.521  -33.835 0.0000000000
64009  -38.446  -5.902  -34.306 0.0000000000
64010  -39.359  -6.087  -34.325 0.0000000000
64011  -39.923  -6.066  -34.303 0.0000000000
65259  -44.235  -6.324  -27.681 0.0000000000
65260  -44.689  -6.165  -27.601 0.0000000000
65261  -45.304  -6.059  -27.675 0.0000000000
65290  -43.160  -5.580  -28.478 0.0000000000
65291  -44.055  -5.715  -27.894 0.0000000000
65292  -45.020  -5.426  -27.760 0.0000000000
65293  -45.838  -5.654  -28.118 0.0000000000
65294  -46.883  -5.566  -28.623 0.0000000000
65295  -47.755  -6.073  -28.745 0.0000000000
65296  -48.196  -6.310  -28.793 0.0000000000
65321  -42.459  -5.540  -29.168 0.0000000000
65322  -47.164  -5.042  -29.142 0.0000000000
65323  -47.635  -5.379  -29.187 0.0000000000
65324  -48.468  -5.878  -29.170 0.0000000000
65325  -49.497  -5.707  -29.565 0.0000000000
65326  -50.171  -6.010  -29.596 0.0000000000
65343  -41.652  -5.523  -30.572 0.0000000000
65344  -41.976  -5.443  -29.924 0.0000000000
65345  -49.720  -5.191  -30.074 0.0000000000
65346  -50.481  -5.550  -30.065 0.0000000000
65347  -51.752  -5.381  -30.772 0.0000000000
65348  -52.517  -5.788  -30.950 0.0000000000
65360  -41.446  -5.642  -31.241 0.0000000000
65361  -52.049  -4.848  -31.441 0.0000000000
65362  -52.913  -5.287  -31.707 0.0000000000
65363  -53.577  -5.891  -32.020 0.0000000000
65378  -40.681  -5.602  -32.924 0.0000000000
65379  -41.303  -5.591  -32.098 0.0000000000
65399  -39.630  -5.284  -34.289 0.0000000000
65400  -40.266  -5.667  -33.970 0.0000000000
65416  -39.035  -5.391  -34.515 0.0000000000
65417  -39.716  -5.710  -34.369 0.0000000000
66626  -42.948  -4.644  -28.759 0.0000000000
66627  -43.769  -4.671  -28.264 0.0000000000
66628  -44.670  -4.706  -28.125 0.0000000000
66629  -45.427  -4.809  -28.332 0.0000000000
66630  -46.096  -4.815  -28.673 0.0000000000
66663  -42.384  -4.614  -29.492 0.0000000000
66664  -46.725  -4.663  -29.128 0.0000000000
66665  -47.400  -4.597  -29.604 0.0000000000
66666  -48.204  -5.035  -29.615 0.0000000000
66667  -48.794  -5.320  -29.613 0.0000000000
66690  -41.590  -5.103  -30.930 0.0000000000
66691  -41.952  -4.557  -30.490 0.0000000000
66692  -47.512  -4.302  -29.952 0.0000000000
66693  -47.898  -4.441  -30.037 0.0000000000
66694  -48.953  -4.715  -30.144 0.0000000000
66695  -49.926  -4.776  -30.489 0.0000000000
66696  -50.747  -4.805  -30.747 0.0000000000
66715  -41.496  -4.759  -31.448 0.0000000000
66716  -41.855  -3.964  -31.187 0.0000000000
66717  -49.444  -4.209  -30.765 0.0000000000
66718  -50.182  -4.166  -31.090 0.0000000000
66719  -51.275  -4.318  -31.515 0.0000000000
66720  -52.143  -4.518  -31.904 0.0000000000
66740  -39.127  -4.377  -33.530 0.0000000000
66741  -39.848  -4.740  -33.236 0.0000000000
66742  -40.801  -4.654  -32.212 0.0000000000
66743  -51.732  -4.000  -32.428 0.0000000000
66744  -52.435  -4.517  -32.692 0.0000000000
66761  -38.207  -4.216  -34.436 0.0000000000
66762  -38.968  -4.609  -34.198 0.0000000000
66763  -39.793  -5.037  -34.018 0.0000000000
66780  -38.540  -4.898  -34.679 0.0000000000
67946  -42.771  -3.911  -29.050 0.0000000000
67947  -43.551  -3.706  -28.605 0.0000000000
67948  -44.430  -3.899  -28.357 0.0000000000
67949  -45.275  -3.945  -28.586 0.0000000000
67950  -45.699  -4.356  -28.680 0.0000000000
67983  -42.509  -3.727  -29.780 0.0000000000
67984  -43.091  -3.161  -29.205 0.0000000000
67985  -45.564  -3.605  -28.877 0.0000000000
67986  -46.017  -3.899  -29.119 0.0000000000
67987  -46.776  -4.132  -29.581 0.0000000000
68016  -42.293  -3.456  -30.619 0.0000000000
68017  -46.593  -3.579  -29.711 0.0000000000
68018  -47.239  -3.888  -30.180 0.0000000000
68019  -48.126  -4.015  -30.536 0.0000000000
68020  -48.824  -3.969  -30.776 0.0000000000
68037  -40.680  -3.676  -31.764 0.0000000000
68038  -41.110  -3.816  -31.700 0.0000000000
68039  -42.010  -3.171  -31.390 0.0000000000
68040  -47.623  -3.463  -30.767 0.0000000000
68041  -48.273  -3.497  -31.096 0.0000000000
68042  -49.250  -3.560  -31.436 0.0000000000
68043  -50.305  -3.607  -31.836 0.0000000000
68044  -51.023  -3.621  -32.265 0.0000000000
68067  -38.190  -3.409  -33.331 0.0000000000
68068  -38.757  -3.931  -32.932 0.0000000000
68069  -40.158  -3.843  -31.997 0.0000000000
68070  -40.710  -4.158  -31.909 0.0000000000
68071  -49.632  -3.155  -32.174 0.0000000000
68072  -50.352  -3.059  -32.705 0.0000000000
68073  -51.261  -3.440  -33.038 0.0000000000
68088  -38.119  -3.663  -33.997 0.0000000000
68089  -38.757  -4.187  -33.679 0.0000000000
69195  -43.756  -2.831  -28.800 0.0000000000
69196  -44.419  -3.167  -28.619 0.0000000000
69197  -44.890  -3.471  -28.568 0.0000000000
69222  -42.755  -2.808  -29.966 0.0000000000
69223  -43.539  -2.248  -29.409 0.0000000000
69224  -44.486  -2.369  -28.997 0.0000000000
69225  -45.385  -3.023  -28.965 0.0000000000
69226  -46.250  -2.949  -29.535 0.0000000000
69256  -42.460  -2.546  -30.778 0.0000000000
69257  -42.977  -1.931  -30.191 0.0000000000
69258  -46.696  -3.069  -30.084 0.0000000000
69259  -47.053  -2.957  -30.603 0.0000000000
69280  -40.728  -3.336  -31.752 0.0000000000
69281  -41.306  -2.731  -31.737 0.0000000000
69282  -42.163  -2.288  -31.557 0.0000000000
69283  -47.537  -2.851  -31.211 0.0000000000
69284  -48.300  -3.072  -31.754 0.0000000000
69285  -48.948  -3.026  -32.136 0.0000000000
69310  -37.557  -2.444  -33.175 0.0000000000
69311  -37.960  -2.832  -32.890 0.0000000000
69312  -39.070  -2.823  -32.158 0.0000000000
69313  -40.269  -2.559  -31.816 0.0000000000
69314  -40.990  -2.002  -31.977 0.0000000000
69315  -47.666  -2.465  -31.957 0.0000000000
69316  -48.322  -2.728  -32.497 0.0000000000
69317  -49.258  -2.705  -32.859 0.0000000000
69318  -49.951  -2.714  -33.460 0.0000000000
69340  -37.433  -2.456  -33.758 0.0000000000
69341  -37.905  -3.121  -33.493 0.0000000000
69342  -47.742  -2.279  -32.704 0.0000000000
69343  -48.292  -2.416  -33.395 0.0000000000
69344  -49.231  -2.522  -33.879 0.0000000000
69362  -48.479  -2.337  -34.419 0.0000000000
69379  -47.825  -2.280  -35.566 0.0000000000
70482  -43.618  -1.351  -29.760 0.0000000000
70483  -44.373  -1.611  -29.446 0.0000000000
70484  -45.373  -1.754  -29.463 0.0000000000
70485  -45.938  -2.374  -29.471 0.0000000000
70512  -42.636  -1.688  -31.015 0.0000000000
70513  -43.153  -1.111  -30.455 0.0000000000
70514  -45.793  -1.296  -29.995 0.0000000000
70515  -46.564  -1.935  -30.179 0.0000000000
70516  -47.096  -2.386  -30.786 0.0000000000
70538  -38.562  -1.483  -31.985 0.0000000000
70539  -38.756  -1.584  -31.904 0.0000000000
70540  -41.642  -1.965  -31.944 0.0000000000
70541  -42.212  -1.412  -31.866 0.0000000000
70542  -42.794  -0.878  -31.254 0.0000000000
70543  -46.816  -1.582  -30.753 0.0000000000
70544  -47.165  -1.851  -31.184 0.0000000000
70563  -37.382  -2.008  -32.943 0.0000000000
70564  -38.255  -1.764  -32.146 0.0000000000
70565  -39.242  -1.732  -31.826 0.0000000000
70566  -40.285  -1.434  -31.988 0.0000000000
70567  -41.287  -1.314  -32.319 0.0000000000
70568  -41.914  -0.898  -32.413 0.0000000000
70569  -47.383  -1.695  -32.221 0.0000000000
70593  -47.567  -1.683  -33.261 0.0000000000
70594  -47.839  -2.128  -34.036 0.0000000000
70622  -47.490  -1.595  -34.287 0.0000000000
70623  -47.865  -2.128  -34.811 0.0000000000
70633  -47.434  -1.862  -35.356 0.0000000000
70634  -47.829  -2.222  -35.297 0.0000000000
70649  -47.188  -1.983  -36.484 0.0000000000
71790  -43.727  -0.728  -30.085 0.0000000000
71791  -44.340  -0.942  -29.765 0.0000000000
71792  -44.824  -1.252  -29.642 0.0000000000
71816  -43.471  -0.350  -30.748 0.0000000000
71817  -44.321  -0.377  -30.277 0.0000000000
71818  -45.175  -0.785  -30.012 0.0000000000
71819  -45.972  -0.810  -30.420 0.0000000000
71845  -38.459  -1.304  -32.054 0.0000000000
71846  -38.769  -1.243  -31.925 0.0000000000
71847  -42.329  -0.578  -31.947 0.0000000000
71848  -42.866  -0.111  -31.459 0.0000000000
71849  -46.679  -1.003  -30.933 0.0000000000
71850  -47.116  -1.093  -31.666 0.0000000000
71869  -37.379  -0.948  -32.761 0.0000000000
71870  -38.284  -0.795  -32.229 0.0000000000
71871  -39.292  -0.686  -32.079 0.0000000000
71872  -40.412  -0.494  -32.499 0.0000000000
71873  -41.331  -0.565  -32.755 0.0000000000
71874  -42.082  -0.302  -32.802 0.0000000000
71875  -46.789  -0.355  -31.631 0.0000000000
71876  -47.196  -0.716  -32.522 0.0000000000
71898  -40.785  -0.141  -33.077 0.0000000000
71899  -41.368  -0.094  -33.383 0.0000000000
71900  -41.950  0.210  -33.456 0.0000000000
71901  -47.339  -0.795  -33.632 0.0000000000
71926  -47.225  -0.835  -34.652 0.0000000000
71932  -47.004  -0.940  -35.734 0.0000000000
71941  -46.838  -0.399  -36.949 0.0000000000
71942  -46.928  -0.981  -36.896 0.0000000000
71963  -46.796  -0.556  -37.370 0.0000000000
73132  -43.474  0.252  -31.240 0.0000000000
73133  -44.131  0.258  -30.791 0.0000000000
73134  -44.999  0.006  -30.589 0.0000000000
73135  -45.535  -0.294  -30.496 0.0000000000
73155  -42.384  0.103  -32.073 0.0000000000
73156  -42.956  0.652  -31.790 0.0000000000
73157  -43.844  0.757  -31.432 0.0000000000
73158  -44.734  0.775  -31.088 0.0000000000
73159  -45.994  0.344  -30.991 0.0000000000
73171  -37.558  0.052  -32.787 0.0000000000
73172  -38.446  0.180  -32.447 0.0000000000
73173  -39.444  0.398  -32.547 0.0000000000
73174  -40.290  0.283  -32.867 0.0000000000
73175  -42.426  0.574  -32.766 0.0000000000
73176  -42.952  1.155  -32.386 0.0000000000
73177  -46.681  0.489  -32.259 0.0000000000
73178  -47.022  -0.032  -33.137 0.0000000000
73200  -39.901  0.903  -32.962 0.0000000000
73201  -40.538  0.566  -33.586 0.0000000000
73202  -41.376  0.446  -33.977 0.0000000000
73203  -42.086  0.966  -33.824 0.0000000000
73204  -46.908  0.829  -33.305 0.0000000000
73205  -47.302  0.079  -33.965 0.0000000000
73233  -40.785  0.692  -34.501 0.0000000000
73234  -41.463  0.786  -34.793 0.0000000000
73235  -41.916  1.139  -34.527 0.0000000000
73236  -47.027  0.873  -34.171 0.0000000000
73237  -47.168  0.229  -35.024 0.0000000000
73245  -40.880  0.760  -35.104 0.0000000000
73246  -41.136  0.851  -35.292 0.0000000000
73247  -46.844  0.604  -36.265 0.0000000000
73248  -47.048  0.065  -36.151 0.0000000000
73256  -46.782  0.220  -36.843 0.0000000000
73257  -46.870  -0.273  -36.696 0.0000000000
74548  -43.482  1.183  -31.960 0.0000000000
74549  -44.176  1.412  -31.723 0.0000000000
74550  -45.149  1.400  -31.578 0.0000000000
74551  -45.947  1.252  -31.898 0.0000000000
74562  -37.672  0.854  -32.732 0.0000000000
74563  -38.393  1.138  -32.628 0.0000000000
74564  -39.198  1.305  -32.798 0.0000000000
74565  -42.619  1.338  -32.972 0.0000000000
74566  -43.443  1.824  -32.649 0.0000000000
74567  -44.464  1.946  -32.229 0.0000000000
74568  -45.336  1.917  -32.320 0.0000000000
74569  -46.275  1.673  -32.762 0.0000000000
74584  -37.236  1.781  -33.069 0.0000000000
74585  -38.402  2.017  -33.033 0.0000000000
74586  -39.570  1.661  -33.539 0.0000000000
74587  -40.273  1.181  -34.186 0.0000000000
74588  -42.658  1.873  -33.532 0.0000000000
74589  -43.122  2.234  -33.246 0.0000000000
74590  -46.644  1.636  -33.769 0.0000000000
74618  -39.961  1.833  -34.324 0.0000000000
74619  -40.453  1.361  -34.893 0.0000000000
74620  -41.799  1.455  -34.909 0.0000000000
74621  -42.182  1.626  -34.332 0.0000000000
74622  -46.867  1.455  -34.865 0.0000000000
74623  -46.956  0.786  -35.623 0.0000000000
74644  -40.813  1.150  -35.458 0.0000000000
74645  -41.313  1.277  -35.376 0.0000000000
74646  -46.615  1.338  -36.080 0.0000000000
74647  -46.864  0.713  -36.019 0.0000000000
74660  -46.604  1.086  -37.293 0.0000000000
75904  -44.023  2.265  -32.722 0.0000000000
75905  -44.596  2.420  -32.793 0.0000000000
75906  -45.435  2.424  -33.028 0.0000000000
75907  -46.096  2.300  -33.458 0.0000000000
75921  -37.358  2.798  -33.390 0.0000000000
75922  -38.559  2.841  -33.680 0.0000000000
75923  -39.428  2.420  -34.133 0.0000000000
75924  -42.934  2.387  -33.588 0.0000000000
75925  -43.614  2.632  -33.442 0.0000000000
75926  -44.655  2.890  -33.385 0.0000000000
75927  -45.525  3.008  -33.756 0.0000000000
75928  -46.286  2.385  -34.243 0.0000000000
75947  -39.014  3.075  -34.346 0.0000000000
75948  -39.803  2.525  -34.970 0.0000000000
75949  -40.460  1.802  -35.473 0.0000000000
75950  -42.045  1.969  -34.728 0.0000000000
75951  -42.579  2.513  -34.344 0.0000000000
75952  -43.149  2.953  -34.058 0.0000000000
75953  -45.794  3.089  -34.616 0.0000000000
75954  -46.329  2.396  -35.188 0.0000000000
75983  -39.884  2.240  -36.168 0.0000000000
75984  -40.791  1.792  -35.873 0.0000000000
75985  -41.695  2.376  -35.304 0.0000000000
75986  -42.256  2.744  -34.960 0.0000000000
75987  -45.795  3.177  -35.421 0.0000000000
75988  -46.197  2.579  -35.994 0.0000000000
76006  -38.936  2.451  -37.559 0.0000000000
76007  -39.663  2.007  -37.195 0.0000000000
76008  -40.376  1.915  -36.764 0.0000000000
76009  -41.007  2.278  -36.411 0.0000000000
76010  -46.275  2.119  -36.784 0.0000000000
76028  -38.654  2.542  -38.485 0.0000000000
76029  -39.401  2.075  -38.038 0.0000000000
76030  -40.215  2.007  -37.677 0.0000000000
76031  -40.593  2.152  -37.008 0.0000000000
76032  -45.869  2.604  -38.076 0.0000000000
76033  -46.224  1.880  -37.690 0.0000000000
76051  -38.119  2.410  -39.506 0.0000000000
76052  -39.150  2.110  -38.877 0.0000000000
76053  -39.681  2.047  -38.280 0.0000000000
76073  -37.471  2.343  -41.054 0.0000000000
76074  -38.703  2.091  -39.911 0.0000000000
76091  -38.582  2.268  -40.600 0.0000000000
77242  -36.626  3.624  -33.415 0.0000000000
77243  -37.448  3.670  -33.896 0.0000000000
77244  -38.303  3.514  -34.235 0.0000000000
77245  -44.119  3.103  -33.714 0.0000000000
77246  -44.607  3.323  -33.958 0.0000000000
77247  -45.169  3.439  -34.328 0.0000000000
77269  -37.763  4.033  -34.442 0.0000000000
77270  -38.658  3.751  -34.968 0.0000000000
77271  -39.368  3.115  -35.680 0.0000000000
77272  -42.921  3.106  -34.416 0.0000000000
77273  -43.634  3.306  -34.278 0.0000000000
77274  -44.501  3.654  -34.629 0.0000000000
77275  -45.243  3.643  -34.979 0.0000000000
77302  -38.699  3.758  -35.968 0.0000000000
77303  -39.205  2.952  -36.319 0.0000000000
77304  -41.897  3.040  -35.523 0.0000000000
77305  -42.520  3.345  -35.238 0.0000000000
77306  -43.716  3.921  -35.086 0.0000000000
77307  -44.597  4.058  -35.326 0.0000000000
77308  -45.295  3.903  -35.813 0.0000000000
77309  -45.807  3.272  -36.065 0.0000000000
77327  -38.533  3.178  -36.858 0.0000000000
77328  -39.225  2.456  -36.817 0.0000000000
77329  -41.623  3.313  -36.155 0.0000000000
77330  -42.116  3.676  -35.866 0.0000000000
77331  -45.593  3.611  -36.668 0.0000000000
77332  -46.002  2.911  -36.529 0.0000000000
77351  -38.401  3.273  -37.913 0.0000000000
77352  -40.542  2.926  -37.885 0.0000000000
77353  -40.940  2.641  -37.136 0.0000000000
77354  -45.624  3.524  -37.624 0.0000000000
77355  -45.973  2.811  -37.216 0.0000000000
77372  -36.807  3.834  -39.384 0.0000000000
77373  -37.691  3.244  -38.805 0.0000000000
77374  -39.404  2.551  -39.231 0.0000000000
77375  -39.871  2.427  -38.448 0.0000000000
77376  -45.609  3.330  -38.538 0.0000000000
77396  -36.456  3.684  -40.722 0.0000000000
77397  -37.159  2.911  -39.856 0.0000000000
77398  -39.211  2.470  -40.057 0.0000000000
77417  -38.910  2.638  -40.599 0.0000000000
77454  -35.756  3.309  -43.135 0.0000000000
77455  -36.743  3.119  -42.682 0.0000000000
78584  -36.754  4.442  -32.854 0.0000000000
78601  -36.685  4.440  -33.697 0.0000000000
78602  -37.106  4.301  -34.283 0.0000000000
78626  -36.695  4.753  -34.273 0.0000000000
78627  -37.289  4.696  -34.960 0.0000000000
78628  -38.127  4.313  -35.541 0.0000000000
78645  -37.691  4.824  -35.970 0.0000000000
78646  -38.219  4.331  -35.974 0.0000000000
78647  -43.127  4.261  -35.636 0.0000000000
78648  -43.964  4.465  -35.754 0.0000000000
78649  -44.706  4.308  -35.972 0.0000000000
78650  -45.025  4.190  -36.026 0.0000000000
78668  -37.625  4.763  -36.868 0.0000000000
78669  -38.183  4.191  -36.496 0.0000000000
78670  -41.861  3.817  -36.747 0.0000000000
78671  -42.337  4.198  -36.344 0.0000000000
78672  -43.274  4.790  -36.244 0.0000000000
78673  -44.255  4.785  -36.673 0.0000000000
78674  -45.038  4.248  -36.365 0.0000000000
78696  -37.514  4.601  -37.701 0.0000000000
78697  -38.044  4.014  -37.334 0.0000000000
78698  -40.680  3.531  -37.953 0.0000000000
78699  -41.328  3.759  -37.416 0.0000000000
78700  -41.961  4.084  -36.985 0.0000000000
78701  -44.534  4.837  -37.778 0.0000000000
78702  -45.120  4.294  -37.184 0.0000000000
78726  -37.216  4.264  -38.486 0.0000000000
78727  -37.831  3.929  -38.096 0.0000000000
78728  -39.486  3.079  -39.457 0.0000000000
78729  -40.110  3.575  -38.618 0.0000000000
78730  -40.748  3.893  -37.992 0.0000000000
78731  -44.673  4.665  -38.714 0.0000000000
78732  -45.262  4.224  -38.142 0.0000000000
78748  -39.340  3.310  -40.089 0.0000000000
78749  -39.620  3.688  -39.356 0.0000000000
78751  -45.294  4.004  -39.052 0.0000000000
78771  -38.796  3.094  -40.853 0.0000000000
78816  -35.104  4.193  -43.448 0.0000000000
78827  -34.874  4.035  -43.903 0.0000000000
78828  -35.621  3.610  -43.861 0.0000000000
78829  -36.369  3.815  -44.276 0.0000000000
78838  -34.945  4.158  -44.498 0.0000000000
79832  -37.239  5.832  -32.575 0.0000000000
79853  -37.004  5.170  -33.077 0.0000000000
79854  -37.136  5.893  -33.228 0.0000000000
79876  -36.704  5.268  -33.744 0.0000000000
79877  -36.875  5.985  -33.934 0.0000000000
79895  -36.646  5.317  -34.381 0.0000000000
79896  -36.860  5.861  -34.746 0.0000000000
79907  -37.008  5.650  -35.617 0.0000000000
79918  -37.280  5.576  -36.477 0.0000000000
79919  -42.402  4.571  -36.825 0.0000000000
79920  -42.683  4.874  -36.781 0.0000000000
79921  -43.360  5.143  -36.880 0.0000000000
79940  -37.375  5.445  -37.326 0.0000000000
79941  -41.441  4.364  -37.595 0.0000000000
79942  -42.003  4.643  -37.271 0.0000000000
79943  -42.799  5.351  -37.408 0.0000000000
79944  -43.700  5.307  -37.554 0.0000000000
79971  -37.226  5.212  -38.146 0.0000000000
79972  -40.331  4.330  -38.722 0.0000000000
79973  -40.990  4.559  -38.188 0.0000000000
79974  -41.968  5.592  -38.038 0.0000000000
79975  -43.070  5.718  -38.307 0.0000000000
79976  -43.973  5.294  -38.519 0.0000000000
79995  -36.975  5.000  -39.088 0.0000000000
79996  -39.028  3.857  -40.549 0.0000000000
79997  -39.961  4.705  -39.487 0.0000000000
79998  -41.253  5.548  -39.021 0.0000000000
79999  -42.325  5.981  -39.053 0.0000000000
80000  -43.422  5.711  -39.581 0.0000000000
80001  -44.274  5.092  -39.303 0.0000000000
80018  -39.049  4.860  -40.832 0.0000000000
80073  -34.777  4.879  -43.730 0.0000000000
80074  -35.530  4.359  -42.852 0.0000000000
80075  -36.042  5.056  -42.492 0.0000000000
80088  -34.576  4.829  -44.466 0.0000000000
81088  -37.279  6.556  -32.598 0.0000000000
81102  -37.348  6.678  -33.386 0.0000000000
81117  -37.218  6.702  -34.256 0.0000000000
81134  -37.264  6.618  -35.158 0.0000000000
81145  -37.306  6.519  -36.081 0.0000000000
81155  -37.461  6.395  -36.984 0.0000000000
81170  -37.516  6.147  -37.860 0.0000000000
81193  -37.360  5.805  -38.569 0.0000000000
81218  -37.419  5.958  -39.221 0.0000000000
81219  -40.187  5.516  -39.838 0.0000000000
81220  -40.608  5.867  -39.736 0.0000000000
81221  -41.591  6.304  -39.710 0.0000000000
81222  -42.487  6.258  -39.882 0.0000000000
81238  -37.269  5.384  -40.199 0.0000000000
81239  -39.913  5.869  -40.302 0.0000000000
81240  -40.851  6.717  -40.448 0.0000000000
81241  -42.001  6.683  -40.534 0.0000000000
81255  -38.681  6.226  -41.875 0.0000000000
81256  -41.452  6.986  -41.329 0.0000000000
81277  -36.492  5.593  -42.373 0.0000000000
81278  -38.748  6.686  -42.308 0.0000000000
81299  -34.708  5.494  -43.885 0.0000000000
81300  -35.096  5.852  -43.660 0.0000000000
81301  -36.017  5.774  -42.903 0.0000000000
81302  -38.283  6.573  -42.753 0.0000000000
81321  -33.242  6.191  -44.757 0.0000000000
81322  -34.287  5.836  -44.210 0.0000000000
81323  -34.668  6.371  -44.061 0.0000000000
81325  -37.050  5.366  -44.070 0.0000000000
82432  -37.069  7.023  -32.132 0.0000000000
82451  -36.745  8.107  -32.226 0.0000000000
82452  -37.242  7.582  -32.622 0.0000000000
82470  -37.454  7.553  -33.708 0.0000000000
82487  -37.533  7.527  -34.673 0.0000000000
82501  -37.589  7.464  -35.657 0.0000000000
82512  -37.630  7.346  -36.601 0.0000000000
82524  -37.785  7.321  -37.592 0.0000000000
82525  -37.986  7.932  -37.894 0.0000000000
82544  -37.697  6.768  -38.595 0.0000000000
82545  -37.925  7.699  -38.317 0.0000000000
82569  -37.659  6.915  -39.680 0.0000000000
82570  -37.837  7.577  -38.954 0.0000000000
82593  -37.555  6.610  -40.667 0.0000000000
82594  -39.099  6.038  -41.216 0.0000000000
82595  -39.886  6.806  -41.038 0.0000000000
82596  -40.635  7.065  -41.327 0.0000000000
82613  -37.051  7.280  -41.963 0.0000000000
82614  -37.333  6.994  -41.594 0.0000000000
82615  -39.294  6.728  -41.795 0.0000000000
82616  -40.055  7.089  -41.916 0.0000000000
82617  -40.884  7.085  -42.089 0.0000000000
82630  -36.825  6.800  -42.393 0.0000000000
82631  -37.069  6.585  -41.950 0.0000000000
82632  -38.713  6.947  -42.686 0.0000000000
82633  -39.299  7.143  -42.560 0.0000000000
82634  -40.234  7.249  -42.770 0.0000000000
82647  -34.452  7.571  -44.248 0.0000000000
82648  -34.867  7.154  -44.074 0.0000000000
82649  -35.973  7.088  -43.427 0.0000000000
82650  -37.956  6.561  -43.179 0.0000000000
82651  -38.523  7.126  -43.200 0.0000000000
82652  -39.499  7.491  -43.424 0.0000000000
82670  -33.926  7.243  -44.413 0.0000000000
82671  -34.426  6.653  -44.194 0.0000000000
83750  -36.964  8.586  -32.614 0.0000000000
83769  -37.367  8.418  -33.250 0.0000000000
83786  -37.494  8.452  -34.167 0.0000000000
83802  -37.715  8.460  -35.185 0.0000000000
83814  -31.219  9.111  -35.844 0.0000000000
83815  -37.835  8.362  -36.310 0.0000000000
83816  -37.968  8.553  -37.017 0.0000000000
83828  -37.797  7.992  -37.013 0.0000000000
83829  -37.983  8.288  -37.524 0.0000000000
83844  -37.932  8.781  -38.663 0.0000000000
83845  -38.014  8.403  -38.150 0.0000000000
83860  -37.741  8.300  -39.455 0.0000000000
83861  -37.928  8.165  -38.713 0.0000000000
83885  -37.557  7.819  -40.626 0.0000000000
83904  -36.869  7.964  -41.842 0.0000000000
83905  -37.317  7.861  -41.332 0.0000000000
83920  -35.932  8.654  -42.975 0.0000000000
83921  -36.492  7.937  -42.811 0.0000000000
83933  -34.549  8.273  -44.154 0.0000000000
83934  -35.447  8.116  -43.595 0.0000000000
83935  -36.052  8.001  -43.310 0.0000000000
83947  -33.336  8.194  -45.112 0.0000000000
83948  -33.898  8.219  -44.525 0.0000000000
85008  -36.564  9.543  -32.893 0.0000000000
85009  -37.168  9.009  -33.012 0.0000000000
85023  -33.408  10.029  -33.311 0.0000000000
85024  -33.804  9.989  -32.853 0.0000000000
85025  -36.908  9.934  -33.958 0.0000000000
85026  -37.248  9.194  -33.618 0.0000000000
85040  -32.593  10.032  -34.287 0.0000000000
85041  -33.031  10.105  -33.782 0.0000000000
85042  -37.080  10.087  -34.486 0.0000000000
85043  -37.402  9.516  -34.642 0.0000000000
85058  -31.689  9.707  -35.288 0.0000000000
85059  -32.162  9.948  -34.826 0.0000000000
85060  -37.735  9.414  -35.794 0.0000000000
85074  -30.882  9.224  -36.495 0.0000000000
85075  -31.335  9.870  -35.980 0.0000000000
85076  -37.963  9.294  -36.973 0.0000000000
85077  -38.036  8.787  -37.305 0.0000000000
85086  -30.658  9.522  -37.192 0.0000000000
85087  -31.002  9.979  -36.596 0.0000000000
85088  -37.913  9.457  -37.647 0.0000000000
85089  -38.068  8.960  -37.721 0.0000000000
85100  -37.903  9.418  -38.245 0.0000000000
85101  -38.020  8.908  -38.201 0.0000000000
85114  -37.742  9.385  -39.165 0.0000000000
85136  -36.942  9.715  -40.808 0.0000000000
85137  -37.317  9.337  -40.342 0.0000000000
85164  -36.152  9.836  -41.819 0.0000000000
85165  -36.612  9.487  -41.419 0.0000000000
85166  -37.263  8.551  -41.176 0.0000000000
85193  -35.893  9.551  -42.292 0.0000000000
85194  -36.358  8.737  -42.265 0.0000000000
85211  -34.534  9.245  -44.057 0.0000000000
85212  -35.154  9.367  -43.392 0.0000000000
85233  -33.529  8.952  -45.146 0.0000000000
85234  -33.898  9.117  -44.591 0.0000000000
86308  -34.345  10.231  -32.831 0.0000000000
86309  -34.781  10.196  -32.829 0.0000000000
86310  -35.607  10.089  -32.975 0.0000000000
86324  -33.621  10.507  -33.515 0.0000000000
86325  -34.114  10.591  -33.296 0.0000000000
86326  -35.134  10.627  -33.493 0.0000000000
86327  -36.118  10.325  -33.664 0.0000000000
86343  -32.932  10.516  -34.598 0.0000000000
86344  -33.499  10.629  -34.145 0.0000000000
86345  -33.956  10.876  -33.880 0.0000000000
86346  -35.652  10.809  -34.207 0.0000000000
86347  -36.602  10.562  -34.686 0.0000000000
86348  -37.159  10.146  -34.766 0.0000000000
86362  -31.791  10.384  -35.590 0.0000000000
86363  -32.488  10.643  -35.135 0.0000000000
86364  -33.079  10.772  -34.754 0.0000000000
86365  -36.818  10.820  -35.734 0.0000000000
86366  -37.285  10.217  -35.328 0.0000000000
86381  -31.710  10.711  -35.867 0.0000000000
86382  -32.047  10.826  -35.638 0.0000000000
86383  -36.856  10.914  -36.302 0.0000000000
86384  -37.372  10.393  -36.476 0.0000000000
86400  -30.638  10.537  -37.448 0.0000000000
86401  -31.063  10.456  -36.592 0.0000000000
86402  -37.690  10.102  -37.646 0.0000000000
86414  -30.212  10.446  -38.172 0.0000000000
86415  -37.167  10.806  -38.936 0.0000000000
86416  -37.615  10.142  -38.627 0.0000000000
86425  -36.941  10.650  -39.764 0.0000000000
86426  -37.410  10.125  -39.514 0.0000000000
86437  -36.142  10.895  -40.924 0.0000000000
86438  -36.754  10.219  -40.589 0.0000000000
86439  -37.131  10.102  -40.066 0.0000000000
86459  -35.922  10.415  -41.736 0.0000000000
86460  -36.375  10.272  -41.176 0.0000000000
86484  -35.360  10.362  -42.636 0.0000000000
86497  -34.551  10.169  -44.155 0.0000000000
86498  -35.030  10.490  -43.370 0.0000000000
86511  -33.579  9.464  -45.275 0.0000000000
86512  -33.885  10.181  -45.062 0.0000000000
86527  -33.804  10.846  -45.701 0.0000000000
87646  -34.636  10.865  -33.769 0.0000000000
87647  -34.998  10.995  -34.034 0.0000000000
87662  -33.821  11.187  -34.638 0.0000000000
87663  -34.364  11.151  -34.299 0.0000000000
87664  -35.218  11.236  -34.546 0.0000000000
87665  -35.861  11.115  -34.788 0.0000000000
87676  -32.813  11.387  -35.396 0.0000000000
87677  -33.365  11.293  -35.100 0.0000000000
87678  -34.889  11.498  -34.898 0.0000000000
87679  -35.509  11.571  -35.192 0.0000000000
87680  -36.233  11.262  -35.372 0.0000000000
87690  -31.867  11.387  -36.151 0.0000000000
87691  -32.312  11.489  -35.774 0.0000000000
87692  -35.941  11.781  -35.705 0.0000000000
87693  -36.421  11.452  -36.252 0.0000000000
87694  -36.827  11.000  -36.727 0.0000000000
87708  -30.654  11.430  -37.540 0.0000000000
87709  -31.419  11.342  -37.000 0.0000000000
87710  -36.581  11.511  -37.131 0.0000000000
87711  -37.107  10.898  -37.396 0.0000000000
87727  -29.965  10.913  -38.973 0.0000000000
87728  -30.258  11.478  -38.374 0.0000000000
87729  -36.790  11.583  -38.199 0.0000000000
87730  -37.352  10.761  -38.167 0.0000000000
87738  -30.120  11.975  -39.085 0.0000000000
87739  -35.975  11.826  -39.600 0.0000000000
87740  -36.574  11.317  -39.247 0.0000000000
87750  -35.808  11.738  -40.497 0.0000000000
87751  -36.358  11.106  -40.104 0.0000000000
87771  -35.577  11.571  -41.418 0.0000000000
87790  -35.323  11.299  -42.281 0.0000000000
87804  -34.824  11.430  -43.695 0.0000000000
87805  -35.117  11.081  -42.959 0.0000000000
87815  -34.459  11.289  -44.997 0.0000000000
87828  -34.014  11.617  -46.085 0.0000000000
88912  -34.131  11.524  -35.085 0.0000000000
88913  -34.548  11.512  -34.967 0.0000000000
88925  -33.045  12.113  -35.640 0.0000000000
88926  -33.827  12.362  -35.661 0.0000000000
88927  -34.839  12.006  -35.468 0.0000000000
88928  -35.517  11.958  -35.634 0.0000000000
88939  -32.029  12.217  -36.333 0.0000000000
88940  -32.543  12.551  -36.146 0.0000000000
88941  -33.953  12.916  -36.188 0.0000000000
88942  -34.577  12.817  -36.438 0.0000000000
88943  -35.670  12.240  -36.311 0.0000000000
88944  -36.227  11.892  -36.769 0.0000000000
88955  -30.779  12.210  -37.736 0.0000000000
88956  -32.052  12.905  -37.252 0.0000000000
88957  -32.072  13.136  -36.594 0.0000000000
88958  -34.742  13.116  -36.960 0.0000000000
88959  -35.170  12.876  -37.200 0.0000000000
88960  -36.064  12.206  -37.423 0.0000000000
88977  -30.641  12.814  -37.809 0.0000000000
88978  -31.089  13.473  -37.679 0.0000000000
88979  -35.572  12.750  -38.076 0.0000000000
88980  -36.091  12.223  -38.314 0.0000000000
88995  -30.222  12.729  -39.231 0.0000000000
88996  -35.690  12.562  -38.980 0.0000000000
88997  -36.213  11.895  -38.866 0.0000000000
89007  -35.548  12.573  -39.984 0.0000000000
89028  -35.419  12.561  -40.988 0.0000000000
89047  -34.781  12.911  -42.657 0.0000000000
89048  -34.946  12.551  -42.135 0.0000000000
89063  -34.782  12.626  -43.175 0.0000000000
89064  -35.023  11.804  -42.850 0.0000000000
89077  -34.632  12.505  -44.379 0.0000000000
89085  -34.435  12.477  -45.599 0.0000000000
90140  -33.132  12.489  -35.814 0.0000000000
90141  -33.325  12.600  -35.872 0.0000000000
90152  -33.037  12.726  -36.036 0.0000000000
90153  -33.460  13.014  -36.261 0.0000000000
90154  -34.004  13.257  -36.577 0.0000000000
90164  -32.020  13.433  -37.076 0.0000000000
90165  -32.728  13.429  -36.702 0.0000000000
90166  -33.546  13.608  -36.967 0.0000000000
90167  -34.396  13.441  -37.352 0.0000000000
90168  -35.017  13.240  -37.945 0.0000000000
90181  -30.925  13.914  -38.137 0.0000000000
90182  -31.594  13.859  -37.552 0.0000000000
90183  -34.581  13.703  -38.562 0.0000000000
90184  -35.204  13.151  -38.594 0.0000000000
90194  -30.030  13.908  -39.260 0.0000000000
90195  -34.679  13.833  -39.241 0.0000000000
90196  -35.117  13.411  -39.406 0.0000000000
90209  -35.232  13.360  -40.420 0.0000000000
90225  -34.867  13.910  -41.992 0.0000000000
90226  -35.041  13.477  -41.395 0.0000000000
90242  -34.828  13.545  -42.713 0.0000000000
90243  -34.842  13.370  -42.046 0.0000000000
90257  -34.716  13.624  -43.860 0.0000000000
90271  -34.779  13.542  -45.022 0.0000000000
90284  -34.516  13.485  -46.179 0.0000000000
91321  -32.278  14.055  -37.569 0.0000000000
91322  -33.018  14.109  -37.477 0.0000000000
91323  -33.716  14.023  -37.709 0.0000000000
91324  -34.143  13.901  -38.013 0.0000000000
91335  -30.791  15.006  -39.011 0.0000000000
91336  -31.679  14.740  -38.166 0.0000000000
91337  -32.619  14.702  -38.054 0.0000000000
91338  -33.320  14.547  -38.109 0.0000000000
91339  -33.917  14.366  -38.470 0.0000000000
91346  -30.054  14.687  -39.862 0.0000000000
91347  -34.470  14.437  -39.389 0.0000000000
91348  -34.763  13.900  -39.522 0.0000000000
91361  -34.710  14.691  -40.424 0.0000000000
91362  -34.924  13.991  -39.975 0.0000000000
91378  -34.841  14.516  -41.411 0.0000000000
91379  -34.976  14.016  -40.732 0.0000000000
91392  -34.870  14.615  -42.396 0.0000000000
91408  -34.979  14.710  -43.457 0.0000000000
91409  -35.133  15.181  -43.765 0.0000000000
91421  -35.012  14.718  -44.468 0.0000000000
91422  -35.206  15.001  -43.950 0.0000000000
91435  -34.720  14.515  -45.596 0.0000000000
91445  -34.413  14.445  -46.660 0.0000000000
92560  -31.092  15.485  -39.352 0.0000000000
92561  -31.526  15.480  -38.947 0.0000000000
92562  -32.350  15.409  -38.650 0.0000000000
92563  -33.126  15.121  -38.579 0.0000000000
92564  -33.536  14.810  -38.519 0.0000000000
92569  -30.699  15.531  -39.941 0.0000000000
92570  -31.345  15.849  -39.559 0.0000000000
92571  -32.063  15.966  -39.302 0.0000000000
92572  -33.083  15.894  -39.395 0.0000000000
92573  -33.804  15.150  -38.979 0.0000000000
92583  -33.495  16.158  -40.058 0.0000000000
92584  -34.115  15.646  -40.071 0.0000000000
92598  -34.558  15.365  -41.017 0.0000000000
92611  -34.733  15.491  -41.906 0.0000000000
92627  -34.780  15.490  -42.907 0.0000000000
92628  -35.039  15.497  -43.584 0.0000000000
92641  -35.031  15.475  -44.553 0.0000000000
92642  -35.165  15.492  -44.078 0.0000000000
92654  -34.781  15.451  -45.108 0.0000000000
92668  -34.486  15.420  -46.079 0.0000000000
92679  -34.200  15.356  -47.158 0.0000000000
93892  -30.712  15.922  -40.244 0.0000000000
93893  -30.996  16.141  -40.085 0.0000000000
93894  -31.688  16.422  -39.831 0.0000000000
93895  -32.408  16.410  -39.768 0.0000000000
93904  -30.440  16.088  -40.723 0.0000000000
93905  -31.361  16.696  -40.536 0.0000000000
93906  -32.154  16.859  -40.249 0.0000000000
93907  -32.994  16.611  -40.309 0.0000000000
93908  -33.669  16.347  -40.537 0.0000000000
93921  -31.471  17.053  -40.995 0.0000000000
93922  -33.486  16.907  -40.930 0.0000000000
93923  -34.203  16.387  -41.306 0.0000000000
93933  -34.587  16.395  -42.488 0.0000000000
93945  -34.868  16.249  -43.539 0.0000000000
93946  -35.112  15.810  -43.779 0.0000000000
93961  -34.956  16.204  -44.482 0.0000000000
93962  -35.137  15.972  -43.968 0.0000000000
93975  -34.648  16.345  -45.510 0.0000000000
93992  -34.368  16.371  -46.530 0.0000000000
94005  -34.330  16.330  -47.625 0.0000000000
95216  -31.882  17.218  -40.783 0.0000000000
95217  -32.569  17.171  -40.746 0.0000000000
95218  -33.046  17.114  -40.779 0.0000000000
95227  -31.559  17.512  -41.354 0.0000000000
95228  -32.269  17.519  -41.167 0.0000000000
95229  -32.994  17.465  -41.347 0.0000000000
95230  -33.674  17.165  -41.549 0.0000000000
95238  -33.457  17.621  -41.969 0.0000000000
95239  -34.071  17.323  -42.251 0.0000000000
95250  -34.659  17.311  -43.083 0.0000000000
95265  -34.687  17.234  -44.036 0.0000000000
95280  -34.858  17.264  -44.984 0.0000000000
95298  -34.705  17.297  -45.975 0.0000000000
95314  -34.685  17.287  -47.003 0.0000000000
95327  -34.546  17.312  -48.029 0.0000000000
96394  -31.407  18.052  -41.944 0.0000000000
96395  -32.278  17.979  -41.762 0.0000000000
96396  -33.004  17.961  -42.022 0.0000000000
96404  -31.906  18.577  -42.314 0.0000000000
96405  -32.730  18.522  -42.380 0.0000000000
96406  -33.566  18.284  -42.541 0.0000000000
96407  -34.200  18.003  -42.886 0.0000000000
96418  -33.948  18.596  -43.147 0.0000000000
96419  -34.324  18.220  -43.641 0.0000000000
96430  -34.545  18.117  -44.497 0.0000000000
96440  -34.617  18.214  -45.413 0.0000000000
96452  -34.734  18.267  -46.423 0.0000000000
96462  -34.750  18.217  -47.438 0.0000000000
97420  -32.378  19.228  -42.727 0.0000000000
97421  -33.220  19.136  -42.837 0.0000000000
97422  -33.639  18.866  -43.066 0.0000000000
97432  -32.806  19.788  -43.327 0.0000000000
97433  -33.797  19.415  -43.747 0.0000000000
97434  -34.264  18.700  -44.156 0.0000000000
97444  -33.874  19.820  -45.072 0.0000000000
97445  -34.234  18.931  -44.793 0.0000000000
97456  -34.215  20.014  -45.596 0.0000000000
97457  -34.485  19.349  -45.804 0.0000000000
97469  -34.677  19.170  -46.942 0.0000000000
98388  -33.083  20.208  -43.791 0.0000000000
98397  -33.212  20.705  -44.505 0.0000000000
98409  -33.909  20.686  -45.756 0.0000000000
98410  -34.356  20.080  -45.884 0.0000000000
98419  -34.418  20.082  -46.500 0.0000000000
139847  -36.582  2.767  -41.748 0.0000000000
139848  -38.014  2.519  -41.407 0.0000000000
139849  -37.829  2.572  -41.539 0.0000000000
139850  -36.466  2.770  -41.264 0.0000000000
139851  -38.100  3.408  -41.551 0.0000000000
139852  -38.382  2.529  -41.118 0.0000000000
139853  -37.567  2.723  -41.768 0.0000000000
139854  -36.280  2.900  -41.610 0.0000000000
139855  -36.258  3.103  -41.379 0.0000000000
139856  -38.187  5.243  -41.953 0.0000000000
139857  -36.250  3.393  -41.944 0.0000000000
139858  -36.777  4.437  -39.828 0.0000000000
139859  -36.905  5.062  -41.192 0.0000000000
139860  -37.729  5.096  -42.533 0.0000000000
139861  -35.873  3.687  -42.432 0.0000000000
139862  -35.850  3.383  -42.654 0.0000000000
139863  -35.942  3.930  -42.277 0.0000000000
139864  -36.392  4.549  -42.019 0.0000000000
139865  -37.397  5.942  -41.157 0.0000000000
139866  -37.487  4.403  -42.733 0.0000000000
139867  -35.505  3.564  -42.988 0.0000000000
139868  -37.034  3.961  -43.741 0.0000000000
139869  -35.350  3.749  -43.363 0.0000000000
139870  -36.953  5.922  -41.828 0.0000000000
139871  -38.273  6.122  -42.339 0.0000000000
139872  -37.261  4.703  -43.597 0.0000000000
139873  -37.614  5.676  -42.945 0.0000000000
