#!ascii label  , from subject Broad_82_YZ vox2ras=TkReg
676
3486  -26.616  -64.752  -18.969 0.0000000000
3502  -27.365  -64.986  -19.757 0.0000000000
4034  -25.549  -64.234  -18.417 0.0000000000
4035  -26.760  -64.269  -18.619 0.0000000000
4036  -27.802  -64.016  -18.661 0.0000000000
4037  -28.281  -63.878  -18.811 0.0000000000
4053  -26.916  -64.714  -19.046 0.0000000000
4054  -27.491  -64.656  -19.276 0.0000000000
4055  -28.334  -64.223  -19.169 0.0000000000
4056  -28.688  -64.322  -19.643 0.0000000000
4069  -27.647  -64.906  -19.847 0.0000000000
4070  -28.198  -64.731  -19.995 0.0000000000
4071  -29.021  -64.424  -20.222 0.0000000000
4618  -24.556  -63.608  -18.781 0.0000000000
4619  -25.212  -63.341  -18.567 0.0000000000
4620  -26.259  -63.375  -18.343 0.0000000000
4621  -27.354  -63.319  -18.430 0.0000000000
4622  -28.398  -63.369  -18.664 0.0000000000
4623  -29.054  -63.103  -18.829 0.0000000000
4641  -24.700  -63.231  -19.056 0.0000000000
4642  -28.557  -63.840  -18.924 0.0000000000
4643  -29.104  -63.762  -19.316 0.0000000000
4644  -29.954  -63.333  -19.716 0.0000000000
4660  -29.728  -63.912  -20.352 0.0000000000
5260  -25.434  -62.954  -18.727 0.0000000000
5261  -25.848  -62.740  -18.616 0.0000000000
5262  -26.888  -62.434  -18.655 0.0000000000
5263  -27.958  -62.469  -18.582 0.0000000000
5264  -28.889  -62.448  -18.690 0.0000000000
5282  -25.330  -62.774  -19.152 0.0000000000
5283  -26.225  -62.366  -19.423 0.0000000000
5284  -27.123  -61.832  -19.717 0.0000000000
5285  -29.652  -62.720  -19.108 0.0000000000
5286  -30.431  -62.600  -19.725 0.0000000000
5985  -27.672  -61.743  -18.928 0.0000000000
5986  -28.488  -61.488  -18.779 0.0000000000
5987  -29.677  -61.509  -18.823 0.0000000000
5988  -30.289  -60.909  -18.996 0.0000000000
6003  -27.659  -61.223  -19.469 0.0000000000
6004  -27.969  -61.159  -18.981 0.0000000000
6005  -30.166  -62.094  -19.253 0.0000000000
6006  -30.772  -61.467  -19.587 0.0000000000
6007  -31.263  -61.123  -20.099 0.0000000000
6023  -27.528  -61.110  -20.424 0.0000000000
6024  -31.290  -61.548  -20.334 0.0000000000
6743  -27.634  -60.297  -19.161 0.0000000000
6744  -28.118  -60.491  -18.818 0.0000000000
6745  -28.957  -60.503  -18.636 0.0000000000
6746  -29.858  -60.262  -18.719 0.0000000000
6764  -27.612  -60.614  -19.694 0.0000000000
6765  -27.830  -60.778  -19.199 0.0000000000
6766  -30.559  -60.336  -19.320 0.0000000000
6767  -31.213  -60.399  -20.078 0.0000000000
6780  -27.411  -60.328  -20.315 0.0000000000
7537  -26.910  -59.258  -18.711 0.0000000000
7538  -27.402  -59.561  -18.732 0.0000000000
7539  -28.324  -59.616  -18.439 0.0000000000
7540  -29.195  -59.565  -18.532 0.0000000000
7541  -29.707  -59.606  -18.748 0.0000000000
7558  -26.792  -59.320  -19.095 0.0000000000
7559  -27.247  -59.879  -19.623 0.0000000000
7560  -29.576  -59.214  -18.766 0.0000000000
7561  -30.117  -59.367  -19.179 0.0000000000
7562  -30.735  -59.623  -19.806 0.0000000000
7575  -26.734  -59.296  -19.880 0.0000000000
7576  -27.118  -59.580  -20.664 0.0000000000
7577  -30.488  -58.948  -19.940 0.0000000000
8272  -26.948  -58.140  -17.763 0.0000000000
8273  -27.424  -58.104  -17.840 0.0000000000
8291  -26.046  -58.095  -18.622 0.0000000000
8292  -26.682  -58.706  -18.534 0.0000000000
8293  -27.647  -58.645  -18.074 0.0000000000
8294  -28.617  -58.793  -18.266 0.0000000000
8295  -29.228  -58.866  -18.550 0.0000000000
8312  -26.160  -58.386  -18.950 0.0000000000
8313  -26.349  -58.668  -19.474 0.0000000000
8314  -29.555  -58.634  -19.016 0.0000000000
8315  -30.010  -58.440  -19.640 0.0000000000
8332  -26.583  -58.688  -20.573 0.0000000000
9067  -25.832  -57.101  -17.727 0.0000000000
9068  -26.616  -57.347  -17.548 0.0000000000
9069  -27.477  -57.587  -17.641 0.0000000000
9070  -27.989  -57.392  -17.747 0.0000000000
9082  -25.674  -57.421  -18.525 0.0000000000
9083  -26.255  -57.839  -18.058 0.0000000000
9084  -27.671  -58.056  -17.861 0.0000000000
9085  -28.193  -57.856  -18.052 0.0000000000
9086  -28.987  -58.143  -18.625 0.0000000000
9102  -25.810  -57.883  -19.320 0.0000000000
9103  -26.100  -58.115  -20.095 0.0000000000
9104  -29.540  -57.739  -19.321 0.0000000000
9121  -25.749  -57.414  -20.228 0.0000000000
9122  -26.209  -57.836  -20.878 0.0000000000
9143  -25.863  -57.188  -21.007 0.0000000000
9144  -26.223  -57.403  -21.668 0.0000000000
9852  -26.746  -56.350  -16.802 0.0000000000
9853  -27.342  -56.275  -16.672 0.0000000000
9854  -28.266  -56.140  -16.580 0.0000000000
9855  -28.949  -55.863  -16.478 0.0000000000
9864  -25.683  -56.351  -17.632 0.0000000000
9865  -26.250  -56.517  -17.151 0.0000000000
9866  -27.055  -56.882  -17.106 0.0000000000
9867  -28.074  -56.888  -17.394 0.0000000000
9868  -29.195  -56.214  -17.340 0.0000000000
9869  -29.856  -55.946  -17.699 0.0000000000
9884  -25.442  -56.564  -18.313 0.0000000000
9885  -28.309  -57.289  -17.907 0.0000000000
9886  -28.929  -56.998  -18.552 0.0000000000
9887  -29.810  -56.216  -18.329 0.0000000000
9908  -25.390  -56.720  -19.426 0.0000000000
9909  -29.532  -57.030  -19.536 0.0000000000
9910  -30.027  -56.422  -19.489 0.0000000000
9926  -25.538  -56.623  -20.604 0.0000000000
9947  -25.720  -56.657  -21.629 0.0000000000
9948  -26.092  -57.017  -22.205 0.0000000000
9966  -25.817  -56.550  -22.398 0.0000000000
9988  -25.863  -56.308  -23.114 0.0000000000
10012  -25.849  -55.928  -23.675 0.0000000000
10644  -28.079  -55.084  -15.689 0.0000000000
10645  -28.784  -55.010  -15.559 0.0000000000
10646  -29.585  -55.023  -15.467 0.0000000000
10647  -30.101  -55.035  -15.524 0.0000000000
10655  -26.547  -55.588  -16.713 0.0000000000
10656  -27.562  -55.437  -16.234 0.0000000000
10657  -28.467  -55.566  -16.002 0.0000000000
10658  -29.263  -55.538  -15.949 0.0000000000
10659  -30.164  -55.431  -16.086 0.0000000000
10660  -30.642  -55.435  -16.673 0.0000000000
10673  -25.501  -55.793  -17.991 0.0000000000
10674  -25.862  -55.704  -17.332 0.0000000000
10675  -29.552  -55.773  -16.585 0.0000000000
10676  -30.149  -55.777  -17.079 0.0000000000
10677  -31.013  -55.391  -17.334 0.0000000000
10678  -31.776  -55.237  -17.869 0.0000000000
10692  -25.365  -55.863  -18.841 0.0000000000
10693  -30.390  -55.757  -17.963 0.0000000000
10694  -31.151  -55.557  -18.416 0.0000000000
10695  -32.131  -55.285  -18.791 0.0000000000
10713  -25.322  -55.910  -19.486 0.0000000000
10714  -30.498  -55.963  -18.790 0.0000000000
10715  -31.151  -55.854  -19.677 0.0000000000
10730  -25.317  -55.897  -20.158 0.0000000000
10751  -25.414  -55.879  -21.163 0.0000000000
10769  -25.502  -55.835  -22.241 0.0000000000
10790  -25.690  -55.384  -23.211 0.0000000000
10814  -25.972  -55.465  -24.091 0.0000000000
11461  -29.352  -53.916  -14.929 0.0000000000
11462  -29.575  -54.025  -14.856 0.0000000000
11473  -27.678  -54.622  -15.969 0.0000000000
11474  -28.298  -54.458  -15.601 0.0000000000
11475  -29.088  -54.207  -15.133 0.0000000000
11476  -30.059  -54.513  -15.117 0.0000000000
11477  -30.896  -54.560  -15.361 0.0000000000
11478  -31.585  -54.415  -15.606 0.0000000000
11490  -26.466  -54.973  -16.845 0.0000000000
11491  -26.878  -54.626  -16.621 0.0000000000
11492  -30.514  -54.975  -15.615 0.0000000000
11493  -31.175  -55.081  -16.213 0.0000000000
11494  -32.227  -54.489  -16.389 0.0000000000
11495  -33.105  -54.271  -16.830 0.0000000000
11509  -25.756  -55.310  -17.754 0.0000000000
11510  -26.213  -54.757  -17.443 0.0000000000
11511  -26.661  -54.274  -17.187 0.0000000000
11512  -31.799  -55.024  -17.098 0.0000000000
11513  -32.719  -54.846  -17.729 0.0000000000
11514  -33.982  -54.365  -17.487 0.0000000000
11515  -34.710  -53.854  -17.614 0.0000000000
11532  -25.671  -55.073  -18.397 0.0000000000
11533  -26.034  -54.481  -18.297 0.0000000000
11534  -32.889  -55.075  -18.629 0.0000000000
11554  -25.526  -55.216  -19.548 0.0000000000
11555  -25.982  -54.435  -19.083 0.0000000000
11568  -25.520  -55.130  -20.687 0.0000000000
11569  -25.953  -54.442  -20.217 0.0000000000
11584  -25.489  -55.184  -21.585 0.0000000000
11585  -25.896  -54.425  -21.432 0.0000000000
11598  -25.593  -54.845  -22.361 0.0000000000
11599  -26.218  -54.196  -22.467 0.0000000000
11613  -25.901  -54.622  -23.060 0.0000000000
11614  -26.492  -54.206  -23.410 0.0000000000
11615  -27.043  -53.971  -24.067 0.0000000000
11634  -25.955  -54.784  -23.713 0.0000000000
11635  -26.500  -54.665  -24.445 0.0000000000
11636  -27.378  -54.180  -24.873 0.0000000000
12261  -29.416  -53.504  -14.950 0.0000000000
12262  -30.036  -53.783  -14.746 0.0000000000
12263  -30.678  -53.492  -14.650 0.0000000000
12264  -31.398  -53.368  -14.631 0.0000000000
12282  -27.931  -54.167  -15.827 0.0000000000
12283  -28.333  -53.663  -15.755 0.0000000000
12284  -28.894  -53.460  -15.316 0.0000000000
12285  -30.601  -54.108  -14.898 0.0000000000
12286  -31.257  -53.996  -14.996 0.0000000000
12287  -32.210  -53.755  -15.234 0.0000000000
12288  -33.179  -53.420  -15.584 0.0000000000
12289  -33.871  -53.127  -15.821 0.0000000000
12301  -27.575  -53.952  -16.275 0.0000000000
12302  -28.018  -53.244  -16.735 0.0000000000
12303  -32.910  -53.973  -16.070 0.0000000000
12304  -33.686  -53.710  -16.475 0.0000000000
12305  -34.408  -53.144  -16.478 0.0000000000
12316  -26.621  -54.144  -17.558 0.0000000000
12317  -27.141  -53.726  -17.314 0.0000000000
12318  -27.972  -53.033  -17.789 0.0000000000
12319  -34.333  -53.660  -17.070 0.0000000000
12320  -34.951  -53.291  -17.249 0.0000000000
12335  -26.561  -53.898  -18.364 0.0000000000
12336  -27.462  -53.303  -18.381 0.0000000000
12337  -27.994  -52.981  -18.457 0.0000000000
12358  -26.564  -53.875  -19.702 0.0000000000
12359  -27.256  -53.375  -19.315 0.0000000000
12360  -27.957  -52.998  -19.063 0.0000000000
12374  -26.552  -53.888  -20.834 0.0000000000
12375  -27.266  -53.464  -20.381 0.0000000000
12376  -27.935  -53.098  -19.966 0.0000000000
12391  -26.564  -53.859  -21.813 0.0000000000
12392  -27.236  -53.497  -21.436 0.0000000000
12393  -28.030  -53.053  -21.001 0.0000000000
12409  -26.630  -53.850  -22.350 0.0000000000
12410  -27.074  -53.626  -22.313 0.0000000000
12411  -27.963  -53.196  -22.252 0.0000000000
12425  -26.742  -53.875  -22.760 0.0000000000
12426  -27.377  -53.664  -23.215 0.0000000000
12427  -28.489  -53.132  -23.495 0.0000000000
12428  -29.197  -52.966  -24.162 0.0000000000
12438  -27.835  -53.677  -24.195 0.0000000000
12439  -28.671  -53.432  -24.518 0.0000000000
12452  -28.142  -53.845  -24.963 0.0000000000
13136  -29.482  -52.920  -14.974 0.0000000000
13137  -29.956  -52.933  -14.646 0.0000000000
13138  -30.823  -52.668  -14.380 0.0000000000
13139  -31.965  -52.736  -14.317 0.0000000000
13140  -32.983  -52.384  -14.388 0.0000000000
13141  -33.713  -52.104  -14.749 0.0000000000
13159  -28.738  -53.203  -15.657 0.0000000000
13160  -29.124  -52.811  -15.463 0.0000000000
13161  -32.813  -53.083  -14.853 0.0000000000
13162  -33.504  -52.762  -15.151 0.0000000000
13163  -34.411  -52.383  -15.595 0.0000000000
13164  -35.239  -52.019  -15.995 0.0000000000
13171  -28.635  -52.902  -16.177 0.0000000000
13172  -29.140  -52.253  -16.340 0.0000000000
13173  -35.160  -52.636  -16.704 0.0000000000
13189  -28.724  -52.475  -17.296 0.0000000000
13190  -29.487  -51.867  -17.161 0.0000000000
13191  -35.339  -52.937  -17.335 0.0000000000
13213  -28.589  -52.625  -18.583 0.0000000000
13214  -29.703  -51.991  -18.334 0.0000000000
13215  -30.419  -51.685  -18.858 0.0000000000
13237  -28.548  -52.735  -19.634 0.0000000000
13238  -29.319  -52.355  -19.463 0.0000000000
13239  -30.193  -51.947  -19.492 0.0000000000
13255  -28.449  -52.823  -20.370 0.0000000000
13256  -29.026  -52.549  -20.319 0.0000000000
13257  -29.812  -52.225  -20.388 0.0000000000
13277  -28.687  -52.681  -20.903 0.0000000000
13278  -29.302  -52.423  -21.131 0.0000000000
13279  -30.114  -52.079  -21.367 0.0000000000
13298  -28.678  -52.661  -21.677 0.0000000000
13299  -29.487  -52.337  -22.122 0.0000000000
13300  -30.500  -52.056  -22.432 0.0000000000
13301  -31.284  -51.909  -22.783 0.0000000000
13317  -28.825  -52.704  -22.616 0.0000000000
13318  -29.685  -52.521  -23.450 0.0000000000
13319  -30.961  -52.122  -23.544 0.0000000000
13320  -31.741  -51.845  -23.340 0.0000000000
13333  -29.737  -52.810  -24.323 0.0000000000
14084  -31.805  -50.863  -13.659 0.0000000000
14085  -32.667  -50.923  -13.637 0.0000000000
14086  -33.226  -50.873  -13.721 0.0000000000
14111  -29.586  -52.472  -15.061 0.0000000000
14112  -30.036  -51.761  -14.791 0.0000000000
14113  -31.139  -51.592  -14.045 0.0000000000
14114  -32.312  -51.722  -13.857 0.0000000000
14115  -33.315  -51.500  -14.043 0.0000000000
14116  -34.284  -51.419  -14.678 0.0000000000
14117  -35.091  -51.073  -14.969 0.0000000000
14132  -29.504  -52.004  -15.619 0.0000000000
14133  -29.841  -51.256  -15.823 0.0000000000
14134  -34.934  -51.646  -15.392 0.0000000000
14146  -29.604  -51.647  -16.407 0.0000000000
14147  -30.011  -51.198  -16.556 0.0000000000
14172  -29.894  -51.478  -16.982 0.0000000000
14173  -30.341  -51.111  -17.207 0.0000000000
14197  -30.052  -51.565  -17.580 0.0000000000
14198  -30.726  -51.229  -18.238 0.0000000000
14199  -31.252  -50.730  -18.356 0.0000000000
14217  -26.314  -51.113  -19.791 0.0000000000
14218  -26.554  -51.001  -19.885 0.0000000000
14219  -30.988  -51.482  -19.370 0.0000000000
14220  -31.541  -50.904  -18.901 0.0000000000
14238  -26.195  -51.175  -20.090 0.0000000000
14239  -26.437  -51.069  -20.066 0.0000000000
14240  -30.804  -51.757  -20.551 0.0000000000
14241  -32.038  -51.027  -20.255 0.0000000000
14242  -32.755  -50.758  -20.975 0.0000000000
14263  -30.838  -51.840  -21.582 0.0000000000
14264  -31.575  -51.542  -21.437 0.0000000000
14265  -32.541  -51.104  -21.659 0.0000000000
14283  -31.226  -51.783  -22.145 0.0000000000
14284  -31.957  -51.583  -22.503 0.0000000000
14285  -32.977  -51.327  -22.741 0.0000000000
14286  -33.593  -51.276  -23.300 0.0000000000
14302  -32.424  -51.662  -23.425 0.0000000000
14303  -33.095  -51.531  -23.595 0.0000000000
14304  -33.753  -51.444  -23.935 0.0000000000
14305  -34.436  -51.185  -24.202 0.0000000000
15043  -31.604  -50.142  -13.681 0.0000000000
15044  -32.237  -50.210  -13.510 0.0000000000
15045  -33.105  -50.242  -13.502 0.0000000000
15046  -33.879  -50.004  -13.665 0.0000000000
15063  -30.531  -50.757  -14.607 0.0000000000
15064  -31.111  -50.478  -14.006 0.0000000000
15065  -33.764  -50.752  -13.929 0.0000000000
15066  -34.651  -50.351  -14.278 0.0000000000
15067  -35.874  -50.507  -14.900 0.0000000000
15068  -37.053  -50.298  -14.826 0.0000000000
15069  -38.099  -50.068  -14.776 0.0000000000
15070  -38.735  -49.599  -14.899 0.0000000000
15085  -30.194  -50.829  -15.360 0.0000000000
15110  -30.446  -50.529  -16.368 0.0000000000
15111  -30.776  -49.951  -16.376 0.0000000000
15140  -30.848  -50.574  -17.525 0.0000000000
15141  -30.950  -49.882  -16.997 0.0000000000
15160  -31.125  -50.670  -18.072 0.0000000000
15161  -31.594  -50.036  -18.167 0.0000000000
15162  -32.356  -49.727  -18.939 0.0000000000
15182  -25.738  -51.244  -19.505 0.0000000000
15183  -26.593  -50.881  -19.395 0.0000000000
15184  -27.280  -50.342  -19.331 0.0000000000
15185  -32.178  -50.396  -19.268 0.0000000000
15186  -32.697  -49.913  -19.633 0.0000000000
15209  -25.777  -51.115  -20.564 0.0000000000
15210  -26.738  -50.871  -20.368 0.0000000000
15211  -27.799  -50.281  -20.154 0.0000000000
15212  -28.348  -50.024  -20.456 0.0000000000
15213  -32.511  -50.425  -19.894 0.0000000000
15214  -33.046  -50.218  -20.470 0.0000000000
15215  -33.754  -49.865  -21.194 0.0000000000
15235  -26.063  -50.813  -21.411 0.0000000000
15236  -26.756  -50.678  -21.435 0.0000000000
15237  -27.607  -50.475  -21.292 0.0000000000
15238  -28.118  -50.326  -20.797 0.0000000000
15239  -33.354  -50.538  -21.590 0.0000000000
15240  -34.302  -49.968  -22.030 0.0000000000
15241  -34.807  -49.669  -22.569 0.0000000000
15256  -26.372  -50.544  -22.038 0.0000000000
15257  -26.982  -50.429  -22.007 0.0000000000
15258  -33.193  -50.944  -22.169 0.0000000000
15259  -33.970  -50.783  -22.725 0.0000000000
15260  -34.738  -50.078  -22.859 0.0000000000
15272  -34.190  -51.088  -23.592 0.0000000000
15273  -35.141  -50.401  -23.953 0.0000000000
15274  -35.956  -49.884  -24.354 0.0000000000
15976  -31.849  -49.607  -13.614 0.0000000000
15977  -32.499  -49.447  -13.420 0.0000000000
15978  -33.368  -49.333  -13.419 0.0000000000
15979  -34.323  -49.208  -13.690 0.0000000000
16001  -30.829  -50.030  -14.567 0.0000000000
16002  -31.308  -49.574  -14.095 0.0000000000
16003  -35.317  -49.442  -14.241 0.0000000000
16004  -36.350  -49.499  -14.464 0.0000000000
16005  -37.349  -49.380  -14.526 0.0000000000
16006  -38.248  -49.176  -14.598 0.0000000000
16007  -39.089  -49.054  -14.708 0.0000000000
16008  -39.469  -48.782  -14.916 0.0000000000
16026  -30.609  -50.103  -15.405 0.0000000000
16027  -30.957  -49.367  -14.949 0.0000000000
16028  -39.154  -49.487  -15.102 0.0000000000
16029  -39.694  -49.147  -15.406 0.0000000000
16048  -30.696  -49.989  -16.055 0.0000000000
16049  -31.037  -49.417  -16.077 0.0000000000
16071  -31.485  -49.008  -17.246 0.0000000000
16072  -31.900  -48.729  -17.847 0.0000000000
16089  -31.790  -49.205  -17.946 0.0000000000
16090  -32.227  -49.021  -18.435 0.0000000000
16106  -32.848  -49.067  -19.314 0.0000000000
16107  -33.319  -48.865  -19.948 0.0000000000
16118  -33.131  -49.477  -19.979 0.0000000000
16119  -33.685  -49.219  -20.582 0.0000000000
16124  -27.976  -50.251  -21.709 0.0000000000
16125  -28.566  -50.008  -21.366 0.0000000000
16126  -29.615  -49.288  -21.729 0.0000000000
16127  -34.280  -49.196  -21.465 0.0000000000
16128  -34.803  -49.179  -22.300 0.0000000000
16134  -27.716  -50.119  -22.477 0.0000000000
16135  -29.091  -49.804  -22.922 0.0000000000
16136  -30.265  -49.136  -22.814 0.0000000000
16137  -30.902  -48.858  -22.980 0.0000000000
16138  -35.404  -49.373  -23.205 0.0000000000
16139  -36.118  -49.025  -23.989 0.0000000000
16149  -28.054  -49.594  -23.891 0.0000000000
16150  -29.009  -49.515  -24.165 0.0000000000
16151  -29.922  -49.305  -23.949 0.0000000000
16152  -31.025  -48.914  -23.813 0.0000000000
16153  -31.680  -48.802  -24.106 0.0000000000
16154  -35.815  -49.610  -23.984 0.0000000000
16165  -29.535  -49.455  -25.053 0.0000000000
16166  -30.706  -49.336  -24.952 0.0000000000
16167  -31.941  -49.093  -24.811 0.0000000000
16168  -33.229  -48.998  -25.192 0.0000000000
16169  -33.894  -48.886  -25.362 0.0000000000
16182  -31.473  -49.360  -25.988 0.0000000000
16183  -32.704  -49.460  -25.925 0.0000000000
16184  -34.009  -49.328  -25.907 0.0000000000
16963  -31.800  -48.709  -13.718 0.0000000000
16964  -32.734  -48.583  -13.382 0.0000000000
16965  -33.607  -48.477  -13.400 0.0000000000
16966  -34.246  -48.295  -13.597 0.0000000000
16992  -31.398  -48.833  -14.487 0.0000000000
16993  -34.901  -48.449  -13.951 0.0000000000
16994  -35.757  -48.569  -14.354 0.0000000000
16995  -36.687  -48.590  -14.513 0.0000000000
16996  -37.618  -48.463  -14.558 0.0000000000
16997  -38.541  -48.352  -14.599 0.0000000000
16998  -39.293  -48.361  -14.708 0.0000000000
17016  -31.316  -48.597  -15.306 0.0000000000
17017  -39.739  -48.517  -14.959 0.0000000000
17018  -40.244  -48.327  -15.248 0.0000000000
17034  -31.415  -48.405  -16.309 0.0000000000
17053  -31.611  -48.211  -16.965 0.0000000000
17054  -31.847  -48.237  -17.447 0.0000000000
17070  -32.212  -48.145  -18.055 0.0000000000
17082  -32.654  -48.066  -18.866 0.0000000000
17083  -33.162  -48.192  -19.635 0.0000000000
17092  -33.622  -48.274  -20.342 0.0000000000
17101  -34.125  -48.364  -21.103 0.0000000000
17102  -34.662  -48.387  -21.948 0.0000000000
17106  -30.676  -48.739  -22.571 0.0000000000
17107  -31.168  -48.422  -22.637 0.0000000000
17110  -35.362  -48.420  -22.759 0.0000000000
17111  -36.019  -48.387  -23.695 0.0000000000
17112  -31.238  -48.708  -23.230 0.0000000000
17113  -31.815  -48.479  -23.581 0.0000000000
17114  -32.915  -47.864  -23.709 0.0000000000
17115  -33.719  -47.776  -24.191 0.0000000000
17116  -36.526  -48.430  -24.725 0.0000000000
17123  -32.014  -48.762  -24.207 0.0000000000
17124  -32.670  -48.629  -24.365 0.0000000000
17125  -34.095  -48.339  -24.870 0.0000000000
17126  -35.626  -48.135  -25.593 0.0000000000
17137  -34.242  -48.851  -25.459 0.0000000000
17138  -34.934  -48.841  -25.657 0.0000000000
17867  -31.894  -48.158  -13.939 0.0000000000
17868  -32.207  -47.861  -13.721 0.0000000000
17869  -33.069  -47.735  -13.343 0.0000000000
17870  -33.839  -47.726  -13.480 0.0000000000
17885  -31.686  -47.974  -14.457 0.0000000000
17886  -32.059  -47.153  -14.198 0.0000000000
17887  -34.457  -47.639  -13.743 0.0000000000
17888  -35.211  -47.551  -14.291 0.0000000000
17889  -36.089  -47.826  -14.711 0.0000000000
17890  -36.953  -47.765  -14.836 0.0000000000
17891  -37.927  -47.485  -14.762 0.0000000000
17892  -39.054  -47.532  -14.592 0.0000000000
17893  -39.753  -47.265  -14.762 0.0000000000
17905  -31.573  -47.672  -15.617 0.0000000000
17906  -35.694  -47.160  -14.896 0.0000000000
17907  -36.367  -47.140  -15.225 0.0000000000
17908  -37.143  -47.051  -15.419 0.0000000000
17909  -37.825  -46.771  -15.346 0.0000000000
17910  -39.787  -47.887  -14.803 0.0000000000
17911  -40.456  -47.266  -15.027 0.0000000000
17928  -31.696  -47.578  -16.591 0.0000000000
17929  -31.852  -47.074  -16.855 0.0000000000
17950  -31.776  -47.860  -17.123 0.0000000000
17951  -31.997  -47.412  -17.434 0.0000000000
17963  -32.401  -47.304  -18.370 0.0000000000
17974  -32.645  -47.281  -18.921 0.0000000000
17975  -32.900  -47.361  -19.408 0.0000000000
17985  -33.339  -47.442  -20.117 0.0000000000
17993  -33.840  -47.482  -20.876 0.0000000000
17994  -34.424  -47.547  -21.657 0.0000000000
18001  -35.090  -47.575  -22.455 0.0000000000
18002  -35.777  -47.578  -23.356 0.0000000000
18007  -34.216  -47.614  -24.455 0.0000000000
18755  -32.647  -46.938  -13.656 0.0000000000
18756  -33.542  -47.050  -13.541 0.0000000000
18757  -34.056  -47.246  -13.603 0.0000000000
18768  -31.704  -46.978  -14.945 0.0000000000
18769  -32.372  -46.192  -14.520 0.0000000000
18770  -33.276  -46.235  -13.872 0.0000000000
18771  -34.362  -46.628  -13.846 0.0000000000
18772  -35.237  -46.531  -14.580 0.0000000000
18773  -38.580  -46.740  -14.946 0.0000000000
18774  -39.444  -46.772  -14.797 0.0000000000
18775  -39.970  -46.881  -14.792 0.0000000000
18788  -31.692  -46.977  -15.687 0.0000000000
18789  -31.931  -46.321  -15.522 0.0000000000
18790  -35.881  -46.462  -15.284 0.0000000000
18791  -36.597  -46.434  -16.176 0.0000000000
18792  -37.458  -46.539  -16.089 0.0000000000
18793  -38.282  -46.193  -15.780 0.0000000000
18794  -39.161  -46.059  -15.209 0.0000000000
18795  -40.124  -46.259  -14.923 0.0000000000
18818  -31.651  -47.234  -16.054 0.0000000000
18819  -31.821  -46.773  -16.307 0.0000000000
18820  -36.770  -46.115  -17.109 0.0000000000
18821  -37.223  -46.316  -16.941 0.0000000000
18822  -37.897  -46.159  -16.653 0.0000000000
18848  -32.050  -46.562  -17.037 0.0000000000
18849  -36.771  -45.883  -17.474 0.0000000000
18850  -37.089  -46.114  -17.694 0.0000000000
18851  -37.766  -46.122  -17.577 0.0000000000
18869  -32.229  -46.509  -17.900 0.0000000000
18887  -32.557  -46.362  -19.050 0.0000000000
18888  -33.019  -46.759  -19.854 0.0000000000
18903  -32.927  -46.056  -20.016 0.0000000000
18904  -33.410  -46.525  -20.655 0.0000000000
18914  -34.065  -46.688  -21.476 0.0000000000
19736  -32.672  -45.413  -14.785 0.0000000000
19737  -33.053  -45.517  -14.378 0.0000000000
19738  -33.846  -45.565  -14.169 0.0000000000
19739  -34.743  -45.654  -14.350 0.0000000000
19753  -32.349  -45.484  -15.368 0.0000000000
19754  -35.514  -45.651  -14.868 0.0000000000
19755  -36.083  -45.575  -15.715 0.0000000000
19756  -38.383  -45.873  -16.376 0.0000000000
19757  -38.964  -45.434  -16.099 0.0000000000
19758  -39.784  -45.423  -15.428 0.0000000000
19775  -32.141  -45.759  -16.392 0.0000000000
19776  -36.546  -45.461  -16.909 0.0000000000
19777  -38.473  -45.701  -17.008 0.0000000000
19778  -39.035  -45.312  -16.818 0.0000000000
19804  -32.224  -45.855  -17.322 0.0000000000
19805  -37.026  -45.595  -17.879 0.0000000000
19833  -32.301  -45.546  -18.103 0.0000000000
19856  -32.512  -45.198  -18.852 0.0000000000
19874  -32.731  -45.149  -19.737 0.0000000000
19875  -33.207  -45.423  -20.630 0.0000000000
19894  -33.712  -45.715  -21.494 0.0000000000
20809  -32.938  -45.119  -14.676 0.0000000000
20810  -33.390  -44.838  -14.652 0.0000000000
20811  -34.279  -44.808  -14.473 0.0000000000
20812  -35.098  -44.857  -14.585 0.0000000000
20828  -32.756  -44.870  -15.074 0.0000000000
20829  -33.109  -44.213  -15.291 0.0000000000
20830  -35.672  -44.766  -15.118 0.0000000000
20831  -36.322  -44.422  -15.833 0.0000000000
20832  -39.643  -45.058  -15.970 0.0000000000
20847  -32.566  -44.572  -16.048 0.0000000000
20848  -32.997  -43.928  -15.880 0.0000000000
20849  -36.905  -44.282  -16.807 0.0000000000
20850  -37.299  -43.874  -17.036 0.0000000000
20871  -32.364  -44.910  -17.172 0.0000000000
20872  -36.936  -44.945  -17.636 0.0000000000
20873  -37.329  -44.259  -17.493 0.0000000000
20898  -32.529  -44.516  -18.179 0.0000000000
20899  -37.111  -45.201  -18.041 0.0000000000
20922  -32.656  -44.431  -19.091 0.0000000000
20945  -32.795  -44.199  -19.757 0.0000000000
20946  -33.089  -44.374  -20.493 0.0000000000
20968  -33.502  -44.701  -21.322 0.0000000000
22002  -33.866  -44.047  -14.858 0.0000000000
22003  -34.740  -44.170  -14.799 0.0000000000
22004  -35.265  -44.351  -14.856 0.0000000000
22024  -33.566  -43.536  -15.682 0.0000000000
22025  -34.424  -43.464  -15.221 0.0000000000
22026  -35.463  -43.721  -15.158 0.0000000000
22027  -36.190  -43.427  -15.552 0.0000000000
22043  -32.597  -44.257  -16.793 0.0000000000
22044  -32.974  -43.612  -16.610 0.0000000000
22045  -36.725  -43.480  -16.054 0.0000000000
22046  -37.265  -43.393  -16.634 0.0000000000
22068  -32.626  -44.052  -17.370 0.0000000000
22069  -32.873  -43.428  -17.495 0.0000000000
22070  -37.664  -43.509  -17.246 0.0000000000
22071  -38.053  -43.374  -17.648 0.0000000000
22088  -32.724  -43.782  -17.971 0.0000000000
22089  -32.877  -43.171  -18.153 0.0000000000
22090  -37.786  -43.981  -17.932 0.0000000000
22091  -38.230  -43.528  -18.290 0.0000000000
22106  -32.743  -43.790  -18.624 0.0000000000
22107  -32.917  -43.115  -19.002 0.0000000000
22123  -32.821  -43.769  -19.304 0.0000000000
22124  -33.182  -43.374  -19.967 0.0000000000
23258  -34.151  -42.954  -15.746 0.0000000000
23259  -34.906  -42.749  -15.565 0.0000000000
23260  -35.733  -42.830  -15.529 0.0000000000
23261  -36.346  -42.715  -15.734 0.0000000000
23270  -33.699  -42.871  -16.365 0.0000000000
23271  -34.308  -42.374  -16.099 0.0000000000
23272  -37.036  -42.583  -16.073 0.0000000000
23273  -37.787  -42.572  -16.778 0.0000000000
23274  -38.239  -42.132  -17.012 0.0000000000
23293  -33.354  -42.665  -17.395 0.0000000000
23294  -33.940  -42.231  -16.738 0.0000000000
23295  -37.999  -43.043  -17.283 0.0000000000
23296  -38.351  -42.683  -17.554 0.0000000000
23317  -33.197  -42.507  -18.441 0.0000000000
23318  -38.736  -42.878  -18.493 0.0000000000
23319  -39.032  -42.725  -18.831 0.0000000000
23336  -33.381  -42.367  -19.371 0.0000000000
24421  -34.857  -42.025  -15.926 0.0000000000
24422  -35.494  -42.176  -15.769 0.0000000000
24423  -35.961  -42.342  -15.695 0.0000000000
24438  -34.488  -41.675  -16.555 0.0000000000
24439  -35.261  -41.480  -16.132 0.0000000000
24440  -36.247  -41.750  -15.928 0.0000000000
24441  -37.313  -41.606  -16.199 0.0000000000
24442  -38.066  -41.588  -16.643 0.0000000000
24453  -33.529  -42.004  -18.046 0.0000000000
24454  -33.979  -41.724  -17.386 0.0000000000
24455  -38.600  -41.683  -17.237 0.0000000000
24456  -38.987  -41.613  -17.694 0.0000000000
24474  -33.487  -41.952  -18.678 0.0000000000
24475  -33.969  -41.439  -18.398 0.0000000000
24476  -38.811  -42.155  -17.873 0.0000000000
24477  -39.287  -41.926  -18.428 0.0000000000
24478  -39.877  -41.423  -18.938 0.0000000000
24494  -33.707  -41.696  -19.125 0.0000000000
24495  -34.206  -41.244  -19.339 0.0000000000
24496  -39.702  -42.143  -19.220 0.0000000000
24510  -33.841  -41.772  -19.763 0.0000000000
25502  -34.409  -41.287  -17.071 0.0000000000
25503  -34.871  -40.877  -16.820 0.0000000000
25504  -35.768  -40.793  -16.441 0.0000000000
25505  -36.707  -40.695  -16.327 0.0000000000
25506  -37.724  -40.596  -16.399 0.0000000000
25507  -38.425  -40.262  -16.660 0.0000000000
25522  -34.437  -41.020  -17.635 0.0000000000
25523  -34.961  -40.363  -17.623 0.0000000000
25524  -38.449  -40.962  -16.750 0.0000000000
25525  -39.106  -40.687  -17.343 0.0000000000
25542  -34.626  -40.634  -18.599 0.0000000000
25543  -35.118  -39.966  -18.281 0.0000000000
25544  -39.798  -40.693  -18.275 0.0000000000
25545  -40.351  -40.657  -19.037 0.0000000000
26468  -35.411  -40.256  -16.978 0.0000000000
26469  -36.143  -39.878  -16.789 0.0000000000
26470  -37.054  -39.697  -16.492 0.0000000000
26471  -37.934  -39.541  -16.507 0.0000000000
26472  -38.719  -39.584  -16.767 0.0000000000
26489  -35.524  -39.661  -17.564 0.0000000000
26490  -36.072  -39.166  -17.276 0.0000000000
26491  -39.316  -39.454  -17.199 0.0000000000
26492  -39.801  -39.179  -17.601 0.0000000000
26509  -35.480  -39.355  -18.485 0.0000000000
26510  -39.702  -39.916  -17.708 0.0000000000
26511  -40.298  -39.560  -18.297 0.0000000000
26512  -40.883  -39.137  -18.788 0.0000000000
26530  -40.823  -39.870  -19.085 0.0000000000
26531  -41.370  -39.270  -19.505 0.0000000000
27483  -36.575  -39.094  -16.887 0.0000000000
27484  -37.341  -38.585  -16.810 0.0000000000
27485  -38.277  -38.698  -16.659 0.0000000000
27486  -38.942  -38.891  -16.845 0.0000000000
27495  -35.803  -38.956  -17.845 0.0000000000
27496  -36.414  -38.357  -17.523 0.0000000000
27497  -37.029  -37.892  -17.224 0.0000000000
27498  -38.755  -38.305  -16.881 0.0000000000
27499  -39.396  -38.481  -17.215 0.0000000000
27500  -40.105  -38.496  -17.773 0.0000000000
27513  -40.599  -38.496  -18.384 0.0000000000
27514  -41.047  -38.442  -18.923 0.0000000000
27527  -41.369  -38.269  -19.354 0.0000000000
28482  -37.892  -38.158  -16.752 0.0000000000
28483  -38.292  -38.003  -16.819 0.0000000000
28491  -37.723  -37.488  -17.108 0.0000000000
28492  -38.822  -37.549  -17.120 0.0000000000
28493  -39.710  -37.591  -17.578 0.0000000000
28494  -40.330  -37.688  -18.083 0.0000000000
28504  -40.707  -37.684  -18.657 0.0000000000
28505  -41.078  -37.830  -19.103 0.0000000000
28514  -40.852  -37.313  -19.121 0.0000000000
28515  -41.320  -37.509  -19.569 0.0000000000
29498  -38.413  -36.585  -17.474 0.0000000000
29499  -39.275  -36.751  -17.640 0.0000000000
29500  -40.003  -36.766  -18.162 0.0000000000
29501  -40.386  -37.242  -18.402 0.0000000000
29511  -40.165  -36.356  -18.618 0.0000000000
29512  -40.473  -36.878  -18.761 0.0000000000
29522  -40.828  -36.653  -19.444 0.0000000000
30476  -39.016  -35.991  -17.919 0.0000000000
30477  -39.504  -36.282  -18.087 0.0000000000
30497  -40.376  -36.197  -18.981 0.0000000000
