#!ascii label  , from subject Broad_82_YZ vox2ras=TkReg
821
16851  -44.900  -47.634  -5.623 0.0000000000
16852  -45.414  -47.925  -5.621 0.0000000000
16870  -43.600  -48.569  -6.665 0.0000000000
16871  -44.354  -48.251  -6.023 0.0000000000
16894  -43.180  -48.375  -7.178 0.0000000000
16906  -42.945  -48.371  -8.139 0.0000000000
17765  -43.664  -47.002  -5.757 0.0000000000
17766  -44.490  -47.162  -5.620 0.0000000000
17767  -45.381  -47.109  -5.446 0.0000000000
17768  -46.370  -47.368  -5.448 0.0000000000
17783  -42.548  -47.143  -6.791 0.0000000000
17784  -43.305  -47.739  -6.409 0.0000000000
17785  -43.928  -47.576  -5.883 0.0000000000
17799  -42.344  -47.122  -7.658 0.0000000000
17800  -42.737  -47.745  -7.402 0.0000000000
17807  -42.306  -47.035  -8.190 0.0000000000
17808  -42.601  -47.423  -8.367 0.0000000000
17815  -43.026  -47.730  -8.954 0.0000000000
18636  -42.704  -46.187  -5.831 0.0000000000
18637  -43.313  -46.219  -5.601 0.0000000000
18638  -44.140  -46.234  -5.438 0.0000000000
18639  -45.062  -46.224  -5.347 0.0000000000
18640  -46.051  -46.263  -5.280 0.0000000000
18641  -47.104  -46.365  -5.351 0.0000000000
18656  -42.397  -46.430  -6.387 0.0000000000
18657  -42.939  -46.837  -6.052 0.0000000000
18675  -42.125  -46.583  -7.157 0.0000000000
18697  -42.056  -46.607  -8.081 0.0000000000
18698  -42.337  -46.910  -8.648 0.0000000000
18716  -42.075  -46.458  -9.032 0.0000000000
18717  -42.845  -46.854  -9.518 0.0000000000
18729  -43.623  -46.364  -10.300 0.0000000000
19580  -42.271  -45.729  -6.031 0.0000000000
19581  -42.854  -45.510  -5.589 0.0000000000
19582  -43.693  -45.390  -5.380 0.0000000000
19583  -44.644  -45.293  -5.336 0.0000000000
19584  -45.654  -45.214  -5.367 0.0000000000
19585  -46.697  -45.271  -5.411 0.0000000000
19586  -47.715  -45.434  -5.516 0.0000000000
19609  -41.525  -45.557  -6.929 0.0000000000
19610  -41.936  -45.970  -6.678 0.0000000000
19637  -41.293  -45.413  -7.647 0.0000000000
19638  -41.758  -46.026  -7.475 0.0000000000
19662  -41.092  -45.210  -8.677 0.0000000000
19663  -41.624  -45.952  -8.417 0.0000000000
19680  -41.274  -44.773  -9.639 0.0000000000
19681  -41.773  -45.691  -9.568 0.0000000000
19682  -42.370  -46.198  -9.703 0.0000000000
19691  -41.465  -44.453  -10.181 0.0000000000
19692  -41.854  -44.907  -10.396 0.0000000000
19693  -42.919  -45.583  -10.519 0.0000000000
19694  -44.224  -45.670  -10.671 0.0000000000
20644  -41.512  -44.768  -6.070 0.0000000000
20645  -42.150  -44.817  -5.746 0.0000000000
20646  -43.135  -44.583  -5.409 0.0000000000
20647  -44.142  -44.415  -5.381 0.0000000000
20648  -45.158  -44.272  -5.535 0.0000000000
20649  -46.267  -44.050  -5.777 0.0000000000
20650  -47.313  -44.441  -5.753 0.0000000000
20651  -48.227  -44.619  -5.816 0.0000000000
20672  -40.608  -44.301  -7.054 0.0000000000
20673  -41.106  -44.844  -6.699 0.0000000000
20674  -41.725  -45.315  -6.305 0.0000000000
20675  -47.068  -43.703  -6.196 0.0000000000
20676  -47.845  -43.805  -6.224 0.0000000000
20703  -40.493  -43.823  -7.757 0.0000000000
20704  -40.805  -44.678  -7.771 0.0000000000
20721  -40.523  -43.602  -8.376 0.0000000000
20722  -40.738  -44.114  -8.839 0.0000000000
20738  -41.126  -43.985  -9.961 0.0000000000
20756  -41.760  -44.030  -10.625 0.0000000000
20757  -42.588  -44.318  -11.078 0.0000000000
20758  -43.329  -44.588  -11.214 0.0000000000
20759  -44.023  -44.892  -11.187 0.0000000000
20770  -43.262  -43.930  -11.401 0.0000000000
20771  -43.928  -44.004  -11.527 0.0000000000
20772  -44.793  -44.152  -11.455 0.0000000000
21834  -40.541  -43.291  -5.942 0.0000000000
21835  -41.163  -43.949  -5.771 0.0000000000
21836  -42.465  -43.722  -5.361 0.0000000000
21837  -43.590  -43.536  -5.413 0.0000000000
21838  -44.631  -43.410  -5.683 0.0000000000
21839  -45.547  -43.346  -6.048 0.0000000000
21840  -46.059  -43.398  -6.195 0.0000000000
21863  -40.353  -43.589  -6.682 0.0000000000
21864  -40.747  -44.229  -6.491 0.0000000000
21865  -45.944  -43.011  -6.394 0.0000000000
21866  -46.527  -43.129  -6.438 0.0000000000
21867  -47.449  -43.035  -6.617 0.0000000000
21868  -48.352  -43.135  -6.693 0.0000000000
21894  -40.198  -43.270  -7.449 0.0000000000
21911  -40.283  -43.074  -8.144 0.0000000000
21912  -40.549  -43.358  -8.767 0.0000000000
21928  -40.436  -42.777  -8.904 0.0000000000
21929  -40.829  -43.133  -9.548 0.0000000000
21950  -41.521  -43.149  -10.445 0.0000000000
21951  -42.512  -43.162  -11.097 0.0000000000
21952  -43.056  -42.629  -11.343 0.0000000000
21962  -42.964  -43.618  -11.325 0.0000000000
21963  -43.591  -43.004  -11.501 0.0000000000
21964  -44.645  -43.247  -11.627 0.0000000000
21965  -45.514  -43.401  -11.609 0.0000000000
23039  -39.964  -42.239  -5.580 0.0000000000
23040  -40.672  -42.674  -5.405 0.0000000000
23041  -41.806  -42.716  -5.073 0.0000000000
23042  -43.039  -42.541  -5.232 0.0000000000
23043  -44.143  -42.475  -5.674 0.0000000000
23044  -45.172  -42.424  -6.242 0.0000000000
23045  -45.664  -42.778  -6.356 0.0000000000
23075  -39.602  -42.136  -6.186 0.0000000000
23076  -40.090  -42.797  -6.115 0.0000000000
23077  -45.600  -41.902  -6.502 0.0000000000
23078  -46.043  -42.273  -6.596 0.0000000000
23079  -47.014  -42.213  -6.747 0.0000000000
23080  -48.016  -42.091  -7.011 0.0000000000
23111  -39.481  -41.862  -6.680 0.0000000000
23112  -39.793  -42.480  -7.206 0.0000000000
23113  -48.324  -41.499  -7.342 0.0000000000
23134  -40.092  -42.068  -8.514 0.0000000000
23148  -40.590  -42.134  -9.464 0.0000000000
23149  -41.222  -42.238  -10.222 0.0000000000
23171  -42.079  -42.242  -10.801 0.0000000000
23172  -42.793  -42.198  -11.225 0.0000000000
23173  -43.375  -42.117  -11.415 0.0000000000
23192  -44.021  -41.961  -11.565 0.0000000000
23193  -44.655  -42.305  -11.664 0.0000000000
23194  -45.373  -42.602  -11.737 0.0000000000
23195  -46.136  -42.653  -11.846 0.0000000000
24227  -40.665  -41.055  -4.715 0.0000000000
24228  -41.441  -40.812  -4.638 0.0000000000
24229  -42.027  -40.462  -4.681 0.0000000000
24242  -39.628  -41.589  -5.556 0.0000000000
24243  -40.194  -41.645  -5.054 0.0000000000
24244  -41.173  -41.763  -4.778 0.0000000000
24245  -42.457  -41.245  -4.849 0.0000000000
24246  -43.707  -41.407  -5.543 0.0000000000
24247  -44.679  -41.484  -6.091 0.0000000000
24271  -39.312  -41.391  -6.223 0.0000000000
24272  -45.335  -41.547  -6.413 0.0000000000
24273  -45.893  -41.323  -6.634 0.0000000000
24274  -46.734  -41.259  -6.792 0.0000000000
24275  -47.397  -41.496  -6.965 0.0000000000
24299  -39.392  -41.319  -7.136 0.0000000000
24300  -39.700  -41.602  -7.870 0.0000000000
24301  -47.332  -40.900  -7.094 0.0000000000
24302  -47.900  -41.107  -7.337 0.0000000000
24324  -39.570  -40.934  -7.900 0.0000000000
24325  -39.891  -41.083  -8.516 0.0000000000
24342  -40.362  -41.125  -9.305 0.0000000000
24343  -41.026  -41.312  -9.980 0.0000000000
24357  -41.762  -41.346  -10.600 0.0000000000
24358  -42.682  -41.282  -11.203 0.0000000000
24359  -43.119  -41.701  -11.364 0.0000000000
24378  -43.173  -40.763  -11.466 0.0000000000
24379  -43.630  -41.198  -11.533 0.0000000000
24380  -44.756  -41.239  -11.930 0.0000000000
24381  -45.412  -41.897  -11.935 0.0000000000
24382  -45.772  -42.242  -11.891 0.0000000000
24389  -45.068  -40.997  -12.549 0.0000000000
24390  -45.574  -41.411  -12.661 0.0000000000
24391  -46.034  -41.990  -12.221 0.0000000000
24397  -45.093  -41.392  -14.111 0.0000000000
25325  -39.408  -40.450  -5.003 0.0000000000
25326  -39.850  -40.658  -4.786 0.0000000000
25327  -40.754  -40.267  -4.523 0.0000000000
25328  -41.625  -39.952  -4.565 0.0000000000
25341  -38.821  -40.262  -5.735 0.0000000000
25342  -39.276  -40.706  -5.434 0.0000000000
25343  -39.707  -41.181  -5.154 0.0000000000
25344  -42.540  -39.790  -4.982 0.0000000000
25345  -43.486  -40.219  -5.483 0.0000000000
25346  -44.459  -40.430  -5.949 0.0000000000
25366  -38.618  -40.043  -6.057 0.0000000000
25367  -38.920  -40.493  -6.473 0.0000000000
25368  -45.369  -40.577  -6.490 0.0000000000
25369  -46.347  -40.374  -6.849 0.0000000000
25370  -47.078  -40.355  -7.071 0.0000000000
25390  -39.157  -40.322  -7.595 0.0000000000
25410  -39.585  -40.337  -8.441 0.0000000000
25411  -39.966  -40.392  -9.084 0.0000000000
25424  -40.412  -40.285  -9.483 0.0000000000
25425  -40.836  -40.475  -9.833 0.0000000000
25437  -41.459  -40.487  -10.354 0.0000000000
25438  -42.159  -40.451  -10.938 0.0000000000
25459  -42.853  -40.304  -11.397 0.0000000000
25460  -43.490  -40.289  -11.680 0.0000000000
25461  -44.180  -40.378  -12.000 0.0000000000
25466  -44.636  -40.590  -12.775 0.0000000000
25467  -45.150  -40.950  -12.977 0.0000000000
25471  -44.828  -40.859  -13.568 0.0000000000
25472  -45.322  -41.278  -13.399 0.0000000000
25475  -44.587  -40.799  -14.426 0.0000000000
25487  -44.571  -40.709  -15.317 0.0000000000
26312  -38.769  -39.593  -5.077 0.0000000000
26313  -39.166  -39.905  -4.927 0.0000000000
26314  -40.031  -39.653  -4.412 0.0000000000
26315  -41.005  -39.322  -4.422 0.0000000000
26316  -41.899  -39.013  -4.770 0.0000000000
26327  -38.614  -39.684  -5.500 0.0000000000
26328  -38.945  -40.162  -5.361 0.0000000000
26329  -42.730  -38.626  -5.210 0.0000000000
26330  -43.493  -39.056  -5.601 0.0000000000
26331  -44.335  -39.405  -5.906 0.0000000000
26343  -38.465  -39.547  -6.590 0.0000000000
26344  -38.790  -40.035  -7.052 0.0000000000
26345  -45.036  -39.538  -6.389 0.0000000000
26346  -46.001  -39.403  -6.780 0.0000000000
26347  -47.192  -39.391  -6.974 0.0000000000
26360  -38.475  -38.930  -7.703 0.0000000000
26361  -38.767  -39.668  -7.526 0.0000000000
26379  -38.761  -38.794  -8.396 0.0000000000
26380  -39.214  -39.342  -8.590 0.0000000000
26381  -39.693  -39.903  -8.948 0.0000000000
26392  -39.584  -38.963  -9.348 0.0000000000
26393  -40.130  -39.466  -9.559 0.0000000000
26394  -40.644  -39.960  -9.730 0.0000000000
26408  -40.599  -39.078  -10.203 0.0000000000
26409  -41.004  -39.651  -10.215 0.0000000000
26410  -41.742  -39.684  -10.765 0.0000000000
26430  -42.392  -39.588  -11.308 0.0000000000
26431  -43.117  -39.496  -11.843 0.0000000000
26432  -43.713  -39.812  -12.144 0.0000000000
26436  -43.376  -39.346  -12.691 0.0000000000
26437  -43.950  -39.941  -12.809 0.0000000000
26442  -43.535  -39.398  -13.583 0.0000000000
26443  -44.138  -40.221  -13.781 0.0000000000
26447  -43.687  -39.471  -14.545 0.0000000000
26448  -44.148  -40.160  -14.836 0.0000000000
26458  -43.885  -39.577  -15.270 0.0000000000
26459  -44.262  -40.028  -15.657 0.0000000000
26473  -44.002  -39.362  -15.813 0.0000000000
26474  -44.410  -39.603  -16.429 0.0000000000
26532  -47.237  -38.939  -19.350 0.0000000000
26533  -47.874  -39.211  -19.713 0.0000000000
26551  -49.045  -39.243  -21.116 0.0000000000
26566  -48.981  -39.097  -21.538 0.0000000000
26567  -49.584  -39.238  -21.733 0.0000000000
26579  -49.814  -39.106  -22.361 0.0000000000
27249  -46.668  -37.886  1.254 0.0000000000
27250  -47.279  -38.061  1.221 0.0000000000
27267  -44.470  -37.921  0.302 0.0000000000
27268  -45.033  -38.079  0.446 0.0000000000
27269  -46.243  -38.249  0.700 0.0000000000
27270  -47.499  -38.553  0.386 0.0000000000
27278  -43.732  -38.027  -0.584 0.0000000000
27279  -44.325  -38.150  -0.196 0.0000000000
27280  -45.415  -38.410  -0.272 0.0000000000
27281  -46.596  -38.529  -0.474 0.0000000000
27282  -47.838  -38.574  -0.753 0.0000000000
27290  -44.011  -38.217  -0.894 0.0000000000
27291  -44.713  -38.324  -0.997 0.0000000000
27292  -45.704  -38.360  -1.252 0.0000000000
27293  -46.898  -38.245  -1.632 0.0000000000
27294  -48.155  -38.153  -1.845 0.0000000000
27302  -44.086  -38.241  -1.484 0.0000000000
27303  -44.803  -38.163  -1.848 0.0000000000
27304  -45.805  -38.046  -2.155 0.0000000000
27305  -46.644  -37.851  -2.402 0.0000000000
27306  -48.610  -37.845  -2.475 0.0000000000
27317  -38.603  -39.105  -4.930 0.0000000000
27318  -39.315  -38.853  -4.438 0.0000000000
27319  -40.359  -38.645  -4.219 0.0000000000
27320  -41.374  -38.379  -4.410 0.0000000000
27321  -42.288  -38.137  -4.730 0.0000000000
27328  -37.798  -38.083  -5.864 0.0000000000
27329  -38.034  -38.553  -5.670 0.0000000000
27330  -42.961  -37.898  -5.073 0.0000000000
27331  -43.594  -38.129  -5.399 0.0000000000
27332  -44.667  -38.345  -5.837 0.0000000000
27333  -46.014  -37.885  -5.945 0.0000000000
27334  -46.986  -37.550  -5.848 0.0000000000
27342  -37.727  -38.026  -6.403 0.0000000000
27343  -38.006  -38.688  -6.769 0.0000000000
27344  -44.832  -38.940  -6.233 0.0000000000
27345  -45.532  -38.650  -6.392 0.0000000000
27346  -46.983  -38.224  -6.408 0.0000000000
27360  -37.597  -37.684  -6.988 0.0000000000
27361  -37.897  -38.090  -7.447 0.0000000000
27381  -38.469  -38.210  -8.507 0.0000000000
27382  -38.909  -38.654  -8.756 0.0000000000
27389  -38.562  -37.850  -9.168 0.0000000000
27390  -39.179  -38.249  -9.525 0.0000000000
27391  -39.784  -38.757  -9.703 0.0000000000
27407  -39.554  -37.953  -10.245 0.0000000000
27408  -40.149  -38.355  -10.420 0.0000000000
27409  -41.020  -38.848  -10.651 0.0000000000
27410  -41.419  -39.226  -10.703 0.0000000000
27432  -40.464  -37.849  -11.086 0.0000000000
27433  -40.940  -38.125  -11.273 0.0000000000
27434  -41.776  -38.771  -11.256 0.0000000000
27435  -42.528  -38.891  -11.757 0.0000000000
27447  -41.438  -38.100  -11.906 0.0000000000
27448  -42.054  -38.269  -12.282 0.0000000000
27449  -42.795  -38.785  -12.499 0.0000000000
27455  -42.407  -38.178  -13.171 0.0000000000
27456  -43.010  -38.737  -13.358 0.0000000000
27464  -42.773  -38.083  -13.824 0.0000000000
27465  -43.283  -38.486  -14.322 0.0000000000
27475  -43.655  -38.721  -15.403 0.0000000000
27487  -44.004  -38.814  -16.199 0.0000000000
27488  -44.445  -38.604  -16.821 0.0000000000
27501  -45.041  -38.469  -17.477 0.0000000000
27502  -45.631  -38.401  -18.075 0.0000000000
27515  -46.251  -38.381  -18.620 0.0000000000
27516  -46.777  -38.345  -19.179 0.0000000000
27528  -47.259  -38.386  -19.755 0.0000000000
27529  -47.848  -38.628  -20.453 0.0000000000
27530  -48.485  -38.967  -20.888 0.0000000000
27543  -48.068  -38.495  -21.275 0.0000000000
27544  -48.651  -38.933  -21.342 0.0000000000
27552  -47.809  -38.246  -22.063 0.0000000000
27553  -48.725  -38.818  -21.989 0.0000000000
27554  -49.363  -39.025  -22.225 0.0000000000
27563  -47.763  -37.838  -22.478 0.0000000000
27564  -48.300  -38.172  -22.871 0.0000000000
27565  -49.366  -38.793  -22.824 0.0000000000
27577  -48.431  -37.864  -23.452 0.0000000000
27578  -49.062  -38.138  -23.719 0.0000000000
27590  -49.323  -37.832  -24.241 0.0000000000
27591  -49.899  -38.123  -24.345 0.0000000000
28237  -45.193  -36.799  1.210 0.0000000000
28238  -46.061  -37.016  1.472 0.0000000000
28258  -43.087  -36.654  0.243 0.0000000000
28259  -43.787  -36.895  0.504 0.0000000000
28260  -44.472  -37.436  0.603 0.0000000000
28261  -45.496  -37.628  1.062 0.0000000000
28262  -46.261  -37.677  1.280 0.0000000000
28268  -42.512  -36.966  -0.215 0.0000000000
28269  -43.411  -37.589  -0.093 0.0000000000
28270  -44.139  -37.816  0.189 0.0000000000
28277  -41.672  -36.710  -1.699 0.0000000000
28278  -42.217  -37.212  -1.137 0.0000000000
28279  -43.314  -37.952  -1.242 0.0000000000
28280  -47.398  -37.833  -2.271 0.0000000000
28281  -47.988  -37.641  -2.515 0.0000000000
28287  -41.670  -36.979  -2.171 0.0000000000
28288  -42.491  -37.536  -2.239 0.0000000000
28289  -43.701  -38.030  -2.375 0.0000000000
28290  -44.850  -37.884  -2.761 0.0000000000
28291  -45.929  -37.682  -2.948 0.0000000000
28292  -47.135  -37.566  -2.989 0.0000000000
28293  -48.284  -37.455  -3.171 0.0000000000
28294  -48.821  -37.434  -3.664 0.0000000000
28299  -38.544  -36.951  -4.005 0.0000000000
28300  -39.170  -37.074  -3.763 0.0000000000
28301  -40.266  -37.071  -3.560 0.0000000000
28302  -41.485  -37.188  -3.161 0.0000000000
28303  -42.743  -37.648  -3.313 0.0000000000
28304  -43.904  -37.691  -3.496 0.0000000000
28305  -45.027  -37.618  -3.669 0.0000000000
28306  -46.175  -37.493  -3.771 0.0000000000
28307  -47.336  -37.303  -3.855 0.0000000000
28308  -48.336  -36.966  -3.984 0.0000000000
28311  -37.741  -37.433  -4.967 0.0000000000
28312  -38.283  -37.773  -4.574 0.0000000000
28313  -39.672  -37.889  -3.992 0.0000000000
28314  -40.840  -37.746  -3.965 0.0000000000
28315  -41.940  -37.640  -4.095 0.0000000000
28316  -43.053  -37.657  -4.341 0.0000000000
28317  -44.165  -37.489  -4.405 0.0000000000
28318  -45.254  -37.453  -4.520 0.0000000000
28319  -46.406  -37.400  -4.589 0.0000000000
28320  -47.511  -37.167  -4.651 0.0000000000
28321  -48.462  -36.941  -4.795 0.0000000000
28325  -37.699  -37.633  -5.556 0.0000000000
28326  -37.895  -38.032  -5.199 0.0000000000
28327  -43.565  -37.585  -5.003 0.0000000000
28328  -44.404  -37.585  -5.210 0.0000000000
28329  -45.525  -37.556  -5.321 0.0000000000
28330  -46.675  -37.443  -5.313 0.0000000000
28331  -47.668  -37.190  -5.360 0.0000000000
28338  -37.498  -37.276  -6.581 0.0000000000
28339  -47.703  -37.352  -5.951 0.0000000000
28351  -37.581  -37.238  -7.495 0.0000000000
28352  -37.963  -37.593  -8.114 0.0000000000
28366  -37.709  -37.051  -8.279 0.0000000000
28367  -38.089  -37.406  -8.890 0.0000000000
28373  -38.651  -37.396  -9.644 0.0000000000
28374  -39.016  -37.668  -9.845 0.0000000000
28390  -38.699  -36.978  -10.076 0.0000000000
28391  -39.174  -37.362  -10.380 0.0000000000
28392  -39.736  -37.757  -10.582 0.0000000000
28413  -39.348  -36.997  -11.109 0.0000000000
28414  -39.992  -37.353  -11.297 0.0000000000
28415  -40.575  -37.701  -11.487 0.0000000000
28433  -40.260  -36.893  -12.087 0.0000000000
28434  -40.848  -37.431  -12.277 0.0000000000
28435  -41.519  -37.828  -12.392 0.0000000000
28442  -41.240  -37.001  -12.945 0.0000000000
28443  -41.671  -37.473  -13.074 0.0000000000
28455  -42.309  -37.466  -13.830 0.0000000000
28456  -42.852  -37.484  -14.382 0.0000000000
28472  -43.431  -37.492  -15.158 0.0000000000
28484  -43.984  -37.710  -16.241 0.0000000000
28485  -44.656  -37.564  -17.126 0.0000000000
28495  -45.315  -37.508  -17.741 0.0000000000
28496  -45.890  -37.486  -18.358 0.0000000000
28506  -46.395  -37.533  -18.943 0.0000000000
28507  -46.749  -37.585  -19.573 0.0000000000
28516  -47.116  -37.649  -20.353 0.0000000000
28517  -47.514  -38.035  -20.892 0.0000000000
28525  -47.194  -37.496  -21.011 0.0000000000
28526  -47.476  -37.849  -21.462 0.0000000000
28533  -47.167  -37.216  -21.486 0.0000000000
28534  -47.433  -37.436  -22.110 0.0000000000
28542  -47.703  -37.395  -22.836 0.0000000000
28543  -48.096  -37.615  -23.296 0.0000000000
28553  -47.868  -37.118  -23.401 0.0000000000
28554  -48.396  -37.383  -23.832 0.0000000000
28555  -48.957  -37.612  -24.194 0.0000000000
28563  -48.739  -37.162  -24.338 0.0000000000
28564  -49.406  -37.361  -24.646 0.0000000000
28572  -49.897  -37.148  -25.267 0.0000000000
29280  -44.450  -36.445  0.832 0.0000000000
29297  -41.654  -36.305  -1.312 0.0000000000
29298  -42.097  -36.550  -0.650 0.0000000000
29305  -39.917  -35.785  -2.833 0.0000000000
29306  -40.358  -35.980  -2.641 0.0000000000
29307  -41.151  -36.327  -2.171 0.0000000000
29315  -38.785  -36.337  -3.704 0.0000000000
29316  -39.719  -36.225  -3.220 0.0000000000
29317  -40.719  -36.539  -2.949 0.0000000000
29318  -41.257  -36.728  -2.642 0.0000000000
29324  -37.553  -36.761  -4.945 0.0000000000
29325  -38.149  -36.533  -4.218 0.0000000000
29328  -37.362  -36.561  -6.023 0.0000000000
29331  -37.297  -36.454  -7.045 0.0000000000
29338  -37.410  -36.428  -7.983 0.0000000000
29353  -37.667  -36.524  -8.894 0.0000000000
29354  -38.108  -36.897  -9.401 0.0000000000
29366  -37.894  -36.363  -9.659 0.0000000000
29367  -38.344  -36.736  -9.874 0.0000000000
29383  -38.125  -36.367  -10.066 0.0000000000
29384  -38.489  -36.507  -10.483 0.0000000000
29385  -38.927  -36.776  -11.024 0.0000000000
29407  -38.704  -36.223  -11.158 0.0000000000
29408  -39.377  -36.342  -11.589 0.0000000000
29409  -39.921  -36.702  -11.858 0.0000000000
29428  -39.519  -35.796  -12.090 0.0000000000
29429  -40.015  -36.177  -12.425 0.0000000000
29430  -40.508  -36.719  -12.497 0.0000000000
29437  -40.268  -35.850  -12.998 0.0000000000
29438  -40.833  -36.355  -13.177 0.0000000000
29439  -41.371  -36.850  -13.342 0.0000000000
29446  -41.162  -35.979  -13.847 0.0000000000
29447  -41.706  -36.505  -14.123 0.0000000000
29448  -42.420  -36.976  -14.313 0.0000000000
29463  -42.207  -35.945  -14.683 0.0000000000
29464  -42.767  -36.401  -14.865 0.0000000000
29482  -43.653  -36.249  -15.945 0.0000000000
29483  -44.461  -36.530  -16.743 0.0000000000
29502  -44.995  -36.593  -17.481 0.0000000000
29503  -45.537  -36.584  -18.120 0.0000000000
29513  -46.042  -36.583  -18.876 0.0000000000
29514  -46.416  -36.943  -19.345 0.0000000000
29524  -46.276  -36.372  -19.484 0.0000000000
29525  -46.577  -36.706  -19.972 0.0000000000
29534  -46.794  -36.728  -20.960 0.0000000000
29543  -47.086  -36.533  -21.946 0.0000000000
29544  -47.382  -36.842  -22.502 0.0000000000
29555  -47.264  -36.291  -22.579 0.0000000000
29556  -47.519  -36.550  -23.074 0.0000000000
29568  -47.928  -36.533  -23.837 0.0000000000
29569  -48.380  -36.811  -24.204 0.0000000000
29578  -48.239  -36.407  -24.298 0.0000000000
29579  -48.681  -36.553  -24.672 0.0000000000
29580  -49.309  -36.757  -25.116 0.0000000000
29586  -48.899  -36.298  -25.270 0.0000000000
29587  -49.551  -36.539  -25.817 0.0000000000
29595  -49.518  -36.470  -26.734 0.0000000000
29604  -49.499  -36.382  -27.537 0.0000000000
29614  -49.608  -36.210  -28.256 0.0000000000
30271  -41.048  -35.180  -1.753 0.0000000000
30272  -41.552  -35.503  -1.285 0.0000000000
30278  -40.061  -35.348  -2.570 0.0000000000
30279  -40.700  -35.598  -2.162 0.0000000000
30280  -41.206  -35.793  -1.732 0.0000000000
30287  -39.011  -35.442  -3.384 0.0000000000
30288  -39.628  -35.535  -2.976 0.0000000000
30295  -37.782  -35.561  -4.507 0.0000000000
30296  -38.352  -35.731  -3.889 0.0000000000
30302  -37.412  -35.609  -5.524 0.0000000000
30305  -37.287  -35.560  -6.589 0.0000000000
30311  -37.270  -35.587  -7.601 0.0000000000
30322  -37.385  -35.652  -8.537 0.0000000000
30331  -37.565  -35.712  -9.397 0.0000000000
30345  -37.874  -35.811  -10.198 0.0000000000
30346  -38.321  -35.625  -10.922 0.0000000000
30373  -38.733  -35.663  -11.467 0.0000000000
30374  -39.105  -35.400  -11.881 0.0000000000
30401  -39.522  -35.277  -12.452 0.0000000000
30402  -39.983  -35.507  -12.855 0.0000000000
30418  -39.796  -34.941  -12.932 0.0000000000
30419  -40.328  -35.259  -13.362 0.0000000000
30420  -40.856  -35.615  -13.739 0.0000000000
30427  -40.733  -35.023  -13.917 0.0000000000
30428  -41.244  -35.379  -14.255 0.0000000000
30429  -41.863  -35.463  -14.704 0.0000000000
30438  -42.383  -35.418  -15.074 0.0000000000
30439  -43.059  -35.264  -15.532 0.0000000000
30455  -43.812  -34.921  -16.086 0.0000000000
30456  -44.373  -35.403  -16.624 0.0000000000
30478  -44.847  -35.685  -17.255 0.0000000000
30479  -45.266  -35.731  -17.831 0.0000000000
30498  -45.648  -35.652  -18.554 0.0000000000
30509  -46.071  -35.580  -19.481 0.0000000000
30510  -46.320  -36.074  -19.822 0.0000000000
30519  -46.140  -35.130  -20.031 0.0000000000
30520  -46.363  -35.666  -20.414 0.0000000000
30529  -46.626  -35.664  -21.523 0.0000000000
30539  -46.915  -35.601  -22.581 0.0000000000
30540  -47.292  -36.003  -22.902 0.0000000000
30550  -46.898  -35.210  -23.156 0.0000000000
30551  -47.342  -35.649  -23.469 0.0000000000
30560  -47.968  -35.758  -24.500 0.0000000000
30561  -48.503  -35.917  -25.021 0.0000000000
30567  -48.197  -35.512  -25.115 0.0000000000
30568  -48.562  -35.642  -25.696 0.0000000000
30569  -48.993  -35.993  -26.379 0.0000000000
30575  -48.503  -35.331  -26.625 0.0000000000
30576  -48.956  -35.887  -27.103 0.0000000000
30584  -48.607  -35.106  -27.458 0.0000000000
30585  -49.087  -35.706  -27.915 0.0000000000
30592  -48.914  -34.941  -28.155 0.0000000000
30593  -49.652  -35.306  -28.690 0.0000000000
31352  -40.900  -34.540  -1.883 0.0000000000
31364  -40.059  -34.703  -2.537 0.0000000000
31365  -40.504  -34.905  -2.178 0.0000000000
31375  -39.035  -34.644  -3.410 0.0000000000
31376  -39.551  -34.850  -2.945 0.0000000000
31386  -37.935  -34.805  -4.517 0.0000000000
31387  -38.364  -34.767  -3.910 0.0000000000
31395  -37.712  -34.749  -5.111 0.0000000000
31396  -38.197  -34.228  -4.682 0.0000000000
31405  -37.677  -34.537  -6.175 0.0000000000
31406  -38.107  -34.042  -5.486 0.0000000000
31416  -37.452  -34.699  -7.240 0.0000000000
31426  -37.395  -34.782  -8.199 0.0000000000
31435  -37.404  -34.887  -9.106 0.0000000000
31445  -37.588  -34.996  -9.893 0.0000000000
31446  -37.922  -34.882  -10.573 0.0000000000
31466  -38.441  -34.605  -11.476 0.0000000000
31467  -39.014  -34.749  -12.147 0.0000000000
31494  -38.805  -34.135  -12.126 0.0000000000
31495  -39.326  -34.327  -12.629 0.0000000000
31521  -39.909  -34.297  -13.194 0.0000000000
31522  -40.448  -34.338  -13.717 0.0000000000
31535  -40.900  -34.439  -14.301 0.0000000000
31536  -41.582  -34.484  -14.866 0.0000000000
31537  -42.022  -34.966  -15.081 0.0000000000
31547  -41.861  -33.920  -15.210 0.0000000000
31548  -42.366  -34.385  -15.393 0.0000000000
31549  -43.222  -34.233  -15.908 0.0000000000
31562  -43.790  -34.100  -16.318 0.0000000000
31563  -44.313  -34.363  -16.660 0.0000000000
31580  -44.855  -34.698  -17.285 0.0000000000
31581  -45.149  -35.195  -17.565 0.0000000000
31605  -44.992  -34.097  -17.770 0.0000000000
31606  -45.353  -34.711  -18.089 0.0000000000
31623  -45.711  -34.737  -18.966 0.0000000000
31634  -45.815  -34.537  -19.895 0.0000000000
31635  -46.076  -34.837  -20.442 0.0000000000
31645  -45.766  -34.229  -20.715 0.0000000000
31646  -46.155  -34.700  -21.222 0.0000000000
31654  -46.397  -34.803  -22.099 0.0000000000
31662  -46.570  -34.617  -22.999 0.0000000000
31663  -46.939  -34.890  -23.524 0.0000000000
31670  -46.701  -34.262  -23.739 0.0000000000
31671  -47.231  -34.701  -24.257 0.0000000000
31676  -47.735  -34.759  -25.290 0.0000000000
31677  -48.099  -34.825  -26.159 0.0000000000
31686  -47.648  -34.006  -26.215 0.0000000000
31687  -48.212  -34.319  -26.950 0.0000000000
31697  -48.639  -34.220  -27.821 0.0000000000
31705  -49.256  -34.223  -28.453 0.0000000000
31706  -49.937  -34.213  -29.045 0.0000000000
32555  -40.817  -34.245  -1.987 0.0000000000
32556  -41.149  -34.167  -1.784 0.0000000000
32569  -39.865  -34.383  -2.752 0.0000000000
32570  -40.456  -34.077  -2.352 0.0000000000
32571  -41.317  -33.555  -2.076 0.0000000000
32584  -38.878  -34.267  -3.638 0.0000000000
32585  -39.507  -33.962  -3.247 0.0000000000
32586  -40.184  -33.389  -2.974 0.0000000000
32599  -38.737  -33.773  -4.053 0.0000000000
32600  -39.356  -33.308  -3.847 0.0000000000
32614  -38.724  -33.455  -5.159 0.0000000000
32615  -39.182  -33.139  -4.492 0.0000000000
32625  -37.835  -33.923  -7.014 0.0000000000
32626  -38.488  -33.396  -6.338 0.0000000000
32627  -39.084  -32.866  -6.589 0.0000000000
32639  -37.780  -33.982  -7.878 0.0000000000
32640  -38.386  -33.442  -7.490 0.0000000000
32641  -39.088  -32.955  -7.263 0.0000000000
32654  -37.691  -34.058  -8.813 0.0000000000
32655  -38.371  -33.260  -8.502 0.0000000000
32656  -38.792  -33.122  -7.903 0.0000000000
32662  -37.697  -34.257  -9.677 0.0000000000
32663  -37.994  -33.427  -9.488 0.0000000000
32670  -37.770  -34.474  -10.177 0.0000000000
32671  -37.982  -33.813  -10.514 0.0000000000
32690  -38.346  -33.581  -11.264 0.0000000000
32706  -38.574  -33.581  -11.766 0.0000000000
32707  -38.926  -33.450  -12.359 0.0000000000
32726  -39.500  -33.455  -12.920 0.0000000000
32727  -40.091  -33.469  -13.465 0.0000000000
32745  -40.569  -33.559  -14.111 0.0000000000
32746  -41.050  -33.742  -14.613 0.0000000000
32762  -41.470  -33.449  -15.016 0.0000000000
32763  -42.068  -33.321  -15.391 0.0000000000
32764  -42.745  -33.385  -15.821 0.0000000000
32780  -43.428  -33.347  -16.364 0.0000000000
32781  -44.001  -33.671  -16.713 0.0000000000
32793  -43.840  -33.039  -16.937 0.0000000000
32794  -44.412  -33.573  -17.442 0.0000000000
32815  -44.905  -33.622  -18.519 0.0000000000
32816  -45.384  -34.225  -18.701 0.0000000000
32835  -44.891  -33.134  -19.594 0.0000000000
32836  -45.372  -33.933  -19.332 0.0000000000
32850  -44.874  -32.858  -20.226 0.0000000000
32851  -45.348  -33.435  -20.405 0.0000000000
32866  -45.637  -33.542  -21.599 0.0000000000
32867  -46.079  -34.249  -21.837 0.0000000000
32880  -45.696  -33.179  -22.764 0.0000000000
32881  -46.127  -33.965  -22.441 0.0000000000
32892  -45.797  -33.030  -23.289 0.0000000000
32893  -46.186  -33.521  -23.408 0.0000000000
32901  -46.644  -33.556  -24.479 0.0000000000
32902  -47.156  -34.132  -24.888 0.0000000000
32907  -46.659  -33.023  -25.084 0.0000000000
32908  -47.116  -33.462  -25.479 0.0000000000
32917  -47.523  -33.122  -26.217 0.0000000000
32918  -48.007  -33.266  -26.753 0.0000000000
32925  -48.486  -33.370  -27.441 0.0000000000
32932  -49.024  -33.352  -28.104 0.0000000000
33640  -40.752  -33.247  -2.620 0.0000000000
33657  -39.838  -33.172  -3.478 0.0000000000
33658  -40.588  -32.711  -3.373 0.0000000000
33677  -39.807  -32.750  -4.149 0.0000000000
33678  -40.763  -32.127  -4.617 0.0000000000
33697  -38.896  -33.005  -5.725 0.0000000000
33698  -39.514  -32.615  -5.312 0.0000000000
33699  -40.463  -32.050  -5.782 0.0000000000
33714  -39.103  -32.802  -6.117 0.0000000000
33715  -39.814  -32.519  -6.586 0.0000000000
33716  -40.900  -32.031  -6.576 0.0000000000
33736  -39.843  -32.676  -7.559 0.0000000000
33737  -40.649  -32.445  -7.378 0.0000000000
33738  -41.600  -32.049  -7.240 0.0000000000
33739  -42.153  -31.887  -7.466 0.0000000000
33751  -38.770  -32.732  -8.836 0.0000000000
33752  -39.278  -32.765  -8.321 0.0000000000
33753  -40.329  -32.619  -8.206 0.0000000000
33754  -41.283  -32.521  -8.063 0.0000000000
33755  -42.146  -32.119  -8.025 0.0000000000
33756  -42.448  -32.043  -8.464 0.0000000000
33762  -38.491  -32.777  -9.309 0.0000000000
33763  -39.051  -32.334  -9.277 0.0000000000
33764  -39.915  -32.389  -8.967 0.0000000000
33765  -40.870  -32.494  -8.858 0.0000000000
33766  -41.777  -32.381  -8.688 0.0000000000
33767  -42.240  -32.212  -8.582 0.0000000000
33775  -38.351  -32.781  -10.089 0.0000000000
33776  -38.683  -32.471  -9.699 0.0000000000
33793  -38.467  -32.882  -10.946 0.0000000000
33794  -38.694  -32.435  -11.129 0.0000000000
33808  -38.498  -33.159  -11.444 0.0000000000
33809  -38.723  -32.691  -11.691 0.0000000000
33821  -39.210  -32.644  -12.494 0.0000000000
33822  -39.722  -32.607  -13.124 0.0000000000
33833  -40.224  -32.608  -13.807 0.0000000000
33834  -40.837  -32.733  -14.574 0.0000000000
33848  -41.531  -32.442  -15.177 0.0000000000
33849  -42.378  -32.313  -15.657 0.0000000000
33850  -42.970  -32.665  -16.141 0.0000000000
33865  -42.832  -31.977  -16.209 0.0000000000
33866  -43.351  -32.300  -16.697 0.0000000000
33880  -43.772  -32.382  -17.614 0.0000000000
33881  -44.286  -32.833  -18.235 0.0000000000
33897  -43.918  -32.055  -18.554 0.0000000000
33898  -44.400  -32.517  -19.079 0.0000000000
33915  -44.475  -32.397  -20.008 0.0000000000
33933  -44.832  -32.423  -20.876 0.0000000000
33934  -45.273  -33.006  -21.100 0.0000000000
33953  -44.820  -32.111  -21.765 0.0000000000
33954  -45.160  -32.691  -21.540 0.0000000000
33969  -44.862  -31.969  -22.180 0.0000000000
33970  -45.192  -32.408  -22.345 0.0000000000
33985  -45.568  -32.432  -23.356 0.0000000000
33986  -45.867  -32.929  -23.538 0.0000000000
34000  -45.678  -32.096  -23.949 0.0000000000
34001  -46.022  -32.682  -24.012 0.0000000000
34011  -46.419  -32.505  -24.773 0.0000000000
34012  -46.779  -32.463  -25.407 0.0000000000
34026  -47.286  -32.448  -25.938 0.0000000000
34988  -42.519  -31.737  -7.563 0.0000000000
34989  -42.869  -31.649  -8.090 0.0000000000
34990  -43.379  -31.576  -8.600 0.0000000000
34996  -39.155  -32.140  -9.666 0.0000000000
34997  -39.505  -32.017  -9.589 0.0000000000
34998  -40.371  -31.985  -9.473 0.0000000000
34999  -41.374  -32.105  -9.361 0.0000000000
35000  -42.563  -32.172  -9.056 0.0000000000
35001  -43.762  -31.706  -9.346 0.0000000000
35011  -38.598  -32.509  -10.492 0.0000000000
35012  -38.914  -32.147  -10.090 0.0000000000
35013  -39.713  -31.530  -10.211 0.0000000000
35014  -40.776  -31.462  -9.929 0.0000000000
35015  -41.789  -31.603  -9.898 0.0000000000
35016  -42.915  -31.777  -10.110 0.0000000000
35031  -38.693  -32.342  -10.760 0.0000000000
35032  -38.932  -31.895  -11.034 0.0000000000
35033  -39.686  -31.349  -11.223 0.0000000000
35034  -43.497  -31.494  -10.660 0.0000000000
35047  -39.232  -31.899  -11.918 0.0000000000
35048  -39.784  -31.267  -12.152 0.0000000000
35059  -39.542  -31.968  -12.616 0.0000000000
35060  -39.993  -31.600  -13.181 0.0000000000
35070  -40.443  -31.717  -14.096 0.0000000000
35071  -41.002  -31.589  -14.683 0.0000000000
35082  -41.665  -31.218  -15.314 0.0000000000
35083  -42.382  -31.273  -16.048 0.0000000000
35096  -42.872  -31.389  -16.649 0.0000000000
35097  -43.225  -31.453  -17.280 0.0000000000
35110  -43.432  -31.332  -18.160 0.0000000000
35123  -43.734  -31.263  -19.108 0.0000000000
35124  -44.048  -31.896  -19.087 0.0000000000
35140  -43.875  -31.034  -19.925 0.0000000000
35141  -44.104  -31.763  -19.625 0.0000000000
35157  -43.901  -30.915  -20.359 0.0000000000
35158  -44.205  -31.418  -20.515 0.0000000000
35176  -44.461  -31.492  -21.440 0.0000000000
35193  -44.620  -31.574  -22.104 0.0000000000
35194  -44.888  -31.744  -22.442 0.0000000000
35211  -44.714  -31.248  -22.522 0.0000000000
35212  -45.105  -31.508  -22.980 0.0000000000
35225  -45.504  -31.494  -23.756 0.0000000000
35226  -45.949  -31.676  -24.438 0.0000000000
35240  -46.485  -31.627  -25.171 0.0000000000
36166  -40.313  -31.143  -10.618 0.0000000000
36167  -41.084  -30.951  -10.504 0.0000000000
36168  -42.018  -31.001  -10.527 0.0000000000
36169  -42.771  -31.130  -10.722 0.0000000000
36181  -40.386  -30.834  -11.336 0.0000000000
36182  -41.257  -30.377  -11.264 0.0000000000
36183  -42.258  -30.413  -11.074 0.0000000000
36184  -43.250  -30.671  -11.204 0.0000000000
36185  -44.235  -30.381  -11.716 0.0000000000
36196  -40.467  -30.568  -12.394 0.0000000000
36197  -41.167  -29.949  -12.096 0.0000000000
36208  -40.488  -30.811  -13.614 0.0000000000
36209  -41.005  -29.994  -13.057 0.0000000000
36219  -40.682  -31.090  -14.254 0.0000000000
36220  -41.163  -30.422  -14.292 0.0000000000
36232  -41.716  -30.216  -15.013 0.0000000000
36233  -42.066  -30.336  -15.721 0.0000000000
36246  -42.569  -30.383  -16.627 0.0000000000
36247  -42.898  -30.912  -17.033 0.0000000000
36257  -42.720  -29.926  -17.116 0.0000000000
36258  -42.978  -30.408  -17.579 0.0000000000
36271  -43.312  -30.293  -18.748 0.0000000000
36289  -43.552  -30.442  -19.633 0.0000000000
36306  -43.715  -30.448  -20.304 0.0000000000
36307  -43.905  -30.743  -20.651 0.0000000000
36324  -43.812  -30.285  -20.784 0.0000000000
36325  -44.077  -30.620  -21.206 0.0000000000
36339  -44.389  -30.756  -22.092 0.0000000000
36354  -44.736  -30.627  -22.841 0.0000000000
36355  -45.160  -30.621  -23.504 0.0000000000
36373  -45.659  -30.622  -24.184 0.0000000000
37256  -41.752  -29.885  -11.599 0.0000000000
37257  -42.489  -29.665  -11.571 0.0000000000
37258  -43.343  -29.654  -11.778 0.0000000000
37259  -43.815  -29.640  -12.060 0.0000000000
37269  -41.728  -29.538  -12.354 0.0000000000
37270  -42.615  -29.072  -12.580 0.0000000000
37271  -43.485  -29.156  -12.338 0.0000000000
37272  -44.219  -29.373  -12.387 0.0000000000
37281  -41.694  -29.468  -13.426 0.0000000000
37282  -42.336  -28.886  -13.786 0.0000000000
37293  -41.810  -29.540  -14.446 0.0000000000
37294  -42.311  -28.923  -14.858 0.0000000000
37308  -42.018  -29.648  -15.204 0.0000000000
37309  -42.363  -29.342  -15.933 0.0000000000
37325  -42.610  -29.456  -16.821 0.0000000000
37341  -42.804  -29.461  -17.438 0.0000000000
37342  -43.071  -29.474  -18.203 0.0000000000
37353  -43.262  -29.435  -18.959 0.0000000000
37370  -43.395  -29.693  -19.548 0.0000000000
37392  -43.507  -29.900  -20.100 0.0000000000
37411  -43.654  -29.819  -20.589 0.0000000000
37412  -43.856  -29.812  -21.083 0.0000000000
37428  -44.164  -29.827  -21.735 0.0000000000
37447  -44.470  -29.855  -22.518 0.0000000000
38290  -43.201  -28.807  -12.697 0.0000000000
38291  -43.689  -28.702  -12.792 0.0000000000
38292  -44.419  -28.629  -12.972 0.0000000000
38301  -43.059  -28.582  -13.250 0.0000000000
38302  -43.750  -28.380  -13.601 0.0000000000
38312  -42.991  -28.389  -14.248 0.0000000000
38313  -43.875  -27.857  -14.643 0.0000000000
38327  -42.908  -28.248  -15.506 0.0000000000
38328  -43.659  -27.664  -15.701 0.0000000000
38342  -42.758  -28.692  -16.618 0.0000000000
38343  -43.373  -27.943  -16.588 0.0000000000
38360  -42.696  -28.995  -17.157 0.0000000000
38361  -43.211  -28.594  -17.626 0.0000000000
38377  -43.330  -28.762  -18.789 0.0000000000
38392  -43.386  -29.040  -19.484 0.0000000000
38412  -43.622  -29.127  -20.299 0.0000000000
38413  -43.884  -28.661  -20.669 0.0000000000
38435  -43.754  -29.415  -20.808 0.0000000000
38436  -43.923  -28.988  -21.218 0.0000000000
38451  -44.356  -29.026  -22.191 0.0000000000
39318  -43.892  -27.631  -17.582 0.0000000000
39339  -43.784  -27.986  -18.664 0.0000000000
39361  -43.754  -28.405  -19.724 0.0000000000
39362  -44.410  -27.705  -19.635 0.0000000000
39380  -43.837  -28.534  -20.372 0.0000000000
39381  -44.275  -28.172  -20.713 0.0000000000
39400  -44.476  -28.368  -21.787 0.0000000000
