#!ascii label  , from subject Broad_82_YZ vox2ras=TkReg
1359
63463  -29.627  -5.945  -6.801 0.0000000000
63464  -30.307  -6.220  -6.575 0.0000000000
63483  -29.631  -5.695  -7.260 0.0000000000
63484  -30.164  -5.876  -7.525 0.0000000000
63485  -31.082  -6.209  -7.329 0.0000000000
63486  -31.996  -6.154  -7.120 0.0000000000
63487  -32.653  -5.771  -6.962 0.0000000000
63502  -30.340  -5.687  -8.112 0.0000000000
63503  -30.877  -6.016  -8.332 0.0000000000
63504  -31.851  -6.368  -8.079 0.0000000000
63505  -32.946  -6.222  -7.928 0.0000000000
63506  -33.640  -6.087  -8.514 0.0000000000
63524  -31.098  -5.992  -8.969 0.0000000000
63525  -31.612  -6.158  -8.925 0.0000000000
63526  -32.504  -6.319  -8.868 0.0000000000
63527  -33.329  -6.304  -8.854 0.0000000000
64804  -29.134  -5.745  -6.472 0.0000000000
64824  -28.845  -5.298  -6.671 0.0000000000
64825  -29.252  -5.568  -7.031 0.0000000000
64848  -28.950  -5.186  -7.197 0.0000000000
64849  -29.475  -5.286  -7.634 0.0000000000
64850  -30.018  -5.449  -8.004 0.0000000000
64851  -33.128  -5.434  -6.697 0.0000000000
64852  -33.652  -5.132  -7.099 0.0000000000
64872  -29.755  -5.097  -8.188 0.0000000000
64873  -30.195  -5.359  -8.589 0.0000000000
64874  -30.751  -5.719  -8.988 0.0000000000
64875  -33.246  -5.645  -7.349 0.0000000000
64876  -33.876  -5.564  -8.025 0.0000000000
64895  -30.473  -5.215  -9.391 0.0000000000
64896  -31.194  -5.748  -9.515 0.0000000000
64897  -32.073  -6.037  -9.685 0.0000000000
64898  -33.068  -6.183  -9.661 0.0000000000
64899  -34.221  -5.902  -9.282 0.0000000000
64900  -35.044  -5.484  -9.843 0.0000000000
64919  -30.896  -5.166  -10.046 0.0000000000
64920  -31.611  -5.418  -10.246 0.0000000000
64921  -32.491  -5.595  -10.531 0.0000000000
64922  -33.578  -5.850  -10.425 0.0000000000
64923  -34.522  -5.663  -10.477 0.0000000000
64924  -35.473  -5.437  -10.558 0.0000000000
64925  -36.086  -5.285  -10.752 0.0000000000
64945  -33.102  -5.408  -11.108 0.0000000000
64946  -33.907  -5.571  -11.210 0.0000000000
64947  -34.742  -5.521  -11.520 0.0000000000
64948  -35.842  -5.422  -11.507 0.0000000000
64949  -36.381  -5.199  -11.028 0.0000000000
64967  -34.682  -5.400  -12.017 0.0000000000
64968  -35.027  -5.414  -12.041 0.0000000000
66246  -28.700  -4.828  -6.917 0.0000000000
66247  -28.910  -4.640  -7.411 0.0000000000
66248  -34.251  -4.681  -7.591 0.0000000000
66265  -29.357  -4.467  -8.120 0.0000000000
66266  -29.765  -4.857  -8.489 0.0000000000
66267  -34.869  -4.861  -8.563 0.0000000000
66268  -35.365  -4.243  -8.905 0.0000000000
66285  -29.398  -3.990  -8.511 0.0000000000
66286  -29.797  -4.462  -8.962 0.0000000000
66287  -35.008  -5.300  -9.312 0.0000000000
66288  -35.722  -4.771  -9.626 0.0000000000
66289  -36.317  -4.380  -9.975 0.0000000000
66308  -30.381  -4.470  -9.888 0.0000000000
66309  -31.239  -4.540  -10.599 0.0000000000
66310  -31.873  -5.074  -10.738 0.0000000000
66311  -35.996  -5.158  -10.301 0.0000000000
66312  -36.441  -4.807  -10.467 0.0000000000
66328  -31.481  -4.109  -11.055 0.0000000000
66329  -32.170  -4.618  -11.418 0.0000000000
66330  -33.355  -5.228  -11.826 0.0000000000
66331  -34.075  -5.403  -11.768 0.0000000000
66332  -36.255  -5.291  -12.045 0.0000000000
66333  -36.847  -4.928  -11.440 0.0000000000
66334  -37.414  -4.478  -11.626 0.0000000000
66348  -32.248  -4.109  -12.120 0.0000000000
66349  -32.888  -4.412  -12.532 0.0000000000
66350  -34.280  -5.147  -12.418 0.0000000000
66351  -35.538  -5.175  -12.554 0.0000000000
66352  -36.530  -5.019  -12.526 0.0000000000
66353  -37.310  -4.692  -12.251 0.0000000000
66367  -33.062  -3.972  -13.087 0.0000000000
66368  -33.654  -4.230  -13.193 0.0000000000
66369  -34.789  -4.428  -13.499 0.0000000000
66370  -35.966  -4.690  -13.352 0.0000000000
66371  -36.971  -4.652  -13.228 0.0000000000
66380  -34.962  -3.985  -14.062 0.0000000000
66381  -35.526  -4.185  -14.096 0.0000000000
66382  -36.430  -4.392  -13.995 0.0000000000
67605  -28.555  -4.151  -6.808 0.0000000000
67606  -28.802  -3.841  -7.467 0.0000000000
67623  -29.114  -3.528  -8.061 0.0000000000
67624  -34.718  -4.280  -7.939 0.0000000000
67639  -29.478  -3.482  -8.729 0.0000000000
67640  -29.870  -3.593  -9.512 0.0000000000
67641  -35.703  -3.691  -9.155 0.0000000000
67642  -36.239  -3.827  -9.736 0.0000000000
67659  -30.435  -3.616  -10.350 0.0000000000
67660  -31.067  -3.797  -10.848 0.0000000000
67661  -36.650  -4.049  -10.225 0.0000000000
67662  -36.990  -3.742  -10.528 0.0000000000
67677  -30.705  -3.268  -10.885 0.0000000000
67678  -31.321  -3.543  -11.400 0.0000000000
67679  -31.875  -3.820  -11.913 0.0000000000
67680  -36.948  -4.323  -10.698 0.0000000000
67681  -37.438  -3.946  -11.046 0.0000000000
67682  -37.982  -3.464  -11.358 0.0000000000
67695  -31.499  -3.309  -12.065 0.0000000000
67696  -32.067  -3.542  -12.571 0.0000000000
67697  -32.671  -3.744  -13.008 0.0000000000
67698  -37.853  -4.174  -11.818 0.0000000000
67699  -38.445  -3.560  -12.039 0.0000000000
67700  -39.005  -3.265  -12.465 0.0000000000
67711  -32.372  -3.233  -13.176 0.0000000000
67712  -33.068  -3.401  -13.488 0.0000000000
67713  -33.967  -3.673  -13.752 0.0000000000
67714  -34.567  -3.756  -14.040 0.0000000000
67715  -37.878  -4.352  -12.796 0.0000000000
67716  -38.623  -3.959  -13.134 0.0000000000
67717  -39.310  -3.441  -13.160 0.0000000000
67721  -33.510  -3.104  -14.035 0.0000000000
67722  -34.120  -3.193  -14.343 0.0000000000
67723  -34.983  -3.486  -14.528 0.0000000000
67724  -36.128  -3.677  -14.735 0.0000000000
67725  -37.570  -4.245  -14.203 0.0000000000
67726  -38.787  -3.719  -14.134 0.0000000000
67727  -39.459  -3.366  -13.846 0.0000000000
67731  -37.051  -3.369  -15.360 0.0000000000
67732  -38.185  -3.493  -14.989 0.0000000000
67733  -38.804  -3.408  -14.752 0.0000000000
68869  -28.570  -3.523  -6.975 0.0000000000
68870  -28.686  -2.799  -7.138 0.0000000000
68890  -29.280  -2.646  -8.107 0.0000000000
68910  -29.529  -2.665  -9.029 0.0000000000
68911  -29.892  -2.775  -9.843 0.0000000000
68928  -30.225  -2.713  -10.485 0.0000000000
68929  -36.606  -3.196  -10.222 0.0000000000
68930  -37.176  -3.250  -10.564 0.0000000000
68945  -30.537  -2.627  -11.236 0.0000000000
68946  -31.013  -2.928  -11.860 0.0000000000
68947  -37.650  -2.923  -10.802 0.0000000000
68948  -38.207  -2.617  -11.261 0.0000000000
68960  -30.668  -2.335  -11.918 0.0000000000
68961  -31.275  -2.625  -12.513 0.0000000000
68962  -31.872  -2.877  -13.050 0.0000000000
68963  -38.753  -2.486  -11.831 0.0000000000
68964  -39.389  -2.477  -12.389 0.0000000000
68965  -39.912  -2.141  -12.615 0.0000000000
68974  -31.573  -2.312  -13.166 0.0000000000
68975  -32.289  -2.475  -13.594 0.0000000000
68976  -33.012  -2.711  -13.959 0.0000000000
68977  -39.873  -2.963  -13.161 0.0000000000
68978  -40.401  -2.402  -13.168 0.0000000000
68982  -32.745  -2.141  -14.188 0.0000000000
68983  -33.477  -2.377  -14.445 0.0000000000
68984  -34.405  -2.462  -14.899 0.0000000000
68985  -35.329  -2.820  -15.152 0.0000000000
68986  -36.105  -2.917  -15.490 0.0000000000
68987  -39.228  -3.360  -14.484 0.0000000000
68988  -39.971  -3.066  -14.203 0.0000000000
68989  -40.770  -2.538  -14.035 0.0000000000
68994  -34.879  -2.120  -15.422 0.0000000000
68995  -35.555  -2.170  -15.769 0.0000000000
68996  -36.605  -2.293  -16.159 0.0000000000
68997  -37.808  -2.793  -15.784 0.0000000000
68998  -39.059  -3.012  -15.302 0.0000000000
68999  -40.316  -2.589  -15.229 0.0000000000
69000  -40.943  -2.384  -14.681 0.0000000000
69007  -37.549  -2.074  -16.334 0.0000000000
69008  -38.483  -2.266  -16.243 0.0000000000
69009  -39.569  -2.282  -16.065 0.0000000000
69010  -40.169  -2.184  -15.897 0.0000000000
70150  -29.156  -1.805  -6.241 0.0000000000
70167  -29.233  -1.727  -7.328 0.0000000000
70183  -29.387  -1.703  -8.341 0.0000000000
70203  -29.507  -1.752  -9.479 0.0000000000
70204  -29.819  -2.271  -10.105 0.0000000000
70222  -29.349  -1.251  -9.935 0.0000000000
70223  -29.810  -1.769  -10.508 0.0000000000
70225  -37.025  -2.502  -10.508 0.0000000000
70238  -30.194  -1.699  -11.459 0.0000000000
70253  -30.564  -1.629  -12.362 0.0000000000
70254  -31.142  -1.886  -12.929 0.0000000000
70257  -40.062  -1.378  -12.605 0.0000000000
70267  -30.833  -1.277  -13.051 0.0000000000
70268  -31.521  -1.520  -13.506 0.0000000000
70269  -32.253  -1.504  -14.089 0.0000000000
70270  -40.868  -1.631  -13.056 0.0000000000
70271  -41.385  -1.335  -13.391 0.0000000000
70276  -32.931  -1.452  -14.535 0.0000000000
70277  -33.748  -1.431  -14.976 0.0000000000
70278  -34.422  -1.676  -15.288 0.0000000000
70279  -41.339  -2.075  -14.054 0.0000000000
70280  -41.730  -1.489  -14.186 0.0000000000
70284  -34.241  -1.042  -15.404 0.0000000000
70285  -34.886  -1.290  -15.776 0.0000000000
70286  -35.741  -1.348  -16.348 0.0000000000
70287  -36.387  -1.481  -16.428 0.0000000000
70288  -40.499  -2.132  -15.743 0.0000000000
70289  -41.155  -1.997  -15.260 0.0000000000
70290  -41.887  -1.355  -15.128 0.0000000000
70296  -36.260  -0.915  -16.674 0.0000000000
70297  -36.996  -1.355  -16.568 0.0000000000
70298  -37.961  -1.525  -16.712 0.0000000000
70299  -39.051  -1.514  -16.763 0.0000000000
70300  -40.322  -1.577  -16.361 0.0000000000
70301  -41.465  -1.309  -15.999 0.0000000000
70302  -42.012  -1.047  -15.709 0.0000000000
70308  -39.746  -1.034  -16.924 0.0000000000
70309  -40.156  -1.007  -16.815 0.0000000000
71455  -29.776  -1.040  -6.526 0.0000000000
71474  -29.660  -0.713  -7.495 0.0000000000
71475  -30.224  -0.338  -6.674 0.0000000000
71491  -29.424  -0.774  -8.544 0.0000000000
71510  -29.346  -0.663  -9.396 0.0000000000
71527  -29.345  -0.673  -10.256 0.0000000000
71528  -29.711  -1.073  -10.983 0.0000000000
71536  -29.496  -0.444  -10.905 0.0000000000
71537  -29.825  -0.775  -11.737 0.0000000000
71550  -30.337  -0.611  -12.702 0.0000000000
71563  -30.942  -0.535  -13.462 0.0000000000
71564  -31.738  -0.547  -14.135 0.0000000000
71565  -32.438  -0.812  -14.469 0.0000000000
71566  -40.918  -0.588  -12.834 0.0000000000
71567  -41.600  -0.604  -13.266 0.0000000000
71568  -42.054  -0.172  -13.475 0.0000000000
71572  -32.309  -0.148  -14.608 0.0000000000
71573  -33.050  -0.378  -14.965 0.0000000000
71574  -33.769  -0.601  -15.363 0.0000000000
71575  -42.163  -0.882  -14.177 0.0000000000
71576  -42.556  -0.216  -14.184 0.0000000000
71580  -33.589  0.150  -15.625 0.0000000000
71581  -34.320  -0.274  -15.854 0.0000000000
71582  -35.116  -0.369  -16.428 0.0000000000
71583  -35.727  -0.572  -16.677 0.0000000000
71584  -42.346  -0.763  -15.150 0.0000000000
71585  -42.778  -0.085  -15.199 0.0000000000
71594  -35.548  -0.011  -16.843 0.0000000000
71595  -36.046  -0.180  -17.120 0.0000000000
71596  -36.744  -0.559  -17.037 0.0000000000
71597  -37.520  -0.801  -17.034 0.0000000000
71598  -38.300  -0.980  -17.120 0.0000000000
71599  -40.400  -0.962  -16.755 0.0000000000
71600  -40.974  -0.817  -16.631 0.0000000000
71601  -42.159  -0.448  -16.290 0.0000000000
71602  -42.860  0.070  -15.909 0.0000000000
71611  -36.535  -0.007  -17.487 0.0000000000
71612  -37.167  -0.177  -17.529 0.0000000000
71613  -38.013  -0.312  -17.461 0.0000000000
71614  -39.056  -0.560  -17.374 0.0000000000
71615  -40.241  -0.440  -17.180 0.0000000000
71616  -41.322  -0.033  -16.985 0.0000000000
71617  -41.881  0.106  -16.780 0.0000000000
72747  -29.731  -0.031  -7.958 0.0000000000
72748  -30.332  0.323  -7.225 0.0000000000
72766  -29.593  0.102  -8.678 0.0000000000
72767  -29.961  0.736  -7.978 0.0000000000
72788  -29.520  0.327  -9.506 0.0000000000
72789  -29.875  0.863  -8.730 0.0000000000
72810  -29.422  0.199  -10.327 0.0000000000
72830  -29.476  0.077  -11.143 0.0000000000
72831  -29.939  0.177  -12.185 0.0000000000
72853  -30.467  0.519  -13.047 0.0000000000
72873  -31.174  0.378  -13.949 0.0000000000
72874  -31.892  0.470  -14.493 0.0000000000
72876  -41.399  0.549  -12.867 0.0000000000
72877  -42.206  0.614  -13.366 0.0000000000
72887  -32.568  0.564  -14.899 0.0000000000
72888  -33.085  0.676  -15.441 0.0000000000
72889  -43.017  0.603  -14.147 0.0000000000
72890  -43.373  1.102  -14.503 0.0000000000
72905  -33.545  0.896  -15.846 0.0000000000
72906  -34.039  0.672  -16.078 0.0000000000
72907  -34.660  0.535  -16.448 0.0000000000
72908  -43.222  0.730  -15.378 0.0000000000
72909  -43.557  1.282  -14.943 0.0000000000
72927  -35.202  0.517  -16.872 0.0000000000
72928  -35.633  0.514  -17.269 0.0000000000
72929  -42.170  0.218  -16.676 0.0000000000
72930  -42.734  0.513  -16.446 0.0000000000
72943  -36.122  0.518  -17.622 0.0000000000
72944  -36.750  0.548  -17.939 0.0000000000
72945  -37.607  0.369  -17.883 0.0000000000
72946  -38.528  0.322  -17.819 0.0000000000
72947  -39.574  0.381  -17.788 0.0000000000
72948  -40.754  0.799  -17.710 0.0000000000
72949  -41.997  0.699  -17.157 0.0000000000
72950  -42.752  0.893  -17.026 0.0000000000
72963  -37.246  0.871  -18.356 0.0000000000
72964  -38.027  0.888  -18.350 0.0000000000
72965  -38.980  1.035  -18.319 0.0000000000
72966  -39.973  1.165  -18.313 0.0000000000
72967  -40.528  1.311  -18.201 0.0000000000
74176  -30.514  1.482  -8.215 0.0000000000
74193  -29.641  0.760  -9.855 0.0000000000
74194  -30.077  1.435  -9.352 0.0000000000
74212  -29.683  0.973  -10.235 0.0000000000
74213  -30.390  2.031  -10.395 0.0000000000
74234  -30.170  0.973  -11.114 0.0000000000
74235  -30.319  1.572  -11.967 0.0000000000
74257  -30.540  1.440  -12.736 0.0000000000
74274  -30.891  1.196  -13.758 0.0000000000
74275  -31.566  1.281  -14.357 0.0000000000
74277  -42.387  1.624  -13.374 0.0000000000
74278  -42.994  2.044  -13.633 0.0000000000
74286  -32.271  1.339  -14.743 0.0000000000
74287  -32.816  1.409  -15.257 0.0000000000
74288  -43.180  1.358  -13.872 0.0000000000
74289  -43.657  1.765  -14.277 0.0000000000
74306  -33.321  1.485  -15.751 0.0000000000
74307  -33.845  1.495  -16.258 0.0000000000
74308  -34.352  1.183  -16.515 0.0000000000
74309  -43.157  1.073  -16.033 0.0000000000
74310  -43.666  1.740  -15.630 0.0000000000
74324  -34.280  1.719  -16.776 0.0000000000
74325  -34.819  1.337  -17.244 0.0000000000
74326  -35.303  0.918  -17.320 0.0000000000
74327  -43.192  1.271  -16.646 0.0000000000
74328  -43.538  1.889  -16.636 0.0000000000
74341  -35.051  1.593  -17.898 0.0000000000
74342  -35.595  1.273  -17.945 0.0000000000
74343  -36.232  0.951  -18.011 0.0000000000
74344  -40.900  1.502  -18.176 0.0000000000
74345  -41.668  1.752  -18.011 0.0000000000
74346  -42.744  1.523  -17.372 0.0000000000
74347  -43.320  1.651  -17.066 0.0000000000
74363  -35.827  1.606  -18.577 0.0000000000
74364  -36.449  1.377  -18.646 0.0000000000
74365  -37.464  1.324  -18.834 0.0000000000
74366  -38.390  1.494  -18.853 0.0000000000
74367  -39.439  1.995  -18.814 0.0000000000
74368  -40.466  1.895  -18.446 0.0000000000
74369  -41.043  1.898  -18.307 0.0000000000
74383  -36.497  1.722  -19.132 0.0000000000
74384  -36.914  1.698  -19.271 0.0000000000
74385  -37.801  1.863  -19.339 0.0000000000
74386  -38.609  2.081  -19.293 0.0000000000
75535  -30.812  2.066  -8.680 0.0000000000
75548  -30.748  2.496  -9.382 0.0000000000
75549  -31.278  3.306  -9.388 0.0000000000
75560  -30.887  3.023  -10.237 0.0000000000
75561  -31.216  3.611  -10.038 0.0000000000
75582  -30.590  2.663  -11.222 0.0000000000
75603  -30.634  2.444  -12.056 0.0000000000
75618  -31.255  2.186  -13.099 0.0000000000
75619  -31.603  2.154  -14.096 0.0000000000
75621  -42.241  2.728  -13.422 0.0000000000
75622  -43.355  2.848  -13.597 0.0000000000
75623  -44.085  3.389  -13.777 0.0000000000
75636  -32.071  2.133  -14.547 0.0000000000
75637  -32.652  2.174  -15.022 0.0000000000
75638  -44.204  2.626  -14.572 0.0000000000
75639  -44.456  3.635  -14.484 0.0000000000
75657  -33.138  2.182  -15.585 0.0000000000
75658  -33.478  2.169  -16.192 0.0000000000
75659  -44.252  2.576  -15.607 0.0000000000
75660  -44.530  3.204  -15.324 0.0000000000
75675  -33.904  2.213  -16.725 0.0000000000
75676  -34.228  2.104  -17.383 0.0000000000
75677  -44.000  2.694  -16.491 0.0000000000
75678  -44.400  2.960  -15.916 0.0000000000
75691  -34.718  2.043  -18.193 0.0000000000
75692  -35.173  1.744  -18.205 0.0000000000
75693  -41.841  2.974  -18.205 0.0000000000
75694  -42.576  2.564  -17.730 0.0000000000
75695  -43.325  2.230  -17.198 0.0000000000
75708  -34.919  2.371  -18.749 0.0000000000
75709  -35.408  2.065  -18.795 0.0000000000
75710  -35.933  1.766  -18.889 0.0000000000
75711  -39.729  2.568  -19.227 0.0000000000
75712  -40.377  2.831  -18.995 0.0000000000
75713  -41.106  2.516  -18.425 0.0000000000
75728  -35.625  2.383  -19.255 0.0000000000
75729  -36.194  2.212  -19.361 0.0000000000
75730  -37.210  2.305  -19.666 0.0000000000
75731  -38.179  2.598  -19.766 0.0000000000
75732  -39.182  2.623  -19.540 0.0000000000
75733  -39.838  2.961  -19.486 0.0000000000
75747  -36.251  2.775  -19.782 0.0000000000
75748  -36.719  2.785  -19.931 0.0000000000
75749  -37.469  2.870  -20.061 0.0000000000
76868  -31.399  4.118  -9.622 0.0000000000
76877  -31.063  3.554  -10.425 0.0000000000
76878  -31.164  4.128  -10.526 0.0000000000
76896  -30.871  3.479  -10.932 0.0000000000
76897  -30.966  4.108  -11.520 0.0000000000
76915  -30.804  3.312  -11.798 0.0000000000
76916  -30.985  3.904  -12.542 0.0000000000
76930  -30.785  3.282  -12.570 0.0000000000
76931  -31.492  3.413  -13.598 0.0000000000
76932  -31.973  3.442  -14.213 0.0000000000
76935  -42.333  3.758  -13.407 0.0000000000
76936  -43.378  4.000  -13.447 0.0000000000
76937  -44.252  4.218  -13.733 0.0000000000
76953  -31.911  2.829  -14.256 0.0000000000
76954  -32.412  3.046  -14.725 0.0000000000
76955  -44.610  4.380  -14.404 0.0000000000
76969  -32.894  2.919  -15.468 0.0000000000
76970  -33.149  2.790  -16.140 0.0000000000
76971  -44.705  4.147  -15.273 0.0000000000
76984  -33.397  2.678  -16.730 0.0000000000
76985  -33.674  2.605  -17.331 0.0000000000
76986  -43.975  3.874  -16.775 0.0000000000
76987  -44.458  3.539  -16.060 0.0000000000
76998  -33.935  2.540  -18.136 0.0000000000
76999  -41.864  3.582  -18.260 0.0000000000
77000  -42.440  3.744  -17.922 0.0000000000
77001  -43.289  3.243  -17.291 0.0000000000
77016  -34.579  2.821  -18.989 0.0000000000
77017  -35.044  2.543  -19.024 0.0000000000
77018  -40.693  3.528  -19.128 0.0000000000
77019  -41.303  3.735  -18.658 0.0000000000
77020  -41.895  3.881  -18.258 0.0000000000
77037  -34.800  3.227  -19.436 0.0000000000
77038  -35.347  2.936  -19.524 0.0000000000
77039  -35.971  2.799  -19.710 0.0000000000
77040  -38.819  3.131  -20.002 0.0000000000
77041  -39.499  3.328  -19.886 0.0000000000
77042  -40.290  3.618  -19.648 0.0000000000
77043  -40.820  3.928  -19.302 0.0000000000
77057  -35.536  3.512  -20.077 0.0000000000
77058  -36.113  3.280  -20.140 0.0000000000
77059  -37.095  3.368  -20.424 0.0000000000
77060  -38.116  3.407  -20.370 0.0000000000
77061  -39.059  3.750  -20.398 0.0000000000
77062  -39.759  3.940  -20.221 0.0000000000
78233  -31.433  5.053  -9.368 0.0000000000
78234  -31.581  4.869  -9.156 0.0000000000
78247  -31.346  5.264  -9.531 0.0000000000
78248  -30.993  5.015  -9.960 0.0000000000
78267  -30.864  5.465  -11.457 0.0000000000
78268  -31.096  5.054  -11.174 0.0000000000
78288  -30.750  5.288  -11.710 0.0000000000
78289  -30.848  4.800  -12.204 0.0000000000
78300  -31.503  4.481  -13.434 0.0000000000
78301  -31.860  3.849  -13.900 0.0000000000
78305  -43.603  5.099  -13.386 0.0000000000
78306  -44.486  5.043  -13.934 0.0000000000
78324  -31.843  4.763  -14.103 0.0000000000
78325  -32.111  4.113  -14.471 0.0000000000
78326  -44.818  4.983  -14.761 0.0000000000
78339  -32.540  3.710  -15.393 0.0000000000
78340  -32.832  3.426  -16.095 0.0000000000
78341  -44.771  4.986  -15.573 0.0000000000
78353  -32.986  3.168  -16.691 0.0000000000
78354  -33.155  2.976  -17.220 0.0000000000
78355  -43.982  4.955  -16.860 0.0000000000
78356  -44.502  4.509  -16.202 0.0000000000
78365  -32.699  4.141  -18.325 0.0000000000
78366  -33.109  3.548  -18.200 0.0000000000
78367  -33.359  2.985  -17.880 0.0000000000
78368  -42.678  4.893  -17.838 0.0000000000
78369  -43.302  4.388  -17.376 0.0000000000
78377  -32.777  4.426  -18.855 0.0000000000
78378  -33.317  4.127  -19.122 0.0000000000
78379  -33.767  3.298  -18.712 0.0000000000
78380  -41.613  4.964  -18.789 0.0000000000
78381  -42.026  4.458  -18.279 0.0000000000
78397  -33.725  4.388  -19.797 0.0000000000
78398  -34.477  3.872  -19.832 0.0000000000
78399  -35.201  3.624  -20.025 0.0000000000
78400  -40.660  4.237  -19.673 0.0000000000
78401  -41.078  4.592  -19.407 0.0000000000
78415  -34.890  4.484  -20.512 0.0000000000
78416  -35.511  4.219  -20.565 0.0000000000
78417  -36.592  4.076  -20.731 0.0000000000
78418  -37.580  4.079  -20.850 0.0000000000
78419  -38.533  4.196  -20.902 0.0000000000
78420  -39.509  4.636  -20.851 0.0000000000
78421  -40.308  4.496  -20.174 0.0000000000
78422  -40.726  4.610  -19.827 0.0000000000
78437  -35.696  4.710  -20.998 0.0000000000
78438  -36.130  4.704  -21.168 0.0000000000
78439  -37.076  4.680  -21.357 0.0000000000
78440  -38.032  4.639  -21.430 0.0000000000
78441  -38.813  4.794  -21.350 0.0000000000
79500  -31.505  5.290  -9.359 0.0000000000
79501  -31.751  5.630  -9.198 0.0000000000
79514  -31.448  5.509  -9.469 0.0000000000
79515  -31.311  5.847  -9.747 0.0000000000
79530  -30.949  5.729  -11.255 0.0000000000
79531  -31.108  5.910  -10.643 0.0000000000
79552  -30.653  5.809  -11.694 0.0000000000
79553  -30.632  5.441  -12.150 0.0000000000
79566  -30.587  5.924  -12.273 0.0000000000
79567  -30.932  5.551  -12.865 0.0000000000
79570  -43.426  6.073  -13.250 0.0000000000
79571  -44.252  5.943  -13.574 0.0000000000
79588  -31.421  5.468  -13.983 0.0000000000
79589  -31.919  4.935  -14.598 0.0000000000
79590  -44.890  5.793  -14.253 0.0000000000
79600  -31.706  5.635  -14.955 0.0000000000
79601  -32.116  4.639  -15.413 0.0000000000
79602  -32.462  4.007  -16.022 0.0000000000
79603  -44.935  5.705  -15.215 0.0000000000
79610  -31.697  5.517  -15.885 0.0000000000
79611  -31.959  4.496  -16.374 0.0000000000
79612  -32.540  3.737  -16.754 0.0000000000
79613  -32.838  3.329  -17.142 0.0000000000
79614  -43.932  5.670  -16.827 0.0000000000
79615  -44.541  5.683  -16.260 0.0000000000
79620  -31.557  5.377  -16.875 0.0000000000
79621  -32.070  4.418  -17.516 0.0000000000
79622  -32.683  3.675  -17.570 0.0000000000
79623  -32.990  3.275  -17.582 0.0000000000
79624  -42.745  5.605  -17.842 0.0000000000
79625  -43.310  5.652  -17.342 0.0000000000
79629  -31.693  5.493  -17.921 0.0000000000
79630  -32.277  4.926  -18.733 0.0000000000
79631  -32.832  4.669  -19.251 0.0000000000
79632  -41.776  5.802  -18.835 0.0000000000
79633  -42.276  5.528  -18.338 0.0000000000
79644  -32.677  5.187  -19.489 0.0000000000
79645  -33.281  4.983  -19.871 0.0000000000
79646  -33.947  4.729  -20.184 0.0000000000
79647  -41.376  5.639  -19.464 0.0000000000
79660  -33.798  5.377  -20.453 0.0000000000
79661  -34.553  5.143  -20.736 0.0000000000
79662  -35.094  4.761  -20.777 0.0000000000
79663  -39.792  5.226  -21.169 0.0000000000
79664  -40.268  5.386  -20.853 0.0000000000
79665  -40.803  5.154  -20.051 0.0000000000
79681  -34.909  5.691  -21.224 0.0000000000
79682  -35.455  5.197  -21.241 0.0000000000
79683  -36.515  5.473  -21.887 0.0000000000
79684  -37.619  5.236  -21.876 0.0000000000
79685  -38.495  5.239  -21.747 0.0000000000
79686  -39.381  5.442  -21.588 0.0000000000
79687  -39.930  5.500  -21.324 0.0000000000
79702  -36.758  6.068  -22.318 0.0000000000
79703  -37.350  5.870  -22.321 0.0000000000
79704  -38.250  5.712  -22.213 0.0000000000
79705  -38.835  5.621  -21.988 0.0000000000
80761  -31.983  6.672  -9.510 0.0000000000
80778  -31.382  6.664  -10.298 0.0000000000
80795  -30.973  6.420  -11.312 0.0000000000
80796  -31.236  6.592  -10.834 0.0000000000
80815  -30.621  6.469  -11.988 0.0000000000
80829  -30.728  6.383  -12.643 0.0000000000
80830  -30.914  6.405  -13.383 0.0000000000
80833  -43.888  6.870  -13.261 0.0000000000
80834  -45.046  6.868  -13.672 0.0000000000
80835  -45.368  7.504  -14.019 0.0000000000
80850  -31.319  6.615  -14.317 0.0000000000
80851  -45.201  6.465  -14.727 0.0000000000
80852  -45.397  7.221  -14.499 0.0000000000
80859  -31.633  6.619  -15.365 0.0000000000
80860  -45.011  6.465  -15.641 0.0000000000
80861  -45.254  7.001  -15.199 0.0000000000
80865  -31.484  6.445  -16.361 0.0000000000
80866  -43.916  6.418  -16.835 0.0000000000
80867  -44.582  6.865  -16.349 0.0000000000
80872  -31.455  6.355  -17.358 0.0000000000
80873  -42.745  6.364  -17.919 0.0000000000
80874  -43.323  6.949  -17.389 0.0000000000
80880  -31.514  6.384  -18.296 0.0000000000
80881  -31.736  5.748  -18.760 0.0000000000
80882  -41.665  6.186  -19.089 0.0000000000
80883  -42.090  6.680  -18.712 0.0000000000
80893  -31.609  6.365  -19.101 0.0000000000
80894  -32.263  5.905  -19.502 0.0000000000
80895  -32.816  5.620  -19.927 0.0000000000
80896  -41.593  6.588  -19.527 0.0000000000
80897  -41.823  7.320  -19.312 0.0000000000
80907  -32.646  6.139  -20.112 0.0000000000
80908  -33.175  5.941  -20.527 0.0000000000
80909  -33.963  6.053  -20.909 0.0000000000
80910  -40.519  5.864  -21.035 0.0000000000
80911  -40.998  6.241  -20.598 0.0000000000
80924  -34.536  6.163  -21.261 0.0000000000
80925  -35.137  6.262  -21.573 0.0000000000
80926  -35.739  5.976  -21.843 0.0000000000
80927  -39.593  5.860  -21.851 0.0000000000
80928  -40.167  6.042  -21.585 0.0000000000
80929  -40.827  6.791  -21.466 0.0000000000
80945  -35.513  6.579  -22.010 0.0000000000
80946  -36.187  6.458  -22.296 0.0000000000
80947  -37.039  6.566  -22.534 0.0000000000
80948  -37.962  6.430  -22.542 0.0000000000
80949  -39.144  6.184  -22.271 0.0000000000
80950  -39.920  6.756  -22.271 0.0000000000
82075  -32.200  7.287  -9.912 0.0000000000
82076  -32.739  7.227  -9.757 0.0000000000
82090  -31.819  7.297  -10.243 0.0000000000
82091  -32.492  7.624  -10.384 0.0000000000
82112  -30.931  7.033  -11.748 0.0000000000
82113  -31.494  7.357  -11.085 0.0000000000
82114  -31.974  7.637  -10.655 0.0000000000
82131  -30.820  7.030  -12.431 0.0000000000
82132  -31.175  7.689  -12.078 0.0000000000
82147  -30.816  6.864  -12.934 0.0000000000
82148  -31.138  7.509  -13.255 0.0000000000
82151  -44.397  7.893  -13.274 0.0000000000
82152  -45.254  8.029  -13.665 0.0000000000
82164  -31.785  7.914  -14.630 0.0000000000
82165  -32.568  8.534  -14.817 0.0000000000
82166  -45.510  8.001  -14.407 0.0000000000
82172  -31.804  7.514  -15.913 0.0000000000
82173  -32.399  8.424  -15.594 0.0000000000
82174  -45.117  7.234  -15.844 0.0000000000
82175  -45.371  7.732  -15.284 0.0000000000
82182  -31.545  7.318  -16.900 0.0000000000
82183  -32.020  8.266  -16.538 0.0000000000
82184  -44.015  7.702  -16.989 0.0000000000
82185  -44.777  7.767  -16.323 0.0000000000
82186  -45.176  7.751  -15.903 0.0000000000
82192  -31.446  7.169  -17.831 0.0000000000
82193  -31.563  7.987  -17.482 0.0000000000
82194  -42.751  7.783  -17.968 0.0000000000
82195  -43.359  7.774  -17.409 0.0000000000
82200  -31.392  7.177  -18.781 0.0000000000
82201  -31.430  7.674  -18.165 0.0000000000
82202  -42.137  7.885  -18.886 0.0000000000
82209  -31.903  6.829  -19.798 0.0000000000
82210  -32.366  6.434  -19.987 0.0000000000
82211  -41.634  7.470  -20.095 0.0000000000
82212  -41.888  7.939  -19.523 0.0000000000
82221  -32.109  7.081  -20.313 0.0000000000
82222  -32.489  6.776  -20.501 0.0000000000
82223  -33.444  6.987  -21.204 0.0000000000
82224  -34.158  6.635  -21.239 0.0000000000
82225  -41.251  7.479  -21.084 0.0000000000
82235  -33.762  7.594  -21.781 0.0000000000
82236  -34.513  7.192  -21.777 0.0000000000
82237  -35.151  6.861  -21.910 0.0000000000
82238  -40.492  6.888  -22.011 0.0000000000
82239  -41.040  7.424  -21.976 0.0000000000
82254  -34.807  7.684  -22.268 0.0000000000
82255  -35.420  7.368  -22.331 0.0000000000
82256  -36.517  7.364  -22.666 0.0000000000
82257  -37.513  7.280  -22.797 0.0000000000
82258  -38.445  7.093  -22.728 0.0000000000
82259  -39.334  7.235  -22.658 0.0000000000
82260  -40.288  7.592  -22.567 0.0000000000
82261  -41.039  8.004  -22.450 0.0000000000
82276  -38.014  7.638  -23.057 0.0000000000
82277  -38.688  7.718  -23.193 0.0000000000
82278  -39.533  7.955  -23.130 0.0000000000
82279  -40.143  8.252  -23.070 0.0000000000
83419  -32.621  7.851  -10.707 0.0000000000
83441  -31.817  7.859  -11.206 0.0000000000
83442  -32.321  7.993  -11.018 0.0000000000
83459  -31.762  8.111  -11.582 0.0000000000
83460  -32.593  8.554  -11.868 0.0000000000
83478  -31.855  8.375  -12.591 0.0000000000
83479  -32.824  8.574  -12.824 0.0000000000
83484  -44.781  9.100  -13.402 0.0000000000
83492  -31.834  8.287  -13.436 0.0000000000
83493  -32.881  8.675  -13.931 0.0000000000
83495  -45.537  8.930  -14.142 0.0000000000
83502  -45.594  8.711  -15.147 0.0000000000
83510  -44.033  8.499  -17.135 0.0000000000
83511  -44.521  8.763  -16.725 0.0000000000
83512  -45.223  8.363  -15.982 0.0000000000
83516  -31.911  9.002  -16.938 0.0000000000
83518  -42.925  9.072  -17.948 0.0000000000
83519  -43.532  8.641  -17.420 0.0000000000
83520  -44.045  8.901  -17.182 0.0000000000
83524  -31.481  7.549  -19.523 0.0000000000
83525  -31.397  8.227  -18.531 0.0000000000
83526  -42.488  8.829  -18.603 0.0000000000
83530  -31.825  7.414  -20.256 0.0000000000
83531  -31.358  8.096  -20.001 0.0000000000
83532  -41.833  8.287  -19.949 0.0000000000
83533  -42.082  8.713  -19.475 0.0000000000
83542  -32.181  7.262  -20.537 0.0000000000
83543  -32.243  7.727  -20.910 0.0000000000
83544  -33.066  7.970  -21.777 0.0000000000
83545  -41.768  8.516  -20.668 0.0000000000
83546  -41.917  8.765  -20.086 0.0000000000
83556  -33.943  8.251  -22.272 0.0000000000
83557  -34.504  7.845  -22.288 0.0000000000
83558  -41.570  8.298  -21.830 0.0000000000
83572  -34.307  8.887  -22.480 0.0000000000
83573  -34.836  8.402  -22.534 0.0000000000
83574  -35.976  8.516  -22.904 0.0000000000
83575  -37.039  8.026  -23.012 0.0000000000
83576  -37.595  7.815  -23.076 0.0000000000
83577  -40.662  8.343  -22.835 0.0000000000
83578  -41.186  8.644  -22.666 0.0000000000
83593  -36.245  9.143  -23.320 0.0000000000
83594  -36.820  8.805  -23.340 0.0000000000
83595  -37.836  8.344  -23.390 0.0000000000
83596  -38.904  8.446  -23.585 0.0000000000
83597  -39.761  8.617  -23.528 0.0000000000
83598  -40.464  8.747  -23.309 0.0000000000
83599  -40.858  8.760  -23.042 0.0000000000
84750  -32.324  8.448  -12.850 0.0000000000
84751  -32.543  8.451  -13.123 0.0000000000
84762  -32.119  8.386  -12.974 0.0000000000
84763  -32.234  8.490  -13.982 0.0000000000
84765  -45.307  10.004  -13.929 0.0000000000
84772  -45.698  9.802  -14.896 0.0000000000
84780  -44.673  9.621  -16.719 0.0000000000
84781  -45.362  9.590  -16.135 0.0000000000
84787  -43.085  9.661  -18.043 0.0000000000
84788  -43.391  9.649  -17.723 0.0000000000
84789  -44.022  9.665  -17.135 0.0000000000
84793  -31.299  9.112  -17.866 0.0000000000
84794  -42.806  9.709  -18.406 0.0000000000
84798  -31.248  9.000  -19.330 0.0000000000
84799  -42.376  9.720  -19.161 0.0000000000
84808  -31.552  8.892  -20.729 0.0000000000
84809  -32.307  8.559  -21.541 0.0000000000
84810  -41.976  9.071  -20.756 0.0000000000
84811  -42.133  9.498  -20.342 0.0000000000
84821  -31.970  9.267  -21.619 0.0000000000
84822  -32.896  9.070  -22.125 0.0000000000
84823  -41.953  9.221  -21.305 0.0000000000
84824  -42.199  10.040  -21.211 0.0000000000
84837  -33.833  9.386  -22.435 0.0000000000
84838  -34.538  9.484  -22.752 0.0000000000
84839  -35.220  9.209  -22.906 0.0000000000
84840  -41.638  9.249  -22.344 0.0000000000
84854  -34.977  9.845  -23.170 0.0000000000
84855  -35.692  9.693  -23.446 0.0000000000
84856  -36.517  9.507  -23.695 0.0000000000
84857  -37.367  9.282  -23.771 0.0000000000
84858  -38.312  9.141  -23.883 0.0000000000
84859  -39.252  9.170  -23.945 0.0000000000
84860  -40.162  9.310  -23.868 0.0000000000
84861  -41.045  9.357  -23.296 0.0000000000
84871  -36.156  10.192  -24.065 0.0000000000
84872  -36.935  9.985  -24.186 0.0000000000
84873  -37.794  9.814  -24.304 0.0000000000
84874  -38.715  9.760  -24.377 0.0000000000
84875  -39.625  9.811  -24.346 0.0000000000
84876  -40.170  9.877  -24.220 0.0000000000
86079  -45.406  10.876  -14.583 0.0000000000
86088  -45.601  10.675  -15.608 0.0000000000
86096  -44.764  10.466  -16.792 0.0000000000
86097  -45.320  10.515  -16.280 0.0000000000
86103  -43.194  10.182  -18.135 0.0000000000
86104  -43.654  10.613  -17.722 0.0000000000
86105  -44.094  10.538  -17.143 0.0000000000
86109  -30.916  9.843  -18.701 0.0000000000
86110  -42.784  10.764  -18.692 0.0000000000
86111  -43.251  10.715  -18.190 0.0000000000
86117  -31.098  9.771  -19.980 0.0000000000
86118  -42.418  10.699  -19.782 0.0000000000
86127  -31.213  9.946  -21.139 0.0000000000
86128  -42.311  10.729  -20.780 0.0000000000
86138  -32.018  10.012  -22.134 0.0000000000
86139  -33.134  10.222  -22.309 0.0000000000
86140  -42.065  9.988  -21.989 0.0000000000
86141  -42.237  10.765  -21.691 0.0000000000
86153  -33.907  10.354  -22.889 0.0000000000
86154  -34.527  10.215  -23.151 0.0000000000
86155  -41.640  10.121  -22.821 0.0000000000
86156  -42.047  10.668  -22.418 0.0000000000
86170  -34.268  10.768  -23.374 0.0000000000
86171  -34.942  10.648  -23.610 0.0000000000
86172  -35.596  10.521  -23.904 0.0000000000
86173  -40.583  9.901  -23.975 0.0000000000
86174  -41.220  10.484  -23.783 0.0000000000
86184  -35.322  11.084  -24.138 0.0000000000
86185  -35.846  10.914  -24.386 0.0000000000
86186  -36.554  10.711  -24.566 0.0000000000
86187  -37.330  10.487  -24.635 0.0000000000
86188  -38.182  10.392  -24.781 0.0000000000
86189  -39.141  10.352  -24.866 0.0000000000
86190  -40.261  10.543  -24.615 0.0000000000
86191  -41.022  11.144  -24.415 0.0000000000
86204  -36.970  10.991  -24.891 0.0000000000
86205  -37.605  11.003  -25.151 0.0000000000
86206  -38.542  10.954  -25.347 0.0000000000
86207  -39.496  10.998  -25.308 0.0000000000
86208  -40.169  11.253  -25.256 0.0000000000
87375  -45.642  11.895  -15.200 0.0000000000
87382  -44.849  11.154  -16.931 0.0000000000
87383  -45.373  11.373  -16.489 0.0000000000
87390  -43.795  11.544  -18.005 0.0000000000
87391  -44.362  11.290  -17.344 0.0000000000
87392  -44.964  11.506  -17.107 0.0000000000
87397  -30.297  12.099  -18.545 0.0000000000
87398  -30.692  10.809  -18.041 0.0000000000
87399  -42.977  11.901  -18.753 0.0000000000
87400  -43.324  11.300  -18.274 0.0000000000
87406  -30.149  12.320  -19.340 0.0000000000
87407  -30.621  11.214  -19.885 0.0000000000
87408  -42.677  11.727  -19.476 0.0000000000
87417  -31.063  11.043  -21.805 0.0000000000
87418  -42.425  11.682  -20.380 0.0000000000
87427  -32.259  11.062  -22.513 0.0000000000
87428  -33.204  11.180  -22.800 0.0000000000
87429  -42.295  11.643  -21.363 0.0000000000
87445  -33.767  11.350  -23.324 0.0000000000
87446  -41.845  10.987  -23.105 0.0000000000
87447  -42.191  11.512  -22.428 0.0000000000
87461  -34.306  11.423  -23.748 0.0000000000
87462  -34.805  11.538  -24.185 0.0000000000
87463  -41.675  11.603  -23.886 0.0000000000
87464  -41.988  11.620  -23.165 0.0000000000
87473  -35.404  11.728  -24.723 0.0000000000
87474  -36.184  11.338  -24.832 0.0000000000
87475  -36.617  11.161  -24.876 0.0000000000
87476  -40.691  11.395  -24.973 0.0000000000
87477  -41.246  11.744  -24.787 0.0000000000
87490  -35.526  12.215  -25.130 0.0000000000
87491  -35.973  11.959  -25.184 0.0000000000
87492  -36.787  11.532  -25.332 0.0000000000
87493  -37.871  11.675  -25.905 0.0000000000
87494  -38.998  11.524  -25.822 0.0000000000
87495  -39.815  11.568  -25.709 0.0000000000
87496  -40.523  11.848  -25.607 0.0000000000
87497  -40.955  11.808  -25.250 0.0000000000
87517  -38.078  12.192  -26.415 0.0000000000
87518  -38.702  12.093  -26.327 0.0000000000
87519  -39.563  11.994  -26.160 0.0000000000
87520  -40.081  11.936  -25.950 0.0000000000
88640  -46.093  12.963  -15.144 0.0000000000
88646  -45.896  12.603  -16.176 0.0000000000
88651  -43.778  11.931  -18.131 0.0000000000
88652  -44.120  12.019  -17.939 0.0000000000
88653  -45.184  12.331  -17.516 0.0000000000
88658  -43.152  12.539  -18.848 0.0000000000
88659  -43.567  12.296  -18.428 0.0000000000
88660  -44.320  12.772  -18.294 0.0000000000
88661  -44.965  13.156  -18.284 0.0000000000
88667  -30.012  13.194  -18.913 0.0000000000
88668  -30.144  12.859  -19.995 0.0000000000
88669  -42.918  12.616  -19.305 0.0000000000
88678  -30.158  12.445  -21.428 0.0000000000
88679  -42.632  12.643  -20.036 0.0000000000
88688  -31.611  12.357  -22.338 0.0000000000
88689  -32.657  11.915  -22.649 0.0000000000
88690  -42.456  12.605  -20.974 0.0000000000
88707  -32.650  12.763  -22.572 0.0000000000
88708  -33.281  12.284  -23.083 0.0000000000
88709  -42.349  12.513  -22.008 0.0000000000
88720  -33.852  12.310  -23.736 0.0000000000
88721  -34.319  12.049  -24.158 0.0000000000
88722  -41.900  12.287  -23.938 0.0000000000
88723  -42.133  12.405  -23.207 0.0000000000
88731  -34.166  12.732  -24.293 0.0000000000
88732  -34.637  12.378  -24.693 0.0000000000
88733  -41.674  12.312  -24.529 0.0000000000
88745  -35.103  12.503  -25.188 0.0000000000
88746  -35.558  12.495  -25.623 0.0000000000
88747  -36.263  12.184  -25.758 0.0000000000
88748  -36.951  12.043  -25.979 0.0000000000
88749  -40.692  12.232  -25.763 0.0000000000
88750  -41.181  12.410  -25.490 0.0000000000
88758  -35.869  12.556  -26.131 0.0000000000
88759  -36.469  12.455  -26.360 0.0000000000
88760  -37.403  12.367  -26.534 0.0000000000
88761  -38.351  12.656  -26.858 0.0000000000
88762  -39.369  12.593  -26.704 0.0000000000
88763  -40.353  12.451  -26.187 0.0000000000
88764  -40.957  13.088  -26.076 0.0000000000
88785  -38.709  13.079  -27.291 0.0000000000
88786  -39.004  12.896  -27.068 0.0000000000
89846  -46.135  13.711  -15.748 0.0000000000
89854  -45.950  13.511  -16.895 0.0000000000
89860  -45.524  13.542  -17.906 0.0000000000
89865  -43.174  13.305  -18.980 0.0000000000
89866  -43.757  13.378  -18.654 0.0000000000
89867  -44.449  13.614  -18.589 0.0000000000
89868  -45.111  13.766  -18.527 0.0000000000
89875  -30.537  14.083  -19.564 0.0000000000
89876  -30.319  13.885  -20.787 0.0000000000
89877  -42.723  13.554  -19.679 0.0000000000
89887  -31.008  13.723  -21.680 0.0000000000
89888  -42.614  13.578  -20.560 0.0000000000
89899  -32.055  13.646  -22.359 0.0000000000
89900  -42.534  13.500  -21.550 0.0000000000
89915  -32.961  13.595  -23.190 0.0000000000
89916  -33.519  12.933  -23.456 0.0000000000
89917  -42.380  13.411  -22.573 0.0000000000
89926  -33.250  14.103  -23.692 0.0000000000
89927  -33.676  13.518  -23.993 0.0000000000
89928  -41.993  12.865  -24.076 0.0000000000
89929  -42.281  13.476  -23.520 0.0000000000
89938  -34.151  13.360  -25.016 0.0000000000
89939  -34.694  12.894  -25.168 0.0000000000
89940  -41.785  13.074  -24.873 0.0000000000
89941  -42.124  13.641  -24.379 0.0000000000
89954  -34.227  13.699  -25.602 0.0000000000
89955  -34.800  13.239  -25.885 0.0000000000
89956  -35.462  12.804  -26.098 0.0000000000
89957  -41.572  13.620  -25.666 0.0000000000
89958  -41.975  13.668  -24.993 0.0000000000
89971  -35.002  13.778  -26.832 0.0000000000
89972  -35.763  13.051  -26.672 0.0000000000
89973  -36.708  12.798  -26.878 0.0000000000
89974  -37.437  12.904  -27.189 0.0000000000
89975  -38.111  13.079  -27.392 0.0000000000
89976  -40.000  12.880  -26.818 0.0000000000
89977  -40.563  13.375  -26.745 0.0000000000
89978  -41.110  13.582  -26.299 0.0000000000
90002  -35.090  14.099  -27.290 0.0000000000
90003  -35.537  13.739  -27.395 0.0000000000
90004  -36.505  13.305  -27.549 0.0000000000
90005  -37.552  13.409  -27.780 0.0000000000
90006  -38.478  13.548  -27.673 0.0000000000
90007  -39.561  13.357  -27.320 0.0000000000
90008  -40.308  13.711  -27.223 0.0000000000
90991  -46.265  14.582  -16.351 0.0000000000
90992  -46.302  14.897  -15.810 0.0000000000
91002  -45.853  14.392  -17.453 0.0000000000
91011  -43.428  14.038  -18.864 0.0000000000
91012  -44.007  14.104  -18.863 0.0000000000
91013  -44.845  14.425  -18.822 0.0000000000
91014  -45.425  14.266  -18.248 0.0000000000
91022  -31.660  14.339  -20.392 0.0000000000
91023  -30.964  14.217  -20.983 0.0000000000
91024  -42.949  14.542  -19.298 0.0000000000
91025  -43.732  14.611  -19.135 0.0000000000
91026  -44.253  14.567  -19.037 0.0000000000
91039  -31.481  15.099  -20.637 0.0000000000
91040  -31.168  14.743  -21.162 0.0000000000
91041  -42.458  14.581  -20.099 0.0000000000
91056  -31.815  15.373  -22.111 0.0000000000
91057  -31.587  14.596  -21.978 0.0000000000
91058  -42.625  14.531  -21.123 0.0000000000
91071  -32.020  15.522  -22.472 0.0000000000
91072  -32.147  14.862  -22.812 0.0000000000
91073  -42.643  14.374  -22.168 0.0000000000
91086  -32.856  14.697  -23.548 0.0000000000
91087  -33.403  14.622  -24.025 0.0000000000
91088  -42.592  14.128  -23.030 0.0000000000
91101  -33.500  14.363  -24.784 0.0000000000
91102  -42.420  14.377  -23.832 0.0000000000
91115  -33.867  14.288  -25.560 0.0000000000
91116  -34.273  13.998  -25.877 0.0000000000
91117  -41.822  14.560  -25.823 0.0000000000
91118  -42.201  14.388  -24.963 0.0000000000
91134  -34.088  14.429  -25.990 0.0000000000
91135  -34.409  14.300  -26.404 0.0000000000
91136  -40.679  13.889  -27.111 0.0000000000
91137  -41.303  14.274  -26.687 0.0000000000
91154  -34.796  14.494  -27.089 0.0000000000
91155  -35.302  14.513  -27.589 0.0000000000
91156  -35.936  14.061  -28.017 0.0000000000
91157  -36.878  14.009  -28.119 0.0000000000
91158  -37.871  14.143  -28.133 0.0000000000
91159  -39.013  14.336  -28.021 0.0000000000
91160  -40.303  14.373  -27.543 0.0000000000
91161  -41.137  15.094  -27.408 0.0000000000
91181  -35.734  14.764  -27.986 0.0000000000
91182  -36.279  14.657  -28.349 0.0000000000
91183  -37.142  14.691  -28.591 0.0000000000
91184  -38.149  14.850  -28.696 0.0000000000
91185  -39.000  15.134  -28.593 0.0000000000
92222  -46.326  15.032  -16.489 0.0000000000
92223  -46.440  15.270  -16.166 0.0000000000
92230  -46.236  15.161  -17.010 0.0000000000
92231  -46.506  15.791  -16.800 0.0000000000
92238  -45.034  14.945  -18.788 0.0000000000
92239  -45.522  15.201  -18.229 0.0000000000
92253  -42.989  15.127  -19.463 0.0000000000
92254  -43.437  15.298  -19.431 0.0000000000
92255  -44.600  15.244  -19.122 0.0000000000
92256  -45.395  15.970  -18.841 0.0000000000
92271  -31.555  15.437  -21.026 0.0000000000
92272  -42.841  15.437  -19.789 0.0000000000
92273  -43.341  16.040  -19.744 0.0000000000
92289  -32.068  15.803  -21.449 0.0000000000
92290  -31.575  15.240  -21.562 0.0000000000
92291  -42.613  15.563  -20.693 0.0000000000
92308  -32.083  15.952  -22.156 0.0000000000
92309  -32.183  15.859  -22.672 0.0000000000
92310  -42.754  15.546  -21.795 0.0000000000
92311  -43.009  16.020  -22.550 0.0000000000
92329  -32.494  15.755  -23.397 0.0000000000
92330  -32.987  15.322  -23.912 0.0000000000
92331  -43.051  15.051  -22.991 0.0000000000
92332  -43.227  16.041  -23.355 0.0000000000
92345  -32.703  15.962  -24.118 0.0000000000
92346  -33.132  15.433  -24.583 0.0000000000
92347  -42.704  15.481  -24.222 0.0000000000
92348  -43.242  16.284  -24.076 0.0000000000
92360  -33.433  15.238  -25.326 0.0000000000
92361  -41.803  14.969  -26.213 0.0000000000
92362  -42.249  15.548  -25.608 0.0000000000
92375  -33.814  15.109  -26.166 0.0000000000
92376  -34.361  15.151  -26.878 0.0000000000
92377  -41.808  15.522  -26.733 0.0000000000
92378  -42.188  16.248  -26.308 0.0000000000
92390  -34.855  15.182  -27.376 0.0000000000
92391  -35.357  15.269  -27.778 0.0000000000
92392  -39.672  15.047  -28.155 0.0000000000
92393  -40.455  15.549  -28.027 0.0000000000
92394  -41.313  16.039  -27.579 0.0000000000
92414  -35.760  15.289  -28.268 0.0000000000
92415  -36.374  15.324  -28.758 0.0000000000
92416  -37.327  15.496  -28.959 0.0000000000
92417  -38.393  15.844  -29.003 0.0000000000
92418  -39.582  15.865  -28.660 0.0000000000
92419  -40.227  16.154  -28.432 0.0000000000
93539  -46.253  15.820  -17.522 0.0000000000
93540  -46.685  16.448  -17.236 0.0000000000
93550  -46.120  16.516  -18.299 0.0000000000
93551  -46.730  16.856  -17.835 0.0000000000
93566  -44.052  16.067  -19.536 0.0000000000
93567  -45.022  16.442  -19.450 0.0000000000
93568  -45.595  16.540  -18.956 0.0000000000
93584  -43.021  16.560  -20.363 0.0000000000
93585  -43.826  16.671  -19.925 0.0000000000
93586  -44.398  16.615  -19.711 0.0000000000
93602  -42.711  16.512  -21.191 0.0000000000
93614  -32.163  16.314  -22.366 0.0000000000
93616  -42.749  16.644  -21.997 0.0000000000
93617  -43.206  16.778  -22.728 0.0000000000
93631  -32.475  16.781  -23.790 0.0000000000
93632  -43.298  16.829  -23.613 0.0000000000
93646  -32.677  16.560  -24.800 0.0000000000
93647  -33.099  15.893  -25.120 0.0000000000
93648  -42.897  16.597  -24.781 0.0000000000
93649  -43.257  16.786  -24.210 0.0000000000
93659  -32.801  16.980  -25.366 0.0000000000
93660  -33.279  16.348  -25.717 0.0000000000
93661  -42.522  16.677  -25.811 0.0000000000
93670  -33.960  16.210  -26.931 0.0000000000
93671  -34.477  15.629  -27.247 0.0000000000
93672  -41.992  16.758  -26.976 0.0000000000
93673  -42.313  16.797  -26.398 0.0000000000
93689  -34.127  16.827  -27.911 0.0000000000
93690  -34.804  15.976  -27.781 0.0000000000
93691  -35.393  15.685  -28.067 0.0000000000
93692  -40.703  16.466  -28.165 0.0000000000
93693  -41.336  17.045  -27.786 0.0000000000
93720  -34.223  17.119  -28.380 0.0000000000
93721  -34.631  16.760  -28.554 0.0000000000
93722  -35.503  16.068  -28.632 0.0000000000
93723  -36.450  16.060  -29.222 0.0000000000
93724  -37.425  16.210  -29.479 0.0000000000
93725  -38.182  16.549  -29.545 0.0000000000
93726  -39.089  16.697  -29.391 0.0000000000
93727  -40.042  16.841  -28.748 0.0000000000
93728  -40.694  17.284  -28.318 0.0000000000
93747  -35.069  16.749  -29.011 0.0000000000
93748  -35.570  16.691  -29.488 0.0000000000
93749  -36.559  16.650  -29.976 0.0000000000
93750  -37.569  16.890  -29.938 0.0000000000
93751  -38.359  17.205  -29.811 0.0000000000
93752  -38.980  17.507  -29.712 0.0000000000
93773  -35.785  17.039  -30.037 0.0000000000
93774  -36.230  17.255  -30.282 0.0000000000
94871  -47.071  16.900  -16.699 0.0000000000
94880  -47.109  17.142  -17.396 0.0000000000
94881  -47.511  17.754  -17.552 0.0000000000
94891  -46.268  17.070  -18.614 0.0000000000
94892  -46.863  17.445  -18.377 0.0000000000
94893  -47.467  18.049  -18.039 0.0000000000
94904  -45.226  16.973  -19.552 0.0000000000
94905  -45.861  17.229  -19.222 0.0000000000
94906  -46.580  17.690  -19.052 0.0000000000
94919  -43.091  17.363  -20.638 0.0000000000
94920  -43.679  17.345  -20.408 0.0000000000
94921  -44.779  17.281  -19.878 0.0000000000
94922  -45.506  17.625  -19.784 0.0000000000
94933  -42.841  17.231  -20.939 0.0000000000
94943  -42.756  17.318  -21.487 0.0000000000
94944  -42.854  17.520  -22.212 0.0000000000
94955  -43.265  17.623  -23.059 0.0000000000
94966  -43.116  17.132  -24.806 0.0000000000
94967  -43.392  17.507  -24.299 0.0000000000
94978  -42.988  17.381  -25.297 0.0000000000
94979  -43.292  18.167  -25.054 0.0000000000
94994  -33.389  17.249  -26.404 0.0000000000
94995  -42.172  17.328  -26.953 0.0000000000
94996  -42.465  17.577  -26.463 0.0000000000
95025  -33.563  17.401  -27.327 0.0000000000
95026  -41.949  17.716  -27.353 0.0000000000
95027  -42.343  18.458  -27.109 0.0000000000
95060  -33.903  17.665  -28.360 0.0000000000
95061  -34.321  17.253  -28.674 0.0000000000
95062  -39.576  17.562  -29.321 0.0000000000
95063  -40.241  17.993  -28.794 0.0000000000
95064  -41.153  18.127  -28.162 0.0000000000
95085  -33.926  18.084  -29.022 0.0000000000
95086  -34.632  17.515  -29.367 0.0000000000
95087  -35.343  17.225  -29.791 0.0000000000
95088  -36.984  17.325  -30.266 0.0000000000
95089  -37.748  17.620  -30.085 0.0000000000
95090  -38.450  18.058  -29.938 0.0000000000
95091  -39.167  18.164  -29.675 0.0000000000
95092  -39.676  18.311  -29.329 0.0000000000
95110  -34.836  18.051  -30.004 0.0000000000
95111  -35.468  17.716  -30.200 0.0000000000
95112  -36.428  17.705  -30.595 0.0000000000
95113  -37.264  17.884  -30.525 0.0000000000
95114  -37.897  18.163  -30.373 0.0000000000
96076  -46.983  17.930  -18.973 0.0000000000
96077  -47.567  18.665  -18.631 0.0000000000
96089  -45.899  17.777  -19.784 0.0000000000
96090  -46.615  18.228  -19.656 0.0000000000
96091  -47.316  18.848  -19.476 0.0000000000
96104  -42.965  17.597  -20.863 0.0000000000
96105  -43.289  17.891  -20.759 0.0000000000
96106  -44.214  18.270  -20.665 0.0000000000
96107  -45.517  18.268  -20.196 0.0000000000
96108  -46.215  18.595  -20.272 0.0000000000
96121  -42.875  17.838  -21.102 0.0000000000
96122  -43.452  18.570  -21.326 0.0000000000
96123  -44.008  18.836  -21.030 0.0000000000
96137  -42.811  18.037  -21.665 0.0000000000
96138  -43.129  18.525  -22.320 0.0000000000
96151  -43.436  18.581  -23.397 0.0000000000
96161  -43.477  18.776  -24.406 0.0000000000
96172  -43.125  18.188  -25.811 0.0000000000
96173  -43.393  19.081  -25.438 0.0000000000
96196  -42.898  18.999  -26.535 0.0000000000
96197  -43.323  19.705  -26.064 0.0000000000
96229  -41.727  18.909  -27.650 0.0000000000
96230  -42.393  19.205  -27.301 0.0000000000
96255  -33.585  18.660  -28.581 0.0000000000
96256  -40.608  18.950  -28.650 0.0000000000
96257  -41.174  19.119  -28.249 0.0000000000
96273  -33.989  18.676  -29.589 0.0000000000
96274  -34.548  18.244  -29.882 0.0000000000
96275  -38.835  18.656  -29.975 0.0000000000
96276  -39.350  18.956  -29.677 0.0000000000
96277  -39.949  18.940  -29.129 0.0000000000
96287  -34.008  19.151  -30.240 0.0000000000
96288  -34.657  18.630  -30.656 0.0000000000
96289  -35.802  18.138  -31.096 0.0000000000
96290  -36.831  18.090  -31.155 0.0000000000
96291  -37.661  18.332  -30.953 0.0000000000
96292  -38.342  18.863  -30.563 0.0000000000
96293  -38.903  19.200  -30.158 0.0000000000
96305  -34.827  19.081  -31.359 0.0000000000
96306  -35.335  18.835  -31.681 0.0000000000
96307  -36.362  18.618  -31.832 0.0000000000
96308  -37.272  18.645  -31.567 0.0000000000
96309  -37.883  18.945  -31.278 0.0000000000
96327  -35.428  19.003  -32.151 0.0000000000
96328  -35.782  18.911  -32.216 0.0000000000
97170  -43.549  19.814  -24.612 0.0000000000
97181  -43.529  20.104  -25.467 0.0000000000
97210  -43.101  20.082  -26.643 0.0000000000
97211  -43.375  20.366  -26.113 0.0000000000
97237  -42.006  19.888  -27.639 0.0000000000
97238  -42.634  19.908  -27.188 0.0000000000
97256  -40.865  19.803  -28.585 0.0000000000
97257  -41.418  19.839  -28.107 0.0000000000
97271  -39.751  19.678  -29.586 0.0000000000
97272  -40.281  19.740  -29.060 0.0000000000
97284  -34.494  19.329  -31.222 0.0000000000
97285  -38.811  19.732  -30.629 0.0000000000
97286  -39.286  19.725  -30.105 0.0000000000
97301  -34.679  19.331  -31.935 0.0000000000
97302  -35.199  19.086  -32.097 0.0000000000
97303  -37.035  18.988  -32.123 0.0000000000
97304  -37.628  19.260  -31.841 0.0000000000
97305  -38.351  19.742  -31.442 0.0000000000
97318  -34.548  19.340  -32.778 0.0000000000
97319  -35.360  19.103  -32.628 0.0000000000
97320  -36.433  19.314  -32.585 0.0000000000
97321  -37.244  19.528  -32.392 0.0000000000
97322  -37.806  19.859  -32.155 0.0000000000
97333  -34.338  19.772  -33.297 0.0000000000
97334  -35.098  19.655  -33.316 0.0000000000
97335  -35.878  19.659  -33.144 0.0000000000
98135  -43.514  20.967  -25.706 0.0000000000
98162  -42.838  20.596  -27.103 0.0000000000
98163  -43.209  21.018  -26.610 0.0000000000
98183  -41.647  20.683  -28.038 0.0000000000
98184  -42.304  20.779  -27.590 0.0000000000
98185  -42.773  21.242  -27.270 0.0000000000
98207  -40.592  20.547  -28.998 0.0000000000
98208  -41.097  20.614  -28.491 0.0000000000
98223  -39.663  20.196  -30.045 0.0000000000
98224  -40.122  20.469  -29.689 0.0000000000
98237  -38.849  20.175  -31.057 0.0000000000
98238  -39.379  20.519  -30.697 0.0000000000
98239  -39.806  20.598  -30.194 0.0000000000
98254  -38.942  20.643  -31.551 0.0000000000
98255  -39.314  21.009  -31.264 0.0000000000
98268  -36.982  19.763  -32.784 0.0000000000
98269  -37.444  20.166  -32.702 0.0000000000
98270  -38.320  20.596  -32.419 0.0000000000
98281  -34.733  20.336  -33.845 0.0000000000
98282  -35.703  20.191  -33.693 0.0000000000
98283  -36.716  20.179  -33.317 0.0000000000
98284  -37.728  20.887  -33.332 0.0000000000
98285  -38.215  21.167  -32.921 0.0000000000
98297  -35.444  20.746  -34.245 0.0000000000
98298  -36.300  20.756  -34.124 0.0000000000
98299  -37.136  20.906  -33.973 0.0000000000
98300  -37.551  21.218  -33.855 0.0000000000
99143  -43.551  21.881  -26.133 0.0000000000
99165  -41.924  21.342  -28.071 0.0000000000
99166  -42.404  21.786  -27.800 0.0000000000
99167  -43.123  22.039  -27.180 0.0000000000
99192  -40.886  21.181  -28.910 0.0000000000
99193  -41.373  21.561  -28.571 0.0000000000
99194  -41.932  21.920  -28.318 0.0000000000
99210  -40.541  21.383  -29.541 0.0000000000
99211  -40.956  21.722  -29.156 0.0000000000
99228  -39.585  21.455  -31.049 0.0000000000
99229  -40.000  21.253  -30.328 0.0000000000
99243  -38.874  21.158  -32.160 0.0000000000
99244  -39.323  21.441  -31.779 0.0000000000
99257  -38.681  21.587  -32.753 0.0000000000
99258  -39.131  21.526  -32.317 0.0000000000
99270  -34.175  20.818  -33.792 0.0000000000
99271  -37.906  21.664  -33.889 0.0000000000
99272  -38.279  21.444  -33.351 0.0000000000
99283  -33.344  21.557  -34.419 0.0000000000
99284  -34.590  21.403  -34.489 0.0000000000
99285  -35.875  21.436  -34.604 0.0000000000
99286  -36.783  21.491  -34.413 0.0000000000
99287  -37.366  21.470  -34.133 0.0000000000
99296  -33.918  21.740  -34.920 0.0000000000
100252  -43.582  22.935  -26.681 0.0000000000
100271  -42.743  22.636  -27.898 0.0000000000
100272  -43.178  22.902  -27.485 0.0000000000
100299  -41.796  22.425  -28.820 0.0000000000
100300  -42.272  22.494  -28.388 0.0000000000
100315  -40.791  22.087  -29.578 0.0000000000
100316  -41.270  22.352  -29.349 0.0000000000
100331  -39.924  22.026  -30.791 0.0000000000
100332  -40.503  22.375  -30.317 0.0000000000
100333  -40.915  22.459  -29.802 0.0000000000
100345  -39.682  22.428  -31.550 0.0000000000
100346  -40.056  22.509  -30.912 0.0000000000
100355  -38.951  22.534  -33.029 0.0000000000
100356  -39.319  22.065  -32.418 0.0000000000
100364  -37.917  22.637  -33.919 0.0000000000
100365  -38.466  22.174  -33.491 0.0000000000
100374  -34.965  22.123  -35.052 0.0000000000
100375  -35.542  22.097  -34.983 0.0000000000
100376  -36.500  22.441  -34.822 0.0000000000
100377  -37.357  22.161  -34.343 0.0000000000
100385  -34.372  22.270  -35.312 0.0000000000
100386  -35.323  22.765  -35.365 0.0000000000
100387  -35.920  22.648  -35.179 0.0000000000
100398  -34.782  22.880  -35.639 0.0000000000
101376  -44.148  23.477  -26.108 0.0000000000
101392  -43.892  23.853  -26.852 0.0000000000
101393  -44.311  24.073  -26.425 0.0000000000
101408  -42.994  23.254  -27.969 0.0000000000
101409  -43.393  23.674  -27.580 0.0000000000
101433  -42.192  22.945  -28.907 0.0000000000
101434  -42.597  23.322  -28.577 0.0000000000
101435  -43.047  23.742  -28.246 0.0000000000
101464  -41.840  23.278  -29.505 0.0000000000
101465  -42.287  23.386  -29.116 0.0000000000
101489  -40.713  23.565  -30.654 0.0000000000
101490  -41.145  23.017  -30.033 0.0000000000
101507  -39.786  23.605  -31.800 0.0000000000
101508  -40.195  23.144  -31.102 0.0000000000
101518  -39.075  23.007  -33.139 0.0000000000
101519  -39.342  23.121  -32.650 0.0000000000
101527  -37.955  23.126  -33.975 0.0000000000
101528  -38.520  23.334  -33.490 0.0000000000
101529  -39.209  23.777  -33.010 0.0000000000
101539  -36.702  23.086  -34.877 0.0000000000
101540  -37.461  23.371  -34.521 0.0000000000
101541  -38.102  23.962  -34.007 0.0000000000
101548  -35.598  23.183  -35.592 0.0000000000
101549  -36.285  23.364  -35.438 0.0000000000
101550  -37.038  23.931  -35.215 0.0000000000
101560  -35.222  23.383  -35.997 0.0000000000
101561  -36.099  23.722  -36.354 0.0000000000
101573  -35.698  23.686  -36.854 0.0000000000
101574  -36.177  23.898  -36.799 0.0000000000
102532  -44.232  24.383  -26.881 0.0000000000
102533  -44.536  24.769  -26.388 0.0000000000
102550  -43.912  24.522  -27.502 0.0000000000
102551  -44.401  24.825  -27.125 0.0000000000
102563  -42.908  24.011  -28.734 0.0000000000
102564  -43.321  24.476  -28.313 0.0000000000
102580  -41.952  23.964  -29.861 0.0000000000
102581  -42.442  24.082  -29.435 0.0000000000
102582  -43.040  24.536  -29.064 0.0000000000
102597  -40.818  24.175  -30.817 0.0000000000
102598  -41.437  24.225  -30.406 0.0000000000
102599  -42.031  24.341  -30.013 0.0000000000
102613  -39.887  24.197  -31.890 0.0000000000
102614  -40.350  24.361  -31.409 0.0000000000
102615  -40.868  24.529  -30.898 0.0000000000
102625  -39.541  24.273  -32.425 0.0000000000
102626  -39.925  24.498  -31.970 0.0000000000
102632  -38.586  24.475  -33.832 0.0000000000
102633  -39.060  24.400  -33.218 0.0000000000
102641  -37.461  24.544  -35.045 0.0000000000
102642  -38.063  24.548  -34.427 0.0000000000
102649  -36.449  23.987  -36.087 0.0000000000
102650  -36.859  24.485  -35.784 0.0000000000
102660  -35.994  24.910  -36.994 0.0000000000
102661  -36.361  24.469  -36.643 0.0000000000
102662  -36.743  24.881  -36.250 0.0000000000
102673  -36.099  24.018  -37.085 0.0000000000
103574  -44.898  25.740  -26.020 0.0000000000
103575  -45.361  26.230  -26.397 0.0000000000
103589  -44.335  25.138  -27.573 0.0000000000
103590  -44.868  25.494  -27.145 0.0000000000
103591  -45.398  25.906  -26.754 0.0000000000
103597  -44.017  25.298  -28.211 0.0000000000
103598  -44.544  25.600  -27.867 0.0000000000
103610  -42.918  24.894  -29.626 0.0000000000
103611  -43.389  25.380  -29.080 0.0000000000
103636  -41.602  25.063  -30.675 0.0000000000
103637  -42.267  25.129  -30.304 0.0000000000
103638  -43.062  25.601  -29.929 0.0000000000
103652  -40.432  25.413  -31.737 0.0000000000
103653  -41.076  25.225  -31.175 0.0000000000
103654  -41.726  25.598  -30.912 0.0000000000
103667  -38.710  25.806  -33.329 0.0000000000
103668  -39.181  25.367  -32.790 0.0000000000
103669  -39.919  25.169  -32.154 0.0000000000
103677  -38.469  25.493  -34.046 0.0000000000
103678  -38.854  25.125  -33.467 0.0000000000
103685  -37.287  25.438  -35.405 0.0000000000
103686  -37.881  25.484  -34.789 0.0000000000
103694  -36.872  25.364  -35.986 0.0000000000
103707  -36.189  25.376  -36.690 0.0000000000
103708  -36.560  25.204  -36.384 0.0000000000
104581  -44.895  26.248  -25.227 0.0000000000
104582  -45.418  26.683  -25.868 0.0000000000
104595  -45.338  26.036  -27.261 0.0000000000
104596  -45.571  26.705  -26.996 0.0000000000
104607  -44.486  25.805  -28.294 0.0000000000
104608  -44.978  26.366  -27.980 0.0000000000
104609  -45.559  27.231  -27.869 0.0000000000
104627  -44.143  26.253  -28.774 0.0000000000
104628  -44.626  26.996  -28.725 0.0000000000
104647  -42.741  26.300  -30.405 0.0000000000
104648  -43.456  26.543  -29.746 0.0000000000
104656  -39.868  26.569  -31.858 0.0000000000
104657  -40.572  26.332  -31.714 0.0000000000
104658  -41.452  26.344  -31.323 0.0000000000
104659  -42.172  26.250  -30.918 0.0000000000
104668  -39.505  26.285  -32.271 0.0000000000
104669  -40.064  25.969  -31.970 0.0000000000
104686  -38.044  26.243  -34.372 0.0000000000
104696  -36.769  26.093  -35.527 0.0000000000
105591  -45.903  27.414  -25.284 0.0000000000
105602  -46.014  27.766  -26.365 0.0000000000
105603  -46.374  28.414  -26.104 0.0000000000
105618  -45.698  27.814  -27.357 0.0000000000
105636  -45.288  27.471  -28.579 0.0000000000
105637  -45.599  27.941  -28.081 0.0000000000
105657  -44.281  27.286  -29.489 0.0000000000
105658  -44.772  27.593  -29.188 0.0000000000
105670  -42.824  27.461  -30.440 0.0000000000
105671  -43.656  27.522  -29.989 0.0000000000
105680  -41.906  27.359  -31.057 0.0000000000
105681  -42.437  26.846  -30.761 0.0000000000
106570  -45.915  28.437  -27.044 0.0000000000
106571  -46.251  28.844  -26.596 0.0000000000
106586  -45.730  28.789  -27.732 0.0000000000
106587  -46.021  28.943  -27.161 0.0000000000
106609  -44.928  28.067  -28.899 0.0000000000
106610  -45.358  28.466  -28.662 0.0000000000
106622  -43.988  27.988  -29.742 0.0000000000
106623  -44.706  28.452  -29.595 0.0000000000
106624  -45.241  28.996  -29.078 0.0000000000
106636  -43.726  28.437  -30.391 0.0000000000
106637  -44.292  28.926  -30.192 0.0000000000
107621  -45.876  29.499  -27.867 0.0000000000
107642  -45.592  29.569  -28.515 0.0000000000
107656  -22.041  29.740  -29.379 0.0000000000
107659  -44.497  29.486  -30.006 0.0000000000
107660  -45.016  29.605  -29.377 0.0000000000
108620  -20.022  30.376  -30.158 0.0000000000
108622  -21.789  30.108  -29.549 0.0000000000
109484  -20.670  31.304  -29.747 0.0000000000
