#!ascii label  , from subject Broad_82_YZ vox2ras=TkReg
1129
7014  -26.742  -59.055  12.306 0.0000000000
7031  -26.648  -59.067  11.821 0.0000000000
7032  -27.233  -59.667  11.511 0.0000000000
7042  -26.793  -59.184  10.798 0.0000000000
7807  -26.735  -58.581  12.311 0.0000000000
7808  -26.867  -58.613  12.856 0.0000000000
7816  -26.584  -58.529  11.793 0.0000000000
7827  -26.507  -58.494  11.172 0.0000000000
7839  -26.510  -58.494  9.938 0.0000000000
8547  -24.803  -57.365  18.108 0.0000000000
8548  -25.791  -57.275  18.168 0.0000000000
8549  -26.574  -57.082  18.150 0.0000000000
8562  -22.929  -56.954  17.008 0.0000000000
8563  -23.689  -56.962  17.217 0.0000000000
8579  -22.227  -57.036  16.613 0.0000000000
8583  -31.035  -57.052  15.309 0.0000000000
8598  -31.193  -57.209  14.639 0.0000000000
8609  -27.494  -57.743  13.668 0.0000000000
8610  -28.273  -57.146  13.575 0.0000000000
8611  -29.424  -57.145  13.558 0.0000000000
8612  -30.504  -57.444  13.715 0.0000000000
8613  -31.246  -57.349  13.754 0.0000000000
8628  -26.691  -58.168  12.304 0.0000000000
8629  -26.840  -57.910  12.755 0.0000000000
8630  -27.537  -57.376  13.038 0.0000000000
8631  -29.621  -57.012  12.936 0.0000000000
8632  -30.192  -57.262  12.938 0.0000000000
8633  -31.052  -57.444  12.856 0.0000000000
8648  -26.610  -58.015  11.839 0.0000000000
8649  -26.850  -57.459  12.073 0.0000000000
8650  -29.764  -56.990  12.471 0.0000000000
8651  -30.509  -57.146  12.070 0.0000000000
8652  -31.486  -57.204  11.969 0.0000000000
8653  -31.988  -57.117  11.581 0.0000000000
8668  -26.362  -57.721  10.803 0.0000000000
8669  -31.011  -57.154  11.408 0.0000000000
8670  -31.635  -57.099  11.217 0.0000000000
8671  -32.161  -56.942  11.164 0.0000000000
8684  -26.276  -57.299  9.624 0.0000000000
9367  -24.338  -56.997  17.298 0.0000000000
9368  -25.287  -57.047  17.330 0.0000000000
9369  -26.207  -56.880  17.447 0.0000000000
9370  -27.154  -56.539  17.705 0.0000000000
9371  -28.120  -56.384  17.860 0.0000000000
9372  -28.949  -56.169  17.838 0.0000000000
9373  -29.769  -56.116  17.540 0.0000000000
9374  -30.440  -56.287  16.897 0.0000000000
9383  -23.177  -56.774  16.201 0.0000000000
9384  -23.845  -56.844  16.451 0.0000000000
9385  -24.838  -56.811  16.478 0.0000000000
9386  -25.790  -56.607  16.525 0.0000000000
9387  -26.541  -56.406  16.934 0.0000000000
9388  -30.546  -56.091  16.059 0.0000000000
9389  -30.684  -56.627  16.264 0.0000000000
9404  -22.494  -56.818  15.787 0.0000000000
9405  -23.475  -56.682  15.577 0.0000000000
9406  -24.503  -56.490  15.451 0.0000000000
9407  -25.254  -56.484  15.955 0.0000000000
9408  -30.690  -56.202  15.628 0.0000000000
9409  -30.829  -56.603  15.558 0.0000000000
9423  -22.016  -56.423  14.682 0.0000000000
9424  -23.059  -56.508  14.771 0.0000000000
9425  -23.766  -56.489  14.959 0.0000000000
9426  -31.205  -56.780  14.767 0.0000000000
9434  -28.498  -56.872  13.073 0.0000000000
9435  -28.800  -56.881  13.272 0.0000000000
9436  -31.515  -56.896  13.851 0.0000000000
9447  -27.224  -57.265  12.488 0.0000000000
9448  -27.954  -56.883  12.677 0.0000000000
9449  -29.003  -56.675  12.734 0.0000000000
9450  -31.772  -57.065  12.728 0.0000000000
9451  -32.141  -56.845  12.081 0.0000000000
9453  -37.556  -56.490  12.188 0.0000000000
9464  -26.637  -57.332  11.466 0.0000000000
9465  -27.183  -56.823  11.807 0.0000000000
9466  -28.245  -56.523  11.826 0.0000000000
9467  -29.445  -56.617  11.702 0.0000000000
9468  -30.332  -56.818  11.268 0.0000000000
9469  -32.026  -57.076  11.994 0.0000000000
9470  -32.264  -56.841  11.576 0.0000000000
9472  -37.898  -56.370  11.485 0.0000000000
9484  -26.651  -56.801  10.706 0.0000000000
9485  -27.482  -56.316  11.001 0.0000000000
9486  -28.494  -56.128  10.956 0.0000000000
9487  -29.641  -56.218  10.534 0.0000000000
9488  -30.942  -56.770  10.674 0.0000000000
9489  -31.917  -56.748  10.626 0.0000000000
9490  -32.673  -56.470  10.827 0.0000000000
9491  -33.298  -55.949  10.453 0.0000000000
9493  -38.203  -56.360  10.415 0.0000000000
9505  -26.559  -56.408  9.774 0.0000000000
9506  -30.533  -56.203  10.025 0.0000000000
9507  -31.444  -56.350  10.017 0.0000000000
9508  -32.381  -56.303  10.036 0.0000000000
9509  -33.212  -56.064  10.055 0.0000000000
9510  -33.537  -55.751  10.098 0.0000000000
9511  -38.451  -56.218  9.399 0.0000000000
9522  -26.305  -56.293  8.757 0.0000000000
9523  -38.601  -56.461  8.478 0.0000000000
9533  -38.822  -56.645  7.354 0.0000000000
9545  -38.789  -56.859  6.268 0.0000000000
9556  -38.566  -57.077  5.496 0.0000000000
9567  -38.183  -56.942  4.864 0.0000000000
10192  -27.635  -56.100  17.418 0.0000000000
10193  -28.147  -55.791  17.377 0.0000000000
10194  -28.984  -55.548  17.283 0.0000000000
10195  -29.756  -55.540  16.954 0.0000000000
10196  -30.211  -55.644  16.500 0.0000000000
10207  -26.341  -56.181  16.380 0.0000000000
10208  -27.109  -55.751  16.685 0.0000000000
10209  -28.180  -55.205  16.765 0.0000000000
10210  -29.042  -55.048  16.633 0.0000000000
10211  -29.734  -55.150  16.332 0.0000000000
10212  -30.255  -55.407  15.993 0.0000000000
10224  -24.861  -56.047  14.845 0.0000000000
10225  -25.795  -55.836  15.508 0.0000000000
10226  -26.734  -55.116  15.777 0.0000000000
10227  -30.546  -55.777  15.445 0.0000000000
10228  -30.769  -56.250  15.397 0.0000000000
10240  -22.595  -55.802  14.039 0.0000000000
10241  -23.964  -55.988  14.281 0.0000000000
10242  -24.947  -55.516  14.514 0.0000000000
10243  -30.601  -55.677  14.580 0.0000000000
10244  -30.894  -56.277  14.996 0.0000000000
10250  -30.770  -55.657  13.530 0.0000000000
10251  -31.157  -56.328  14.120 0.0000000000
10253  -38.022  -55.276  13.075 0.0000000000
10261  -31.051  -55.493  12.463 0.0000000000
10262  -31.588  -56.336  12.795 0.0000000000
10263  -31.964  -56.714  12.299 0.0000000000
10264  -37.572  -56.327  12.713 0.0000000000
10265  -38.070  -55.682  12.368 0.0000000000
10274  -31.158  -55.201  11.731 0.0000000000
10275  -31.977  -55.589  11.607 0.0000000000
10276  -32.269  -56.398  11.734 0.0000000000
10277  -38.405  -55.490  11.196 0.0000000000
10287  -26.979  -56.148  10.268 0.0000000000
10288  -27.662  -55.836  10.296 0.0000000000
10289  -28.553  -55.724  10.218 0.0000000000
10290  -29.134  -55.710  9.999 0.0000000000
10291  -32.553  -55.342  10.961 0.0000000000
10292  -32.903  -55.694  10.847 0.0000000000
10293  -33.602  -55.507  10.256 0.0000000000
10294  -38.568  -55.434  10.507 0.0000000000
10306  -26.906  -55.550  9.505 0.0000000000
10307  -27.820  -55.349  9.752 0.0000000000
10308  -28.670  -55.307  9.690 0.0000000000
10309  -29.723  -55.575  9.596 0.0000000000
10310  -30.873  -55.864  9.466 0.0000000000
10311  -31.880  -55.965  9.395 0.0000000000
10312  -32.884  -55.840  9.416 0.0000000000
10313  -33.828  -55.405  9.525 0.0000000000
10314  -34.501  -55.016  9.016 0.0000000000
10315  -38.718  -55.404  9.851 0.0000000000
10329  -26.630  -55.411  8.520 0.0000000000
10330  -30.388  -55.320  9.091 0.0000000000
10331  -31.243  -55.388  8.942 0.0000000000
10332  -32.283  -55.421  8.858 0.0000000000
10333  -33.296  -55.331  8.777 0.0000000000
10334  -34.128  -55.078  8.747 0.0000000000
10335  -34.519  -54.858  8.749 0.0000000000
10336  -38.811  -55.401  8.840 0.0000000000
10351  -38.979  -55.406  7.665 0.0000000000
10368  -38.838  -55.789  6.525 0.0000000000
10384  -38.612  -56.107  5.465 0.0000000000
10399  -36.995  -55.837  4.379 0.0000000000
10400  -38.014  -55.967  4.591 0.0000000000
11016  -27.523  -54.866  16.080 0.0000000000
11017  -28.371  -54.630  16.145 0.0000000000
11018  -29.174  -54.626  15.946 0.0000000000
11019  -29.855  -54.894  15.726 0.0000000000
11020  -30.219  -55.257  15.603 0.0000000000
11032  -26.292  -54.863  15.147 0.0000000000
11033  -27.000  -54.397  15.331 0.0000000000
11034  -27.779  -54.244  15.610 0.0000000000
11035  -28.550  -54.076  15.548 0.0000000000
11036  -29.446  -54.151  15.092 0.0000000000
11037  -30.127  -55.075  15.122 0.0000000000
11049  -23.099  -54.824  13.758 0.0000000000
11050  -24.370  -54.818  13.880 0.0000000000
11051  -25.532  -54.718  14.425 0.0000000000
11052  -26.348  -54.256  14.683 0.0000000000
11053  -29.421  -53.783  14.081 0.0000000000
11054  -29.919  -54.862  14.099 0.0000000000
11062  -29.604  -54.148  13.240 0.0000000000
11063  -30.217  -54.970  12.969 0.0000000000
11065  -37.898  -54.693  13.490 0.0000000000
11073  -29.871  -54.307  12.404 0.0000000000
11074  -30.478  -54.894  12.086 0.0000000000
11075  -38.299  -54.617  12.758 0.0000000000
11086  -30.160  -54.305  11.792 0.0000000000
11087  -30.775  -54.594  11.336 0.0000000000
11088  -31.519  -55.068  11.243 0.0000000000
11089  -38.575  -54.562  11.822 0.0000000000
11100  -31.438  -54.633  10.836 0.0000000000
11101  -32.177  -55.016  10.826 0.0000000000
11102  -32.966  -54.970  10.585 0.0000000000
11103  -33.438  -55.185  10.381 0.0000000000
11104  -38.881  -54.485  10.591 0.0000000000
11105  -39.163  -53.774  9.907 0.0000000000
11116  -27.422  -55.094  9.338 0.0000000000
11117  -27.980  -54.849  9.291 0.0000000000
11118  -28.899  -54.845  9.157 0.0000000000
11119  -29.713  -54.950  8.982 0.0000000000
11120  -33.437  -54.800  10.271 0.0000000000
11121  -33.890  -54.848  9.917 0.0000000000
11122  -34.518  -54.713  9.301 0.0000000000
11123  -39.133  -54.460  9.359 0.0000000000
11124  -39.327  -53.592  9.279 0.0000000000
11133  -27.216  -54.779  8.736 0.0000000000
11134  -28.165  -54.405  8.635 0.0000000000
11135  -29.195  -54.338  8.491 0.0000000000
11136  -30.416  -54.643  8.604 0.0000000000
11137  -31.594  -54.721  8.508 0.0000000000
11138  -32.601  -54.777  8.403 0.0000000000
11139  -33.515  -54.552  8.186 0.0000000000
11140  -34.398  -54.645  8.421 0.0000000000
11141  -34.701  -54.511  8.770 0.0000000000
11142  -39.184  -54.569  8.343 0.0000000000
11143  -39.377  -53.886  8.660 0.0000000000
11155  -28.414  -54.019  8.045 0.0000000000
11156  -33.584  -54.106  7.654 0.0000000000
11157  -34.204  -54.234  7.811 0.0000000000
11158  -34.729  -54.210  8.187 0.0000000000
11159  -39.194  -54.283  7.494 0.0000000000
11160  -39.398  -53.946  8.050 0.0000000000
11173  -38.919  -54.691  6.625 0.0000000000
11188  -38.680  -55.118  5.839 0.0000000000
11203  -35.654  -54.720  4.400 0.0000000000
11204  -36.764  -54.814  4.299 0.0000000000
11205  -37.724  -54.993  4.546 0.0000000000
11206  -38.367  -55.088  5.092 0.0000000000
11847  -27.422  -54.014  15.159 0.0000000000
11848  -27.871  -53.758  15.096 0.0000000000
11849  -28.590  -53.538  14.927 0.0000000000
11850  -29.078  -53.423  14.552 0.0000000000
11858  -22.288  -53.710  14.371 0.0000000000
11859  -23.600  -53.655  13.736 0.0000000000
11860  -24.805  -53.865  13.754 0.0000000000
11861  -25.809  -53.587  14.036 0.0000000000
11862  -26.985  -53.623  14.598 0.0000000000
11863  -27.877  -53.213  14.518 0.0000000000
11864  -28.557  -53.075  14.315 0.0000000000
11865  -29.065  -53.046  13.966 0.0000000000
11876  -24.319  -53.121  13.617 0.0000000000
11877  -25.075  -53.103  13.621 0.0000000000
11878  -25.544  -53.056  13.717 0.0000000000
11879  -29.418  -53.204  13.352 0.0000000000
11880  -36.769  -53.205  14.256 0.0000000000
11881  -37.514  -53.554  13.760 0.0000000000
11882  -38.126  -53.888  13.159 0.0000000000
11889  -29.584  -53.469  12.542 0.0000000000
11890  -37.928  -53.178  13.039 0.0000000000
11891  -38.373  -53.535  12.418 0.0000000000
11904  -29.785  -53.766  11.910 0.0000000000
11905  -30.173  -53.795  11.352 0.0000000000
11906  -38.728  -53.484  11.464 0.0000000000
11920  -30.792  -53.864  10.604 0.0000000000
11921  -31.960  -54.337  10.417 0.0000000000
11922  -32.591  -54.633  10.460 0.0000000000
11923  -39.028  -53.171  10.502 0.0000000000
11924  -39.212  -53.149  9.756 0.0000000000
11936  -30.768  -53.253  10.114 0.0000000000
11937  -31.577  -53.545  9.927 0.0000000000
11938  -33.027  -54.160  9.907 0.0000000000
11939  -34.449  -53.949  9.327 0.0000000000
11940  -34.827  -54.255  9.008 0.0000000000
11941  -39.348  -53.027  9.237 0.0000000000
11951  -28.996  -53.837  7.854 0.0000000000
11952  -29.856  -53.868  8.026 0.0000000000
11953  -30.946  -53.947  8.108 0.0000000000
11954  -32.006  -54.197  7.980 0.0000000000
11955  -32.728  -54.348  8.005 0.0000000000
11956  -34.733  -53.446  8.931 0.0000000000
11957  -35.038  -53.620  8.436 0.0000000000
11958  -35.512  -53.072  8.021 0.0000000000
11959  -39.436  -53.227  8.714 0.0000000000
11973  -30.310  -53.604  7.303 0.0000000000
11974  -31.412  -53.614  7.362 0.0000000000
11975  -32.710  -53.819  7.471 0.0000000000
11976  -33.690  -53.735  7.185 0.0000000000
11977  -34.715  -53.676  7.390 0.0000000000
11978  -35.548  -53.070  7.456 0.0000000000
11979  -39.276  -53.461  7.624 0.0000000000
11980  -39.408  -53.464  8.215 0.0000000000
11997  -31.742  -53.537  6.470 0.0000000000
11998  -32.792  -53.556  6.376 0.0000000000
11999  -33.874  -53.411  6.320 0.0000000000
12000  -35.125  -53.209  6.296 0.0000000000
12001  -38.918  -53.628  6.785 0.0000000000
12022  -34.028  -53.673  5.369 0.0000000000
12023  -35.082  -53.207  5.176 0.0000000000
12024  -37.988  -53.533  5.244 0.0000000000
12025  -38.443  -54.017  5.613 0.0000000000
12049  -34.248  -54.099  4.728 0.0000000000
12050  -35.450  -53.674  4.540 0.0000000000
12051  -36.537  -53.895  4.460 0.0000000000
12052  -37.631  -53.943  4.719 0.0000000000
12053  -38.118  -54.476  4.926 0.0000000000
12733  -22.385  -52.698  14.955 0.0000000000
12734  -22.948  -52.698  14.233 0.0000000000
12735  -25.790  -53.027  13.780 0.0000000000
12736  -26.295  -52.963  13.896 0.0000000000
12737  -27.186  -52.820  13.970 0.0000000000
12738  -28.007  -52.676  13.933 0.0000000000
12739  -28.611  -52.685  13.812 0.0000000000
12741  -36.235  -52.762  14.282 0.0000000000
12748  -23.716  -52.547  13.745 0.0000000000
12749  -24.497  -52.437  13.583 0.0000000000
12750  -25.486  -52.487  13.524 0.0000000000
12751  -26.472  -52.219  13.462 0.0000000000
12752  -27.430  -52.180  13.380 0.0000000000
12753  -28.289  -52.254  13.361 0.0000000000
12754  -29.048  -52.435  13.358 0.0000000000
12755  -35.799  -52.175  13.792 0.0000000000
12756  -36.742  -52.414  13.416 0.0000000000
12757  -37.520  -52.818  13.207 0.0000000000
12763  -29.388  -52.615  12.679 0.0000000000
12764  -36.875  -51.965  12.725 0.0000000000
12765  -37.717  -52.353  12.422 0.0000000000
12766  -38.421  -52.889  11.951 0.0000000000
12775  -29.652  -52.827  11.595 0.0000000000
12776  -30.134  -53.330  10.995 0.0000000000
12777  -37.989  -51.878  11.733 0.0000000000
12778  -38.527  -52.342  11.338 0.0000000000
12789  -29.690  -52.229  10.967 0.0000000000
12790  -30.117  -52.777  10.503 0.0000000000
12791  -38.921  -52.271  10.229 0.0000000000
12792  -39.084  -52.786  10.013 0.0000000000
12806  -30.801  -52.640  9.614 0.0000000000
12807  -32.145  -52.787  9.068 0.0000000000
12808  -33.715  -53.220  9.146 0.0000000000
12809  -34.484  -53.358  9.073 0.0000000000
12810  -39.051  -52.103  9.677 0.0000000000
12811  -39.193  -52.564  9.566 0.0000000000
12823  -32.265  -52.248  8.417 0.0000000000
12824  -33.123  -52.396  8.364 0.0000000000
12825  -34.499  -52.871  8.582 0.0000000000
12826  -35.245  -52.827  8.108 0.0000000000
12827  -35.556  -52.753  7.764 0.0000000000
12828  -39.351  -52.609  8.838 0.0000000000
12838  -33.900  -52.168  7.882 0.0000000000
12839  -34.753  -52.294  7.822 0.0000000000
12840  -35.353  -52.359  7.641 0.0000000000
12841  -35.664  -52.357  7.324 0.0000000000
12842  -39.035  -52.700  7.279 0.0000000000
12843  -39.395  -52.800  8.071 0.0000000000
12854  -36.017  -52.420  6.690 0.0000000000
12855  -36.704  -52.252  6.214 0.0000000000
12856  -37.423  -52.346  6.045 0.0000000000
12857  -38.311  -52.756  6.281 0.0000000000
12870  -35.993  -52.828  5.790 0.0000000000
12871  -36.700  -52.698  5.471 0.0000000000
12872  -37.520  -53.072  5.290 0.0000000000
12873  -38.110  -53.303  5.573 0.0000000000
12888  -35.907  -52.866  4.979 0.0000000000
12889  -36.554  -53.189  4.825 0.0000000000
12890  -37.092  -53.451  4.740 0.0000000000
13620  -22.886  -51.661  16.397 0.0000000000
13621  -23.425  -51.113  16.520 0.0000000000
13622  -36.314  -51.808  16.054 0.0000000000
13623  -36.869  -51.490  16.271 0.0000000000
13628  -22.642  -51.980  15.434 0.0000000000
13629  -23.177  -51.260  15.568 0.0000000000
13630  -35.621  -51.921  15.118 0.0000000000
13631  -36.134  -51.411  15.270 0.0000000000
13632  -36.521  -51.397  15.747 0.0000000000
13639  -22.771  -52.195  14.707 0.0000000000
13640  -23.450  -51.574  14.397 0.0000000000
13641  -24.092  -51.001  14.083 0.0000000000
13642  -35.664  -51.524  14.153 0.0000000000
13643  -35.829  -51.427  14.716 0.0000000000
13650  -23.972  -51.958  13.711 0.0000000000
13651  -24.563  -51.479  13.676 0.0000000000
13652  -25.687  -51.470  13.225 0.0000000000
13653  -26.746  -51.347  12.791 0.0000000000
13654  -27.854  -51.667  12.792 0.0000000000
13655  -28.685  -51.892  12.818 0.0000000000
13656  -29.126  -52.152  12.807 0.0000000000
13657  -35.685  -51.415  13.186 0.0000000000
13658  -36.042  -51.879  13.262 0.0000000000
13663  -26.975  -50.731  12.338 0.0000000000
13664  -27.541  -51.003  12.296 0.0000000000
13665  -28.380  -51.225  12.155 0.0000000000
13666  -29.206  -51.821  12.218 0.0000000000
13667  -35.636  -51.210  12.619 0.0000000000
13668  -36.198  -51.574  12.701 0.0000000000
13669  -36.895  -51.666  12.289 0.0000000000
13676  -28.940  -51.126  11.679 0.0000000000
13677  -29.406  -51.579  11.260 0.0000000000
13678  -35.717  -51.097  12.157 0.0000000000
13679  -36.390  -51.201  11.873 0.0000000000
13680  -37.376  -51.442  11.626 0.0000000000
13681  -38.083  -51.601  11.321 0.0000000000
13686  -29.705  -51.762  10.494 0.0000000000
13687  -30.056  -52.060  9.906 0.0000000000
13688  -37.793  -51.200  11.012 0.0000000000
13689  -38.386  -51.471  10.624 0.0000000000
13699  -29.791  -51.344  9.857 0.0000000000
13700  -30.336  -51.603  9.274 0.0000000000
13701  -31.094  -52.055  8.981 0.0000000000
13702  -38.822  -51.574  9.729 0.0000000000
13703  -39.181  -52.024  9.152 0.0000000000
13720  -30.777  -51.433  8.697 0.0000000000
13721  -31.543  -51.742  8.325 0.0000000000
13722  -32.323  -51.900  8.009 0.0000000000
13723  -38.936  -51.392  8.751 0.0000000000
13724  -39.247  -52.044  8.310 0.0000000000
13742  -31.927  -51.462  7.686 0.0000000000
13743  -32.844  -51.517  7.321 0.0000000000
13744  -34.131  -51.661  7.266 0.0000000000
13745  -35.031  -51.787  7.311 0.0000000000
13746  -35.461  -52.008  7.300 0.0000000000
13747  -37.850  -51.063  6.912 0.0000000000
13748  -38.662  -51.522  7.499 0.0000000000
13749  -39.173  -52.229  7.739 0.0000000000
13758  -32.812  -50.777  6.611 0.0000000000
13759  -33.573  -50.998  6.607 0.0000000000
13760  -34.586  -51.117  6.674 0.0000000000
13761  -35.583  -51.488  6.826 0.0000000000
13762  -36.478  -51.408  6.559 0.0000000000
13763  -37.266  -51.533  6.499 0.0000000000
13764  -37.967  -51.788  6.552 0.0000000000
14614  -37.808  -50.681  17.104 0.0000000000
14615  -38.161  -50.752  18.097 0.0000000000
14620  -24.036  -50.593  16.774 0.0000000000
14621  -24.588  -50.077  16.696 0.0000000000
14622  -37.409  -50.850  16.377 0.0000000000
14627  -23.696  -50.667  15.734 0.0000000000
14628  -24.259  -50.109  15.884 0.0000000000
14629  -36.375  -50.973  14.947 0.0000000000
14630  -36.815  -50.882  15.436 0.0000000000
14636  -23.566  -50.929  15.051 0.0000000000
14637  -24.230  -50.404  14.657 0.0000000000
14638  -24.853  -49.867  14.262 0.0000000000
14639  -35.693  -50.963  13.868 0.0000000000
14640  -36.046  -50.911  14.391 0.0000000000
14641  -36.544  -50.674  14.745 0.0000000000
14648  -24.475  -50.763  13.936 0.0000000000
14649  -25.214  -50.292  13.499 0.0000000000
14650  -25.910  -50.871  12.888 0.0000000000
14651  -35.600  -50.924  13.374 0.0000000000
14652  -35.880  -50.603  13.522 0.0000000000
14657  -25.809  -49.607  12.884 0.0000000000
14658  -26.332  -50.257  12.514 0.0000000000
14659  -27.370  -50.251  11.885 0.0000000000
14660  -27.923  -50.723  11.902 0.0000000000
14661  -35.617  -50.594  12.516 0.0000000000
14662  -35.705  -50.494  13.037 0.0000000000
14668  -27.760  -49.888  11.446 0.0000000000
14669  -28.391  -50.366  11.316 0.0000000000
14670  -29.049  -50.890  11.208 0.0000000000
14671  -35.816  -50.487  11.409 0.0000000000
14672  -36.799  -50.813  11.175 0.0000000000
14673  -37.401  -50.997  11.053 0.0000000000
14678  -28.751  -50.026  10.637 0.0000000000
14679  -29.297  -50.621  10.447 0.0000000000
14680  -35.777  -50.096  10.687 0.0000000000
14681  -36.389  -50.300  10.617 0.0000000000
14682  -37.678  -50.560  10.365 0.0000000000
14683  -38.453  -51.037  10.103 0.0000000000
14689  -29.814  -50.634  9.233 0.0000000000
14690  -30.342  -50.974  8.784 0.0000000000
14691  -38.125  -50.313  9.295 0.0000000000
14692  -38.522  -50.854  9.472 0.0000000000
14703  -30.161  -50.465  8.544 0.0000000000
14704  -30.692  -50.782  8.151 0.0000000000
14705  -31.361  -51.081  7.739 0.0000000000
14706  -37.989  -50.047  8.658 0.0000000000
14707  -38.511  -50.674  8.427 0.0000000000
14727  -31.048  -50.470  7.400 0.0000000000
14728  -31.749  -50.880  7.193 0.0000000000
14729  -32.265  -50.761  6.781 0.0000000000
14730  -38.004  -50.329  7.674 0.0000000000
14731  -38.493  -50.793  7.813 0.0000000000
14750  -31.345  -50.377  6.984 0.0000000000
14751  -31.705  -50.293  6.640 0.0000000000
14752  -32.356  -50.198  6.295 0.0000000000
14753  -33.096  -50.342  6.159 0.0000000000
14754  -33.997  -50.316  5.974 0.0000000000
14755  -35.031  -50.381  6.351 0.0000000000
14756  -36.002  -50.455  6.554 0.0000000000
14757  -37.063  -50.359  6.727 0.0000000000
14770  -32.680  -49.878  5.944 0.0000000000
14771  -33.220  -49.767  5.781 0.0000000000
14772  -33.771  -49.554  5.739 0.0000000000
15526  -37.832  -49.391  20.746 0.0000000000
15545  -38.000  -49.174  20.111 0.0000000000
15546  -38.248  -49.751  19.883 0.0000000000
15565  -38.339  -49.844  18.843 0.0000000000
15569  -25.287  -49.746  16.999 0.0000000000
15570  -26.266  -49.455  17.160 0.0000000000
15571  -27.244  -49.252  17.342 0.0000000000
15577  -37.986  -49.849  17.269 0.0000000000
15578  -38.226  -49.662  18.036 0.0000000000
15586  -24.937  -49.644  16.102 0.0000000000
15587  -25.793  -49.258  16.298 0.0000000000
15588  -26.858  -48.866  16.494 0.0000000000
15589  -27.728  -48.798  16.894 0.0000000000
15590  -37.746  -50.118  16.533 0.0000000000
15599  -24.660  -49.762  15.333 0.0000000000
15600  -25.359  -49.264  15.319 0.0000000000
15601  -26.263  -48.808  15.631 0.0000000000
15602  -37.519  -50.079  15.679 0.0000000000
15613  -24.842  -49.671  14.756 0.0000000000
15614  -25.398  -49.283  14.272 0.0000000000
15615  -36.505  -50.518  14.382 0.0000000000
15616  -37.034  -50.128  14.586 0.0000000000
15626  -25.769  -49.203  13.409 0.0000000000
15627  -26.110  -48.848  12.972 0.0000000000
15628  -36.417  -50.336  13.840 0.0000000000
15629  -36.877  -49.714  13.609 0.0000000000
15638  -25.944  -49.189  12.905 0.0000000000
15639  -26.326  -49.185  12.472 0.0000000000
15640  -26.834  -49.609  12.054 0.0000000000
15641  -35.634  -50.064  12.372 0.0000000000
15642  -36.071  -49.873  12.762 0.0000000000
15643  -36.840  -49.442  13.013 0.0000000000
15651  -26.819  -49.040  11.947 0.0000000000
15652  -27.373  -49.298  11.504 0.0000000000
15653  -27.937  -49.597  11.138 0.0000000000
15654  -35.654  -49.755  11.801 0.0000000000
15655  -35.969  -49.435  12.034 0.0000000000
15660  -27.773  -49.049  10.883 0.0000000000
15661  -28.388  -49.371  10.572 0.0000000000
15662  -28.911  -49.755  10.207 0.0000000000
15663  -35.531  -49.602  10.702 0.0000000000
15664  -36.038  -49.732  10.163 0.0000000000
15665  -36.826  -49.870  10.061 0.0000000000
15671  -28.820  -49.156  9.928 0.0000000000
15672  -29.278  -49.604  9.451 0.0000000000
15673  -35.553  -49.097  9.410 0.0000000000
15674  -36.594  -49.434  9.370 0.0000000000
15675  -37.484  -49.855  9.417 0.0000000000
15680  -29.846  -49.742  8.402 0.0000000000
15681  -30.246  -50.193  8.188 0.0000000000
15682  -35.668  -48.834  8.634 0.0000000000
15683  -36.332  -49.042  8.395 0.0000000000
15684  -37.357  -49.528  8.515 0.0000000000
15693  -30.021  -49.482  7.946 0.0000000000
15694  -30.359  -49.800  7.671 0.0000000000
15695  -35.826  -49.094  7.018 0.0000000000
15696  -36.318  -49.148  7.448 0.0000000000
15697  -37.093  -49.508  7.549 0.0000000000
15715  -31.017  -49.815  6.783 0.0000000000
15716  -31.774  -49.515  6.126 0.0000000000
15717  -32.311  -49.721  6.000 0.0000000000
15718  -34.462  -49.435  5.943 0.0000000000
15719  -35.396  -49.448  6.504 0.0000000000
15720  -36.264  -49.649  6.795 0.0000000000
15721  -36.728  -49.617  7.068 0.0000000000
15739  -31.953  -49.022  5.747 0.0000000000
15740  -32.503  -49.279  5.722 0.0000000000
15741  -33.290  -49.119  5.589 0.0000000000
15742  -33.868  -49.062  5.661 0.0000000000
16444  -37.024  -48.502  21.303 0.0000000000
16459  -37.768  -48.524  19.932 0.0000000000
16460  -38.089  -49.105  19.817 0.0000000000
16475  -38.068  -48.363  18.685 0.0000000000
16476  -38.241  -49.075  19.285 0.0000000000
16488  -28.426  -48.651  16.796 0.0000000000
16489  -29.218  -48.757  16.987 0.0000000000
16493  -38.107  -48.788  17.590 0.0000000000
16494  -38.285  -49.120  18.473 0.0000000000
16502  -27.063  -48.456  15.741 0.0000000000
16503  -27.912  -48.412  16.185 0.0000000000
16504  -29.000  -48.411  16.306 0.0000000000
16505  -29.940  -48.392  16.502 0.0000000000
16506  -30.896  -48.244  16.635 0.0000000000
16507  -31.373  -48.115  17.140 0.0000000000
16508  -37.816  -49.140  16.337 0.0000000000
16517  -25.968  -48.807  14.814 0.0000000000
16518  -26.765  -48.457  15.021 0.0000000000
16519  -27.709  -48.029  15.238 0.0000000000
16520  -28.745  -47.986  15.620 0.0000000000
16521  -29.732  -47.999  15.848 0.0000000000
16522  -30.495  -48.031  16.054 0.0000000000
16523  -37.508  -49.149  15.116 0.0000000000
16534  -25.886  -48.825  14.326 0.0000000000
16535  -26.372  -48.443  14.265 0.0000000000
16536  -27.174  -47.985  14.476 0.0000000000
16537  -37.372  -49.278  14.189 0.0000000000
16547  -25.895  -48.812  13.940 0.0000000000
16548  -26.302  -48.497  13.464 0.0000000000
16549  -37.340  -49.031  13.421 0.0000000000
16558  -26.579  -48.392  12.764 0.0000000000
16559  -26.954  -48.233  12.334 0.0000000000
16560  -36.215  -49.261  12.172 0.0000000000
16561  -36.852  -48.890  12.499 0.0000000000
16572  -26.745  -48.654  12.249 0.0000000000
16573  -27.153  -48.462  11.810 0.0000000000
16574  -35.514  -49.181  11.111 0.0000000000
16575  -36.108  -48.723  11.516 0.0000000000
16576  -36.803  -48.259  12.007 0.0000000000
16587  -27.577  -48.417  11.148 0.0000000000
16588  -28.093  -48.434  10.610 0.0000000000
16589  -35.474  -48.615  10.351 0.0000000000
16590  -35.953  -48.263  10.714 0.0000000000
16601  -28.594  -48.477  10.083 0.0000000000
16602  -29.019  -48.532  9.419 0.0000000000
16603  -34.935  -47.804  9.018 0.0000000000
16604  -35.144  -48.235  9.269 0.0000000000
16609  -29.424  -48.735  8.615 0.0000000000
16610  -34.821  -47.867  8.518 0.0000000000
16611  -35.287  -48.537  8.473 0.0000000000
16612  -35.781  -48.741  8.221 0.0000000000
16618  -29.889  -48.933  7.770 0.0000000000
16619  -30.393  -48.946  6.859 0.0000000000
16620  -34.856  -48.258  7.574 0.0000000000
16621  -35.640  -48.719  7.647 0.0000000000
16622  -36.082  -48.781  7.913 0.0000000000
16631  -31.063  -49.005  6.298 0.0000000000
16632  -31.565  -48.662  5.903 0.0000000000
16633  -33.966  -48.204  6.123 0.0000000000
16634  -34.619  -48.480  6.511 0.0000000000
16635  -35.324  -48.724  6.978 0.0000000000
16653  -32.147  -48.544  5.650 0.0000000000
16654  -32.814  -48.525  5.623 0.0000000000
16655  -33.538  -48.466  5.742 0.0000000000
16656  -34.137  -48.710  5.894 0.0000000000
17381  -28.450  -47.985  20.731 0.0000000000
17382  -29.340  -48.181  20.311 0.0000000000
17383  -29.988  -48.275  20.054 0.0000000000
17385  -36.704  -47.756  21.168 0.0000000000
17394  -28.991  -47.743  20.029 0.0000000000
17395  -29.684  -47.754  19.742 0.0000000000
17396  -30.597  -47.938  19.537 0.0000000000
17397  -31.207  -48.112  19.161 0.0000000000
17398  -36.654  -47.253  20.967 0.0000000000
17399  -37.105  -47.506  20.330 0.0000000000
17414  -31.057  -47.555  18.912 0.0000000000
17415  -31.442  -47.867  18.430 0.0000000000
17416  -37.575  -47.378  19.012 0.0000000000
17431  -31.556  -47.591  17.364 0.0000000000
17432  -37.812  -47.649  17.814 0.0000000000
17441  -31.145  -47.811  15.912 0.0000000000
17442  -31.788  -47.482  16.295 0.0000000000
17443  -32.218  -47.082  15.856 0.0000000000
17444  -37.813  -47.951  16.711 0.0000000000
17454  -27.888  -47.658  14.553 0.0000000000
17455  -28.602  -47.593  14.882 0.0000000000
17456  -29.553  -47.633  15.128 0.0000000000
17457  -30.589  -47.693  15.330 0.0000000000
17458  -31.634  -47.344  15.323 0.0000000000
17459  -32.053  -47.228  15.707 0.0000000000
17460  -37.724  -48.120  15.584 0.0000000000
17470  -26.846  -47.923  13.774 0.0000000000
17471  -27.614  -47.546  13.932 0.0000000000
17472  -28.457  -47.356  14.131 0.0000000000
17473  -29.354  -47.370  14.375 0.0000000000
17474  -30.250  -47.437  14.550 0.0000000000
17475  -31.080  -47.365  14.530 0.0000000000
17476  -37.610  -48.267  14.306 0.0000000000
17487  -26.758  -48.014  13.142 0.0000000000
17488  -27.310  -47.589  13.256 0.0000000000
17489  -28.212  -47.141  13.289 0.0000000000
17490  -29.136  -47.061  13.661 0.0000000000
17491  -30.097  -47.155  13.879 0.0000000000
17492  -30.690  -47.233  14.106 0.0000000000
17493  -37.526  -48.232  13.222 0.0000000000
17502  -26.771  -48.082  12.880 0.0000000000
17503  -27.015  -47.890  12.728 0.0000000000
17504  -27.656  -47.401  12.645 0.0000000000
17505  -37.359  -47.809  12.486 0.0000000000
17517  -27.326  -47.824  12.147 0.0000000000
17518  -27.893  -47.348  11.920 0.0000000000
17519  -36.380  -47.919  10.897 0.0000000000
17520  -36.977  -47.598  11.558 0.0000000000
17530  -27.536  -47.860  11.563 0.0000000000
17531  -28.094  -47.506  11.010 0.0000000000
17532  -28.746  -47.233  10.485 0.0000000000
17533  -35.372  -47.988  9.787 0.0000000000
17534  -35.955  -47.623  10.167 0.0000000000
17550  -28.470  -47.822  10.367 0.0000000000
17551  -28.950  -47.548  9.794 0.0000000000
17552  -34.937  -47.581  8.870 0.0000000000
17553  -35.314  -47.444  9.267 0.0000000000
17554  -35.974  -46.923  9.592 0.0000000000
17567  -29.368  -47.673  8.847 0.0000000000
17568  -34.953  -47.119  8.584 0.0000000000
17569  -35.305  -46.847  8.907 0.0000000000
17574  -29.634  -47.885  8.039 0.0000000000
17575  -30.053  -47.884  7.121 0.0000000000
17576  -33.956  -46.699  7.160 0.0000000000
17577  -34.431  -47.282  7.703 0.0000000000
17581  -30.918  -47.991  6.240 0.0000000000
17582  -31.761  -47.886  5.735 0.0000000000
17583  -33.258  -47.237  6.058 0.0000000000
17584  -33.921  -47.548  6.664 0.0000000000
17585  -34.430  -47.900  7.107 0.0000000000
17599  -32.395  -47.912  5.641 0.0000000000
17600  -33.038  -47.853  5.715 0.0000000000
17601  -33.568  -47.843  6.005 0.0000000000
18229  -36.580  -46.061  21.813 0.0000000000
18242  -27.635  -47.098  20.308 0.0000000000
18243  -28.516  -47.517  20.105 0.0000000000
18244  -36.602  -46.574  21.026 0.0000000000
18255  -27.877  -46.472  19.225 0.0000000000
18256  -28.877  -47.207  19.377 0.0000000000
18257  -30.095  -47.277  19.145 0.0000000000
18258  -30.669  -47.412  19.064 0.0000000000
18259  -36.871  -46.635  20.298 0.0000000000
18260  -37.233  -46.639  19.527 0.0000000000
18270  -27.921  -46.164  18.640 0.0000000000
18271  -28.576  -46.447  18.619 0.0000000000
18272  -29.703  -46.597  18.370 0.0000000000
18273  -30.723  -47.013  18.545 0.0000000000
18274  -31.179  -47.302  18.421 0.0000000000
18275  -37.417  -46.493  18.772 0.0000000000
18289  -30.056  -46.317  17.756 0.0000000000
18290  -30.567  -46.460  17.871 0.0000000000
18291  -31.322  -46.847  17.694 0.0000000000
18292  -37.518  -46.687  18.003 0.0000000000
18305  -31.900  -46.770  16.712 0.0000000000
18306  -32.298  -46.707  15.971 0.0000000000
18307  -37.645  -46.906  16.958 0.0000000000
18316  -31.971  -46.926  14.946 0.0000000000
18317  -32.187  -46.821  15.370 0.0000000000
18318  -37.675  -47.223  16.046 0.0000000000
18336  -31.666  -46.990  14.576 0.0000000000
18337  -32.198  -46.516  14.482 0.0000000000
18338  -37.705  -47.089  15.020 0.0000000000
18356  -28.490  -46.963  12.962 0.0000000000
18357  -28.874  -46.853  13.022 0.0000000000
18358  -29.827  -46.771  13.157 0.0000000000
18359  -31.199  -46.696  13.610 0.0000000000
18360  -32.185  -46.097  13.712 0.0000000000
18361  -37.647  -47.043  13.604 0.0000000000
18375  -28.407  -46.987  12.562 0.0000000000
18376  -29.245  -46.664  12.386 0.0000000000
18377  -30.354  -46.321  12.330 0.0000000000
18378  -31.299  -45.968  12.643 0.0000000000
18379  -37.547  -46.645  12.343 0.0000000000
18394  -28.607  -46.893  11.711 0.0000000000
18395  -29.451  -46.513  11.493 0.0000000000
18396  -30.280  -46.018  11.194 0.0000000000
18397  -36.803  -47.134  10.710 0.0000000000
18398  -37.310  -46.385  11.268 0.0000000000
18414  -28.821  -46.861  10.986 0.0000000000
18415  -29.457  -46.543  10.360 0.0000000000
18416  -30.377  -45.804  10.269 0.0000000000
18417  -36.665  -46.506  10.065 0.0000000000
18418  -37.056  -46.469  10.620 0.0000000000
18433  -29.450  -46.799  9.264 0.0000000000
18434  -29.987  -46.077  9.495 0.0000000000
18435  -35.661  -46.632  9.155 0.0000000000
18436  -36.215  -46.265  9.422 0.0000000000
18453  -29.591  -46.963  8.556 0.0000000000
18454  -29.887  -46.329  8.677 0.0000000000
18455  -34.811  -46.548  8.117 0.0000000000
18456  -35.428  -46.169  8.567 0.0000000000
18457  -35.879  -46.152  9.060 0.0000000000
18461  -29.606  -47.324  8.298 0.0000000000
18462  -29.909  -46.827  7.797 0.0000000000
18463  -33.912  -45.893  6.969 0.0000000000
18464  -34.519  -46.145  7.581 0.0000000000
18465  -34.969  -46.048  8.031 0.0000000000
18469  -30.561  -46.801  6.685 0.0000000000
18470  -31.702  -46.839  5.944 0.0000000000
18471  -32.758  -46.516  6.113 0.0000000000
18472  -33.476  -46.590  6.588 0.0000000000
18477  -32.086  -47.446  5.654 0.0000000000
18478  -32.548  -47.267  5.762 0.0000000000
19110  -36.266  -45.342  22.333 0.0000000000
19111  -36.478  -45.175  21.779 0.0000000000
19121  -36.680  -45.227  21.316 0.0000000000
19134  -36.757  -45.685  20.887 0.0000000000
19151  -36.851  -45.913  20.351 0.0000000000
19152  -37.119  -45.911  19.691 0.0000000000
19167  -28.106  -45.930  18.134 0.0000000000
19168  -28.882  -46.170  17.971 0.0000000000
19169  -37.352  -45.992  19.053 0.0000000000
19183  -27.678  -45.301  17.707 0.0000000000
19184  -28.522  -45.535  17.426 0.0000000000
19185  -29.518  -45.969  17.515 0.0000000000
19186  -30.302  -46.059  17.331 0.0000000000
19187  -30.922  -46.181  17.271 0.0000000000
19188  -37.437  -45.849  18.292 0.0000000000
19201  -29.139  -45.384  16.955 0.0000000000
19202  -29.863  -45.583  16.837 0.0000000000
19203  -30.646  -45.701  16.760 0.0000000000
19204  -31.492  -45.914  16.570 0.0000000000
19205  -32.195  -46.126  16.140 0.0000000000
19206  -37.454  -45.912  17.249 0.0000000000
19218  -32.048  -45.566  15.831 0.0000000000
19219  -32.447  -45.888  15.238 0.0000000000
19220  -37.550  -46.127  15.980 0.0000000000
19238  -32.412  -45.601  14.145 0.0000000000
19239  -37.593  -45.874  14.605 0.0000000000
19256  -31.936  -45.825  13.082 0.0000000000
19257  -32.318  -45.498  13.451 0.0000000000
19258  -37.630  -45.499  13.254 0.0000000000
19271  -31.120  -45.694  11.793 0.0000000000
19272  -31.842  -45.410  12.306 0.0000000000
19273  -32.365  -45.156  12.804 0.0000000000
19274  -37.534  -45.522  12.021 0.0000000000
19289  -31.048  -45.507  10.864 0.0000000000
19290  -31.862  -45.048  11.352 0.0000000000
19291  -32.259  -44.812  12.089 0.0000000000
19292  -37.433  -45.459  11.240 0.0000000000
19311  -30.964  -45.352  10.153 0.0000000000
19312  -31.504  -44.959  10.441 0.0000000000
19313  -37.021  -45.902  10.033 0.0000000000
19314  -37.221  -45.783  10.530 0.0000000000
19329  -30.638  -45.494  9.528 0.0000000000
19330  -31.216  -44.957  9.665 0.0000000000
19331  -36.750  -45.751  9.684 0.0000000000
19332  -37.121  -45.460  10.011 0.0000000000
19356  -30.328  -45.719  8.904 0.0000000000
19357  -30.968  -45.061  8.707 0.0000000000
19358  -35.832  -45.209  8.419 0.0000000000
19359  -36.244  -45.556  9.058 0.0000000000
19374  -30.372  -45.827  8.152 0.0000000000
19375  -30.957  -45.290  7.637 0.0000000000
19376  -33.724  -45.133  7.009 0.0000000000
19377  -34.408  -45.192  7.331 0.0000000000
19378  -35.185  -45.366  7.843 0.0000000000
19386  -30.547  -46.035  7.345 0.0000000000
19387  -31.299  -45.719  6.731 0.0000000000
19388  -32.266  -45.796  6.401 0.0000000000
19389  -33.141  -45.652  6.602 0.0000000000
20161  -36.321  -44.827  21.974 0.0000000000
20174  -36.096  -43.944  21.838 0.0000000000
20175  -36.430  -44.399  21.519 0.0000000000
20189  -36.958  -44.727  20.666 0.0000000000
20190  -37.188  -44.547  20.074 0.0000000000
20209  -36.955  -45.410  20.445 0.0000000000
20210  -37.123  -45.158  19.950 0.0000000000
20228  -37.315  -45.130  18.944 0.0000000000
20242  -27.415  -44.576  17.232 0.0000000000
20243  -27.937  -44.998  17.139 0.0000000000
20244  -37.482  -44.939  17.759 0.0000000000
20258  -27.797  -44.577  16.833 0.0000000000
20259  -28.419  -44.812  16.710 0.0000000000
20260  -29.356  -44.917  16.394 0.0000000000
20261  -30.162  -45.194  16.274 0.0000000000
20262  -30.864  -45.325  16.193 0.0000000000
20263  -37.473  -45.002  16.580 0.0000000000
20278  -29.759  -44.693  15.958 0.0000000000
20279  -30.423  -44.735  15.680 0.0000000000
20280  -31.387  -45.095  15.655 0.0000000000
20281  -32.049  -45.137  15.245 0.0000000000
20282  -37.462  -44.973  15.438 0.0000000000
20304  -30.890  -44.498  15.122 0.0000000000
20305  -31.537  -44.573  14.833 0.0000000000
20306  -32.253  -44.826  14.437 0.0000000000
20307  -37.462  -44.619  14.332 0.0000000000
20322  -32.421  -44.789  13.450 0.0000000000
20323  -37.571  -44.389  13.377 0.0000000000
20335  -32.416  -44.355  12.517 0.0000000000
20336  -37.559  -44.537  12.472 0.0000000000
20352  -32.074  -44.495  10.662 0.0000000000
20353  -32.525  -44.060  11.398 0.0000000000
20354  -37.466  -44.694  11.548 0.0000000000
20377  -31.816  -44.458  9.905 0.0000000000
20378  -32.413  -43.879  10.212 0.0000000000
20379  -37.305  -44.485  10.442 0.0000000000
20380  -37.427  -44.946  10.830 0.0000000000
20397  -31.552  -44.576  9.224 0.0000000000
20398  -32.182  -44.022  9.180 0.0000000000
20399  -36.969  -44.748  9.693 0.0000000000
20400  -37.288  -45.082  10.277 0.0000000000
20424  -31.669  -44.496  8.663 0.0000000000
20425  -32.203  -44.256  8.274 0.0000000000
20426  -35.737  -44.396  8.070 0.0000000000
20427  -36.371  -44.525  8.769 0.0000000000
20451  -31.545  -44.706  7.977 0.0000000000
20452  -32.188  -44.585  7.519 0.0000000000
20453  -33.028  -44.683  7.167 0.0000000000
20454  -34.040  -44.387  7.352 0.0000000000
20455  -34.939  -44.286  7.547 0.0000000000
20468  -31.587  -45.012  7.290 0.0000000000
20469  -32.117  -45.044  6.824 0.0000000000
20470  -32.640  -45.277  6.712 0.0000000000
21360  -36.389  -43.385  20.724 0.0000000000
21361  -37.118  -43.956  20.151 0.0000000000
21379  -36.840  -43.146  19.461 0.0000000000
21380  -37.308  -44.273  19.514 0.0000000000
21403  -37.111  -42.946  18.719 0.0000000000
21404  -37.353  -43.769  18.410 0.0000000000
21427  -27.032  -44.090  17.128 0.0000000000
21428  -37.471  -43.991  17.096 0.0000000000
21445  -27.505  -43.841  16.375 0.0000000000
21446  -28.750  -44.280  16.070 0.0000000000
21447  -29.346  -44.488  15.983 0.0000000000
21448  -37.499  -44.105  15.995 0.0000000000
21463  -27.780  -43.304  15.638 0.0000000000
21464  -28.383  -43.531  15.491 0.0000000000
21465  -29.478  -44.125  15.488 0.0000000000
21466  -30.256  -44.219  15.049 0.0000000000
21467  -37.484  -44.162  15.150 0.0000000000
21485  -29.034  -43.444  14.910 0.0000000000
21486  -29.801  -43.702  14.704 0.0000000000
21487  -30.705  -43.823  14.409 0.0000000000
21488  -31.629  -44.038  14.084 0.0000000000
21489  -32.142  -44.186  13.685 0.0000000000
21490  -37.461  -43.774  14.640 0.0000000000
21502  -31.105  -43.426  13.723 0.0000000000
21503  -31.702  -43.485  13.296 0.0000000000
21504  -32.282  -43.892  13.030 0.0000000000
21505  -37.446  -43.728  13.884 0.0000000000
21515  -31.999  -43.288  12.796 0.0000000000
21516  -32.299  -43.388  12.255 0.0000000000
21517  -37.481  -43.663  12.924 0.0000000000
21529  -32.395  -43.063  11.474 0.0000000000
21530  -37.184  -43.238  11.162 0.0000000000
21531  -37.363  -43.568  11.708 0.0000000000
21552  -32.558  -43.052  10.642 0.0000000000
21553  -37.115  -43.506  10.500 0.0000000000
21554  -37.432  -44.215  10.994 0.0000000000
21572  -32.881  -43.056  9.488 0.0000000000
21573  -33.232  -42.546  9.077 0.0000000000
21574  -36.685  -43.644  9.306 0.0000000000
21594  -32.812  -43.597  8.518 0.0000000000
21595  -33.354  -42.878  8.669 0.0000000000
21596  -34.817  -43.275  7.763 0.0000000000
21597  -35.402  -43.433  7.945 0.0000000000
21598  -36.203  -43.566  8.516 0.0000000000
21623  -32.783  -44.136  7.856 0.0000000000
21624  -33.639  -43.486  7.833 0.0000000000
21625  -34.463  -43.682  7.590 0.0000000000
21626  -34.930  -43.646  7.634 0.0000000000
22599  -36.172  -42.375  19.345 0.0000000000
22609  -35.850  -41.919  18.967 0.0000000000
22610  -36.536  -42.347  18.585 0.0000000000
22611  -37.126  -42.827  18.216 0.0000000000
22627  -36.883  -42.300  17.766 0.0000000000
22628  -37.321  -43.007  17.463 0.0000000000
22647  -26.962  -42.981  16.195 0.0000000000
22648  -37.137  -42.188  16.838 0.0000000000
22649  -37.355  -43.143  16.366 0.0000000000
22663  -27.382  -42.717  15.469 0.0000000000
22664  -27.927  -43.067  15.301 0.0000000000
22665  -37.139  -42.217  15.436 0.0000000000
22666  -37.421  -43.395  15.347 0.0000000000
22682  -27.604  -42.275  14.905 0.0000000000
22683  -28.238  -42.660  14.682 0.0000000000
22684  -29.342  -43.106  14.270 0.0000000000
22685  -30.012  -43.383  14.192 0.0000000000
22686  -37.092  -42.276  14.116 0.0000000000
22687  -37.358  -43.041  14.491 0.0000000000
22701  -28.372  -42.185  14.128 0.0000000000
22702  -28.892  -42.441  13.864 0.0000000000
22703  -30.240  -42.736  13.555 0.0000000000
22704  -31.151  -43.010  13.287 0.0000000000
22705  -36.965  -42.336  13.148 0.0000000000
22706  -37.306  -42.973  13.524 0.0000000000
22720  -30.441  -42.162  12.799 0.0000000000
22721  -31.384  -42.492  12.466 0.0000000000
22722  -32.107  -42.743  11.862 0.0000000000
22723  -36.976  -42.343  12.245 0.0000000000
22724  -37.259  -42.930  12.584 0.0000000000
22740  -31.395  -41.855  11.631 0.0000000000
22741  -31.979  -42.111  11.138 0.0000000000
22742  -36.995  -42.696  11.289 0.0000000000
22743  -37.217  -42.848  11.949 0.0000000000
22760  -32.631  -42.122  10.075 0.0000000000
22761  -36.836  -42.636  10.487 0.0000000000
22780  -33.144  -42.100  9.372 0.0000000000
22781  -33.514  -42.151  8.826 0.0000000000
22782  -36.169  -42.067  9.252 0.0000000000
22783  -36.581  -42.576  9.634 0.0000000000
22798  -34.020  -42.461  8.347 0.0000000000
22799  -34.843  -42.590  8.115 0.0000000000
22800  -35.917  -42.515  8.684 0.0000000000
22801  -36.396  -43.051  8.996 0.0000000000
22819  -34.215  -42.894  7.988 0.0000000000
22820  -34.389  -43.152  7.797 0.0000000000
23804  -35.818  -41.429  18.133 0.0000000000
23805  -36.495  -41.883  18.008 0.0000000000
23815  -36.044  -41.093  17.114 0.0000000000
23816  -36.528  -41.666  17.400 0.0000000000
23834  -36.101  -40.932  16.630 0.0000000000
23835  -36.540  -41.318  16.395 0.0000000000
23852  -27.297  -42.067  15.054 0.0000000000
23853  -36.605  -41.259  15.395 0.0000000000
23869  -27.556  -41.645  14.456 0.0000000000
23870  -28.112  -42.018  14.255 0.0000000000
23871  -36.717  -41.513  14.490 0.0000000000
23885  -27.775  -41.264  13.885 0.0000000000
23886  -28.280  -41.622  13.738 0.0000000000
23887  -29.195  -41.908  13.304 0.0000000000
23888  -29.874  -41.927  12.920 0.0000000000
23889  -36.751  -41.752  13.621 0.0000000000
23902  -28.683  -41.319  13.154 0.0000000000
23903  -29.267  -41.328  12.706 0.0000000000
23904  -30.219  -41.486  12.254 0.0000000000
23905  -30.946  -41.610  11.802 0.0000000000
23906  -36.615  -41.693  12.778 0.0000000000
23919  -30.501  -40.965  11.587 0.0000000000
23920  -31.241  -41.148  11.156 0.0000000000
23921  -31.707  -41.318  10.725 0.0000000000
23922  -36.649  -41.700  11.730 0.0000000000
23934  -31.568  -40.778  10.534 0.0000000000
23935  -32.123  -41.158  10.207 0.0000000000
23936  -36.580  -41.836  10.556 0.0000000000
23954  -32.850  -41.276  9.560 0.0000000000
23955  -33.461  -41.427  9.087 0.0000000000
23956  -35.817  -41.607  9.151 0.0000000000
23957  -36.254  -41.669  9.650 0.0000000000
23977  -33.963  -41.584  8.631 0.0000000000
23978  -34.599  -41.725  8.485 0.0000000000
23979  -35.286  -41.662  8.643 0.0000000000
24950  -35.070  -40.887  17.908 0.0000000000
24963  -33.821  -40.065  17.334 0.0000000000
24964  -34.824  -40.455  17.323 0.0000000000
24965  -35.486  -40.868  17.424 0.0000000000
24975  -33.915  -39.792  16.745 0.0000000000
24976  -34.527  -39.941  16.426 0.0000000000
24977  -35.585  -40.600  16.571 0.0000000000
24978  -36.117  -40.861  16.371 0.0000000000
24993  -34.626  -39.730  15.705 0.0000000000
24994  -35.350  -40.054  15.386 0.0000000000
24995  -36.115  -40.749  15.830 0.0000000000
25006  -27.549  -41.074  13.956 0.0000000000
25007  -35.665  -40.186  14.045 0.0000000000
25008  -36.215  -40.714  14.793 0.0000000000
25022  -27.784  -40.700  13.445 0.0000000000
25023  -28.295  -41.064  13.286 0.0000000000
25024  -35.774  -40.326  12.870 0.0000000000
25025  -36.326  -40.992  13.565 0.0000000000
25036  -28.035  -40.417  13.049 0.0000000000
25037  -28.451  -40.632  12.815 0.0000000000
25038  -29.346  -40.509  12.021 0.0000000000
25039  -30.009  -40.796  11.815 0.0000000000
25040  -35.857  -40.412  11.950 0.0000000000
25041  -36.318  -40.940  12.345 0.0000000000
25054  -29.439  -39.992  11.558 0.0000000000
25055  -29.955  -40.231  11.376 0.0000000000
25056  -30.630  -40.488  11.127 0.0000000000
25057  -35.655  -40.202  11.305 0.0000000000
25058  -36.174  -40.872  11.184 0.0000000000
25069  -30.394  -39.971  10.881 0.0000000000
25070  -31.038  -40.141  10.613 0.0000000000
25071  -31.809  -40.108  10.133 0.0000000000
25072  -35.620  -40.366  10.446 0.0000000000
25073  -36.133  -40.972  10.036 0.0000000000
25084  -32.574  -40.319  9.691 0.0000000000
25085  -33.418  -40.537  9.307 0.0000000000
25086  -34.296  -40.419  9.155 0.0000000000
25087  -35.303  -40.668  9.309 0.0000000000
25088  -35.898  -41.201  9.507 0.0000000000
25102  -33.902  -40.959  8.907 0.0000000000
25103  -34.507  -41.034  8.779 0.0000000000
25104  -34.973  -41.184  8.655 0.0000000000
26009  -33.160  -39.833  17.341 0.0000000000
26024  -32.215  -39.284  16.677 0.0000000000
26025  -33.291  -39.597  16.732 0.0000000000
26026  -33.934  -39.675  16.431 0.0000000000
26042  -32.191  -39.028  16.175 0.0000000000
26043  -32.815  -39.100  15.929 0.0000000000
26044  -33.923  -39.451  15.785 0.0000000000
26045  -34.609  -39.560  15.184 0.0000000000
26056  -33.376  -38.955  15.200 0.0000000000
26057  -34.104  -39.069  14.642 0.0000000000
26058  -34.936  -39.569  14.363 0.0000000000
26073  -34.527  -39.048  13.608 0.0000000000
26074  -35.196  -39.628  13.253 0.0000000000
26085  -27.860  -39.960  12.865 0.0000000000
26086  -28.498  -39.689  12.159 0.0000000000
26087  -29.084  -39.780  11.685 0.0000000000
26088  -34.679  -39.108  12.546 0.0000000000
26089  -35.307  -39.778  12.045 0.0000000000
26100  -28.824  -39.252  11.593 0.0000000000
26101  -29.445  -39.396  11.250 0.0000000000
26102  -30.004  -39.610  10.936 0.0000000000
26103  -34.715  -39.126  11.468 0.0000000000
26104  -35.217  -39.695  10.919 0.0000000000
26114  -29.881  -39.098  10.796 0.0000000000
26115  -30.480  -39.278  10.592 0.0000000000
26116  -31.323  -39.139  10.229 0.0000000000
26117  -32.372  -39.165  9.887 0.0000000000
26118  -33.434  -39.077  9.987 0.0000000000
26119  -34.387  -39.267  10.398 0.0000000000
26120  -35.094  -39.966  10.017 0.0000000000
26131  -33.125  -39.754  9.632 0.0000000000
26132  -33.902  -39.771  9.587 0.0000000000
26133  -34.690  -40.004  9.648 0.0000000000
26134  -35.040  -40.188  9.638 0.0000000000
27028  -31.802  -39.000  16.376 0.0000000000
27045  -31.928  -38.643  15.732 0.0000000000
27046  -32.741  -38.655  15.212 0.0000000000
27058  -31.584  -38.032  15.205 0.0000000000
27059  -32.271  -38.130  14.734 0.0000000000
27060  -33.242  -38.462  14.430 0.0000000000
27061  -33.912  -38.611  13.824 0.0000000000
27075  -32.686  -37.865  13.861 0.0000000000
27076  -33.366  -38.210  13.385 0.0000000000
27077  -34.034  -38.599  12.947 0.0000000000
27089  -27.695  -38.965  12.460 0.0000000000
27090  -28.343  -38.716  11.800 0.0000000000
27091  -32.725  -37.749  12.835 0.0000000000
27092  -33.378  -38.225  12.346 0.0000000000
27093  -34.121  -38.633  11.943 0.0000000000
27106  -28.977  -38.614  11.367 0.0000000000
27107  -29.643  -38.503  11.034 0.0000000000
27108  -30.190  -38.117  10.899 0.0000000000
27109  -31.976  -37.675  11.271 0.0000000000
27110  -32.482  -37.799  11.627 0.0000000000
27111  -33.509  -38.353  11.344 0.0000000000
27112  -34.195  -38.693  11.033 0.0000000000
27122  -30.174  -38.649  10.724 0.0000000000
27123  -30.806  -38.293  10.612 0.0000000000
27124  -31.818  -38.012  10.712 0.0000000000
27125  -32.921  -38.423  10.611 0.0000000000
27126  -33.781  -38.731  10.637 0.0000000000
27127  -34.135  -38.868  10.667 0.0000000000
28040  -31.472  -37.578  14.494 0.0000000000
28041  -32.136  -37.724  14.149 0.0000000000
28059  -31.200  -37.115  13.593 0.0000000000
28060  -32.003  -37.479  13.436 0.0000000000
28074  -28.590  -37.858  11.577 0.0000000000
28075  -31.533  -37.134  12.727 0.0000000000
28076  -32.107  -37.424  12.336 0.0000000000
28089  -29.225  -37.976  11.306 0.0000000000
28090  -29.810  -37.717  11.233 0.0000000000
28091  -30.638  -37.548  11.192 0.0000000000
28092  -31.565  -37.368  11.610 0.0000000000
28093  -32.070  -37.495  11.842 0.0000000000
28105  -31.272  -37.708  10.963 0.0000000000
28106  -31.552  -37.669  11.063 0.0000000000
29078  -31.054  -37.003  13.025 0.0000000000
29095  -29.348  -36.497  12.065 0.0000000000
29096  -30.266  -36.572  12.338 0.0000000000
29097  -31.041  -36.850  12.381 0.0000000000
29112  -29.199  -37.270  11.553 0.0000000000
29113  -30.017  -36.999  11.605 0.0000000000
29114  -30.812  -36.933  11.765 0.0000000000
29115  -31.175  -36.964  11.884 0.0000000000
