#!ascii label  , from subject Broad_82_YZ vox2ras=TkReg
641
111090  -1.795  34.251  -29.152 0.0000000000
111104  -2.066  33.921  -29.735 0.0000000000
111105  -2.437  34.304  -30.301 0.0000000000
111124  -2.315  33.960  -30.661 0.0000000000
111908  -1.627  34.718  -28.863 0.0000000000
111919  -2.247  34.797  -29.443 0.0000000000
111920  -2.559  34.783  -30.128 0.0000000000
111934  -2.541  34.664  -30.817 0.0000000000
111945  -2.174  34.325  -31.574 0.0000000000
112743  -0.518  35.612  -28.364 0.0000000000
112744  -1.437  35.554  -28.671 0.0000000000
112756  -2.244  35.582  -29.150 0.0000000000
112757  -2.870  35.682  -29.944 0.0000000000
112758  -3.136  36.165  -30.335 0.0000000000
112771  -2.775  35.477  -30.758 0.0000000000
112772  -3.035  35.966  -30.554 0.0000000000
112784  -2.601  35.266  -31.533 0.0000000000
112797  -2.294  35.161  -32.319 0.0000000000
113582  -0.438  36.630  -28.490 0.0000000000
113583  -1.327  36.445  -28.635 0.0000000000
113597  -2.078  36.395  -28.938 0.0000000000
113598  -2.777  36.473  -29.494 0.0000000000
113599  -3.299  36.532  -30.122 0.0000000000
113611  -2.997  36.054  -31.008 0.0000000000
113612  -3.212  36.508  -30.807 0.0000000000
113623  -2.844  35.877  -31.420 0.0000000000
113624  -3.036  36.440  -31.524 0.0000000000
113635  -1.938  35.847  -32.745 0.0000000000
113636  -2.622  36.167  -32.225 0.0000000000
113637  -3.041  36.911  -32.103 0.0000000000
114382  -0.344  37.711  -28.501 0.0000000000
114383  -1.575  37.529  -28.703 0.0000000000
114384  -2.315  37.956  -28.942 0.0000000000
114398  -1.892  36.944  -28.840 0.0000000000
114399  -2.566  37.404  -29.143 0.0000000000
114400  -3.393  37.315  -29.820 0.0000000000
114419  -3.456  37.279  -30.703 0.0000000000
114437  -3.319  37.133  -31.506 0.0000000000
114454  -1.863  36.734  -32.900 0.0000000000
114455  -2.500  37.277  -32.570 0.0000000000
114456  -3.152  37.675  -32.259 0.0000000000
115162  -0.265  38.790  -28.691 0.0000000000
115163  -1.385  38.627  -28.610 0.0000000000
115164  -2.255  38.493  -28.816 0.0000000000
115181  -2.821  38.396  -29.116 0.0000000000
115182  -3.347  38.285  -29.659 0.0000000000
115196  -3.637  38.168  -30.518 0.0000000000
115213  -3.536  38.070  -31.538 0.0000000000
115231  -1.842  37.753  -33.117 0.0000000000
115232  -2.496  38.339  -32.787 0.0000000000
115233  -3.211  38.444  -32.344 0.0000000000
115246  -1.815  38.573  -33.302 0.0000000000
115962  -1.276  39.688  -28.584 0.0000000000
115963  -2.540  39.524  -28.709 0.0000000000
115964  -3.318  39.989  -28.979 0.0000000000
115989  -2.811  38.928  -28.933 0.0000000000
115990  -3.429  39.352  -29.321 0.0000000000
116004  -3.810  39.144  -30.315 0.0000000000
116018  -3.748  38.981  -31.269 0.0000000000
116031  -2.955  39.275  -32.694 0.0000000000
116032  -3.443  38.898  -32.002 0.0000000000
116051  -1.384  39.174  -33.602 0.0000000000
116052  -2.101  39.262  -33.234 0.0000000000
116768  -2.226  40.603  -28.551 0.0000000000
116769  -3.221  40.616  -28.799 0.0000000000
116783  -3.710  40.547  -29.441 0.0000000000
116796  -3.970  40.246  -30.229 0.0000000000
116815  -3.880  39.962  -31.178 0.0000000000
116828  -3.087  40.301  -32.761 0.0000000000
116829  -3.490  39.691  -32.012 0.0000000000
116845  -0.910  39.712  -33.870 0.0000000000
116846  -1.506  40.192  -33.546 0.0000000000
116847  -2.424  39.981  -33.156 0.0000000000
116864  -0.854  40.228  -33.958 0.0000000000
117584  -2.013  41.567  -28.596 0.0000000000
117585  -3.020  41.520  -28.687 0.0000000000
117596  -3.825  41.592  -29.316 0.0000000000
117597  -4.100  42.016  -29.578 0.0000000000
117604  -4.225  41.515  -30.152 0.0000000000
117605  -4.155  41.819  -29.720 0.0000000000
117621  -4.043  41.056  -31.171 0.0000000000
117637  -3.127  41.327  -32.792 0.0000000000
117638  -3.561  40.693  -32.002 0.0000000000
117650  -1.627  41.361  -33.727 0.0000000000
117651  -2.403  40.847  -33.300 0.0000000000
118417  -2.818  42.391  -28.614 0.0000000000
118427  -3.567  42.368  -28.994 0.0000000000
118428  -4.039  42.391  -29.462 0.0000000000
118437  -4.227  42.629  -30.476 0.0000000000
118438  -4.255  42.229  -29.856 0.0000000000
118456  -3.994  42.185  -31.193 0.0000000000
118473  -3.080  42.399  -32.727 0.0000000000
118474  -3.622  41.763  -32.021 0.0000000000
118483  -1.691  42.446  -33.815 0.0000000000
118484  -2.458  41.906  -33.376 0.0000000000
119240  -2.714  43.261  -28.483 0.0000000000
119248  -3.424  43.172  -28.775 0.0000000000
119249  -3.925  43.166  -29.280 0.0000000000
119259  -4.234  43.588  -30.484 0.0000000000
119260  -4.256  42.984  -29.862 0.0000000000
119280  -3.974  43.246  -31.222 0.0000000000
119298  -3.066  43.480  -32.660 0.0000000000
119299  -3.609  42.847  -32.003 0.0000000000
119311  -1.730  43.540  -33.792 0.0000000000
119312  -2.429  42.989  -33.290 0.0000000000
120048  -2.841  44.351  -28.341 0.0000000000
120049  -3.539  44.841  -28.549 0.0000000000
120059  -3.280  43.722  -28.555 0.0000000000
120060  -3.942  44.164  -28.812 0.0000000000
120075  -4.314  44.480  -30.381 0.0000000000
120076  -4.252  43.917  -29.746 0.0000000000
120094  -4.040  44.243  -31.128 0.0000000000
120109  -3.082  44.553  -32.593 0.0000000000
120110  -3.575  43.922  -31.918 0.0000000000
120118  -1.793  44.649  -33.745 0.0000000000
120119  -2.450  44.088  -33.224 0.0000000000
120841  -3.281  45.433  -28.273 0.0000000000
120851  -3.976  45.367  -28.749 0.0000000000
120867  -4.412  44.905  -30.320 0.0000000000
120868  -4.465  45.155  -29.777 0.0000000000
120883  -4.281  45.094  -30.798 0.0000000000
120884  -4.507  45.874  -30.576 0.0000000000
120901  -3.090  45.417  -32.576 0.0000000000
120902  -3.504  45.090  -31.736 0.0000000000
120916  -1.908  45.720  -33.768 0.0000000000
120917  -2.566  45.261  -33.210 0.0000000000
121637  -3.778  46.324  -28.326 0.0000000000
121650  -4.464  46.331  -29.005 0.0000000000
121666  -4.743  46.475  -29.950 0.0000000000
121682  -4.106  45.998  -31.382 0.0000000000
121683  -4.665  46.716  -30.913 0.0000000000
121698  -2.844  45.873  -32.862 0.0000000000
121699  -3.366  46.278  -32.375 0.0000000000
121711  -1.980  46.229  -33.807 0.0000000000
121712  -2.533  46.492  -33.428 0.0000000000
121713  -3.222  46.941  -32.911 0.0000000000
121722  -2.107  47.037  -33.924 0.0000000000
122517  -3.273  47.272  -28.103 0.0000000000
122518  -4.208  47.323  -28.427 0.0000000000
122540  -4.840  47.476  -29.262 0.0000000000
122541  -5.255  48.044  -29.773 0.0000000000
122556  -5.061  47.413  -30.285 0.0000000000
122557  -5.340  48.252  -30.499 0.0000000000
122571  -4.164  46.984  -31.748 0.0000000000
122572  -4.894  47.735  -31.294 0.0000000000
122573  -5.215  48.583  -31.183 0.0000000000
122586  -3.610  47.383  -32.427 0.0000000000
122594  -2.461  47.462  -33.726 0.0000000000
122595  -3.210  47.681  -33.291 0.0000000000
123341  -3.724  48.782  -27.820 0.0000000000
123359  -3.566  48.125  -28.157 0.0000000000
123360  -4.428  48.525  -28.499 0.0000000000
123361  -5.112  48.975  -28.932 0.0000000000
123379  -5.080  48.361  -29.210 0.0000000000
123380  -5.523  48.851  -29.698 0.0000000000
123386  -5.485  49.081  -30.630 0.0000000000
123394  -4.143  47.873  -31.891 0.0000000000
123395  -4.595  48.709  -31.779 0.0000000000
123396  -5.171  49.289  -31.341 0.0000000000
123407  -3.773  48.495  -32.504 0.0000000000
123408  -4.206  49.269  -32.281 0.0000000000
123417  -2.586  48.356  -33.785 0.0000000000
123418  -3.222  48.874  -33.287 0.0000000000
123426  -2.002  48.870  -34.254 0.0000000000
124068  -4.225  50.110  -25.982 0.0000000000
124086  -4.210  49.864  -26.473 0.0000000000
124102  -4.227  49.433  -27.423 0.0000000000
124115  -4.865  49.523  -28.312 0.0000000000
124116  -5.308  49.711  -29.103 0.0000000000
124129  -5.624  49.786  -30.016 0.0000000000
124135  -5.431  49.832  -30.886 0.0000000000
124142  -4.696  49.785  -31.874 0.0000000000
124143  -5.163  49.837  -31.391 0.0000000000
124153  -3.710  49.647  -32.808 0.0000000000
124154  -4.198  49.765  -32.346 0.0000000000
124164  -2.614  49.529  -33.790 0.0000000000
124165  -3.248  49.590  -33.382 0.0000000000
124174  -2.073  49.557  -34.258 0.0000000000
124800  -4.201  50.463  -25.474 0.0000000000
124801  -4.815  50.670  -25.746 0.0000000000
124817  -4.558  50.297  -26.138 0.0000000000
124818  -4.985  50.745  -26.387 0.0000000000
124831  -4.630  50.187  -26.888 0.0000000000
124832  -4.934  50.757  -27.292 0.0000000000
124843  -4.793  50.059  -27.635 0.0000000000
124844  -5.130  50.502  -28.304 0.0000000000
124854  -5.328  50.680  -29.417 0.0000000000
124859  -5.427  50.556  -30.434 0.0000000000
124865  -4.638  50.626  -31.849 0.0000000000
124866  -5.132  50.464  -31.303 0.0000000000
124875  -3.613  50.528  -32.826 0.0000000000
124876  -4.164  50.393  -32.369 0.0000000000
124886  -2.551  50.441  -33.778 0.0000000000
124887  -3.161  50.299  -33.382 0.0000000000
124897  -2.014  50.268  -34.214 0.0000000000
125399  -4.700  51.950  -23.865 0.0000000000
125400  -5.262  52.137  -23.987 0.0000000000
125413  -4.385  51.173  -24.656 0.0000000000
125414  -5.263  51.757  -24.505 0.0000000000
125431  -4.713  50.861  -25.326 0.0000000000
125432  -5.263  51.298  -25.546 0.0000000000
125446  -5.301  51.503  -26.770 0.0000000000
125460  -5.126  51.463  -27.779 0.0000000000
125472  -5.014  52.137  -28.941 0.0000000000
125473  -5.160  51.387  -28.660 0.0000000000
125481  -4.883  52.130  -29.791 0.0000000000
125482  -5.187  51.543  -29.369 0.0000000000
125488  -4.785  51.868  -30.635 0.0000000000
125489  -5.241  51.351  -30.085 0.0000000000
125497  -4.007  51.846  -31.840 0.0000000000
125498  -4.669  51.346  -31.422 0.0000000000
125499  -5.183  51.161  -30.825 0.0000000000
125508  -2.998  51.735  -32.774 0.0000000000
125509  -3.720  51.275  -32.494 0.0000000000
125510  -4.342  51.141  -32.100 0.0000000000
125520  -2.127  51.800  -33.436 0.0000000000
125521  -2.608  51.230  -33.481 0.0000000000
125522  -3.294  51.049  -33.071 0.0000000000
125533  -1.695  51.404  -33.991 0.0000000000
125534  -2.241  50.849  -33.894 0.0000000000
126068  -5.206  52.701  -23.564 0.0000000000
126069  -6.036  52.889  -23.780 0.0000000000
126078  -5.728  52.319  -24.191 0.0000000000
126079  -6.405  52.683  -24.509 0.0000000000
126093  -5.956  52.041  -25.028 0.0000000000
126094  -6.526  52.640  -25.431 0.0000000000
126105  -5.848  52.305  -26.163 0.0000000000
126106  -6.504  52.946  -26.161 0.0000000000
126118  -5.063  52.995  -27.935 0.0000000000
126119  -5.346  52.600  -27.483 0.0000000000
126129  -4.892  52.813  -28.353 0.0000000000
126130  -5.090  52.067  -28.223 0.0000000000
126141  -4.530  52.818  -29.278 0.0000000000
126148  -3.722  53.118  -30.831 0.0000000000
126149  -4.181  52.893  -30.410 0.0000000000
126155  -2.908  53.021  -31.800 0.0000000000
126156  -3.449  52.857  -31.417 0.0000000000
126157  -4.278  52.203  -31.185 0.0000000000
126164  -1.981  52.847  -32.620 0.0000000000
126165  -2.571  52.734  -32.334 0.0000000000
126166  -3.368  52.106  -32.196 0.0000000000
126177  -1.772  52.536  -33.205 0.0000000000
126178  -2.425  52.017  -33.058 0.0000000000
126188  -1.030  52.402  -34.045 0.0000000000
126725  -5.672  53.695  -23.217 0.0000000000
126726  -6.778  53.495  -23.899 0.0000000000
126727  -7.338  53.911  -24.047 0.0000000000
126740  -7.068  53.095  -24.916 0.0000000000
126741  -7.442  53.685  -24.586 0.0000000000
126756  -7.017  53.207  -25.781 0.0000000000
126757  -7.439  53.654  -25.449 0.0000000000
126767  -6.101  53.134  -26.786 0.0000000000
126768  -6.818  53.693  -26.494 0.0000000000
126769  -7.265  53.696  -26.023 0.0000000000
126776  -4.937  53.575  -28.001 0.0000000000
126777  -5.769  53.636  -27.392 0.0000000000
126778  -6.341  53.702  -26.989 0.0000000000
126786  -3.551  54.023  -28.993 0.0000000000
126787  -4.291  53.499  -28.703 0.0000000000
126798  -3.416  53.910  -29.797 0.0000000000
126799  -3.978  53.455  -29.544 0.0000000000
126812  -2.675  53.910  -30.789 0.0000000000
126813  -3.414  53.492  -30.584 0.0000000000
126814  -3.798  53.485  -30.102 0.0000000000
126828  -2.681  53.450  -31.614 0.0000000000
126829  -3.066  53.441  -31.108 0.0000000000
126838  -1.824  53.410  -32.548 0.0000000000
126839  -2.328  53.373  -32.127 0.0000000000
126849  -1.026  53.906  -33.602 0.0000000000
126850  -1.294  53.401  -33.350 0.0000000000
126858  -0.686  53.421  -34.027 0.0000000000
126859  -1.195  52.937  -33.653 0.0000000000
127385  -6.670  54.776  -22.925 0.0000000000
127401  -6.369  54.245  -23.207 0.0000000000
127402  -7.268  54.404  -23.539 0.0000000000
127403  -7.953  54.601  -23.832 0.0000000000
127415  -7.737  54.192  -24.243 0.0000000000
127416  -8.252  54.660  -24.484 0.0000000000
127429  -7.961  54.105  -25.082 0.0000000000
127430  -8.319  54.860  -25.396 0.0000000000
127444  -6.999  54.176  -26.640 0.0000000000
127445  -7.566  54.415  -26.244 0.0000000000
127446  -8.328  55.202  -26.102 0.0000000000
127457  -4.811  54.168  -28.071 0.0000000000
127458  -5.311  54.446  -27.854 0.0000000000
127459  -6.591  54.453  -27.147 0.0000000000
127460  -7.301  55.146  -26.911 0.0000000000
127471  -3.385  54.669  -28.854 0.0000000000
127472  -4.244  54.522  -28.366 0.0000000000
127473  -4.967  55.273  -28.140 0.0000000000
127482  -2.330  55.010  -29.651 0.0000000000
127483  -2.796  54.724  -29.408 0.0000000000
127491  -1.691  55.107  -30.355 0.0000000000
127492  -2.060  54.775  -30.128 0.0000000000
127493  -2.860  54.154  -30.131 0.0000000000
127511  -1.429  54.976  -30.934 0.0000000000
127512  -2.067  54.210  -31.231 0.0000000000
127532  -1.695  54.559  -32.120 0.0000000000
127533  -2.174  53.845  -31.960 0.0000000000
127551  -0.762  54.570  -33.880 0.0000000000
127552  -1.297  54.216  -33.103 0.0000000000
127567  -0.151  54.201  -34.505 0.0000000000
128128  -7.378  55.215  -22.745 0.0000000000
128129  -8.486  55.894  -22.499 0.0000000000
128130  -9.126  56.268  -22.878 0.0000000000
128139  -7.774  54.861  -23.444 0.0000000000
128140  -8.409  55.226  -23.674 0.0000000000
128141  -9.135  55.971  -23.460 0.0000000000
128146  -8.674  55.311  -24.764 0.0000000000
128147  -9.084  55.798  -24.391 0.0000000000
128156  -8.775  55.710  -25.613 0.0000000000
128157  -8.984  55.774  -25.011 0.0000000000
128169  -7.940  55.684  -26.643 0.0000000000
128170  -8.481  55.742  -26.185 0.0000000000
128179  -5.920  55.581  -27.820 0.0000000000
128180  -6.890  55.598  -27.316 0.0000000000
128181  -7.382  55.673  -27.013 0.0000000000
128192  -2.595  55.818  -29.074 0.0000000000
128193  -3.088  55.453  -28.824 0.0000000000
128194  -4.253  55.753  -28.385 0.0000000000
128195  -5.112  56.126  -28.184 0.0000000000
128207  -1.730  55.843  -29.728 0.0000000000
128208  -2.197  55.561  -29.458 0.0000000000
128209  -2.670  55.229  -29.217 0.0000000000
128225  -1.616  55.577  -30.136 0.0000000000
128226  -1.889  55.272  -29.868 0.0000000000
128241  -1.345  55.855  -30.985 0.0000000000
128258  -1.501  55.669  -31.885 0.0000000000
128281  -0.697  55.429  -33.961 0.0000000000
128282  -1.196  55.457  -33.140 0.0000000000
128920  -9.472  56.676  -23.292 0.0000000000
128925  -9.438  56.541  -24.204 0.0000000000
128927  -8.995  56.248  -25.747 0.0000000000
128928  -9.225  56.370  -25.214 0.0000000000
128936  -7.990  56.793  -26.810 0.0000000000
128937  -8.696  56.411  -26.220 0.0000000000
128938  -9.074  56.570  -25.786 0.0000000000
128943  -5.785  56.762  -28.106 0.0000000000
128944  -6.637  56.521  -27.615 0.0000000000
128945  -7.383  56.282  -27.145 0.0000000000
128951  -1.867  57.033  -29.174 0.0000000000
128952  -2.582  56.474  -29.010 0.0000000000
128953  -3.636  56.534  -28.634 0.0000000000
128954  -4.593  56.666  -28.405 0.0000000000
128955  -5.176  56.747  -28.280 0.0000000000
128966  -1.541  56.475  -29.653 0.0000000000
128967  -1.981  56.360  -29.257 0.0000000000
128980  -1.364  56.573  -30.567 0.0000000000
128995  -1.405  56.617  -31.582 0.0000000000
129008  -0.893  57.057  -33.259 0.0000000000
129009  -1.262  56.468  -32.600 0.0000000000
129031  -0.489  56.316  -33.935 0.0000000000
129032  -1.041  56.336  -33.274 0.0000000000
129621  -9.624  57.461  -23.015 0.0000000000
129623  -9.649  57.362  -23.937 0.0000000000
129625  -9.529  57.263  -24.872 0.0000000000
129633  -7.989  57.507  -26.905 0.0000000000
129634  -8.473  57.421  -26.497 0.0000000000
129635  -9.165  57.279  -25.815 0.0000000000
129642  -5.804  57.492  -28.073 0.0000000000
129643  -6.396  57.473  -27.826 0.0000000000
129644  -7.363  57.449  -27.306 0.0000000000
129651  -1.722  57.693  -29.014 0.0000000000
129652  -2.249  57.616  -28.889 0.0000000000
129653  -3.199  57.478  -28.767 0.0000000000
129654  -4.191  57.430  -28.548 0.0000000000
129655  -5.167  57.454  -28.275 0.0000000000
129666  -1.441  57.620  -29.346 0.0000000000
129678  -1.155  57.515  -30.106 0.0000000000
129693  -1.527  57.546  -31.148 0.0000000000
129707  -0.751  57.764  -33.210 0.0000000000
129708  -1.195  57.651  -32.420 0.0000000000
129729  -0.051  57.682  -33.746 0.0000000000
130287  -9.662  58.215  -23.660 0.0000000000
130292  -9.580  58.083  -24.531 0.0000000000
130295  -9.037  58.599  -25.575 0.0000000000
130296  -9.381  58.003  -25.303 0.0000000000
130304  -8.000  58.341  -26.812 0.0000000000
130305  -8.743  58.157  -26.123 0.0000000000
130306  -9.133  58.028  -25.746 0.0000000000
130314  -5.772  58.256  -27.880 0.0000000000
130315  -6.798  58.324  -27.537 0.0000000000
130316  -7.392  58.325  -27.243 0.0000000000
130323  -1.643  58.579  -28.743 0.0000000000
130324  -2.747  58.485  -28.592 0.0000000000
130325  -3.805  58.306  -28.559 0.0000000000
130326  -4.675  58.146  -28.366 0.0000000000
130327  -5.193  58.113  -28.173 0.0000000000
130338  -1.276  58.526  -29.622 0.0000000000
130351  -1.474  58.500  -30.626 0.0000000000
130366  -1.461  58.560  -31.750 0.0000000000
130381  -0.535  58.587  -33.159 0.0000000000
130382  -1.117  58.596  -32.468 0.0000000000
130399  0.116  58.467  -33.565 0.0000000000
130905  -9.503  59.059  -23.355 0.0000000000
130911  -9.133  59.755  -23.973 0.0000000000
130912  -9.555  58.941  -24.300 0.0000000000
130918  -8.993  59.486  -25.073 0.0000000000
130919  -9.386  58.654  -24.993 0.0000000000
130929  -7.781  59.362  -26.548 0.0000000000
130930  -8.367  59.158  -26.000 0.0000000000
130939  -2.553  60.349  -27.872 0.0000000000
130940  -3.213  60.084  -27.862 0.0000000000
130941  -4.226  59.778  -27.795 0.0000000000
130942  -5.337  59.397  -27.782 0.0000000000
130943  -6.409  59.235  -27.490 0.0000000000
130944  -7.280  59.131  -27.125 0.0000000000
130950  -1.680  59.775  -28.578 0.0000000000
130951  -2.329  59.720  -28.292 0.0000000000
130952  -3.472  59.267  -28.338 0.0000000000
130953  -4.471  58.948  -28.261 0.0000000000
130954  -5.106  58.580  -28.117 0.0000000000
130968  -1.373  59.562  -29.126 0.0000000000
130983  -1.559  59.480  -30.114 0.0000000000
130997  -1.527  59.513  -31.246 0.0000000000
131012  0.808  59.874  -33.186 0.0000000000
131013  0.198  59.664  -33.104 0.0000000000
131014  -0.984  59.569  -32.407 0.0000000000
131033  0.358  58.992  -33.451 0.0000000000
131479  -8.553  60.361  -23.487 0.0000000000
131482  -8.119  60.903  -23.848 0.0000000000
131483  -8.498  60.471  -24.556 0.0000000000
131487  -7.690  60.589  -25.999 0.0000000000
131488  -8.146  60.346  -25.669 0.0000000000
131497  -6.787  60.672  -26.894 0.0000000000
131498  -7.347  60.351  -26.581 0.0000000000
131499  -7.952  59.823  -26.243 0.0000000000
131508  -1.306  61.210  -27.828 0.0000000000
131509  -1.887  60.744  -27.708 0.0000000000
131510  -2.927  60.878  -27.732 0.0000000000
131511  -3.923  60.696  -27.568 0.0000000000
131512  -4.998  60.503  -27.538 0.0000000000
131513  -6.296  60.441  -27.311 0.0000000000
131514  -6.883  59.814  -27.197 0.0000000000
131522  -1.422  60.640  -28.479 0.0000000000
131523  -1.715  60.204  -28.195 0.0000000000
131538  -1.535  60.497  -29.616 0.0000000000
131551  -1.488  60.449  -30.707 0.0000000000
131563  -0.636  60.795  -32.135 0.0000000000
131564  -1.125  60.492  -31.695 0.0000000000
131575  0.921  60.422  -33.069 0.0000000000
131576  -0.185  60.477  -32.597 0.0000000000
131577  -0.788  60.348  -32.243 0.0000000000
132048  -6.764  61.802  -23.012 0.0000000000
132052  -6.991  61.950  -24.045 0.0000000000
132053  -7.550  61.391  -23.520 0.0000000000
132057  -7.128  61.945  -25.134 0.0000000000
132058  -7.864  61.294  -24.665 0.0000000000
132059  -8.262  60.859  -25.094 0.0000000000
132063  -6.958  61.727  -26.050 0.0000000000
132064  -7.570  61.063  -25.736 0.0000000000
132065  -8.024  60.956  -25.330 0.0000000000
132074  -5.925  61.772  -26.897 0.0000000000
132075  -6.631  61.171  -26.704 0.0000000000
132076  -7.145  61.088  -26.286 0.0000000000
132086  -1.761  61.888  -27.676 0.0000000000
132087  -2.585  61.684  -27.612 0.0000000000
132088  -3.570  61.608  -27.465 0.0000000000
132089  -4.606  61.464  -27.461 0.0000000000
132090  -5.541  61.231  -27.246 0.0000000000
132091  -6.114  61.164  -27.057 0.0000000000
132099  -1.464  61.755  -28.293 0.0000000000
132112  -1.680  61.536  -29.220 0.0000000000
132125  -1.436  61.423  -30.298 0.0000000000
132136  -0.665  61.465  -31.778 0.0000000000
132137  -1.380  61.277  -31.218 0.0000000000
132149  0.449  61.262  -32.618 0.0000000000
132150  -0.240  61.164  -32.308 0.0000000000
132615  -3.656  62.715  -21.904 0.0000000000
132622  -3.780  63.018  -22.300 0.0000000000
132623  -4.269  62.790  -22.358 0.0000000000
132624  -5.178  62.575  -22.512 0.0000000000
132629  -5.361  62.931  -23.088 0.0000000000
132630  -6.054  62.593  -23.405 0.0000000000
132634  -6.515  62.625  -24.563 0.0000000000
132637  -5.964  63.146  -25.852 0.0000000000
132638  -6.421  62.665  -25.671 0.0000000000
132648  -4.556  63.265  -26.776 0.0000000000
132649  -5.531  62.869  -26.544 0.0000000000
132650  -6.363  62.091  -26.445 0.0000000000
132660  -1.904  62.683  -27.632 0.0000000000
132661  -2.361  62.533  -27.447 0.0000000000
132662  -3.160  62.411  -27.344 0.0000000000
132663  -4.246  62.573  -27.224 0.0000000000
132664  -5.212  62.015  -27.161 0.0000000000
132670  -1.669  62.605  -28.037 0.0000000000
132671  -1.874  63.069  -28.349 0.0000000000
132685  -2.055  62.634  -28.917 0.0000000000
132686  -2.104  63.257  -28.646 0.0000000000
132704  -1.430  62.480  -29.975 0.0000000000
132716  0.992  63.001  -31.878 0.0000000000
132717  -0.058  62.506  -31.725 0.0000000000
132718  -1.154  62.330  -31.153 0.0000000000
132727  0.773  62.159  -32.368 0.0000000000
132728  -0.004  61.755  -32.250 0.0000000000
133184  -3.218  63.415  -22.194 0.0000000000
133185  -4.096  63.505  -22.603 0.0000000000
133186  -4.860  63.182  -22.829 0.0000000000
133195  -4.767  63.821  -23.134 0.0000000000
133196  -5.428  63.511  -23.610 0.0000000000
133197  -6.051  63.188  -24.185 0.0000000000
133201  -5.735  63.740  -24.505 0.0000000000
133202  -6.230  63.302  -24.998 0.0000000000
133206  -5.628  63.701  -25.536 0.0000000000
133207  -6.089  63.219  -25.522 0.0000000000
133219  -2.243  63.867  -27.032 0.0000000000
133220  -2.600  63.804  -26.892 0.0000000000
133221  -3.645  63.577  -26.780 0.0000000000
133222  -4.729  63.909  -26.327 0.0000000000
133232  -1.902  62.949  -27.732 0.0000000000
133233  -2.185  63.456  -27.456 0.0000000000
133234  -2.846  63.111  -27.129 0.0000000000
133235  -3.459  62.933  -27.142 0.0000000000
133243  -1.846  63.158  -27.914 0.0000000000
133244  -2.096  63.655  -28.259 0.0000000000
133255  -1.723  63.371  -29.751 0.0000000000
133256  -2.243  63.734  -29.122 0.0000000000
133271  -0.297  63.984  -30.986 0.0000000000
133272  -0.932  63.637  -30.701 0.0000000000
133287  0.230  63.698  -31.282 0.0000000000
133288  -0.471  63.037  -31.194 0.0000000000
133699  -2.647  64.401  -22.148 0.0000000000
133700  -3.609  64.304  -22.534 0.0000000000
133701  -4.347  64.414  -22.971 0.0000000000
133715  -4.959  64.485  -23.815 0.0000000000
133716  -5.387  64.060  -24.137 0.0000000000
133726  -5.021  64.766  -24.373 0.0000000000
133727  -5.319  64.456  -24.682 0.0000000000
133732  -3.588  64.968  -26.165 0.0000000000
133733  -4.225  64.924  -25.915 0.0000000000
133734  -4.914  64.577  -25.576 0.0000000000
133745  -2.296  64.420  -27.001 0.0000000000
133746  -3.036  64.549  -26.501 0.0000000000
133747  -3.956  64.444  -26.361 0.0000000000
133748  -4.484  64.493  -26.081 0.0000000000
133758  -2.343  64.430  -27.828 0.0000000000
133770  -2.425  64.482  -28.667 0.0000000000
133781  -1.802  64.412  -29.998 0.0000000000
133782  -2.327  64.633  -29.356 0.0000000000
133791  0.834  64.866  -30.870 0.0000000000
133792  -0.104  64.557  -30.832 0.0000000000
133793  -1.030  64.735  -30.545 0.0000000000
133809  0.532  64.366  -31.056 0.0000000000
134229  -1.386  65.967  -22.000 0.0000000000
134230  -2.124  65.498  -22.177 0.0000000000
134231  -3.344  65.416  -22.693 0.0000000000
134232  -3.961  64.897  -22.813 0.0000000000
134245  -3.699  65.878  -23.268 0.0000000000
134246  -4.227  65.357  -23.425 0.0000000000
134261  -3.992  65.807  -24.892 0.0000000000
134262  -4.684  65.231  -24.426 0.0000000000
134263  -5.027  64.860  -24.605 0.0000000000
134268  -2.827  65.909  -25.836 0.0000000000
134269  -3.654  65.496  -25.667 0.0000000000
134270  -4.498  65.255  -25.278 0.0000000000
134271  -5.038  64.981  -24.942 0.0000000000
134281  -2.537  65.453  -26.561 0.0000000000
134282  -3.099  65.291  -26.164 0.0000000000
134301  -2.457  65.343  -27.414 0.0000000000
134319  -2.651  65.316  -28.334 0.0000000000
134335  -2.209  65.379  -29.710 0.0000000000
134336  -2.550  65.214  -29.083 0.0000000000
134348  0.403  65.563  -30.634 0.0000000000
134349  -0.564  65.555  -30.518 0.0000000000
134350  -1.512  65.483  -30.292 0.0000000000
134785  -1.781  66.597  -22.336 0.0000000000
134786  -2.679  66.232  -22.584 0.0000000000
134800  -2.464  66.867  -22.893 0.0000000000
134801  -3.181  66.490  -23.366 0.0000000000
134802  -3.790  66.083  -23.714 0.0000000000
134819  -2.836  66.862  -24.705 0.0000000000
134820  -3.354  66.489  -24.440 0.0000000000
134821  -4.155  65.917  -24.171 0.0000000000
134832  -2.092  67.104  -25.401 0.0000000000
134833  -2.570  66.725  -25.278 0.0000000000
134834  -3.291  66.116  -25.245 0.0000000000
134847  -1.945  66.964  -25.667 0.0000000000
134848  -2.097  66.426  -26.148 0.0000000000
134869  -2.328  66.259  -27.033 0.0000000000
134880  -2.686  66.251  -27.946 0.0000000000
134893  -1.886  66.212  -29.908 0.0000000000
134894  -2.562  66.304  -29.134 0.0000000000
134912  -0.046  66.454  -30.470 0.0000000000
134913  -1.071  66.530  -30.291 0.0000000000
135357  -0.936  67.503  -22.437 0.0000000000
135358  -1.897  67.316  -22.824 0.0000000000
135373  -1.491  67.871  -23.158 0.0000000000
135374  -2.376  67.363  -23.567 0.0000000000
135375  -3.009  67.069  -24.069 0.0000000000
135392  -1.555  68.075  -24.201 0.0000000000
135393  -2.425  67.244  -24.611 0.0000000000
135394  -2.895  66.894  -24.450 0.0000000000
135410  -1.748  67.550  -25.353 0.0000000000
135411  -2.214  67.175  -25.188 0.0000000000
135423  -1.650  67.203  -26.153 0.0000000000
135424  -2.132  67.089  -26.710 0.0000000000
135445  -2.459  67.102  -27.511 0.0000000000
135454  -2.555  67.139  -28.403 0.0000000000
135464  -0.960  67.609  -29.857 0.0000000000
135465  -1.636  67.212  -29.636 0.0000000000
135466  -2.308  67.354  -29.060 0.0000000000
135484  0.481  67.271  -30.354 0.0000000000
135485  -0.446  67.318  -30.190 0.0000000000
135486  -1.048  67.192  -30.040 0.0000000000
135910  -0.884  68.082  -22.788 0.0000000000
135925  -0.766  68.369  -23.344 0.0000000000
135945  -0.541  68.611  -24.111 0.0000000000
135967  0.204  68.924  -25.206 0.0000000000
135968  -0.776  68.519  -25.193 0.0000000000
135977  -1.576  68.179  -26.284 0.0000000000
135978  -1.929  67.609  -26.514 0.0000000000
135997  -2.007  68.543  -26.823 0.0000000000
135998  -2.244  67.970  -27.057 0.0000000000
136006  -2.180  68.480  -28.399 0.0000000000
136007  -2.483  67.870  -27.976 0.0000000000
136014  -0.282  68.615  -29.658 0.0000000000
136015  -1.124  68.282  -29.500 0.0000000000
136016  -1.940  68.086  -29.098 0.0000000000
136017  -2.332  67.811  -28.623 0.0000000000
136031  0.088  68.030  -30.083 0.0000000000
136032  -0.532  67.977  -29.852 0.0000000000
136443  0.261  69.600  -25.311 0.0000000000
136444  -0.510  69.401  -25.583 0.0000000000
136451  -1.125  69.088  -26.055 0.0000000000
136471  -1.766  69.226  -26.808 0.0000000000
136472  -2.174  68.747  -27.258 0.0000000000
136478  -2.150  69.347  -27.897 0.0000000000
136479  -2.321  68.510  -27.738 0.0000000000
136487  -0.790  69.216  -29.319 0.0000000000
136488  -1.566  69.070  -28.837 0.0000000000
136864  0.495  70.440  -25.221 0.0000000000
136865  -0.283  70.092  -25.589 0.0000000000
136878  -0.382  70.786  -25.623 0.0000000000
136879  -1.131  70.229  -26.167 0.0000000000
136903  -1.683  70.272  -27.341 0.0000000000
136913  -1.432  70.239  -28.513 0.0000000000
136922  -1.127  69.656  -28.957 0.0000000000
137295  0.164  71.513  -25.348 0.0000000000
137315  -0.637  71.532  -26.250 0.0000000000
137316  -1.272  71.057  -26.940 0.0000000000
137341  -1.223  71.045  -27.840 0.0000000000
