#!ascii label  , from subject Broad_82_YZ vox2ras=TkReg
1248
35466  -14.294  -30.232  37.627 0.0000000000
35496  -12.735  -30.792  36.980 0.0000000000
35497  -13.797  -30.500  36.880 0.0000000000
35498  -14.453  -29.988  36.771 0.0000000000
35521  -10.089  -30.662  35.463 0.0000000000
35522  -11.243  -30.709  35.682 0.0000000000
35523  -12.318  -30.624  35.889 0.0000000000
35524  -13.393  -30.383  35.956 0.0000000000
35525  -14.100  -30.189  36.212 0.0000000000
35539  -9.113  -29.794  34.726 0.0000000000
35540  -9.718  -30.150  34.664 0.0000000000
35541  -10.835  -30.401  34.770 0.0000000000
35542  -11.940  -30.444  34.974 0.0000000000
35543  -12.864  -30.403  35.178 0.0000000000
36570  -15.288  -29.289  38.019 0.0000000000
36578  -14.843  -29.677  37.424 0.0000000000
36579  -15.402  -29.259  37.142 0.0000000000
36600  -14.941  -29.561  36.694 0.0000000000
36601  -15.269  -29.106  36.345 0.0000000000
36624  -8.663  -29.468  34.752 0.0000000000
36625  -14.035  -30.147  35.687 0.0000000000
36626  -14.607  -29.675  35.841 0.0000000000
36627  -15.186  -28.937  35.507 0.0000000000
36647  -8.127  -28.689  34.465 0.0000000000
36648  -9.181  -29.378  34.166 0.0000000000
36649  -10.384  -29.772  34.003 0.0000000000
36650  -11.565  -30.052  34.105 0.0000000000
36651  -12.678  -30.037  34.366 0.0000000000
36652  -13.812  -29.941  34.896 0.0000000000
36653  -14.740  -29.222  34.747 0.0000000000
36654  -15.145  -28.725  34.871 0.0000000000
36672  -8.243  -28.074  34.182 0.0000000000
36673  -8.692  -28.408  33.759 0.0000000000
36674  -9.853  -28.842  33.172 0.0000000000
36675  -11.157  -29.443  33.311 0.0000000000
36676  -12.305  -29.604  33.495 0.0000000000
36677  -13.456  -29.424  33.705 0.0000000000
36678  -14.211  -29.315  34.114 0.0000000000
36687  -10.287  -28.399  32.625 0.0000000000
36688  -10.903  -28.764  32.612 0.0000000000
36689  -11.956  -29.164  32.681 0.0000000000
36690  -12.938  -29.220  32.892 0.0000000000
37640  -15.787  -28.761  37.650 0.0000000000
37641  -16.309  -28.282  38.055 0.0000000000
37652  -15.722  -28.670  36.848 0.0000000000
37653  -16.154  -28.237  37.244 0.0000000000
37666  -15.538  -28.336  36.116 0.0000000000
37667  -15.906  -28.132  36.686 0.0000000000
37683  -15.371  -28.241  35.247 0.0000000000
37700  -7.827  -27.700  34.468 0.0000000000
37701  -14.967  -28.743  34.469 0.0000000000
37702  -15.196  -28.326  34.509 0.0000000000
37724  -8.335  -27.529  33.948 0.0000000000
37725  -9.018  -27.589  33.139 0.0000000000
37726  -9.850  -28.007  32.663 0.0000000000
37727  -14.139  -29.055  33.553 0.0000000000
37728  -14.715  -28.631  33.833 0.0000000000
37729  -15.158  -27.955  34.050 0.0000000000
37741  -9.749  -27.141  32.534 0.0000000000
37742  -10.618  -27.852  32.093 0.0000000000
37743  -11.682  -28.470  32.046 0.0000000000
37744  -12.768  -28.676  32.222 0.0000000000
37745  -14.045  -28.629  32.697 0.0000000000
37746  -14.747  -28.249  33.107 0.0000000000
37758  -11.546  -27.795  31.566 0.0000000000
37759  -12.443  -28.037  31.535 0.0000000000
37760  -13.482  -28.090  31.791 0.0000000000
37761  -14.026  -27.991  32.091 0.0000000000
38662  -16.605  -27.539  38.337 0.0000000000
38672  -16.412  -27.622  37.534 0.0000000000
38683  -15.853  -27.716  36.380 0.0000000000
38684  -16.123  -27.630  36.905 0.0000000000
38700  -15.603  -27.563  35.764 0.0000000000
38712  -7.873  -26.822  34.348 0.0000000000
38713  -15.371  -27.503  34.789 0.0000000000
38730  -8.451  -26.624  33.689 0.0000000000
38731  -9.160  -26.317  33.029 0.0000000000
38732  -15.052  -27.972  33.440 0.0000000000
38733  -15.293  -27.255  33.767 0.0000000000
38751  -9.798  -26.307  32.480 0.0000000000
38752  -10.340  -26.705  31.982 0.0000000000
38753  -14.330  -27.888  32.247 0.0000000000
38754  -14.996  -27.552  32.607 0.0000000000
38755  -15.388  -26.902  33.175 0.0000000000
38768  -11.160  -27.015  31.498 0.0000000000
38769  -12.080  -27.233  31.202 0.0000000000
38770  -13.154  -27.336  31.079 0.0000000000
38771  -14.283  -27.331  31.628 0.0000000000
38772  -14.940  -27.113  31.909 0.0000000000
38779  -13.843  -26.842  31.078 0.0000000000
38780  -14.193  -26.789  31.262 0.0000000000
39652  -16.654  -26.682  38.463 0.0000000000
39663  -16.109  -26.690  37.187 0.0000000000
39664  -16.408  -26.816  37.685 0.0000000000
39672  -15.909  -26.896  36.541 0.0000000000
39673  -16.250  -27.130  37.149 0.0000000000
39687  -15.417  -26.704  35.609 0.0000000000
39702  -8.009  -25.959  34.169 0.0000000000
39703  -15.297  -26.487  34.660 0.0000000000
39718  -8.639  -25.623  33.613 0.0000000000
39719  -9.231  -25.464  33.208 0.0000000000
39720  -15.432  -26.311  33.719 0.0000000000
39739  -9.658  -25.605  32.717 0.0000000000
39740  -10.221  -25.783  32.129 0.0000000000
39741  -15.161  -26.874  32.166 0.0000000000
39742  -15.427  -26.342  32.668 0.0000000000
39761  -10.918  -26.033  31.553 0.0000000000
39762  -11.807  -26.291  31.063 0.0000000000
39763  -12.539  -26.699  30.851 0.0000000000
39764  -14.425  -26.687  31.382 0.0000000000
39765  -14.982  -26.329  31.669 0.0000000000
39766  -15.427  -25.836  32.167 0.0000000000
39783  -12.506  -26.080  30.718 0.0000000000
39784  -13.288  -26.336  30.703 0.0000000000
39785  -14.224  -26.225  31.074 0.0000000000
39786  -14.665  -25.817  31.274 0.0000000000
40670  -15.863  -25.569  37.995 0.0000000000
40683  -15.011  -25.425  37.323 0.0000000000
40684  -15.731  -25.920  37.433 0.0000000000
40685  -16.344  -26.262  37.972 0.0000000000
40695  -14.882  -25.494  36.906 0.0000000000
40696  -15.248  -26.075  36.390 0.0000000000
40702  -14.913  -25.429  36.266 0.0000000000
40703  -15.126  -25.701  35.530 0.0000000000
40711  -7.372  -25.508  34.022 0.0000000000
40712  -8.089  -25.270  33.938 0.0000000000
40713  -15.453  -25.478  34.532 0.0000000000
40726  -7.750  -24.888  33.361 0.0000000000
40727  -8.484  -24.914  33.604 0.0000000000
40728  -9.050  -24.955  33.413 0.0000000000
40729  -15.684  -25.380  33.499 0.0000000000
40742  -7.055  -24.820  32.532 0.0000000000
40743  -7.733  -24.593  32.804 0.0000000000
40744  -9.546  -24.899  32.945 0.0000000000
40745  -10.122  -24.976  32.386 0.0000000000
40746  -15.716  -25.287  32.563 0.0000000000
40759  -6.222  -24.840  31.871 0.0000000000
40760  -6.833  -24.638  31.935 0.0000000000
40761  -10.721  -25.111  31.730 0.0000000000
40762  -11.551  -25.265  31.196 0.0000000000
40763  -12.215  -25.009  30.843 0.0000000000
40764  -14.988  -25.327  31.391 0.0000000000
40765  -15.470  -25.309  31.868 0.0000000000
40780  -12.159  -25.607  30.825 0.0000000000
40781  -12.870  -25.365  30.630 0.0000000000
40782  -13.791  -25.459  30.696 0.0000000000
40783  -14.473  -25.356  31.013 0.0000000000
41734  -12.212  -24.420  39.110 0.0000000000
41735  -12.978  -24.483  38.670 0.0000000000
41736  -14.158  -24.569  38.376 0.0000000000
41737  -15.464  -25.128  38.202 0.0000000000
41753  -13.561  -24.431  38.054 0.0000000000
41754  -14.368  -24.931  37.495 0.0000000000
41755  -15.135  -25.348  37.575 0.0000000000
41767  -14.562  -24.769  36.562 0.0000000000
41768  -14.921  -24.391  36.077 0.0000000000
41776  -14.922  -25.001  35.961 0.0000000000
41777  -15.301  -24.607  35.384 0.0000000000
41781  -15.869  -24.367  34.335 0.0000000000
41782  -16.222  -23.649  33.753 0.0000000000
41786  -8.079  -24.454  32.889 0.0000000000
41787  -8.467  -24.534  33.194 0.0000000000
41788  -8.795  -24.635  33.368 0.0000000000
41789  -16.061  -24.410  33.148 0.0000000000
41790  -16.271  -23.703  33.060 0.0000000000
41800  -7.256  -24.454  31.915 0.0000000000
41801  -7.944  -24.238  32.262 0.0000000000
41802  -8.538  -24.172  32.684 0.0000000000
41803  -9.150  -24.273  32.996 0.0000000000
41804  -9.890  -24.267  32.481 0.0000000000
41805  -15.888  -24.300  32.162 0.0000000000
41806  -16.138  -23.950  32.681 0.0000000000
41818  -6.754  -24.414  31.334 0.0000000000
41819  -7.579  -24.088  31.399 0.0000000000
41820  -10.613  -24.284  31.975 0.0000000000
41821  -11.307  -24.415  31.504 0.0000000000
41822  -11.960  -24.423  31.128 0.0000000000
41823  -14.874  -24.479  31.103 0.0000000000
41824  -15.387  -24.606  31.566 0.0000000000
41837  -6.482  -24.100  30.261 0.0000000000
41838  -7.186  -24.037  30.840 0.0000000000
41839  -12.687  -24.426  30.792 0.0000000000
41840  -13.548  -24.590  30.658 0.0000000000
41841  -14.237  -24.760  30.751 0.0000000000
41883  -11.156  -23.934  27.311 0.0000000000
41884  -11.568  -23.896  27.275 0.0000000000
41896  -9.770  -23.976  26.639 0.0000000000
41897  -10.486  -24.109  26.833 0.0000000000
41898  -11.484  -24.177  26.757 0.0000000000
41899  -11.905  -24.210  26.346 0.0000000000
41911  -9.456  -23.938  26.309 0.0000000000
41912  -9.945  -24.041  26.117 0.0000000000
41913  -10.777  -24.231  26.033 0.0000000000
41914  -11.479  -24.286  26.023 0.0000000000
41946  -7.504  -24.250  21.497 0.0000000000
41954  -7.990  -24.233  20.968 0.0000000000
41963  -7.588  -24.203  20.199 0.0000000000
41964  -8.268  -23.943  20.492 0.0000000000
42714  -12.149  -24.031  38.681 0.0000000000
42715  -12.873  -23.977  38.148 0.0000000000
42729  -13.590  -23.985  37.632 0.0000000000
42730  -14.192  -23.958  37.057 0.0000000000
42746  -14.654  -23.799  36.459 0.0000000000
42747  -15.149  -23.681  35.905 0.0000000000
42762  -15.612  -23.561  35.210 0.0000000000
42769  -16.013  -23.263  34.516 0.0000000000
42770  -16.233  -22.952  33.980 0.0000000000
42774  -16.391  -23.085  33.338 0.0000000000
42778  -8.287  -23.982  32.035 0.0000000000
42779  -8.519  -23.886  32.156 0.0000000000
42780  -9.032  -23.719  32.365 0.0000000000
42781  -9.585  -23.774  32.345 0.0000000000
42782  -15.928  -23.741  31.970 0.0000000000
42783  -16.200  -23.338  32.385 0.0000000000
42790  -8.278  -23.747  31.613 0.0000000000
42791  -8.874  -23.423  31.779 0.0000000000
42792  -9.564  -23.177  31.751 0.0000000000
42793  -10.295  -23.524  31.936 0.0000000000
42794  -11.241  -23.506  31.485 0.0000000000
42795  -11.730  -23.949  31.359 0.0000000000
42796  -14.965  -23.856  31.039 0.0000000000
42797  -15.579  -23.557  31.433 0.0000000000
42798  -16.102  -22.917  31.810 0.0000000000
42809  -7.002  -23.534  29.869 0.0000000000
42810  -7.760  -23.330  30.494 0.0000000000
42811  -8.737  -23.154  31.098 0.0000000000
42812  -9.143  -23.066  31.432 0.0000000000
42813  -11.675  -22.977  31.034 0.0000000000
42814  -12.218  -23.508  30.946 0.0000000000
42815  -13.301  -23.656  30.629 0.0000000000
42816  -14.381  -23.832  30.715 0.0000000000
42817  -15.000  -23.541  30.952 0.0000000000
42830  -6.293  -23.488  29.267 0.0000000000
42831  -7.355  -23.108  29.563 0.0000000000
42847  -6.150  -23.348  28.220 0.0000000000
42848  -7.474  -23.133  28.647 0.0000000000
42849  -8.764  -23.123  28.492 0.0000000000
42850  -9.858  -22.985  28.368 0.0000000000
42851  -10.919  -22.957  28.339 0.0000000000
42852  -11.509  -22.877  28.243 0.0000000000
42868  -5.725  -23.438  27.231 0.0000000000
42869  -6.999  -23.397  27.472 0.0000000000
42870  -8.260  -23.541  27.673 0.0000000000
42871  -9.386  -23.584  27.750 0.0000000000
42872  -10.485  -23.594  27.671 0.0000000000
42873  -11.702  -23.397  27.721 0.0000000000
42874  -12.394  -23.213  27.519 0.0000000000
42888  -6.548  -23.490  26.411 0.0000000000
42889  -7.885  -23.675  26.607 0.0000000000
42890  -9.080  -23.873  26.845 0.0000000000
42891  -9.844  -23.883  27.161 0.0000000000
42892  -11.854  -23.883  27.198 0.0000000000
42893  -12.438  -23.697  26.826 0.0000000000
42894  -13.131  -23.405  26.463 0.0000000000
42908  -6.056  -23.547  25.402 0.0000000000
42909  -7.452  -23.536  25.511 0.0000000000
42910  -9.001  -23.765  25.695 0.0000000000
42911  -10.222  -23.785  25.400 0.0000000000
42912  -11.164  -24.073  25.384 0.0000000000
42913  -12.037  -24.224  25.791 0.0000000000
42914  -12.990  -23.736  25.694 0.0000000000
42915  -13.454  -23.559  25.148 0.0000000000
42932  -6.848  -23.491  24.500 0.0000000000
42933  -8.315  -23.273  24.489 0.0000000000
42934  -9.654  -23.327  24.584 0.0000000000
42935  -10.704  -23.604  24.658 0.0000000000
42936  -11.827  -23.981  24.734 0.0000000000
42937  -12.852  -23.767  24.581 0.0000000000
42938  -13.652  -23.488  24.595 0.0000000000
42956  -7.460  -23.480  23.582 0.0000000000
42957  -8.546  -23.140  23.468 0.0000000000
42958  -10.325  -23.139  24.110 0.0000000000
42959  -11.063  -23.390  23.947 0.0000000000
42960  -12.026  -23.566  23.814 0.0000000000
42961  -12.978  -23.516  23.776 0.0000000000
42962  -13.766  -23.343  23.857 0.0000000000
42979  -7.941  -23.577  22.736 0.0000000000
42980  -8.915  -23.177  22.644 0.0000000000
42994  -7.465  -24.047  22.124 0.0000000000
42995  -8.307  -23.736  21.823 0.0000000000
42996  -9.390  -23.190  21.795 0.0000000000
42997  -10.007  -22.897  21.533 0.0000000000
43009  -8.788  -23.738  20.961 0.0000000000
43010  -9.685  -23.203  20.821 0.0000000000
43011  -10.221  -22.825  21.209 0.0000000000
43020  -7.209  -24.047  19.429 0.0000000000
43021  -8.643  -23.527  19.877 0.0000000000
43022  -9.493  -23.139  20.168 0.0000000000
43033  -7.840  -23.435  18.917 0.0000000000
43034  -8.582  -23.193  19.148 0.0000000000
43734  -11.936  -22.751  38.854 0.0000000000
43747  -11.870  -23.387  38.831 0.0000000000
43748  -12.454  -23.093  38.510 0.0000000000
43749  -13.186  -23.074  37.948 0.0000000000
43763  -13.879  -23.029  37.423 0.0000000000
43764  -14.385  -22.986  36.814 0.0000000000
43779  -14.843  -22.892  36.281 0.0000000000
43780  -15.313  -22.776  35.735 0.0000000000
43796  -15.639  -22.628  35.108 0.0000000000
43808  -15.944  -22.384  34.421 0.0000000000
43809  -16.271  -22.370  33.732 0.0000000000
43817  -16.457  -22.407  33.040 0.0000000000
43821  -16.408  -22.226  32.171 0.0000000000
43829  -9.868  -22.696  31.350 0.0000000000
43830  -10.305  -22.843  31.495 0.0000000000
43831  -10.753  -23.068  31.546 0.0000000000
43832  -15.570  -22.826  31.071 0.0000000000
43833  -16.034  -22.496  31.323 0.0000000000
43843  -8.235  -22.541  30.152 0.0000000000
43844  -8.731  -22.526  30.443 0.0000000000
43845  -9.424  -22.616  30.988 0.0000000000
43846  -10.211  -22.369  30.977 0.0000000000
43847  -11.090  -22.551  31.036 0.0000000000
43848  -12.059  -22.469  30.503 0.0000000000
43849  -12.937  -22.792  30.399 0.0000000000
43850  -13.965  -22.791  30.265 0.0000000000
43851  -15.045  -22.902  30.664 0.0000000000
43852  -15.633  -22.395  30.805 0.0000000000
43865  -7.966  -22.658  29.750 0.0000000000
43866  -8.761  -22.191  29.768 0.0000000000
43867  -9.677  -21.921  29.435 0.0000000000
43868  -10.173  -21.838  29.333 0.0000000000
43869  -12.239  -22.074  30.075 0.0000000000
43870  -12.644  -22.203  29.981 0.0000000000
43871  -13.339  -22.286  29.921 0.0000000000
43887  -7.774  -22.877  29.298 0.0000000000
43888  -8.324  -22.717  29.187 0.0000000000
43889  -9.266  -22.472  29.016 0.0000000000
43890  -10.335  -22.212  28.917 0.0000000000
43891  -11.506  -22.310  28.547 0.0000000000
43892  -12.105  -21.999  28.483 0.0000000000
43911  -11.835  -22.787  28.171 0.0000000000
43912  -12.464  -22.477  27.908 0.0000000000
43913  -13.146  -22.133  27.620 0.0000000000
43929  -12.742  -23.073  27.366 0.0000000000
43930  -13.400  -22.731  26.982 0.0000000000
43931  -14.130  -22.403  26.581 0.0000000000
43945  -13.483  -23.281  26.252 0.0000000000
43946  -14.170  -23.067  25.765 0.0000000000
43947  -14.829  -22.751  25.134 0.0000000000
43961  -9.151  -22.943  23.993 0.0000000000
43962  -9.795  -22.897  23.917 0.0000000000
43963  -14.383  -23.128  24.547 0.0000000000
43964  -15.096  -22.621  24.475 0.0000000000
43975  -9.422  -22.841  23.353 0.0000000000
43976  -10.344  -22.847  23.425 0.0000000000
43977  -11.290  -23.017  23.226 0.0000000000
43978  -12.242  -23.132  23.090 0.0000000000
43979  -13.246  -23.116  23.125 0.0000000000
43980  -14.357  -22.935  23.465 0.0000000000
43981  -15.284  -22.415  23.544 0.0000000000
43991  -9.776  -22.796  22.651 0.0000000000
43992  -10.601  -22.723  22.610 0.0000000000
43993  -11.483  -22.648  22.466 0.0000000000
43994  -12.513  -22.652  22.411 0.0000000000
43995  -13.626  -22.742  22.438 0.0000000000
43996  -14.749  -22.421  22.524 0.0000000000
43997  -15.419  -22.160  22.960 0.0000000000
44006  -10.069  -22.761  22.071 0.0000000000
44007  -10.640  -22.616  21.747 0.0000000000
44008  -11.650  -22.187  21.544 0.0000000000
44009  -12.897  -22.256  21.744 0.0000000000
44010  -13.976  -22.321  21.778 0.0000000000
44011  -14.565  -22.197  21.912 0.0000000000
44022  -9.848  -22.923  20.348 0.0000000000
44023  -10.476  -22.554  20.726 0.0000000000
44024  -11.328  -21.997  20.633 0.0000000000
44034  -8.942  -23.044  19.326 0.0000000000
44035  -9.638  -22.752  19.714 0.0000000000
44036  -10.753  -21.976  19.777 0.0000000000
44037  -11.408  -21.731  20.173 0.0000000000
44052  -5.752  -22.936  18.364 0.0000000000
44053  -7.173  -22.665  18.568 0.0000000000
44054  -8.703  -22.553  18.795 0.0000000000
44055  -9.918  -22.020  18.983 0.0000000000
44056  -10.453  -21.668  19.207 0.0000000000
44829  -11.813  -21.881  39.105 0.0000000000
44830  -12.251  -22.233  38.637 0.0000000000
44847  -12.258  -21.476  38.538 0.0000000000
44848  -12.825  -21.890  38.106 0.0000000000
44849  -13.474  -22.241  37.602 0.0000000000
44867  -13.366  -21.373  37.463 0.0000000000
44868  -14.044  -21.829  36.862 0.0000000000
44869  -14.521  -22.364  36.499 0.0000000000
44886  -14.333  -21.255  36.361 0.0000000000
44887  -14.845  -21.752  35.995 0.0000000000
44888  -15.346  -22.186  35.520 0.0000000000
44906  -15.104  -21.200  35.539 0.0000000000
44907  -15.513  -21.618  35.141 0.0000000000
44921  -16.015  -21.473  34.026 0.0000000000
44922  -16.331  -21.924  33.481 0.0000000000
44933  -16.204  -21.020  33.589 0.0000000000
44934  -16.450  -21.446  33.076 0.0000000000
44943  -16.513  -21.304  32.220 0.0000000000
44951  -16.353  -21.568  31.482 0.0000000000
44961  -9.280  -22.139  30.408 0.0000000000
44962  -9.867  -21.935  30.470 0.0000000000
44963  -10.718  -21.837  30.434 0.0000000000
44964  -11.568  -21.958  30.274 0.0000000000
44965  -12.007  -22.020  30.132 0.0000000000
44966  -14.670  -22.248  30.065 0.0000000000
44967  -15.376  -21.931  30.258 0.0000000000
44968  -16.004  -21.795  30.772 0.0000000000
44978  -8.995  -22.043  30.190 0.0000000000
44979  -9.402  -21.721  30.021 0.0000000000
44980  -10.286  -21.609  29.721 0.0000000000
44981  -11.259  -21.659  29.698 0.0000000000
44982  -12.193  -21.834  29.651 0.0000000000
44983  -13.110  -21.846  29.489 0.0000000000
44984  -14.019  -21.828  29.615 0.0000000000
44985  -14.861  -21.724  29.709 0.0000000000
44993  -10.428  -21.815  29.283 0.0000000000
44994  -10.935  -21.795  29.172 0.0000000000
44995  -11.875  -21.573  28.936 0.0000000000
44996  -12.952  -21.377  28.922 0.0000000000
44997  -13.532  -21.487  29.214 0.0000000000
45008  -12.515  -21.760  28.469 0.0000000000
45009  -13.144  -21.569  28.079 0.0000000000
45010  -13.711  -21.293  27.714 0.0000000000
45025  -13.516  -21.843  27.494 0.0000000000
45026  -14.159  -21.633  27.075 0.0000000000
45027  -14.948  -21.429  26.620 0.0000000000
45042  -14.634  -22.141  26.404 0.0000000000
45043  -15.331  -21.910  25.638 0.0000000000
45044  -16.080  -21.279  25.077 0.0000000000
45058  -15.788  -21.971  24.438 0.0000000000
45059  -16.369  -21.209  24.247 0.0000000000
45072  -15.892  -21.841  23.462 0.0000000000
45073  -16.443  -21.147  23.232 0.0000000000
45086  -14.921  -22.108  22.014 0.0000000000
45087  -15.601  -21.749  22.375 0.0000000000
45088  -16.554  -20.963  22.269 0.0000000000
45098  -11.780  -21.859  21.002 0.0000000000
45099  -12.336  -21.740  21.170 0.0000000000
45100  -13.354  -21.698  21.278 0.0000000000
45101  -14.626  -21.755  21.438 0.0000000000
45102  -15.894  -21.094  21.275 0.0000000000
45103  -16.661  -20.651  21.659 0.0000000000
45111  -11.848  -21.617  20.565 0.0000000000
45112  -12.625  -21.211  20.557 0.0000000000
45113  -13.787  -21.156  20.724 0.0000000000
45114  -14.844  -21.113  20.637 0.0000000000
45115  -15.515  -20.814  20.548 0.0000000000
45125  -10.824  -21.420  19.327 0.0000000000
45126  -11.637  -21.242  19.754 0.0000000000
45127  -12.415  -20.827  19.884 0.0000000000
45143  -6.472  -21.671  18.496 0.0000000000
45144  -7.855  -21.497  18.556 0.0000000000
45145  -9.119  -21.357  18.680 0.0000000000
45146  -10.210  -21.188  18.887 0.0000000000
45147  -10.956  -20.923  19.158 0.0000000000
45944  -11.884  -20.786  38.732 0.0000000000
45961  -12.400  -20.619  37.913 0.0000000000
45962  -12.930  -21.048  37.700 0.0000000000
45978  -12.484  -20.057  37.369 0.0000000000
45979  -13.078  -20.389  37.151 0.0000000000
45980  -13.617  -21.005  36.991 0.0000000000
45999  -13.299  -20.042  36.558 0.0000000000
46000  -13.906  -20.523  36.352 0.0000000000
46001  -14.462  -21.001  36.088 0.0000000000
46023  -14.153  -20.111  35.738 0.0000000000
46024  -14.704  -20.566  35.519 0.0000000000
46025  -15.227  -20.949  35.304 0.0000000000
46048  -14.909  -20.234  35.015 0.0000000000
46049  -15.337  -20.581  34.769 0.0000000000
46069  -15.826  -20.499  33.826 0.0000000000
46070  -16.254  -20.717  33.282 0.0000000000
46085  -16.111  -20.142  33.201 0.0000000000
46086  -16.402  -20.571  32.602 0.0000000000
46102  -16.470  -20.709  31.779 0.0000000000
46115  -15.808  -21.386  30.333 0.0000000000
46116  -16.311  -20.824  30.738 0.0000000000
46128  -14.602  -21.402  29.428 0.0000000000
46129  -15.434  -21.007  29.655 0.0000000000
46130  -16.200  -20.248  30.093 0.0000000000
46141  -13.459  -21.241  28.525 0.0000000000
46142  -14.083  -21.072  28.915 0.0000000000
46143  -15.158  -20.389  28.636 0.0000000000
46157  -13.677  -21.066  28.210 0.0000000000
46158  -14.280  -20.721  27.867 0.0000000000
46159  -15.252  -20.218  27.674 0.0000000000
46173  -14.802  -20.849  27.140 0.0000000000
46174  -15.540  -20.504  26.597 0.0000000000
46175  -16.178  -20.099  26.012 0.0000000000
46185  -15.950  -20.817  25.708 0.0000000000
46186  -16.456  -20.233  25.093 0.0000000000
46199  -16.820  -20.388  23.988 0.0000000000
46214  -16.909  -20.350  23.036 0.0000000000
46235  -17.159  -20.124  22.100 0.0000000000
46236  -17.339  -19.593  21.861 0.0000000000
46256  -16.057  -20.577  20.642 0.0000000000
46257  -16.781  -20.166  21.073 0.0000000000
46258  -17.210  -19.823  21.583 0.0000000000
46283  -13.187  -20.674  20.107 0.0000000000
46284  -14.169  -20.620  20.180 0.0000000000
46285  -15.041  -20.616  20.110 0.0000000000
46286  -15.723  -20.468  20.152 0.0000000000
46287  -16.294  -20.176  20.206 0.0000000000
46307  -6.269  -19.990  19.266 0.0000000000
46308  -6.813  -19.777  19.079 0.0000000000
46309  -12.052  -20.695  19.548 0.0000000000
46310  -12.588  -20.316  19.411 0.0000000000
46311  -13.639  -20.226  19.592 0.0000000000
46312  -14.578  -20.214  19.634 0.0000000000
46313  -15.433  -20.195  19.683 0.0000000000
46314  -15.945  -20.188  19.822 0.0000000000
46336  -5.779  -20.778  18.815 0.0000000000
46337  -7.119  -20.384  18.832 0.0000000000
46338  -8.412  -20.472  18.639 0.0000000000
46339  -9.497  -20.453  18.615 0.0000000000
46340  -10.492  -20.381  18.764 0.0000000000
46341  -11.565  -20.350  19.128 0.0000000000
46342  -12.131  -20.029  19.041 0.0000000000
47243  -11.440  -20.033  38.883 0.0000000000
47259  -10.987  -19.217  38.168 0.0000000000
47260  -11.717  -20.017  38.197 0.0000000000
47273  -11.168  -18.978  37.422 0.0000000000
47274  -11.928  -19.444  37.287 0.0000000000
47275  -12.584  -19.808  37.085 0.0000000000
47288  -12.127  -19.127  36.592 0.0000000000
47289  -12.777  -19.498  36.404 0.0000000000
47290  -13.427  -19.865  36.248 0.0000000000
47305  -13.004  -19.212  35.721 0.0000000000
47306  -13.645  -19.581  35.553 0.0000000000
47307  -14.286  -19.951  35.386 0.0000000000
47326  -13.881  -19.295  34.844 0.0000000000
47327  -14.608  -19.686  34.648 0.0000000000
47328  -15.319  -20.060  34.228 0.0000000000
47350  -14.827  -19.231  33.859 0.0000000000
47351  -15.421  -19.602  33.577 0.0000000000
47371  -16.135  -19.630  32.463 0.0000000000
47372  -16.425  -20.166  32.115 0.0000000000
47397  -16.246  -19.412  31.908 0.0000000000
47398  -16.414  -19.833  31.576 0.0000000000
47413  -16.414  -19.849  30.726 0.0000000000
47427  -16.005  -19.817  29.413 0.0000000000
47428  -16.355  -19.635  30.157 0.0000000000
47437  -15.874  -19.511  28.358 0.0000000000
47438  -16.110  -19.242  27.941 0.0000000000
47452  -15.916  -19.448  27.461 0.0000000000
47453  -16.118  -19.189  27.695 0.0000000000
47469  -16.132  -19.443  26.606 0.0000000000
47470  -16.427  -19.365  25.846 0.0000000000
47484  -16.628  -19.221  25.206 0.0000000000
47498  -16.910  -19.403  24.462 0.0000000000
47499  -17.245  -19.100  23.927 0.0000000000
47510  -17.139  -19.690  23.634 0.0000000000
47511  -17.357  -19.094  23.330 0.0000000000
47518  -17.234  -19.686  22.916 0.0000000000
47519  -17.467  -19.083  22.403 0.0000000000
47528  -17.115  -19.616  20.756 0.0000000000
47529  -17.402  -19.293  21.324 0.0000000000
47546  -16.826  -19.719  20.244 0.0000000000
47547  -17.314  -19.168  20.376 0.0000000000
47562  -5.770  -19.375  19.627 0.0000000000
47563  -6.548  -19.367  19.215 0.0000000000
47564  -12.510  -19.840  18.939 0.0000000000
47565  -13.209  -19.816  19.034 0.0000000000
47566  -14.126  -19.782  19.099 0.0000000000
47567  -15.082  -19.786  19.146 0.0000000000
47568  -16.194  -19.644  19.409 0.0000000000
47569  -17.009  -19.292  19.718 0.0000000000
47582  -7.146  -19.428  18.934 0.0000000000
47583  -7.910  -19.569  18.711 0.0000000000
47584  -8.856  -19.676  18.492 0.0000000000
47585  -9.831  -19.691  18.432 0.0000000000
47586  -10.840  -19.650  18.550 0.0000000000
47587  -11.871  -19.595  18.643 0.0000000000
47588  -12.752  -19.423  18.536 0.0000000000
47589  -13.650  -19.371  18.535 0.0000000000
47590  -14.604  -19.349  18.562 0.0000000000
47591  -15.521  -19.289  18.657 0.0000000000
48498  -10.503  -18.626  37.192 0.0000000000
48499  -11.229  -18.788  36.972 0.0000000000
48513  -9.839  -18.007  36.281 0.0000000000
48514  -10.855  -18.401  36.380 0.0000000000
48515  -11.634  -18.759  36.465 0.0000000000
48516  -12.191  -18.893  36.187 0.0000000000
48534  -11.268  -18.408  35.963 0.0000000000
48535  -11.810  -18.526  35.783 0.0000000000
48536  -12.551  -18.802  35.594 0.0000000000
48537  -13.086  -19.010  35.342 0.0000000000
48556  -12.855  -18.690  35.044 0.0000000000
48557  -13.396  -18.863  34.769 0.0000000000
48558  -13.974  -19.029  34.442 0.0000000000
48576  -13.719  -18.624  34.180 0.0000000000
48577  -14.306  -18.734  33.737 0.0000000000
48578  -14.959  -18.966  33.435 0.0000000000
48593  -14.751  -18.629  33.101 0.0000000000
48594  -15.358  -18.853  32.763 0.0000000000
48618  -16.054  -18.846  31.646 0.0000000000
48619  -16.400  -19.395  31.170 0.0000000000
48645  -16.087  -18.423  30.466 0.0000000000
48646  -16.377  -19.175  30.694 0.0000000000
48668  -16.160  -18.649  29.310 0.0000000000
48669  -16.316  -19.116  29.985 0.0000000000
48678  -16.195  -18.648  28.133 0.0000000000
48679  -16.225  -19.035  27.857 0.0000000000
48690  -16.195  -18.618  27.258 0.0000000000
48691  -16.212  -18.978  27.620 0.0000000000
48701  -16.348  -18.597  26.378 0.0000000000
48702  -16.545  -18.563  25.646 0.0000000000
48710  -16.728  -18.539  24.912 0.0000000000
48724  -17.010  -18.587  24.249 0.0000000000
48725  -17.230  -18.637  23.730 0.0000000000
48740  -17.042  -18.120  23.843 0.0000000000
48741  -17.337  -18.286  23.206 0.0000000000
48756  -17.567  -18.134  22.543 0.0000000000
48772  -17.729  -18.286  21.773 0.0000000000
48787  -17.751  -18.376  20.728 0.0000000000
48800  -6.215  -18.794  19.253 0.0000000000
48801  -6.821  -18.915  18.978 0.0000000000
48802  -16.848  -19.055  19.208 0.0000000000
48803  -17.460  -18.507  19.503 0.0000000000
48817  -5.943  -18.241  19.041 0.0000000000
48818  -6.592  -18.404  18.759 0.0000000000
48819  -7.400  -18.663  18.576 0.0000000000
48820  -8.283  -18.940  18.366 0.0000000000
48821  -9.151  -18.991  18.171 0.0000000000
48822  -10.134  -18.952  18.135 0.0000000000
48823  -11.154  -18.918  18.150 0.0000000000
48824  -12.153  -18.915  18.085 0.0000000000
48825  -13.113  -18.945  17.972 0.0000000000
48826  -14.086  -18.867  18.010 0.0000000000
48827  -15.130  -18.802  18.060 0.0000000000
48828  -16.483  -18.535  18.382 0.0000000000
48829  -17.333  -18.051  18.764 0.0000000000
48844  -7.867  -18.437  18.170 0.0000000000
48845  -8.420  -18.364  17.880 0.0000000000
48846  -9.388  -18.323  17.608 0.0000000000
48847  -10.450  -18.329  17.515 0.0000000000
48848  -11.504  -18.345  17.530 0.0000000000
48849  -12.517  -18.374  17.488 0.0000000000
48850  -13.507  -18.364  17.469 0.0000000000
48851  -14.496  -18.282  17.512 0.0000000000
48852  -15.490  -18.156  17.547 0.0000000000
48853  -16.192  -17.856  17.521 0.0000000000
49668  -10.604  -18.033  35.881 0.0000000000
49669  -10.967  -18.235  35.888 0.0000000000
49682  -10.198  -17.536  35.444 0.0000000000
49683  -11.201  -17.976  35.395 0.0000000000
49684  -12.108  -18.295  35.131 0.0000000000
49685  -12.553  -18.519  35.054 0.0000000000
49700  -10.833  -17.181  34.511 0.0000000000
49701  -11.869  -17.619  34.529 0.0000000000
49702  -12.783  -18.215  34.504 0.0000000000
49703  -13.370  -18.438  34.284 0.0000000000
49721  -11.090  -16.904  33.871 0.0000000000
49722  -11.634  -17.041  33.901 0.0000000000
49723  -12.575  -17.213  33.546 0.0000000000
49724  -13.579  -18.096  33.647 0.0000000000
49725  -14.032  -18.351  33.395 0.0000000000
49742  -12.828  -16.821  32.816 0.0000000000
49743  -13.468  -17.200  32.569 0.0000000000
49744  -14.290  -18.154  32.872 0.0000000000
49745  -14.899  -18.412  32.751 0.0000000000
49761  -13.842  -16.905  31.875 0.0000000000
49762  -14.455  -17.320  31.941 0.0000000000
49763  -15.200  -18.040  32.287 0.0000000000
49785  -14.665  -16.948  31.276 0.0000000000
49786  -15.397  -17.456  31.125 0.0000000000
49813  -15.785  -17.610  29.971 0.0000000000
49836  -15.944  -17.587  28.898 0.0000000000
49855  -16.054  -17.587  27.820 0.0000000000
49873  -16.208  -17.638  26.777 0.0000000000
49874  -16.427  -17.962  26.064 0.0000000000
49884  -16.312  -17.344  26.061 0.0000000000
49885  -16.508  -17.712  25.383 0.0000000000
49895  -16.704  -17.764  24.443 0.0000000000
49904  -16.905  -17.359  23.520 0.0000000000
49905  -17.319  -17.654  22.885 0.0000000000
49914  -17.129  -17.139  22.817 0.0000000000
49915  -17.563  -17.359  22.253 0.0000000000
49929  -17.796  -17.358  21.239 0.0000000000
49948  -17.833  -17.438  20.146 0.0000000000
49967  -17.622  -17.444  19.140 0.0000000000
49985  -6.258  -17.567  18.518 0.0000000000
49986  -6.905  -18.106  18.405 0.0000000000
49987  -16.717  -17.656  17.738 0.0000000000
49988  -17.288  -17.473  18.240 0.0000000000
49999  -6.629  -17.061  18.007 0.0000000000
50000  -7.382  -17.687  17.903 0.0000000000
50001  -8.597  -17.486  17.419 0.0000000000
50002  -9.718  -17.397  17.016 0.0000000000
50003  -10.868  -17.674  17.000 0.0000000000
50004  -11.909  -17.776  16.956 0.0000000000
50005  -12.922  -17.786  16.978 0.0000000000
50006  -13.904  -17.801  16.952 0.0000000000
50007  -14.843  -17.683  17.010 0.0000000000
50008  -15.690  -17.535  17.016 0.0000000000
50009  -16.444  -17.195  17.102 0.0000000000
50010  -17.040  -17.110  17.549 0.0000000000
50020  -9.828  -16.846  16.759 0.0000000000
50021  -10.364  -16.922  16.699 0.0000000000
50022  -11.335  -17.017  16.597 0.0000000000
50023  -12.356  -17.125  16.517 0.0000000000
50024  -13.347  -17.224  16.477 0.0000000000
50025  -14.296  -17.241  16.448 0.0000000000
50026  -15.182  -17.124  16.491 0.0000000000
50027  -15.890  -17.003  16.580 0.0000000000
50698  -10.222  -16.899  34.294 0.0000000000
50714  -10.507  -16.616  33.719 0.0000000000
50715  -11.437  -16.593  33.462 0.0000000000
50716  -12.004  -16.714  33.467 0.0000000000
50738  -10.182  -15.995  32.978 0.0000000000
50739  -11.118  -16.119  32.985 0.0000000000
50740  -12.214  -16.305  32.678 0.0000000000
50741  -12.969  -16.642  32.421 0.0000000000
50760  -12.449  -15.869  31.872 0.0000000000
50761  -13.306  -16.279  31.616 0.0000000000
50762  -14.157  -16.780  31.432 0.0000000000
50785  -13.648  -15.956  30.709 0.0000000000
50786  -14.513  -16.431  30.498 0.0000000000
50787  -15.343  -17.009  30.332 0.0000000000
50809  -14.984  -16.106  29.198 0.0000000000
50810  -15.433  -16.796  29.596 0.0000000000
50833  -15.170  -16.003  28.704 0.0000000000
50834  -15.579  -16.453  28.475 0.0000000000
50854  -15.787  -16.724  27.325 0.0000000000
50873  -9.382  -16.591  25.725 0.0000000000
50874  -10.041  -16.547  25.386 0.0000000000
50875  -15.996  -16.732  26.428 0.0000000000
50889  -9.518  -16.482  25.105 0.0000000000
50890  -10.384  -16.466  24.741 0.0000000000
50891  -11.003  -16.418  24.218 0.0000000000
50892  -16.190  -16.771  25.561 0.0000000000
50893  -16.403  -17.123  24.904 0.0000000000
50903  -9.077  -16.205  24.941 0.0000000000
50904  -9.630  -16.232  24.517 0.0000000000
50905  -10.331  -16.153  23.937 0.0000000000
50906  -11.240  -16.096  23.643 0.0000000000
50907  -11.709  -15.727  23.273 0.0000000000
50908  -16.198  -16.480  24.834 0.0000000000
50909  -16.503  -16.888  24.283 0.0000000000
50918  -10.699  -15.727  23.463 0.0000000000
50919  -11.201  -15.586  23.132 0.0000000000
50920  -11.630  -15.466  22.943 0.0000000000
50921  -16.241  -16.225  24.244 0.0000000000
50922  -16.494  -16.442  23.678 0.0000000000
50932  -16.719  -16.562  22.963 0.0000000000
50933  -17.165  -16.712  22.445 0.0000000000
50942  -16.841  -16.171  22.325 0.0000000000
50943  -17.344  -16.415  21.721 0.0000000000
50954  -17.586  -16.366  20.669 0.0000000000
50971  -17.737  -16.534  19.585 0.0000000000
50992  -6.200  -16.436  18.277 0.0000000000
50993  -17.648  -16.626  18.653 0.0000000000
51004  -6.891  -16.480  17.659 0.0000000000
51005  -7.860  -16.558  17.365 0.0000000000
51006  -8.941  -16.441  16.976 0.0000000000
51007  -9.542  -16.746  16.823 0.0000000000
51008  -16.954  -16.459  17.098 0.0000000000
51009  -17.417  -16.572  17.829 0.0000000000
51013  -9.190  -15.918  16.708 0.0000000000
51014  -9.751  -16.251  16.632 0.0000000000
51015  -10.761  -16.214  16.462 0.0000000000
51016  -11.810  -16.261  16.132 0.0000000000
51017  -12.840  -16.575  16.061 0.0000000000
51018  -13.781  -16.694  15.984 0.0000000000
51019  -14.696  -16.667  15.976 0.0000000000
51020  -15.615  -16.429  16.059 0.0000000000
51021  -16.342  -16.469  16.513 0.0000000000
51025  -11.993  -15.870  15.766 0.0000000000
51026  -12.470  -15.971  15.692 0.0000000000
51027  -13.317  -16.091  15.585 0.0000000000
51028  -14.218  -16.163  15.522 0.0000000000
51029  -15.039  -16.116  15.553 0.0000000000
51865  -10.794  -15.655  32.363 0.0000000000
51866  -11.469  -15.840  32.478 0.0000000000
51885  -10.420  -15.204  31.573 0.0000000000
51886  -11.612  -15.545  31.733 0.0000000000
51887  -12.484  -15.637  31.312 0.0000000000
51907  -9.801  -14.794  30.646 0.0000000000
51908  -10.899  -15.022  30.744 0.0000000000
51909  -11.913  -15.256  30.661 0.0000000000
51910  -12.991  -15.433  30.577 0.0000000000
51911  -13.758  -15.657  30.149 0.0000000000
51932  -9.197  -14.899  29.310 0.0000000000
51933  -10.279  -14.670  29.863 0.0000000000
51934  -11.242  -14.701  29.915 0.0000000000
51935  -12.225  -14.842  29.778 0.0000000000
51936  -13.206  -15.120  29.409 0.0000000000
51937  -14.202  -15.626  29.382 0.0000000000
51960  -9.141  -15.278  28.051 0.0000000000
51961  -9.776  -15.126  27.777 0.0000000000
51962  -13.728  -15.152  28.499 0.0000000000
51963  -14.785  -15.614  28.355 0.0000000000
51964  -15.380  -15.946  27.636 0.0000000000
51981  -9.271  -15.644  27.187 0.0000000000
51982  -10.141  -15.406  27.051 0.0000000000
51983  -10.977  -15.352  26.683 0.0000000000
51984  -11.733  -15.197  26.554 0.0000000000
51985  -13.921  -15.099  27.514 0.0000000000
51986  -14.721  -15.464  27.132 0.0000000000
51987  -15.430  -16.043  26.770 0.0000000000
52006  -9.360  -16.185  26.425 0.0000000000
52007  -10.241  -16.074  26.056 0.0000000000
52008  -11.214  -15.686  25.895 0.0000000000
52009  -12.357  -15.312  26.020 0.0000000000
52010  -13.656  -15.122  26.335 0.0000000000
52011  -14.911  -15.463  26.111 0.0000000000
52012  -15.675  -16.070  25.921 0.0000000000
52028  -10.683  -16.264  25.391 0.0000000000
52029  -11.539  -16.042  24.900 0.0000000000
52030  -12.941  -15.488  25.033 0.0000000000
52031  -14.248  -15.401  25.186 0.0000000000
52032  -15.256  -15.706  25.253 0.0000000000
52033  -15.856  -16.144  25.256 0.0000000000
52045  -9.192  -15.721  24.786 0.0000000000
52046  -9.689  -15.570  24.249 0.0000000000
52047  -10.253  -15.358  23.778 0.0000000000
52048  -11.530  -16.264  24.126 0.0000000000
52049  -12.300  -15.924  23.845 0.0000000000
52050  -13.730  -15.696  24.140 0.0000000000
52051  -14.916  -15.655  24.367 0.0000000000
52052  -15.766  -15.913  24.624 0.0000000000
52064  -10.729  -15.123  23.237 0.0000000000
52065  -11.459  -14.935  22.758 0.0000000000
52066  -12.251  -15.381  22.838 0.0000000000
52067  -13.394  -15.490  23.074 0.0000000000
52068  -14.616  -15.607  23.359 0.0000000000
52069  -15.841  -15.783  23.644 0.0000000000
52070  -16.353  -16.149  23.270 0.0000000000
52079  -11.879  -14.474  22.597 0.0000000000
52080  -12.235  -14.705  22.342 0.0000000000
52081  -13.193  -14.997  21.906 0.0000000000
52082  -14.371  -15.244  22.390 0.0000000000
52083  -15.483  -15.515  22.588 0.0000000000
52084  -16.344  -15.861  22.761 0.0000000000
52093  -13.735  -14.505  21.440 0.0000000000
52094  -14.304  -14.777  21.620 0.0000000000
52095  -15.268  -15.030  21.799 0.0000000000
52096  -16.444  -15.462  21.606 0.0000000000
52097  -17.174  -15.891  21.205 0.0000000000
52108  -16.609  -15.133  20.850 0.0000000000
52109  -17.096  -15.440  20.743 0.0000000000
52120  -17.541  -15.611  19.915 0.0000000000
52134  -6.563  -15.497  18.012 0.0000000000
52135  -17.711  -15.770  18.978 0.0000000000
52150  -7.340  -15.572  17.449 0.0000000000
52151  -8.171  -15.637  17.088 0.0000000000
52152  -8.770  -15.528  16.736 0.0000000000
52153  -17.289  -15.714  17.484 0.0000000000
52154  -17.612  -15.958  18.219 0.0000000000
52162  -9.304  -15.487  16.400 0.0000000000
52163  -10.105  -15.468  16.083 0.0000000000
52164  -11.076  -15.643  15.997 0.0000000000
52165  -11.654  -15.727  15.770 0.0000000000
52166  -16.177  -15.998  16.061 0.0000000000
52167  -16.688  -15.549  16.441 0.0000000000
52171  -10.642  -15.193  15.569 0.0000000000
52172  -11.366  -15.331  15.477 0.0000000000
52173  -12.069  -15.498  15.452 0.0000000000
52174  -12.861  -15.430  15.221 0.0000000000
52175  -13.779  -15.589  15.125 0.0000000000
52176  -14.693  -15.586  15.146 0.0000000000
52177  -15.795  -15.390  15.498 0.0000000000
52178  -16.444  -15.052  15.888 0.0000000000
52183  -13.398  -15.120  14.694 0.0000000000
52184  -14.192  -15.099  14.583 0.0000000000
52185  -15.064  -15.013  14.743 0.0000000000
52186  -15.540  -14.828  14.954 0.0000000000
53244  -9.957  -14.676  29.244 0.0000000000
53245  -10.549  -14.574  29.135 0.0000000000
53246  -11.419  -14.551  28.988 0.0000000000
53247  -12.314  -14.689  28.787 0.0000000000
53248  -12.988  -14.804  28.485 0.0000000000
53265  -9.841  -14.797  28.596 0.0000000000
53266  -10.566  -14.680  28.106 0.0000000000
53267  -11.543  -14.528  28.049 0.0000000000
53268  -12.380  -14.610  27.872 0.0000000000
53269  -13.163  -14.798  27.725 0.0000000000
53287  -10.958  -14.901  27.396 0.0000000000
53288  -11.664  -14.799  27.215 0.0000000000
53289  -12.509  -14.785  26.948 0.0000000000
53290  -13.291  -14.850  26.949 0.0000000000
53310  -13.027  -14.941  26.558 0.0000000000
53311  -13.322  -14.976  26.629 0.0000000000
53329  -9.411  -14.493  25.114 0.0000000000
53340  -9.287  -15.082  24.767 0.0000000000
53341  -9.948  -14.687  24.444 0.0000000000
53342  -10.545  -14.321  24.137 0.0000000000
53356  -10.428  -14.766  23.737 0.0000000000
53357  -10.983  -14.366  23.454 0.0000000000
53370  -11.612  -14.197  22.888 0.0000000000
53371  -12.162  -13.996  22.336 0.0000000000
53372  -12.642  -14.334  21.830 0.0000000000
53385  -12.608  -13.820  21.701 0.0000000000
53386  -13.261  -14.033  21.140 0.0000000000
53387  -14.218  -14.304  21.063 0.0000000000
53388  -15.086  -14.681  21.093 0.0000000000
53389  -15.747  -14.944  21.261 0.0000000000
53404  -13.701  -13.496  20.751 0.0000000000
53405  -14.078  -13.777  20.562 0.0000000000
53406  -14.925  -14.122  20.528 0.0000000000
53407  -16.148  -14.536  20.592 0.0000000000
53408  -16.796  -14.951  20.624 0.0000000000
53423  -16.730  -14.280  19.536 0.0000000000
53424  -17.126  -14.832  20.185 0.0000000000
53437  -6.328  -14.545  18.431 0.0000000000
53438  -16.958  -14.317  18.485 0.0000000000
53439  -17.551  -14.843  19.255 0.0000000000
53455  -6.940  -14.647  17.704 0.0000000000
53456  -7.791  -14.690  17.076 0.0000000000
53457  -8.369  -15.099  16.847 0.0000000000
53458  -17.002  -14.616  17.283 0.0000000000
53459  -17.433  -15.182  18.269 0.0000000000
53472  -7.978  -14.290  16.607 0.0000000000
53473  -8.664  -14.644  16.268 0.0000000000
53474  -9.434  -15.064  15.996 0.0000000000
53475  -16.624  -14.571  16.228 0.0000000000
53482  -8.934  -14.179  15.621 0.0000000000
53483  -9.769  -14.535  15.332 0.0000000000
53484  -10.983  -14.830  15.044 0.0000000000
53485  -11.843  -14.982  15.073 0.0000000000
53486  -12.345  -15.163  15.104 0.0000000000
53487  -15.814  -14.350  15.109 0.0000000000
53488  -16.298  -14.656  15.620 0.0000000000
53496  -10.071  -13.924  14.590 0.0000000000
53497  -10.737  -14.176  14.549 0.0000000000
53498  -11.670  -14.446  14.549 0.0000000000
53499  -12.625  -14.762  14.617 0.0000000000
53500  -13.587  -14.500  14.155 0.0000000000
53501  -14.546  -14.313  14.237 0.0000000000
53502  -15.273  -14.468  14.686 0.0000000000
53511  -13.733  -14.081  13.854 0.0000000000
53512  -14.018  -14.257  13.870 0.0000000000
54628  -8.663  -13.545  26.322 0.0000000000
54629  -9.220  -13.444  26.099 0.0000000000
54642  -9.100  -14.054  25.683 0.0000000000
54643  -9.813  -13.784  25.456 0.0000000000
54644  -10.512  -13.461  25.242 0.0000000000
54656  -10.373  -14.009  24.733 0.0000000000
54657  -11.051  -13.624  24.476 0.0000000000
54658  -11.802  -13.278  24.258 0.0000000000
54670  -11.602  -13.779  23.601 0.0000000000
54671  -12.216  -13.296  23.648 0.0000000000
54686  -11.992  -13.724  23.028 0.0000000000
54687  -12.468  -13.278  22.832 0.0000000000
54688  -12.813  -13.036  22.364 0.0000000000
54704  -12.561  -13.478  22.130 0.0000000000
54705  -13.014  -13.232  21.685 0.0000000000
54723  -13.415  -13.163  20.940 0.0000000000
54724  -13.992  -12.994  20.247 0.0000000000
54725  -14.695  -13.520  19.975 0.0000000000
54726  -15.449  -13.812  20.070 0.0000000000
54744  -14.662  -12.860  19.295 0.0000000000
54745  -15.324  -13.510  19.308 0.0000000000
54746  -16.062  -13.791  19.739 0.0000000000
54762  -14.837  -12.482  18.707 0.0000000000
54763  -15.384  -12.888  18.300 0.0000000000
54764  -16.148  -13.742  18.830 0.0000000000
54778  -5.589  -13.129  17.986 0.0000000000
54779  -6.355  -13.561  17.727 0.0000000000
54780  -7.151  -14.144  17.344 0.0000000000
54781  -15.752  -12.937  17.023 0.0000000000
54782  -16.408  -13.605  17.758 0.0000000000
54797  -6.562  -13.028  16.642 0.0000000000
54798  -7.398  -13.797  16.667 0.0000000000
54799  -8.071  -14.070  16.300 0.0000000000
54800  -15.890  -13.080  15.985 0.0000000000
54801  -16.451  -13.729  16.631 0.0000000000
54814  -6.703  -12.716  16.240 0.0000000000
54815  -7.063  -13.059  15.918 0.0000000000
54816  -8.311  -13.525  15.597 0.0000000000
54817  -9.082  -13.940  15.309 0.0000000000
54818  -15.733  -13.386  15.138 0.0000000000
54819  -16.334  -13.899  15.690 0.0000000000
54833  -8.735  -13.029  14.869 0.0000000000
54834  -9.367  -13.481  14.685 0.0000000000
54835  -10.556  -13.289  14.073 0.0000000000
54836  -11.490  -13.771  14.008 0.0000000000
54837  -12.371  -14.093  14.057 0.0000000000
54838  -12.961  -14.269  14.151 0.0000000000
54839  -14.681  -13.376  13.953 0.0000000000
54840  -15.279  -13.800  14.527 0.0000000000
54856  -10.969  -12.782  13.693 0.0000000000
54857  -11.430  -13.022  13.639 0.0000000000
54858  -12.269  -13.325  13.610 0.0000000000
54859  -13.252  -13.732  13.759 0.0000000000
54860  -14.071  -13.822  13.742 0.0000000000
55969  -7.985  -12.681  26.591 0.0000000000
55970  -8.787  -12.707  26.479 0.0000000000
55971  -9.522  -12.846  26.236 0.0000000000
55983  -10.228  -12.842  25.924 0.0000000000
55984  -10.912  -12.741  25.473 0.0000000000
55993  -11.589  -12.657  24.943 0.0000000000
55994  -12.242  -12.564  24.390 0.0000000000
56003  -12.724  -12.555  23.616 0.0000000000
56004  -13.146  -12.256  23.244 0.0000000000
56013  -12.895  -12.732  22.894 0.0000000000
56014  -13.372  -12.462  22.507 0.0000000000
56015  -13.950  -12.146  22.164 0.0000000000
56024  -13.626  -12.660  21.610 0.0000000000
56025  -14.177  -12.096  21.514 0.0000000000
56037  -13.852  -12.623  20.962 0.0000000000
56038  -14.328  -12.157  20.695 0.0000000000
56054  -14.478  -12.210  19.839 0.0000000000
56069  -14.630  -12.104  19.043 0.0000000000
56070  -14.893  -11.980  18.314 0.0000000000
56088  -5.530  -12.625  17.409 0.0000000000
56089  -6.137  -12.900  17.103 0.0000000000
56090  -15.326  -11.866  17.377 0.0000000000
56107  -5.543  -12.236  16.854 0.0000000000
56108  -6.125  -12.328  16.617 0.0000000000
56109  -6.446  -11.999  16.288 0.0000000000
56110  -15.485  -12.130  16.237 0.0000000000
56123  -6.529  -12.568  16.386 0.0000000000
56124  -6.828  -12.176  16.071 0.0000000000
56125  -7.695  -12.386  15.493 0.0000000000
56126  -15.483  -12.420  15.268 0.0000000000
56140  -8.413  -12.478  14.958 0.0000000000
56141  -9.085  -12.505  14.502 0.0000000000
56142  -9.893  -12.536  14.119 0.0000000000
56143  -14.576  -12.374  13.872 0.0000000000
56144  -15.200  -12.862  14.488 0.0000000000
56157  -10.638  -12.418  13.742 0.0000000000
56158  -11.290  -12.348  13.535 0.0000000000
56159  -12.064  -12.455  13.383 0.0000000000
56160  -13.018  -12.690  13.301 0.0000000000
56161  -13.952  -12.988  13.520 0.0000000000
57380  -7.167  -11.800  26.173 0.0000000000
57381  -8.110  -11.794  26.291 0.0000000000
57382  -8.978  -11.925  26.306 0.0000000000
57383  -9.693  -12.090  26.191 0.0000000000
57400  -7.426  -11.225  25.300 0.0000000000
57401  -8.383  -11.249  25.793 0.0000000000
57402  -9.236  -11.330  25.886 0.0000000000
57403  -10.238  -11.679  25.863 0.0000000000
57404  -11.160  -11.712  25.510 0.0000000000
57418  -7.166  -11.032  24.531 0.0000000000
57419  -11.898  -11.642  25.022 0.0000000000
57420  -12.653  -11.556  24.400 0.0000000000
57421  -13.167  -11.243  24.018 0.0000000000
57428  -13.108  -11.867  23.782 0.0000000000
57429  -13.484  -11.508  23.373 0.0000000000
57430  -13.992  -11.104  23.051 0.0000000000
57438  -13.809  -11.714  22.668 0.0000000000
57439  -14.324  -11.352  22.293 0.0000000000
57448  -14.725  -11.292  21.316 0.0000000000
57449  -15.179  -10.905  20.769 0.0000000000
57457  -14.802  -11.524  20.371 0.0000000000
57458  -15.310  -10.934  20.074 0.0000000000
57469  -14.913  -11.557  19.564 0.0000000000
57470  -15.375  -10.909  19.249 0.0000000000
57485  -14.988  -11.498  18.855 0.0000000000
57486  -15.577  -11.008  18.235 0.0000000000
57506  -4.590  -11.951  17.362 0.0000000000
57507  -5.218  -12.180  16.986 0.0000000000
57508  -15.574  -10.881  17.248 0.0000000000
57522  -4.113  -11.238  16.780 0.0000000000
57523  -5.309  -11.656  16.475 0.0000000000
57524  -6.211  -11.716  16.241 0.0000000000
57525  -6.568  -11.803  16.129 0.0000000000
57526  -15.462  -11.093  16.442 0.0000000000
57535  -5.489  -11.203  16.010 0.0000000000
57536  -5.955  -11.214  15.933 0.0000000000
57537  -6.724  -11.354  15.821 0.0000000000
57538  -7.554  -11.445  15.503 0.0000000000
57539  -14.673  -11.025  14.596 0.0000000000
57540  -15.208  -11.281  15.386 0.0000000000
57551  -8.209  -11.632  15.033 0.0000000000
57552  -8.802  -11.724  14.610 0.0000000000
57553  -9.573  -11.703  14.259 0.0000000000
57554  -14.419  -11.375  13.925 0.0000000000
57555  -14.965  -11.882  14.559 0.0000000000
57564  -10.302  -11.754  13.867 0.0000000000
57565  -10.945  -11.752  13.619 0.0000000000
57566  -11.701  -11.655  13.454 0.0000000000
57567  -12.660  -11.663  13.213 0.0000000000
57568  -13.764  -11.830  13.377 0.0000000000
58604  -8.044  -10.966  25.249 0.0000000000
58605  -8.600  -10.806  25.304 0.0000000000
58606  -9.484  -10.733  25.367 0.0000000000
58607  -10.424  -10.808  25.324 0.0000000000
58608  -11.227  -10.903  25.181 0.0000000000
58626  -7.822  -10.788  24.541 0.0000000000
58627  -8.780  -10.467  24.646 0.0000000000
58628  -9.613  -10.300  24.497 0.0000000000
58629  -10.641  -10.320  24.701 0.0000000000
58630  -11.732  -10.510  24.681 0.0000000000
58631  -12.726  -10.355  24.133 0.0000000000
58632  -13.327  -10.862  23.868 0.0000000000
58649  -8.302  -10.358  23.930 0.0000000000
58650  -8.951  -10.290  24.151 0.0000000000
58651  -12.933  -9.770  23.766 0.0000000000
58652  -13.548  -10.348  23.567 0.0000000000
58653  -14.233  -10.360  22.887 0.0000000000
58665  -14.666  -10.352  22.065 0.0000000000
58674  -15.177  -10.294  21.333 0.0000000000
58675  -15.505  -10.211  20.604 0.0000000000
58681  -15.696  -10.169  19.803 0.0000000000
58693  -15.797  -10.155  18.942 0.0000000000
58712  -15.968  -10.082  18.250 0.0000000000
58730  -15.836  -10.177  17.536 0.0000000000
58740  -4.608  -10.950  16.155 0.0000000000
58741  -5.212  -11.160  16.042 0.0000000000
58742  -15.612  -10.164  16.669 0.0000000000
58750  -3.614  -9.981  15.774 0.0000000000
58751  -4.311  -10.296  15.675 0.0000000000
58752  -5.419  -10.640  15.677 0.0000000000
58753  -6.495  -10.521  15.566 0.0000000000
58754  -7.451  -10.533  15.472 0.0000000000
58755  -8.438  -10.663  15.099 0.0000000000
58756  -9.131  -10.361  14.913 0.0000000000
58757  -14.744  -10.246  14.981 0.0000000000
58758  -15.257  -10.213  15.808 0.0000000000
58765  -8.633  -11.207  14.797 0.0000000000
58766  -9.175  -10.904  14.555 0.0000000000
58767  -10.267  -10.857  14.166 0.0000000000
58768  -11.211  -10.300  14.113 0.0000000000
58769  -11.939  -9.964  14.138 0.0000000000
58770  -12.790  -10.036  13.998 0.0000000000
58771  -13.941  -10.362  14.180 0.0000000000
58775  -10.660  -11.345  13.804 0.0000000000
58776  -11.128  -11.061  13.690 0.0000000000
58777  -12.099  -10.743  13.648 0.0000000000
58778  -13.252  -10.827  13.440 0.0000000000
58779  -13.929  -11.040  13.600 0.0000000000
59632  -9.565  -10.137  24.027 0.0000000000
59633  -9.980  -10.047  24.051 0.0000000000
59634  -10.849  -9.817  24.168 0.0000000000
59635  -11.720  -9.740  24.118 0.0000000000
59651  -9.062  -9.919  23.658 0.0000000000
59652  -10.053  -9.586  23.488 0.0000000000
59653  -11.020  -9.368  23.500 0.0000000000
59654  -12.148  -9.307  23.512 0.0000000000
59655  -13.141  -9.288  23.417 0.0000000000
59656  -13.842  -9.625  23.192 0.0000000000
59672  -8.066  -9.105  23.047 0.0000000000
59673  -9.157  -9.086  23.005 0.0000000000
59674  -10.173  -9.007  22.857 0.0000000000
59675  -11.157  -8.869  22.820 0.0000000000
59676  -11.920  -8.723  22.795 0.0000000000
59677  -13.638  -8.965  23.020 0.0000000000
59678  -14.285  -9.314  22.573 0.0000000000
59690  -14.800  -9.374  21.698 0.0000000000
59691  -15.369  -9.387  21.051 0.0000000000
59704  -15.714  -9.359  20.352 0.0000000000
59718  -16.069  -9.244  19.469 0.0000000000
59719  -16.264  -8.893  18.862 0.0000000000
59733  -16.144  -9.471  18.635 0.0000000000
59734  -16.310  -8.913  18.365 0.0000000000
59743  -16.198  -9.398  17.853 0.0000000000
59744  -16.316  -8.765  17.888 0.0000000000
59752  -15.963  -9.371  16.995 0.0000000000
59759  -4.006  -9.526  15.334 0.0000000000
59760  -5.068  -9.698  15.269 0.0000000000
59761  -6.129  -9.691  15.308 0.0000000000
59762  -7.175  -9.603  15.396 0.0000000000
59763  -8.216  -9.676  15.394 0.0000000000
59764  -9.205  -9.804  15.211 0.0000000000
59765  -9.873  -9.632  14.931 0.0000000000
59766  -14.909  -9.317  15.326 0.0000000000
59767  -15.543  -9.168  16.082 0.0000000000
59772  -9.694  -10.204  14.744 0.0000000000
59773  -10.468  -9.808  14.623 0.0000000000
59774  -11.342  -9.478  14.451 0.0000000000
59775  -12.229  -9.358  14.413 0.0000000000
59776  -13.185  -9.379  14.547 0.0000000000
59777  -14.131  -9.378  14.809 0.0000000000
60599  -12.535  -8.797  23.087 0.0000000000
60600  -13.068  -8.646  22.971 0.0000000000
60620  -11.338  -8.233  22.194 0.0000000000
60621  -12.413  -8.348  22.413 0.0000000000
60622  -13.489  -8.408  22.370 0.0000000000
60623  -14.285  -8.608  21.908 0.0000000000
60636  -11.863  -7.897  21.798 0.0000000000
60637  -12.669  -7.814  21.594 0.0000000000
60638  -13.743  -7.958  21.497 0.0000000000
60639  -14.782  -8.330  21.030 0.0000000000
60640  -15.427  -8.825  20.705 0.0000000000
60659  -15.020  -7.849  20.485 0.0000000000
60660  -15.604  -8.285  20.182 0.0000000000
60678  -16.145  -8.206  19.086 0.0000000000
60679  -16.295  -8.575  18.656 0.0000000000
60688  -16.179  -7.877  18.591 0.0000000000
60689  -16.306  -8.276  18.275 0.0000000000
60694  -16.230  -8.802  17.347 0.0000000000
60695  -16.320  -8.364  17.596 0.0000000000
60700  -16.070  -8.390  16.626 0.0000000000
60701  -16.271  -8.418  17.181 0.0000000000
60707  -3.496  -8.494  15.181 0.0000000000
60708  -4.730  -8.870  15.015 0.0000000000
60709  -5.729  -8.923  15.131 0.0000000000
60710  -6.729  -8.643  15.217 0.0000000000
60711  -7.880  -8.601  15.261 0.0000000000
60712  -8.981  -8.934  15.401 0.0000000000
60713  -9.800  -9.170  15.147 0.0000000000
60714  -10.190  -9.355  14.896 0.0000000000
60715  -15.242  -8.329  15.308 0.0000000000
60716  -15.714  -8.356  15.886 0.0000000000
60722  -3.811  -7.926  14.767 0.0000000000
60723  -4.512  -8.129  14.782 0.0000000000
60724  -5.471  -8.265  14.930 0.0000000000
60725  -6.100  -8.382  15.072 0.0000000000
60726  -8.170  -7.995  14.887 0.0000000000
60727  -8.757  -8.248  14.855 0.0000000000
60728  -9.654  -8.525  14.859 0.0000000000
60729  -10.582  -8.893  14.771 0.0000000000
60730  -11.570  -8.621  14.326 0.0000000000
60731  -12.569  -8.692  14.321 0.0000000000
60732  -13.662  -8.399  14.353 0.0000000000
60733  -14.523  -8.595  14.895 0.0000000000
60739  -11.609  -8.237  14.060 0.0000000000
60740  -12.003  -8.278  13.921 0.0000000000
60741  -12.798  -8.211  13.861 0.0000000000
61782  -13.098  -7.598  20.840 0.0000000000
61783  -13.907  -7.660  20.806 0.0000000000
61807  -14.424  -7.462  20.327 0.0000000000
61808  -15.111  -7.495  20.123 0.0000000000
61823  -14.671  -6.960  19.684 0.0000000000
61824  -15.481  -7.357  19.450 0.0000000000
61833  -15.879  -7.399  18.681 0.0000000000
61834  -16.173  -7.688  18.244 0.0000000000
61836  -15.997  -7.147  17.917 0.0000000000
61837  -16.265  -7.805  17.702 0.0000000000
61842  -16.101  -7.337  16.954 0.0000000000
61843  -16.306  -8.065  17.195 0.0000000000
61849  -6.997  -8.054  15.117 0.0000000000
61850  -7.302  -8.244  15.160 0.0000000000
61851  -15.266  -7.664  15.074 0.0000000000
61852  -15.688  -7.455  15.731 0.0000000000
61861  -5.234  -7.580  14.602 0.0000000000
61862  -6.390  -7.768  14.846 0.0000000000
61863  -7.526  -7.740  14.828 0.0000000000
61864  -8.430  -7.488  14.375 0.0000000000
61865  -9.368  -7.835  14.356 0.0000000000
61866  -10.319  -8.108  14.390 0.0000000000
61867  -10.941  -8.340  14.389 0.0000000000
61868  -14.029  -7.799  13.915 0.0000000000
61869  -14.760  -7.661  14.379 0.0000000000
61870  -15.345  -7.208  14.918 0.0000000000
61880  -8.545  -7.098  14.015 0.0000000000
61881  -8.993  -7.174  13.867 0.0000000000
61882  -10.007  -7.392  13.765 0.0000000000
61883  -11.253  -7.805  13.885 0.0000000000
61884  -12.315  -7.690  13.474 0.0000000000
61885  -13.367  -7.628  13.530 0.0000000000
61886  -14.140  -7.301  13.632 0.0000000000
63124  -15.481  -6.981  18.918 0.0000000000
63135  -15.463  -6.690  18.387 0.0000000000
63149  -15.609  -6.592  16.350 0.0000000000
63155  -15.527  -6.593  15.691 0.0000000000
63166  -5.864  -6.894  14.305 0.0000000000
63167  -7.085  -6.798  14.262 0.0000000000
63168  -7.824  -7.150  14.344 0.0000000000
63179  -7.451  -6.265  13.822 0.0000000000
