#!ascii label  , from subject Broad_82_YZ vox2ras=TkReg
1599
71377  -30.273  0.196  2.234 0.0000000000
71378  -31.084  -0.221  2.577 0.0000000000
71379  -32.157  -0.506  2.514 0.0000000000
71380  -32.996  -0.756  2.177 0.0000000000
71385  -29.563  -0.110  1.772 0.0000000000
72651  -30.315  0.693  2.118 0.0000000000
72652  -30.734  0.844  2.189 0.0000000000
72653  -31.798  0.602  2.368 0.0000000000
72654  -32.993  0.392  2.035 0.0000000000
72655  -33.331  -0.321  1.785 0.0000000000
72659  -30.021  1.013  1.872 0.0000000000
72660  -30.444  1.179  2.004 0.0000000000
72661  -33.546  0.619  1.685 0.0000000000
72662  -33.861  0.081  1.385 0.0000000000
72667  -29.207  0.803  1.144 0.0000000000
72673  -28.829  0.650  0.200 0.0000000000
72678  -28.805  0.478  -0.778 0.0000000000
74036  -31.462  1.605  2.263 0.0000000000
74037  -32.438  1.486  2.312 0.0000000000
74038  -33.356  1.472  1.948 0.0000000000
74039  -33.847  1.651  1.761 0.0000000000
74046  -30.094  1.925  1.605 0.0000000000
74047  -30.636  1.666  1.935 0.0000000000
74048  -33.423  0.915  1.776 0.0000000000
74049  -33.930  1.121  1.521 0.0000000000
74050  -34.465  0.827  0.693 0.0000000000
74054  -29.548  1.754  1.206 0.0000000000
74059  -29.102  1.609  0.416 0.0000000000
74065  -28.788  1.458  -0.537 0.0000000000
74074  -28.858  1.184  -1.676 0.0000000000
74089  -29.314  1.249  -2.794 0.0000000000
75406  -31.184  2.560  2.231 0.0000000000
75407  -32.073  2.474  2.568 0.0000000000
75408  -33.063  2.358  2.469 0.0000000000
75409  -34.109  2.183  2.070 0.0000000000
75410  -35.165  2.553  1.754 0.0000000000
75411  -35.643  2.821  1.416 0.0000000000
75422  -29.853  2.591  1.302 0.0000000000
75423  -30.456  2.621  1.781 0.0000000000
75424  -34.139  1.687  1.624 0.0000000000
75425  -34.712  1.751  1.115 0.0000000000
75426  -35.399  2.458  0.893 0.0000000000
75431  -29.438  2.510  0.631 0.0000000000
75438  -29.020  2.464  -0.205 0.0000000000
75446  -28.761  2.337  -1.221 0.0000000000
75451  -29.023  2.230  -2.269 0.0000000000
75463  -29.347  2.215  -3.290 0.0000000000
76713  -33.535  3.841  3.295 0.0000000000
76714  -34.418  3.804  3.321 0.0000000000
76715  -35.500  3.770  3.113 0.0000000000
76716  -36.088  3.842  2.843 0.0000000000
76734  -30.901  3.490  2.081 0.0000000000
76735  -31.775  3.493  2.523 0.0000000000
76736  -32.782  3.413  2.921 0.0000000000
76737  -33.781  3.012  2.985 0.0000000000
76738  -34.888  2.996  2.706 0.0000000000
76739  -36.019  3.381  2.050 0.0000000000
76740  -36.630  3.753  1.518 0.0000000000
76751  -29.697  3.198  0.902 0.0000000000
76752  -30.210  3.495  1.441 0.0000000000
76753  -35.918  2.953  0.895 0.0000000000
76754  -36.419  3.433  0.895 0.0000000000
76761  -29.382  3.477  0.181 0.0000000000
76762  -29.857  3.866  0.804 0.0000000000
76768  -28.979  3.350  -0.794 0.0000000000
76776  -28.930  3.239  -1.804 0.0000000000
76781  -29.022  3.149  -2.797 0.0000000000
78022  -33.108  4.272  3.135 0.0000000000
78023  -33.797  4.784  3.311 0.0000000000
78024  -35.010  4.662  3.459 0.0000000000
78025  -36.217  4.490  3.167 0.0000000000
78026  -36.821  4.781  2.920 0.0000000000
78049  -30.775  4.167  1.686 0.0000000000
78050  -31.511  4.463  2.122 0.0000000000
78051  -32.507  4.483  2.693 0.0000000000
78052  -33.143  4.786  2.973 0.0000000000
78053  -36.381  3.984  2.630 0.0000000000
78054  -36.958  4.374  2.166 0.0000000000
78055  -37.639  4.763  1.879 0.0000000000
78075  -30.461  4.348  1.032 0.0000000000
78076  -31.165  4.786  1.348 0.0000000000
78077  -37.010  3.916  0.897 0.0000000000
78078  -37.743  4.587  0.999 0.0000000000
78079  -38.180  4.959  0.465 0.0000000000
78093  -29.422  4.140  -0.518 0.0000000000
78094  -30.025  4.526  0.139 0.0000000000
78095  -31.004  4.969  0.508 0.0000000000
78110  -29.291  4.162  -1.375 0.0000000000
78111  -30.078  4.678  -0.946 0.0000000000
78112  -30.892  5.118  -0.472 0.0000000000
78125  -29.234  4.072  -2.347 0.0000000000
78126  -29.902  4.869  -1.965 0.0000000000
78127  -30.877  5.165  -1.547 0.0000000000
78139  -29.244  3.897  -3.176 0.0000000000
78140  -29.763  4.658  -3.009 0.0000000000
78141  -30.861  5.196  -2.735 0.0000000000
79343  -33.827  5.476  3.082 0.0000000000
79344  -34.468  5.673  3.307 0.0000000000
79345  -35.614  5.486  3.500 0.0000000000
79346  -36.756  5.440  3.200 0.0000000000
79347  -37.292  5.788  3.112 0.0000000000
79358  -31.734  5.178  1.621 0.0000000000
79359  -32.258  5.262  2.137 0.0000000000
79360  -33.248  5.548  2.566 0.0000000000
79361  -33.905  5.780  2.929 0.0000000000
79362  -37.107  4.961  2.768 0.0000000000
79363  -37.703  5.324  2.512 0.0000000000
79364  -38.380  5.677  2.304 0.0000000000
79379  -31.627  5.402  0.952 0.0000000000
79380  -32.209  5.825  1.406 0.0000000000
79381  -32.614  5.764  2.008 0.0000000000
79382  -37.978  4.950  1.717 0.0000000000
79383  -38.599  5.362  1.347 0.0000000000
79384  -39.657  5.859  1.108 0.0000000000
79385  -40.158  6.109  1.019 0.0000000000
79390  -31.633  5.775  0.085 0.0000000000
79391  -31.922  5.832  0.774 0.0000000000
79392  -38.541  5.160  -0.140 0.0000000000
79393  -39.333  5.548  0.167 0.0000000000
79394  -40.077  5.936  0.405 0.0000000000
79401  -31.514  5.700  -1.076 0.0000000000
79404  -39.973  5.754  -0.626 0.0000000000
79408  -31.569  5.714  -2.143 0.0000000000
80612  -34.582  6.315  3.214 0.0000000000
80613  -35.139  6.314  3.420 0.0000000000
80614  -36.081  6.348  3.490 0.0000000000
80615  -37.036  6.376  3.357 0.0000000000
80616  -37.664  6.603  3.270 0.0000000000
80620  -33.284  6.530  2.313 0.0000000000
80621  -34.040  6.439  2.791 0.0000000000
80622  -37.606  6.058  3.095 0.0000000000
80623  -38.262  6.292  2.868 0.0000000000
80624  -39.024  6.626  2.546 0.0000000000
80625  -39.667  6.783  2.296 0.0000000000
80641  -32.254  6.597  1.417 0.0000000000
80642  -32.735  6.371  1.908 0.0000000000
80643  -38.761  5.976  2.242 0.0000000000
80644  -39.332  6.169  1.883 0.0000000000
80645  -40.181  6.529  1.619 0.0000000000
80646  -40.877  6.744  1.342 0.0000000000
80656  -31.601  6.685  0.118 0.0000000000
80657  -31.917  6.444  0.800 0.0000000000
80658  -40.566  6.329  0.834 0.0000000000
80659  -41.303  6.615  0.646 0.0000000000
80660  -42.045  6.709  0.208 0.0000000000
80667  -31.586  6.496  -0.703 0.0000000000
80668  -40.676  6.182  -0.090 0.0000000000
80669  -41.421  6.402  -0.489 0.0000000000
80675  -31.652  6.419  -1.725 0.0000000000
81926  -34.723  6.782  3.173 0.0000000000
81927  -35.463  7.199  3.289 0.0000000000
81928  -36.496  7.197  3.405 0.0000000000
81929  -37.340  7.190  3.368 0.0000000000
81930  -38.041  7.120  3.309 0.0000000000
81933  -32.893  7.670  2.143 0.0000000000
81934  -33.352  7.411  2.343 0.0000000000
81935  -34.507  7.576  2.813 0.0000000000
81936  -35.332  8.011  2.920 0.0000000000
81937  -38.628  7.222  2.993 0.0000000000
81938  -39.357  7.419  2.726 0.0000000000
81939  -40.219  7.388  2.356 0.0000000000
81940  -40.854  7.655  2.124 0.0000000000
81950  -31.808  7.758  1.346 0.0000000000
81951  -32.396  7.479  1.737 0.0000000000
81952  -32.936  6.934  2.096 0.0000000000
81953  -40.754  7.092  1.870 0.0000000000
81954  -41.405  7.365  1.588 0.0000000000
81955  -42.084  7.630  1.302 0.0000000000
81968  -31.166  7.823  0.367 0.0000000000
81969  -31.478  7.545  0.733 0.0000000000
81970  -31.974  6.980  1.215 0.0000000000
81971  -41.913  7.063  0.945 0.0000000000
81972  -42.559  7.316  0.732 0.0000000000
81983  -31.020  7.849  0.009 0.0000000000
81984  -31.255  7.264  -0.321 0.0000000000
81994  -30.525  7.811  -0.811 0.0000000000
81995  -31.110  7.152  -1.316 0.0000000000
82003  -29.699  8.266  -2.513 0.0000000000
82004  -30.196  7.887  -2.031 0.0000000000
82005  -31.366  7.135  -2.454 0.0000000000
82016  -29.655  7.916  -3.006 0.0000000000
82017  -30.542  7.562  -3.108 0.0000000000
82027  -29.984  7.831  -3.729 0.0000000000
82028  -30.721  7.601  -4.135 0.0000000000
83275  -36.101  7.992  3.140 0.0000000000
83276  -36.993  7.951  3.221 0.0000000000
83277  -37.805  7.801  3.153 0.0000000000
83278  -38.269  7.610  3.100 0.0000000000
83282  -33.005  8.134  2.171 0.0000000000
83283  -33.866  8.548  2.299 0.0000000000
83284  -34.867  8.546  2.516 0.0000000000
83285  -35.760  8.614  2.599 0.0000000000
83286  -36.646  8.626  2.716 0.0000000000
83287  -37.566  8.568  2.823 0.0000000000
83288  -38.618  8.242  2.904 0.0000000000
83289  -39.737  8.288  2.616 0.0000000000
83290  -40.526  8.228  2.361 0.0000000000
83291  -41.143  8.272  2.114 0.0000000000
83300  -31.810  8.282  1.283 0.0000000000
83301  -32.682  8.728  1.593 0.0000000000
83302  -33.296  8.740  1.974 0.0000000000
83303  -41.766  8.340  1.672 0.0000000000
83304  -42.576  8.240  1.260 0.0000000000
83305  -43.118  8.351  1.049 0.0000000000
83316  -31.075  8.087  0.290 0.0000000000
83317  -31.317  8.667  0.436 0.0000000000
83318  -32.091  9.159  0.785 0.0000000000
83319  -43.069  7.857  0.839 0.0000000000
83330  -30.702  8.566  -0.335 0.0000000000
83331  -31.073  9.252  -0.294 0.0000000000
83343  -29.773  8.806  -1.810 0.0000000000
83344  -30.032  8.699  -1.454 0.0000000000
83352  -29.701  8.644  -2.110 0.0000000000
83353  -29.898  8.385  -1.829 0.0000000000
83360  -29.408  8.658  -2.930 0.0000000000
83364  -29.453  8.472  -3.904 0.0000000000
83365  -29.921  7.981  -4.414 0.0000000000
83367  -29.512  8.495  -4.997 0.0000000000
83368  -30.353  7.896  -5.211 0.0000000000
83373  -29.800  8.533  -5.941 0.0000000000
84546  -33.986  9.078  2.038 0.0000000000
84547  -34.438  9.123  2.039 0.0000000000
84548  -35.335  9.185  2.061 0.0000000000
84549  -36.250  9.242  2.148 0.0000000000
84550  -37.183  9.251  2.243 0.0000000000
84551  -38.152  9.302  2.437 0.0000000000
84552  -39.254  9.300  2.399 0.0000000000
84553  -40.259  8.978  2.321 0.0000000000
84554  -40.783  8.720  2.250 0.0000000000
84562  -32.876  9.468  0.890 0.0000000000
84563  -33.740  9.327  1.487 0.0000000000
84564  -34.869  9.516  1.294 0.0000000000
84565  -35.836  9.556  1.328 0.0000000000
84566  -36.766  9.598  1.428 0.0000000000
84567  -37.730  9.808  1.542 0.0000000000
84568  -38.572  9.879  1.851 0.0000000000
84569  -39.274  10.036  1.841 0.0000000000
84570  -40.056  9.845  2.023 0.0000000000
84571  -41.130  9.315  2.030 0.0000000000
84572  -42.134  9.193  1.526 0.0000000000
84573  -43.126  9.079  1.288 0.0000000000
84585  -31.721  9.523  -0.065 0.0000000000
84586  -32.592  9.687  -0.004 0.0000000000
84587  -33.484  9.712  0.145 0.0000000000
84588  -34.438  9.714  0.273 0.0000000000
84589  -35.418  9.719  0.356 0.0000000000
84590  -36.334  9.762  0.507 0.0000000000
84591  -37.186  9.892  0.702 0.0000000000
84604  -30.568  9.601  -0.977 0.0000000000
84605  -31.356  9.823  -0.754 0.0000000000
84606  -32.302  9.946  -0.991 0.0000000000
84607  -33.207  9.781  -0.892 0.0000000000
84608  -34.100  9.723  -0.873 0.0000000000
84609  -35.047  9.763  -0.746 0.0000000000
84610  -35.947  9.703  -0.529 0.0000000000
84611  -36.804  9.877  -0.280 0.0000000000
84622  -29.703  9.130  -1.915 0.0000000000
84623  -30.085  9.551  -1.714 0.0000000000
84624  -32.639  10.380  -1.398 0.0000000000
84625  -33.082  10.219  -1.460 0.0000000000
84626  -33.804  10.001  -1.660 0.0000000000
84627  -34.783  9.823  -1.871 0.0000000000
84628  -35.638  9.669  -1.512 0.0000000000
84635  -29.555  9.476  -2.603 0.0000000000
84636  -29.805  9.552  -2.119 0.0000000000
84642  -29.257  9.375  -3.577 0.0000000000
84644  -29.127  9.321  -4.601 0.0000000000
84646  -29.367  9.327  -5.654 0.0000000000
84648  -29.661  9.241  -6.549 0.0000000000
85887  -37.929  10.013  1.252 0.0000000000
85888  -38.200  10.097  1.256 0.0000000000
85889  -38.826  10.287  1.247 0.0000000000
85890  -39.636  10.404  1.279 0.0000000000
85891  -40.617  10.380  1.437 0.0000000000
85892  -41.617  10.115  1.357 0.0000000000
85893  -42.461  9.908  1.212 0.0000000000
85904  -37.823  10.077  0.916 0.0000000000
85905  -38.283  10.280  0.596 0.0000000000
85906  -39.005  10.523  0.410 0.0000000000
85907  -39.987  10.732  0.346 0.0000000000
85908  -41.083  10.839  0.689 0.0000000000
85927  -30.756  9.959  -1.299 0.0000000000
85928  -31.040  10.106  -1.214 0.0000000000
85929  -31.657  10.222  -1.208 0.0000000000
85930  -33.895  11.097  -1.538 0.0000000000
85931  -34.159  11.047  -1.611 0.0000000000
85932  -37.590  10.155  0.086 0.0000000000
85933  -38.227  10.332  -0.381 0.0000000000
85948  -30.699  10.213  -1.697 0.0000000000
85949  -31.414  10.619  -1.517 0.0000000000
85950  -32.188  10.676  -1.365 0.0000000000
85951  -32.935  10.749  -1.465 0.0000000000
85952  -33.673  10.817  -1.627 0.0000000000
85953  -34.462  10.546  -1.887 0.0000000000
85959  -29.746  10.195  -2.757 0.0000000000
85960  -30.044  10.060  -2.290 0.0000000000
85969  -29.496  10.157  -3.309 0.0000000000
85976  -29.210  10.205  -4.169 0.0000000000
85979  -29.268  10.221  -5.194 0.0000000000
85981  -29.601  10.293  -6.384 0.0000000000
85982  -29.891  10.919  -6.935 0.0000000000
85984  -29.753  9.723  -7.012 0.0000000000
87172  -32.905  11.783  -0.031 0.0000000000
87173  -33.604  11.489  0.042 0.0000000000
87174  -34.547  11.444  -0.037 0.0000000000
87175  -35.563  11.564  -0.249 0.0000000000
87176  -36.485  11.656  -0.619 0.0000000000
87197  -31.808  11.981  -0.709 0.0000000000
87198  -32.317  11.760  -0.525 0.0000000000
87199  -33.106  11.368  -0.652 0.0000000000
87200  -33.878  11.280  -1.099 0.0000000000
87201  -34.799  11.128  -1.220 0.0000000000
87227  -31.043  11.088  -1.772 0.0000000000
87228  -31.663  11.543  -1.209 0.0000000000
87229  -32.596  11.241  -1.157 0.0000000000
87230  -33.321  11.138  -1.310 0.0000000000
87231  -33.636  11.124  -1.442 0.0000000000
87245  -29.980  10.515  -2.607 0.0000000000
87246  -30.379  11.043  -2.385 0.0000000000
87256  -29.811  10.751  -2.986 0.0000000000
87257  -29.970  11.566  -3.176 0.0000000000
87265  -29.539  10.957  -3.717 0.0000000000
87266  -29.870  11.809  -4.091 0.0000000000
87273  -29.490  11.051  -4.649 0.0000000000
87274  -29.956  11.899  -5.111 0.0000000000
87280  -29.619  11.024  -5.543 0.0000000000
87281  -30.186  11.505  -6.237 0.0000000000
88443  -33.606  12.912  0.917 0.0000000000
88444  -34.402  12.924  1.163 0.0000000000
88445  -34.901  13.027  1.245 0.0000000000
88452  -32.510  12.534  -0.030 0.0000000000
88453  -33.260  12.264  0.451 0.0000000000
88454  -34.098  12.155  0.696 0.0000000000
88455  -35.172  12.395  0.855 0.0000000000
88456  -36.337  12.289  0.407 0.0000000000
88457  -37.398  12.264  -0.267 0.0000000000
88458  -38.098  12.714  -0.173 0.0000000000
88468  -31.557  12.382  -0.925 0.0000000000
88469  -31.982  12.357  -0.537 0.0000000000
88490  -30.857  12.006  -1.702 0.0000000000
88491  -31.286  12.172  -1.277 0.0000000000
88510  -30.402  12.171  -2.550 0.0000000000
88521  -30.303  12.454  -3.445 0.0000000000
88529  -30.415  12.657  -4.405 0.0000000000
88537  -30.895  12.842  -5.521 0.0000000000
88538  -31.730  13.277  -5.528 0.0000000000
88545  -30.952  12.260  -6.804 0.0000000000
88546  -31.979  13.064  -6.256 0.0000000000
88547  -32.603  13.503  -6.453 0.0000000000
89654  -32.576  13.986  0.783 0.0000000000
89655  -33.017  13.602  1.037 0.0000000000
89656  -33.883  13.584  1.348 0.0000000000
89657  -34.733  13.589  1.460 0.0000000000
89658  -35.367  13.756  1.432 0.0000000000
89666  -32.426  13.543  0.293 0.0000000000
89667  -32.965  12.972  0.560 0.0000000000
89668  -35.241  13.221  1.270 0.0000000000
89669  -35.947  13.329  1.115 0.0000000000
89670  -36.969  13.258  0.701 0.0000000000
89671  -37.938  13.329  0.388 0.0000000000
89672  -38.636  13.655  0.278 0.0000000000
89685  -31.534  12.758  -1.012 0.0000000000
89686  -31.797  13.112  -0.716 0.0000000000
89687  -38.509  13.025  -0.072 0.0000000000
89688  -39.203  13.293  -0.323 0.0000000000
89689  -40.125  13.527  -0.615 0.0000000000
89690  -40.734  13.727  -0.984 0.0000000000
89703  -30.962  12.496  -1.710 0.0000000000
89704  -31.271  12.743  -1.448 0.0000000000
89705  -31.663  13.518  -1.710 0.0000000000
89724  -30.804  12.686  -2.012 0.0000000000
89725  -31.220  13.275  -2.199 0.0000000000
89726  -31.732  13.665  -2.432 0.0000000000
89740  -30.656  13.048  -2.769 0.0000000000
89741  -31.347  13.530  -2.983 0.0000000000
89742  -32.041  13.819  -3.058 0.0000000000
89748  -30.826  13.217  -3.659 0.0000000000
89749  -31.609  13.584  -3.815 0.0000000000
89750  -32.302  13.971  -3.907 0.0000000000
89756  -31.062  13.285  -4.471 0.0000000000
89757  -31.792  13.555  -4.807 0.0000000000
89758  -32.572  14.111  -4.881 0.0000000000
89759  -33.023  14.413  -5.445 0.0000000000
89766  -32.220  13.542  -5.456 0.0000000000
89767  -32.766  13.811  -5.856 0.0000000000
90800  -32.744  14.247  1.112 0.0000000000
90801  -33.403  14.271  1.372 0.0000000000
90802  -34.242  14.313  1.527 0.0000000000
90803  -35.053  14.349  1.584 0.0000000000
90804  -35.762  14.277  1.385 0.0000000000
90811  -31.782  14.847  0.276 0.0000000000
90812  -32.226  14.574  0.515 0.0000000000
90813  -36.484  14.232  1.076 0.0000000000
90814  -37.308  14.321  0.666 0.0000000000
90815  -38.208  14.405  0.478 0.0000000000
90816  -39.004  14.346  0.275 0.0000000000
90825  -31.646  14.607  -0.020 0.0000000000
90826  -31.927  14.022  -0.297 0.0000000000
90827  -39.757  14.316  -0.013 0.0000000000
90828  -40.484  14.446  -0.462 0.0000000000
90829  -41.166  14.417  -1.061 0.0000000000
90839  -31.682  14.378  -0.731 0.0000000000
90840  -31.882  13.989  -1.295 0.0000000000
90841  -41.517  14.368  -2.006 0.0000000000
90855  -32.156  13.993  -2.230 0.0000000000
90873  -32.484  14.286  -3.050 0.0000000000
90888  -32.657  14.534  -3.930 0.0000000000
90893  -32.843  14.735  -4.862 0.0000000000
91990  -32.907  14.900  1.248 0.0000000000
91991  -33.776  15.013  1.449 0.0000000000
91992  -34.651  15.047  1.495 0.0000000000
91993  -35.473  15.048  1.404 0.0000000000
91994  -36.092  14.863  1.284 0.0000000000
92001  -30.978  15.727  0.128 0.0000000000
92002  -31.485  15.355  0.283 0.0000000000
92003  -32.384  15.567  0.958 0.0000000000
92004  -35.954  15.393  1.228 0.0000000000
92005  -36.626  15.225  0.926 0.0000000000
92006  -37.626  15.319  0.515 0.0000000000
92007  -38.558  15.307  0.194 0.0000000000
92008  -39.252  15.019  0.055 0.0000000000
92018  -30.061  15.601  -0.628 0.0000000000
92019  -30.620  15.560  -0.337 0.0000000000
92020  -31.327  14.852  -0.586 0.0000000000
92021  -39.040  15.595  -0.159 0.0000000000
92022  -39.797  15.371  -0.262 0.0000000000
92023  -40.741  15.369  -0.642 0.0000000000
92024  -41.467  15.338  -1.294 0.0000000000
92031  -30.071  15.407  -1.295 0.0000000000
92032  -31.161  15.055  -1.366 0.0000000000
92033  -31.747  14.561  -1.512 0.0000000000
92034  -32.040  14.288  -1.862 0.0000000000
92035  -42.201  15.381  -2.245 0.0000000000
92036  -42.491  15.827  -2.685 0.0000000000
92044  -29.028  15.673  -2.957 0.0000000000
92045  -30.088  15.422  -2.588 0.0000000000
92046  -31.128  15.174  -2.317 0.0000000000
92047  -32.006  15.042  -2.191 0.0000000000
92048  -32.216  14.520  -2.324 0.0000000000
92049  -42.322  14.813  -3.018 0.0000000000
92050  -42.587  15.374  -3.356 0.0000000000
92061  -28.892  15.682  -4.069 0.0000000000
92062  -29.976  15.415  -3.712 0.0000000000
92063  -31.112  15.274  -3.384 0.0000000000
92064  -32.079  15.307  -3.126 0.0000000000
92065  -32.648  14.894  -3.014 0.0000000000
92085  -28.713  15.761  -5.130 0.0000000000
92086  -29.771  15.420  -4.838 0.0000000000
92087  -30.987  15.358  -4.478 0.0000000000
92088  -32.087  15.426  -4.195 0.0000000000
92089  -32.655  15.044  -4.013 0.0000000000
92106  -28.674  15.995  -5.729 0.0000000000
92107  -29.442  15.743  -6.008 0.0000000000
92108  -30.766  15.445  -5.589 0.0000000000
92109  -31.987  15.534  -5.279 0.0000000000
92110  -32.978  15.138  -5.270 0.0000000000
92125  -29.690  15.981  -7.080 0.0000000000
92126  -30.562  15.542  -6.676 0.0000000000
92127  -31.738  15.441  -6.321 0.0000000000
92140  -29.720  16.107  -7.630 0.0000000000
92141  -30.346  15.773  -7.745 0.0000000000
92142  -31.464  15.570  -7.282 0.0000000000
92152  -30.609  15.824  -8.357 0.0000000000
92153  -31.248  15.706  -8.139 0.0000000000
93312  -33.296  15.730  1.315 0.0000000000
93313  -34.239  15.770  1.377 0.0000000000
93314  -35.119  15.704  1.364 0.0000000000
93315  -35.611  15.585  1.280 0.0000000000
93324  -30.954  16.319  0.295 0.0000000000
93325  -31.884  16.361  0.734 0.0000000000
93326  -32.817  16.494  1.112 0.0000000000
93327  -33.812  16.534  1.168 0.0000000000
93328  -34.811  16.477  1.163 0.0000000000
93329  -35.853  16.098  0.958 0.0000000000
93330  -36.920  16.135  0.465 0.0000000000
93331  -37.987  16.283  -0.042 0.0000000000
93332  -38.634  15.893  -0.151 0.0000000000
93341  -29.162  16.724  -0.869 0.0000000000
93342  -29.787  16.169  -0.480 0.0000000000
93343  -30.347  16.267  -0.034 0.0000000000
93344  -38.335  16.871  -0.475 0.0000000000
93345  -39.012  16.356  -0.471 0.0000000000
93346  -40.133  16.286  -0.564 0.0000000000
93347  -41.010  16.234  -0.872 0.0000000000
93348  -41.693  16.269  -1.418 0.0000000000
93352  -28.327  16.986  -1.592 0.0000000000
93353  -28.790  16.527  -1.418 0.0000000000
93354  -29.294  16.042  -1.130 0.0000000000
93355  -42.199  16.440  -1.863 0.0000000000
93356  -42.427  16.215  -2.352 0.0000000000
93360  -27.864  17.099  -1.984 0.0000000000
93361  -28.390  16.447  -2.261 0.0000000000
93362  -29.231  15.871  -1.927 0.0000000000
93363  -42.665  16.335  -2.898 0.0000000000
93369  -27.726  17.052  -2.754 0.0000000000
93370  -28.177  16.269  -3.356 0.0000000000
93371  -43.086  16.211  -3.641 0.0000000000
93372  -43.352  16.357  -4.337 0.0000000000
93382  -27.621  17.093  -3.770 0.0000000000
93383  -28.110  16.339  -4.435 0.0000000000
93384  -43.515  16.583  -5.034 0.0000000000
93395  -27.606  17.092  -4.727 0.0000000000
93396  -28.149  16.608  -5.531 0.0000000000
93397  -28.670  16.252  -6.107 0.0000000000
93411  -28.373  16.845  -6.382 0.0000000000
93412  -28.980  16.384  -6.726 0.0000000000
93424  -28.563  16.985  -7.115 0.0000000000
93425  -29.234  16.634  -7.636 0.0000000000
93426  -29.737  16.236  -8.017 0.0000000000
93437  -29.458  16.695  -8.416 0.0000000000
93438  -30.066  16.139  -8.616 0.0000000000
93439  -30.872  15.927  -8.871 0.0000000000
93448  -29.656  16.762  -9.098 0.0000000000
93449  -30.244  16.473  -9.560 0.0000000000
93450  -31.295  16.209  -9.620 0.0000000000
93459  -30.160  16.827  -10.877 0.0000000000
93460  -30.480  16.676  -10.498 0.0000000000
93467  -30.325  16.887  -11.094 0.0000000000
93468  -31.049  16.922  -11.232 0.0000000000
94654  -30.947  17.096  0.314 0.0000000000
94655  -31.519  17.135  0.510 0.0000000000
94656  -32.399  17.249  0.769 0.0000000000
94657  -33.378  17.302  0.869 0.0000000000
94658  -34.375  17.256  0.819 0.0000000000
94659  -35.379  17.142  0.600 0.0000000000
94660  -36.296  16.899  0.342 0.0000000000
94661  -37.114  16.870  0.042 0.0000000000
94670  -29.136  17.109  -0.817 0.0000000000
94671  -29.460  17.179  -0.590 0.0000000000
94672  -30.274  17.144  0.047 0.0000000000
94673  -35.899  17.519  0.157 0.0000000000
94674  -36.629  17.558  -0.172 0.0000000000
94675  -37.696  17.364  -0.483 0.0000000000
94676  -38.663  17.452  -0.883 0.0000000000
94677  -39.645  17.157  -0.747 0.0000000000
94678  -40.546  17.056  -0.801 0.0000000000
94679  -41.212  16.915  -1.116 0.0000000000
94684  -28.140  17.674  -1.616 0.0000000000
94685  -28.912  17.426  -1.088 0.0000000000
94686  -29.421  17.737  -0.780 0.0000000000
94687  -39.377  17.745  -1.188 0.0000000000
94688  -40.130  17.727  -1.113 0.0000000000
94689  -40.953  17.627  -1.231 0.0000000000
94690  -41.722  17.218  -1.607 0.0000000000
94691  -42.403  17.076  -2.263 0.0000000000
94696  -27.617  17.774  -2.206 0.0000000000
94697  -43.137  17.244  -3.132 0.0000000000
94698  -43.537  17.813  -3.512 0.0000000000
94709  -26.802  18.399  -3.632 0.0000000000
94710  -27.086  17.881  -3.073 0.0000000000
94711  -43.368  16.746  -3.779 0.0000000000
94712  -43.696  17.267  -4.145 0.0000000000
94723  -26.697  18.516  -4.062 0.0000000000
94724  -26.983  17.914  -4.312 0.0000000000
94725  -44.100  17.416  -5.337 0.0000000000
94726  -44.475  18.053  -5.525 0.0000000000
94738  -27.505  17.755  -5.553 0.0000000000
94739  -28.003  17.226  -6.047 0.0000000000
94740  -43.991  17.125  -6.577 0.0000000000
94741  -44.476  17.862  -6.205 0.0000000000
94753  -27.509  18.391  -6.313 0.0000000000
94754  -27.989  17.728  -6.734 0.0000000000
94756  -44.346  17.744  -7.196 0.0000000000
94767  -28.660  17.645  -7.892 0.0000000000
94768  -29.141  17.123  -8.192 0.0000000000
94778  -28.857  18.045  -8.514 0.0000000000
94779  -29.234  17.540  -8.826 0.0000000000
94785  -29.599  17.195  -9.952 0.0000000000
94786  -30.033  16.788  -10.108 0.0000000000
94794  -29.891  17.156  -10.914 0.0000000000
94795  -29.931  16.883  -10.393 0.0000000000
94803  -30.403  17.350  -11.604 0.0000000000
95855  -31.092  17.745  0.293 0.0000000000
95856  -31.977  17.951  0.434 0.0000000000
95857  -32.950  18.041  0.516 0.0000000000
95858  -33.958  18.011  0.489 0.0000000000
95859  -34.913  17.844  0.327 0.0000000000
95860  -35.474  17.698  0.220 0.0000000000
95869  -29.862  17.917  -0.479 0.0000000000
95870  -30.615  18.301  -0.229 0.0000000000
95871  -31.541  18.528  -0.063 0.0000000000
95872  -32.512  18.676  0.020 0.0000000000
95873  -33.535  18.729  0.060 0.0000000000
95874  -34.584  18.593  -0.040 0.0000000000
95875  -35.731  18.235  -0.225 0.0000000000
95876  -37.057  18.416  -0.834 0.0000000000
95877  -38.052  17.945  -1.126 0.0000000000
95878  -38.468  17.849  -1.196 0.0000000000
95884  -27.924  18.327  -1.812 0.0000000000
95885  -28.630  18.487  -1.469 0.0000000000
95886  -29.504  18.411  -0.984 0.0000000000
95887  -30.162  18.577  -0.668 0.0000000000
95888  -37.369  18.950  -1.318 0.0000000000
95889  -37.885  18.646  -1.404 0.0000000000
95890  -38.746  18.241  -1.397 0.0000000000
95891  -39.734  18.332  -1.427 0.0000000000
95892  -40.560  18.299  -1.450 0.0000000000
95893  -41.457  18.304  -1.728 0.0000000000
95894  -42.027  17.736  -1.936 0.0000000000
95908  -27.537  18.740  -2.375 0.0000000000
95909  -28.144  18.921  -1.881 0.0000000000
95910  -41.866  18.917  -2.060 0.0000000000
95911  -42.456  18.279  -2.375 0.0000000000
95912  -43.310  18.367  -3.074 0.0000000000
95925  -26.668  18.981  -3.759 0.0000000000
95926  -26.966  18.876  -3.107 0.0000000000
95927  -43.949  18.387  -3.837 0.0000000000
95928  -44.298  18.870  -4.113 0.0000000000
95934  -26.654  18.918  -4.603 0.0000000000
95935  -26.984  18.341  -5.046 0.0000000000
95936  -44.134  17.852  -4.489 0.0000000000
95937  -44.515  18.471  -4.783 0.0000000000
95942  -26.585  19.396  -5.222 0.0000000000
95943  -26.962  18.893  -5.708 0.0000000000
95944  -44.738  18.553  -5.789 0.0000000000
95952  -27.574  19.219  -6.662 0.0000000000
95953  -27.741  18.502  -6.830 0.0000000000
95954  -44.818  18.616  -6.758 0.0000000000
95955  -45.200  19.089  -7.003 0.0000000000
95965  -27.910  19.457  -7.276 0.0000000000
95966  -28.064  18.779  -7.547 0.0000000000
95967  -44.605  18.362  -7.763 0.0000000000
95968  -45.053  18.880  -7.564 0.0000000000
95977  -28.612  18.565  -8.388 0.0000000000
95978  -29.035  18.491  -8.906 0.0000000000
95980  -44.883  18.714  -8.120 0.0000000000
95984  -29.267  18.336  -9.716 0.0000000000
95989  -29.622  18.199  -10.680 0.0000000000
95994  -30.057  18.110  -11.431 0.0000000000
95995  -30.415  18.136  -12.088 0.0000000000
95997  -30.773  18.513  -12.818 0.0000000000
96908  -30.561  18.812  -0.655 0.0000000000
96909  -31.097  19.019  -0.606 0.0000000000
96910  -32.048  19.215  -0.573 0.0000000000
96911  -33.073  19.266  -0.581 0.0000000000
96912  -34.128  19.288  -0.560 0.0000000000
96913  -35.195  19.172  -0.620 0.0000000000
96914  -36.129  19.006  -0.833 0.0000000000
96928  -28.691  19.261  -1.844 0.0000000000
96929  -29.394  19.243  -1.578 0.0000000000
96930  -30.391  19.288  -1.161 0.0000000000
96931  -31.543  19.558  -1.301 0.0000000000
96932  -32.591  19.641  -1.342 0.0000000000
96933  -33.636  19.713  -1.317 0.0000000000
96934  -34.692  19.694  -1.313 0.0000000000
96935  -35.730  19.564  -1.377 0.0000000000
96936  -36.802  19.337  -1.438 0.0000000000
96937  -37.672  19.303  -1.705 0.0000000000
96938  -38.488  19.120  -1.781 0.0000000000
96939  -39.372  18.969  -1.807 0.0000000000
96940  -40.255  18.880  -1.772 0.0000000000
96941  -40.840  18.741  -1.704 0.0000000000
96954  -27.361  19.698  -2.785 0.0000000000
96955  -28.204  19.693  -2.263 0.0000000000
96956  -29.172  19.889  -2.192 0.0000000000
96957  -30.084  19.908  -2.095 0.0000000000
96958  -31.065  19.923  -2.096 0.0000000000
96959  -32.101  19.972  -2.155 0.0000000000
96960  -33.132  20.155  -2.089 0.0000000000
96961  -34.187  20.142  -2.077 0.0000000000
96962  -35.232  20.032  -2.093 0.0000000000
96963  -36.266  19.952  -2.108 0.0000000000
96964  -37.229  19.790  -2.232 0.0000000000
96965  -38.133  19.690  -2.332 0.0000000000
96966  -39.028  19.580  -2.361 0.0000000000
96967  -39.963  19.466  -2.318 0.0000000000
96968  -41.077  19.328  -2.100 0.0000000000
96969  -42.283  19.513  -2.599 0.0000000000
96970  -42.926  18.947  -2.766 0.0000000000
96977  -26.444  19.665  -3.960 0.0000000000
96978  -26.810  19.657  -3.364 0.0000000000
96979  -42.665  19.991  -3.140 0.0000000000
96980  -43.416  19.507  -3.419 0.0000000000
96981  -44.089  19.088  -3.802 0.0000000000
96985  -26.324  19.886  -4.778 0.0000000000
96986  -43.835  20.035  -3.983 0.0000000000
96987  -44.277  19.545  -4.305 0.0000000000
96992  -26.584  20.004  -5.795 0.0000000000
96993  -27.047  19.542  -6.192 0.0000000000
96994  -44.903  19.467  -5.414 0.0000000000
96995  -45.139  19.942  -5.843 0.0000000000
97000  -26.774  20.509  -6.331 0.0000000000
97001  -27.246  20.171  -6.513 0.0000000000
97002  -45.032  18.990  -6.075 0.0000000000
97003  -45.216  19.525  -6.406 0.0000000000
97011  -27.860  20.078  -7.143 0.0000000000
97012  -28.013  19.793  -7.828 0.0000000000
97013  -45.370  19.535  -7.330 0.0000000000
97023  -28.474  19.547  -8.576 0.0000000000
97024  -28.827  19.010  -8.792 0.0000000000
97026  -45.251  19.222  -8.381 0.0000000000
97034  -28.733  20.024  -9.189 0.0000000000
97035  -29.079  19.426  -9.404 0.0000000000
97042  -29.427  19.258  -10.420 0.0000000000
97048  -29.885  19.238  -11.492 0.0000000000
97049  -30.129  18.616  -11.836 0.0000000000
97051  -30.053  19.873  -12.434 0.0000000000
97052  -30.285  19.006  -12.292 0.0000000000
97054  -30.140  20.204  -12.948 0.0000000000
97055  -30.471  19.646  -13.127 0.0000000000
97906  -26.372  21.168  -3.369 0.0000000000
97907  -26.835  20.656  -3.066 0.0000000000
97908  -27.841  20.653  -2.560 0.0000000000
97909  -28.817  20.692  -2.421 0.0000000000
97910  -29.820  20.736  -2.641 0.0000000000
97911  -30.671  20.398  -2.860 0.0000000000
97912  -31.620  20.365  -2.964 0.0000000000
97913  -32.628  20.477  -2.957 0.0000000000
97914  -33.667  20.397  -2.958 0.0000000000
97915  -34.712  20.297  -2.934 0.0000000000
97916  -35.748  20.298  -2.883 0.0000000000
97917  -36.747  20.235  -2.897 0.0000000000
97918  -37.705  20.201  -2.931 0.0000000000
97919  -38.630  20.140  -2.968 0.0000000000
97920  -39.550  20.058  -2.959 0.0000000000
97921  -40.498  20.041  -2.827 0.0000000000
97922  -41.384  20.066  -2.752 0.0000000000
97927  -26.158  20.633  -3.927 0.0000000000
97928  -26.555  20.139  -3.562 0.0000000000
97929  -30.443  21.046  -3.272 0.0000000000
97930  -31.179  20.927  -3.578 0.0000000000
97935  -36.249  20.518  -3.659 0.0000000000
97936  -37.224  20.503  -3.656 0.0000000000
97937  -38.169  20.451  -3.710 0.0000000000
97938  -39.108  20.435  -3.748 0.0000000000
97939  -40.055  20.485  -3.640 0.0000000000
97940  -41.002  20.594  -3.405 0.0000000000
97941  -42.043  20.470  -3.241 0.0000000000
97942  -42.818  20.334  -3.514 0.0000000000
97946  -25.951  21.604  -5.406 0.0000000000
97947  -25.920  20.931  -5.186 0.0000000000
97953  -37.678  20.739  -4.411 0.0000000000
97954  -38.609  20.726  -4.534 0.0000000000
97955  -39.584  20.785  -4.652 0.0000000000
97956  -40.591  20.866  -4.286 0.0000000000
97957  -41.517  20.961  -4.074 0.0000000000
97958  -42.451  20.900  -3.994 0.0000000000
97959  -43.341  20.523  -4.080 0.0000000000
97960  -44.078  20.437  -4.407 0.0000000000
97964  -26.136  21.510  -5.753 0.0000000000
97965  -26.451  21.060  -6.193 0.0000000000
97968  -38.961  20.938  -5.008 0.0000000000
97969  -39.243  21.081  -5.176 0.0000000000
97970  -44.640  20.385  -4.886 0.0000000000
97971  -44.979  20.412  -5.533 0.0000000000
97977  -26.970  20.928  -6.745 0.0000000000
97978  -27.420  20.812  -7.201 0.0000000000
97979  -45.207  20.390  -6.092 0.0000000000
97984  -27.707  20.688  -7.998 0.0000000000
97985  -28.121  20.283  -8.424 0.0000000000
97986  -45.456  20.385  -6.824 0.0000000000
97994  -28.048  20.872  -8.651 0.0000000000
97995  -28.415  20.560  -9.057 0.0000000000
97996  -45.541  20.312  -7.772 0.0000000000
98004  -28.883  20.528  -9.791 0.0000000000
98005  -29.228  20.051  -10.219 0.0000000000
98006  -45.476  20.277  -8.839 0.0000000000
98010  -29.188  20.697  -10.500 0.0000000000
98011  -29.470  20.290  -11.027 0.0000000000
98017  -29.822  20.473  -11.932 0.0000000000
98019  -29.996  20.700  -12.722 0.0000000000
98022  -30.285  20.640  -13.423 0.0000000000
98023  -30.531  20.140  -13.713 0.0000000000
98897  -26.592  21.868  -2.987 0.0000000000
98898  -27.478  21.648  -2.571 0.0000000000
98899  -28.452  21.603  -2.419 0.0000000000
98900  -29.397  21.618  -2.534 0.0000000000
98901  -30.164  21.695  -3.007 0.0000000000
98906  -25.715  22.226  -4.120 0.0000000000
98907  -26.057  21.609  -3.645 0.0000000000
98908  -30.858  21.743  -3.564 0.0000000000
98915  -25.843  21.979  -4.997 0.0000000000
98916  -25.826  21.437  -4.348 0.0000000000
98923  -38.085  21.008  -5.075 0.0000000000
98924  -38.601  20.968  -5.052 0.0000000000
98925  -40.311  21.102  -5.011 0.0000000000
98926  -41.054  21.304  -4.885 0.0000000000
98927  -41.977  21.444  -4.708 0.0000000000
98928  -42.955  21.334  -4.590 0.0000000000
98929  -43.817  21.110  -4.668 0.0000000000
98930  -44.281  20.838  -4.824 0.0000000000
98934  -26.040  22.075  -5.700 0.0000000000
98935  -26.350  21.964  -6.313 0.0000000000
98942  -38.699  21.352  -5.521 0.0000000000
98943  -39.674  21.320  -5.501 0.0000000000
98944  -40.551  21.493  -5.573 0.0000000000
98945  -41.406  21.846  -5.692 0.0000000000
98946  -42.522  21.829  -5.307 0.0000000000
98947  -43.470  21.660  -5.189 0.0000000000
98948  -44.450  21.321  -5.428 0.0000000000
98949  -45.029  20.864  -5.778 0.0000000000
98955  -26.759  21.774  -7.126 0.0000000000
98956  -27.122  21.278  -7.213 0.0000000000
98963  -39.140  21.816  -6.289 0.0000000000
98964  -40.066  21.833  -6.167 0.0000000000
98965  -40.698  21.835  -6.043 0.0000000000
98966  -44.654  21.798  -6.058 0.0000000000
98967  -45.137  21.216  -6.232 0.0000000000
98974  -27.136  22.156  -7.619 0.0000000000
98975  -27.397  21.663  -7.769 0.0000000000
98981  -45.402  21.316  -7.162 0.0000000000
98989  -27.859  21.611  -8.675 0.0000000000
98990  -28.202  21.257  -9.075 0.0000000000
98991  -45.438  21.343  -8.198 0.0000000000
99001  -28.129  21.791  -9.332 0.0000000000
99002  -28.455  21.410  -9.722 0.0000000000
99008  -28.846  21.399  -10.578 0.0000000000
99009  -29.315  21.101  -10.980 0.0000000000
99015  -29.065  21.670  -11.401 0.0000000000
99016  -29.506  21.165  -11.606 0.0000000000
99020  -29.194  21.706  -12.016 0.0000000000
99021  -29.577  21.407  -12.443 0.0000000000
99024  -29.938  21.518  -13.210 0.0000000000
99027  -30.348  21.606  -13.997 0.0000000000
100032  -26.416  22.974  -2.744 0.0000000000
100033  -27.175  22.665  -2.421 0.0000000000
100034  -28.097  22.552  -2.239 0.0000000000
100035  -29.066  22.520  -2.295 0.0000000000
100036  -29.921  22.533  -2.651 0.0000000000
100040  -25.648  23.104  -3.845 0.0000000000
100041  -26.037  22.497  -3.386 0.0000000000
100042  -30.590  22.577  -3.229 0.0000000000
100043  -31.277  22.613  -3.759 0.0000000000
100046  -25.767  22.931  -4.734 0.0000000000
100051  -25.921  22.776  -5.529 0.0000000000
100052  -26.193  22.731  -6.206 0.0000000000
100055  -41.508  22.307  -6.306 0.0000000000
100056  -42.177  22.311  -6.031 0.0000000000
100057  -43.141  22.193  -5.741 0.0000000000
100058  -43.800  21.945  -5.572 0.0000000000
100062  -26.556  22.738  -6.935 0.0000000000
100067  -39.539  22.346  -6.897 0.0000000000
100068  -40.695  22.371  -6.617 0.0000000000
100069  -41.687  22.836  -6.797 0.0000000000
100070  -42.786  22.761  -6.438 0.0000000000
100071  -43.993  22.411  -6.075 0.0000000000
100072  -44.814  22.062  -6.640 0.0000000000
100078  -26.946  22.748  -7.713 0.0000000000
100079  -27.327  22.419  -7.951 0.0000000000
100086  -39.816  22.945  -7.727 0.0000000000
100087  -40.777  23.055  -7.340 0.0000000000
100088  -41.308  23.245  -7.347 0.0000000000
100089  -43.391  22.986  -6.761 0.0000000000
100090  -44.164  22.843  -7.003 0.0000000000
100091  -45.161  22.461  -7.522 0.0000000000
100095  -27.217  22.901  -8.309 0.0000000000
100096  -27.487  22.484  -8.608 0.0000000000
100112  -27.713  22.404  -9.467 0.0000000000
100113  -28.121  22.098  -9.857 0.0000000000
100127  -27.709  22.573  -10.366 0.0000000000
100128  -28.284  22.067  -10.487 0.0000000000
100136  -27.815  22.558  -11.198 0.0000000000
100137  -28.494  22.107  -11.259 0.0000000000
100143  -28.010  22.425  -11.850 0.0000000000
100144  -28.599  22.114  -12.101 0.0000000000
100145  -29.038  21.963  -12.551 0.0000000000
100149  -27.953  22.574  -12.501 0.0000000000
100150  -28.464  22.428  -13.050 0.0000000000
100151  -29.311  22.106  -13.113 0.0000000000
100153  -28.898  22.720  -13.731 0.0000000000
100154  -29.739  22.362  -13.786 0.0000000000
100156  -29.074  22.839  -14.508 0.0000000000
100157  -29.853  22.318  -14.732 0.0000000000
100160  -29.125  22.916  -15.446 0.0000000000
101152  -26.420  24.464  -2.089 0.0000000000
101153  -26.705  24.188  -1.942 0.0000000000
101154  -27.214  23.960  -1.811 0.0000000000
101166  -25.550  24.472  -2.910 0.0000000000
101167  -25.992  24.026  -2.426 0.0000000000
101168  -26.836  23.520  -2.156 0.0000000000
101169  -27.705  23.512  -1.954 0.0000000000
101170  -28.704  23.469  -2.079 0.0000000000
101171  -29.613  23.448  -2.412 0.0000000000
101181  -25.484  24.028  -3.431 0.0000000000
101182  -25.856  23.288  -3.109 0.0000000000
101183  -30.395  23.439  -2.826 0.0000000000
101184  -31.029  23.475  -3.374 0.0000000000
101188  -25.516  23.853  -4.492 0.0000000000
101189  -31.576  23.531  -3.971 0.0000000000
101194  -25.722  23.713  -5.516 0.0000000000
101195  -25.973  23.322  -6.062 0.0000000000
101201  -25.933  23.904  -6.269 0.0000000000
101202  -26.253  23.590  -6.746 0.0000000000
101205  -42.286  23.109  -6.896 0.0000000000
101206  -42.728  23.299  -6.924 0.0000000000
101211  -26.522  23.600  -7.653 0.0000000000
101214  -40.334  23.271  -7.864 0.0000000000
101215  -40.847  23.536  -7.831 0.0000000000
101216  -41.916  23.490  -7.496 0.0000000000
101217  -43.179  23.531  -7.427 0.0000000000
101218  -44.350  23.514  -7.668 0.0000000000
101224  -26.918  23.607  -8.506 0.0000000000
101225  -27.261  23.190  -8.811 0.0000000000
101232  -42.245  24.143  -8.187 0.0000000000
101240  -27.101  23.752  -9.323 0.0000000000
101241  -27.324  23.093  -9.362 0.0000000000
101260  -27.081  23.603  -9.874 0.0000000000
101261  -27.277  23.095  -10.098 0.0000000000
101278  -26.925  23.704  -10.453 0.0000000000
101279  -27.172  23.296  -11.061 0.0000000000
101292  -27.499  23.142  -12.092 0.0000000000
101300  -27.712  23.286  -13.138 0.0000000000
101301  -28.190  23.018  -13.712 0.0000000000
101303  -27.728  23.735  -14.046 0.0000000000
101304  -28.328  23.239  -14.347 0.0000000000
101306  -27.859  24.021  -14.812 0.0000000000
101307  -28.388  23.441  -15.130 0.0000000000
101309  -28.021  24.242  -15.471 0.0000000000
101310  -28.440  23.860  -16.119 0.0000000000
102291  -26.759  24.778  -1.879 0.0000000000
102292  -27.248  24.532  -1.748 0.0000000000
102293  -27.638  24.216  -1.775 0.0000000000
102302  -25.721  24.986  -2.702 0.0000000000
102303  -26.283  24.916  -2.231 0.0000000000
102304  -27.701  24.689  -1.767 0.0000000000
102305  -28.268  24.438  -1.908 0.0000000000
102306  -29.249  24.418  -2.337 0.0000000000
102307  -30.096  24.331  -2.670 0.0000000000
102320  -25.298  24.964  -3.343 0.0000000000
102321  -30.708  24.321  -3.122 0.0000000000
102322  -31.280  24.417  -3.681 0.0000000000
102333  -25.193  24.783  -4.234 0.0000000000
102334  -31.796  24.439  -4.317 0.0000000000
102335  -32.429  24.450  -4.818 0.0000000000
102344  -25.388  24.680  -5.249 0.0000000000
102352  -25.732  24.664  -6.255 0.0000000000
102353  -26.025  24.302  -6.749 0.0000000000
102358  -25.939  24.871  -7.001 0.0000000000
102359  -26.222  24.520  -7.465 0.0000000000
102364  -26.571  24.553  -8.381 0.0000000000
102374  -26.974  24.582  -9.242 0.0000000000
102388  -26.905  24.378  -10.159 0.0000000000
102404  -26.730  24.280  -11.109 0.0000000000
102405  -27.090  24.174  -11.957 0.0000000000
102420  -27.324  24.030  -12.733 0.0000000000
102433  -27.404  24.432  -13.537 0.0000000000
102439  -27.514  24.773  -14.437 0.0000000000
102443  -27.777  24.977  -15.225 0.0000000000
102445  -28.109  25.003  -15.966 0.0000000000
102446  -28.497  24.968  -16.782 0.0000000000
103306  -27.222  25.036  -1.763 0.0000000000
103307  -27.497  24.906  -1.752 0.0000000000
103314  -26.001  25.744  -2.397 0.0000000000
103315  -26.831  25.557  -1.978 0.0000000000
103316  -27.783  25.361  -1.927 0.0000000000
103317  -28.781  25.381  -2.350 0.0000000000
103318  -29.848  25.412  -2.877 0.0000000000
103319  -30.371  24.860  -3.028 0.0000000000
103328  -24.744  26.416  -3.530 0.0000000000
103329  -25.182  25.867  -2.953 0.0000000000
103330  -30.291  25.975  -3.409 0.0000000000
103331  -30.751  25.359  -3.511 0.0000000000
103332  -31.488  25.340  -4.104 0.0000000000
103340  -24.631  26.301  -3.926 0.0000000000
103341  -24.782  25.758  -3.952 0.0000000000
103342  -32.092  25.350  -4.630 0.0000000000
103343  -32.661  25.367  -5.210 0.0000000000
103353  -24.989  25.587  -4.982 0.0000000000
103366  -25.363  25.602  -5.976 0.0000000000
103378  -25.736  25.643  -6.998 0.0000000000
103379  -26.056  25.287  -7.470 0.0000000000
103391  -25.978  25.879  -7.728 0.0000000000
103392  -26.295  25.521  -8.158 0.0000000000
103407  -26.719  25.572  -9.088 0.0000000000
103420  -26.800  25.447  -10.113 0.0000000000
103433  -26.653  25.223  -11.004 0.0000000000
103434  -26.895  25.159  -11.802 0.0000000000
103448  -27.206  25.200  -12.804 0.0000000000
103463  -27.491  25.646  -13.911 0.0000000000
103474  -27.748  25.856  -14.839 0.0000000000
103480  -28.004  25.904  -15.654 0.0000000000
103483  -28.410  25.959  -16.413 0.0000000000
104331  -25.629  26.653  -2.541 0.0000000000
104332  -26.491  26.542  -2.244 0.0000000000
104333  -27.430  26.429  -2.202 0.0000000000
104334  -28.321  26.298  -2.398 0.0000000000
104335  -29.123  26.339  -2.734 0.0000000000
104345  -24.691  27.029  -3.474 0.0000000000
104346  -24.930  26.814  -2.939 0.0000000000
104347  -29.863  26.549  -3.274 0.0000000000
104348  -30.758  26.590  -3.883 0.0000000000
104349  -31.219  25.962  -3.978 0.0000000000
104358  -24.575  26.816  -4.124 0.0000000000
104359  -24.641  26.284  -4.174 0.0000000000
104360  -31.114  26.992  -4.445 0.0000000000
104361  -31.637  26.462  -4.677 0.0000000000
104362  -32.277  25.946  -4.974 0.0000000000
104371  -24.558  27.023  -5.023 0.0000000000
104372  -24.718  26.325  -4.670 0.0000000000
104373  -31.832  26.900  -5.380 0.0000000000
104374  -32.354  26.400  -5.694 0.0000000000
104383  -24.517  27.158  -5.642 0.0000000000
104384  -24.811  26.540  -5.744 0.0000000000
104398  -25.269  26.444  -6.691 0.0000000000
104416  -25.588  26.711  -7.883 0.0000000000
104417  -26.069  26.191  -8.142 0.0000000000
104433  -25.851  27.156  -8.632 0.0000000000
104434  -26.233  26.607  -8.839 0.0000000000
104443  -26.503  26.475  -9.976 0.0000000000
104455  -26.607  26.357  -11.188 0.0000000000
104456  -26.815  25.765  -11.566 0.0000000000
104468  -26.957  26.867  -11.813 0.0000000000
104469  -27.161  26.326  -12.183 0.0000000000
104484  -27.527  26.549  -13.341 0.0000000000
104497  -27.971  26.874  -14.405 0.0000000000
104498  -28.572  27.369  -15.019 0.0000000000
104505  -28.243  26.703  -15.267 0.0000000000
104506  -28.718  27.343  -15.757 0.0000000000
104510  -28.415  26.633  -15.976 0.0000000000
105349  -25.280  27.527  -2.714 0.0000000000
105350  -26.099  27.464  -2.420 0.0000000000
105351  -27.028  27.387  -2.314 0.0000000000
105352  -28.070  27.392  -2.558 0.0000000000
105353  -28.663  26.872  -2.676 0.0000000000
105362  -24.532  27.579  -3.729 0.0000000000
105363  -24.765  27.547  -3.154 0.0000000000
105364  -28.451  27.970  -2.968 0.0000000000
105365  -29.047  27.423  -3.111 0.0000000000
105366  -30.041  27.550  -3.665 0.0000000000
105374  -24.328  27.649  -4.507 0.0000000000
105375  -30.725  27.667  -4.545 0.0000000000
105376  -31.279  27.219  -4.730 0.0000000000
105384  -24.280  27.660  -5.421 0.0000000000
105385  -30.830  28.128  -5.116 0.0000000000
105386  -31.470  27.652  -5.380 0.0000000000
105387  -31.918  27.104  -5.742 0.0000000000
105397  -24.565  27.496  -6.322 0.0000000000
105398  -24.881  26.898  -6.486 0.0000000000
105399  -31.801  28.128  -5.978 0.0000000000
105400  -32.163  27.535  -6.394 0.0000000000
105412  -24.795  27.921  -7.187 0.0000000000
105413  -25.060  27.223  -7.068 0.0000000000
105428  -24.879  28.186  -7.583 0.0000000000
105429  -25.145  27.835  -7.830 0.0000000000
105443  -25.666  27.744  -8.552 0.0000000000
105444  -26.039  27.601  -9.138 0.0000000000
105455  -26.293  27.447  -9.793 0.0000000000
105466  -26.439  27.426  -10.759 0.0000000000
105479  -26.799  27.434  -11.636 0.0000000000
105480  -27.181  27.341  -12.231 0.0000000000
105494  -27.528  27.328  -12.858 0.0000000000
105508  -28.036  27.669  -13.744 0.0000000000
105509  -28.566  27.781  -14.527 0.0000000000
105519  -29.017  28.006  -15.298 0.0000000000
106325  -24.499  28.816  -3.219 0.0000000000
106326  -24.767  28.357  -2.940 0.0000000000
106327  -25.680  28.336  -2.648 0.0000000000
106328  -26.626  28.289  -2.565 0.0000000000
106329  -27.389  28.057  -2.574 0.0000000000
106337  -24.296  28.469  -3.797 0.0000000000
106338  -24.579  27.989  -3.385 0.0000000000
106339  -27.212  28.657  -2.693 0.0000000000
106340  -27.942  28.523  -2.808 0.0000000000
106341  -28.738  28.554  -3.320 0.0000000000
106342  -29.375  28.173  -3.648 0.0000000000
106348  -23.954  28.444  -4.976 0.0000000000
106349  -29.211  28.826  -3.839 0.0000000000
106350  -29.845  28.539  -4.225 0.0000000000
106357  -24.156  28.369  -5.979 0.0000000000
106358  -30.433  28.667  -4.897 0.0000000000
106359  -30.918  28.665  -5.430 0.0000000000
106372  -24.484  28.402  -6.818 0.0000000000
106373  -31.452  28.657  -5.866 0.0000000000
106374  -31.813  28.582  -6.436 0.0000000000
106387  -24.706  28.429  -7.390 0.0000000000
106400  -24.900  28.582  -7.854 0.0000000000
106401  -25.398  28.589  -8.442 0.0000000000
106415  -26.062  28.586  -9.265 0.0000000000
106416  -26.230  28.047  -9.629 0.0000000000
106428  -26.235  29.098  -9.951 0.0000000000
106429  -26.426  28.481  -10.320 0.0000000000
106439  -26.496  28.744  -12.004 0.0000000000
106440  -26.609  28.345  -11.426 0.0000000000
106452  -26.582  29.073  -12.642 0.0000000000
106453  -26.979  28.228  -12.370 0.0000000000
106454  -27.384  27.787  -12.608 0.0000000000
106470  -26.468  29.214  -13.563 0.0000000000
106471  -27.284  28.956  -13.225 0.0000000000
106472  -27.726  28.180  -13.013 0.0000000000
106487  -26.318  29.287  -14.174 0.0000000000
106488  -26.985  29.172  -14.400 0.0000000000
106489  -27.935  28.581  -14.047 0.0000000000
106490  -28.384  28.158  -14.236 0.0000000000
106504  -27.124  29.267  -15.149 0.0000000000
106505  -27.808  29.031  -15.275 0.0000000000
106506  -28.529  28.443  -14.839 0.0000000000
107325  -24.655  28.985  -2.954 0.0000000000
107326  -25.184  29.263  -2.734 0.0000000000
107327  -26.158  29.104  -2.604 0.0000000000
107328  -26.781  28.983  -2.693 0.0000000000
107337  -24.424  29.454  -3.345 0.0000000000
107338  -24.858  29.832  -2.965 0.0000000000
107339  -26.599  29.454  -2.717 0.0000000000
107340  -27.256  29.380  -2.856 0.0000000000
107341  -28.183  29.478  -3.183 0.0000000000
107342  -28.875  29.470  -3.645 0.0000000000
107349  -23.731  30.181  -4.993 0.0000000000
107350  -23.909  29.567  -4.573 0.0000000000
107351  -29.336  29.459  -4.133 0.0000000000
107352  -29.899  29.522  -4.645 0.0000000000
107364  -23.718  30.014  -5.487 0.0000000000
107365  -23.868  29.212  -5.655 0.0000000000
107366  -30.486  29.542  -5.272 0.0000000000
107367  -31.034  29.452  -5.803 0.0000000000
107382  -23.740  29.837  -6.317 0.0000000000
107383  -24.102  29.102  -6.575 0.0000000000
107384  -31.486  29.410  -6.284 0.0000000000
107385  -31.925  29.364  -6.815 0.0000000000
107398  -23.958  29.740  -7.186 0.0000000000
107399  -24.484  29.065  -7.435 0.0000000000
107413  -24.264  29.709  -7.852 0.0000000000
107414  -24.775  29.386  -8.377 0.0000000000
107415  -25.537  29.267  -8.938 0.0000000000
107430  -24.997  29.798  -9.325 0.0000000000
107431  -25.767  29.458  -9.714 0.0000000000
107445  -25.142  29.973  -10.320 0.0000000000
107446  -26.122  29.550  -10.671 0.0000000000
107447  -26.623  29.072  -11.199 0.0000000000
107455  -25.177  29.959  -11.459 0.0000000000
107456  -25.992  29.256  -11.900 0.0000000000
107457  -26.491  28.897  -11.648 0.0000000000
107465  -25.127  29.887  -12.623 0.0000000000
107466  -25.848  29.461  -13.054 0.0000000000
107478  -25.132  29.852  -13.679 0.0000000000
107479  -25.781  29.399  -13.983 0.0000000000
107491  -25.245  29.829  -14.671 0.0000000000
107492  -26.098  29.503  -14.788 0.0000000000
107493  -26.680  29.413  -15.147 0.0000000000
108315  -25.898  29.683  -2.681 0.0000000000
108316  -26.288  29.608  -2.667 0.0000000000
108325  -24.663  30.278  -3.306 0.0000000000
108326  -25.386  30.196  -2.932 0.0000000000
108327  -26.448  30.137  -2.846 0.0000000000
108328  -27.485  30.324  -3.196 0.0000000000
108329  -28.507  30.463  -3.644 0.0000000000
108330  -29.083  29.988  -3.854 0.0000000000
108342  -23.798  30.489  -4.643 0.0000000000
108343  -24.144  30.301  -3.918 0.0000000000
108344  -28.812  31.026  -3.989 0.0000000000
108345  -29.298  30.471  -4.268 0.0000000000
108346  -30.077  30.488  -4.893 0.0000000000
108361  -23.542  30.624  -5.302 0.0000000000
108362  -30.745  30.525  -5.726 0.0000000000
108363  -31.163  29.956  -6.145 0.0000000000
108378  -23.006  30.828  -6.611 0.0000000000
108379  -23.317  30.559  -6.070 0.0000000000
108380  -31.029  31.068  -6.087 0.0000000000
108381  -31.584  30.493  -6.534 0.0000000000
108395  -22.916  30.896  -7.358 0.0000000000
108396  -23.386  30.325  -6.926 0.0000000000
108409  -22.757  31.006  -8.425 0.0000000000
108410  -23.712  30.353  -7.989 0.0000000000
108411  -24.281  29.914  -8.262 0.0000000000
108421  -22.583  31.225  -9.512 0.0000000000
108422  -23.415  30.585  -9.173 0.0000000000
108423  -24.291  30.133  -8.815 0.0000000000
108431  -22.461  31.442  -10.226 0.0000000000
108432  -23.133  30.865  -10.437 0.0000000000
108433  -24.235  30.327  -9.835 0.0000000000
108440  -22.957  31.051  -11.963 0.0000000000
108441  -23.472  30.671  -11.532 0.0000000000
108442  -24.235  30.360  -10.972 0.0000000000
108447  -22.873  31.632  -12.614 0.0000000000
108448  -23.359  31.129  -12.700 0.0000000000
108449  -24.128  30.306  -12.296 0.0000000000
108454  -23.769  30.996  -13.332 0.0000000000
108455  -24.423  30.363  -13.413 0.0000000000
108467  -24.601  30.401  -14.402 0.0000000000
109250  -24.461  30.796  -3.716 0.0000000000
109251  -24.976  30.890  -3.396 0.0000000000
109252  -25.774  30.992  -3.232 0.0000000000
109253  -26.724  31.121  -3.280 0.0000000000
109254  -27.649  31.283  -3.473 0.0000000000
109267  -23.609  31.085  -4.952 0.0000000000
109268  -24.024  31.124  -4.259 0.0000000000
109269  -28.363  31.536  -3.800 0.0000000000
109270  -28.964  31.590  -4.290 0.0000000000
109271  -29.602  31.219  -4.623 0.0000000000
109284  -22.832  31.566  -6.111 0.0000000000
109285  -23.134  31.375  -5.736 0.0000000000
109286  -29.419  31.905  -4.676 0.0000000000
109287  -30.110  31.617  -5.065 0.0000000000
109297  -22.747  31.480  -6.557 0.0000000000
109298  -22.978  31.036  -6.212 0.0000000000
109299  -30.603  31.642  -5.820 0.0000000000
109300  -31.087  31.619  -6.327 0.0000000000
109307  -22.378  31.738  -7.685 0.0000000000
109308  -31.632  31.606  -6.755 0.0000000000
109316  -22.242  31.906  -8.866 0.0000000000
109325  -21.744  32.507  -10.424 0.0000000000
109326  -21.926  32.032  -9.978 0.0000000000
109335  -21.845  32.298  -10.725 0.0000000000
109336  -22.270  31.781  -10.995 0.0000000000
109337  -22.798  31.256  -11.263 0.0000000000
109345  -22.492  31.928  -12.113 0.0000000000
109346  -22.893  31.113  -11.695 0.0000000000
109351  -22.876  31.944  -12.995 0.0000000000
109352  -23.340  31.591  -13.334 0.0000000000
110100  -24.572  31.300  -3.823 0.0000000000
110101  -25.125  31.614  -3.640 0.0000000000
110102  -25.982  31.873  -3.476 0.0000000000
110103  -26.931  32.054  -3.434 0.0000000000
110104  -27.745  32.127  -3.571 0.0000000000
110111  -23.667  31.754  -4.937 0.0000000000
110112  -24.352  31.989  -4.228 0.0000000000
110113  -25.212  32.458  -3.973 0.0000000000
110114  -26.177  32.717  -3.882 0.0000000000
110115  -27.183  32.832  -3.836 0.0000000000
110116  -28.249  32.601  -4.100 0.0000000000
110117  -28.911  32.338  -4.570 0.0000000000
110121  -22.760  31.897  -6.117 0.0000000000
110122  -23.191  32.383  -5.676 0.0000000000
110123  -28.599  32.921  -4.712 0.0000000000
110124  -29.288  32.660  -5.049 0.0000000000
110125  -30.054  32.563  -5.568 0.0000000000
110129  -22.553  32.629  -6.827 0.0000000000
110130  -23.045  33.207  -6.110 0.0000000000
110131  -30.498  32.470  -6.203 0.0000000000
110132  -31.087  32.458  -6.626 0.0000000000
110136  -21.510  33.476  -8.733 0.0000000000
110137  -21.758  32.824  -8.263 0.0000000000
110144  -21.577  33.258  -9.233 0.0000000000
110145  -21.851  32.564  -9.355 0.0000000000
110151  -21.642  32.895  -10.048 0.0000000000
110152  -21.801  32.479  -9.784 0.0000000000
110157  -21.617  32.907  -10.953 0.0000000000
110158  -21.866  32.453  -11.276 0.0000000000
110163  -21.736  33.019  -11.774 0.0000000000
110164  -22.108  32.480  -11.898 0.0000000000
110170  -22.055  33.121  -12.360 0.0000000000
110171  -22.428  32.762  -12.821 0.0000000000
110916  -23.830  32.481  -4.920 0.0000000000
110917  -24.435  32.928  -4.580 0.0000000000
110918  -25.347  33.354  -4.476 0.0000000000
110919  -26.408  33.485  -4.431 0.0000000000
110920  -27.389  33.391  -4.429 0.0000000000
110921  -28.065  33.341  -4.645 0.0000000000
110925  -23.709  33.252  -5.389 0.0000000000
110926  -24.503  33.657  -5.077 0.0000000000
110927  -25.117  33.939  -5.057 0.0000000000
110928  -26.808  33.882  -4.838 0.0000000000
110929  -27.466  33.860  -5.041 0.0000000000
110930  -28.408  33.602  -5.235 0.0000000000
110931  -29.353  33.550  -5.669 0.0000000000
110932  -30.081  33.225  -5.969 0.0000000000
110935  -22.691  33.795  -6.752 0.0000000000
110936  -23.352  33.917  -6.115 0.0000000000
110937  -29.782  33.865  -6.154 0.0000000000
110938  -30.453  33.486  -6.551 0.0000000000
110939  -31.166  33.142  -6.898 0.0000000000
110943  -21.432  33.882  -8.368 0.0000000000
110944  -21.955  33.740  -7.518 0.0000000000
110945  -30.878  33.774  -7.083 0.0000000000
110952  -21.306  33.960  -9.134 0.0000000000
110958  -21.370  33.847  -9.932 0.0000000000
110965  -21.415  33.735  -10.785 0.0000000000
110971  -21.602  33.731  -11.592 0.0000000000
110978  -21.950  33.765  -12.272 0.0000000000
111737  -25.706  33.903  -4.823 0.0000000000
111738  -26.196  34.119  -4.918 0.0000000000
111742  -23.963  33.970  -5.642 0.0000000000
111743  -24.571  34.280  -5.568 0.0000000000
111744  -25.483  34.373  -5.451 0.0000000000
111745  -26.531  34.374  -5.496 0.0000000000
111746  -27.512  34.347  -5.750 0.0000000000
111747  -28.442  34.301  -5.974 0.0000000000
111748  -29.168  34.264  -6.202 0.0000000000
111752  -22.991  34.624  -6.657 0.0000000000
111753  -23.783  34.624  -6.219 0.0000000000
111754  -24.641  34.936  -6.122 0.0000000000
111755  -25.620  34.973  -6.198 0.0000000000
111756  -26.615  34.899  -6.356 0.0000000000
111757  -27.557  34.761  -6.580 0.0000000000
111758  -28.509  34.709  -6.827 0.0000000000
111759  -29.611  34.460  -6.739 0.0000000000
111760  -30.337  34.281  -7.052 0.0000000000
111765  -21.496  34.721  -7.955 0.0000000000
111766  -22.263  34.682  -7.275 0.0000000000
111767  -28.966  34.899  -7.362 0.0000000000
111777  -21.244  34.742  -8.881 0.0000000000
111787  -21.248  34.710  -9.775 0.0000000000
111795  -21.371  34.635  -10.641 0.0000000000
111802  -21.591  34.563  -11.437 0.0000000000
111811  -21.913  34.535  -12.123 0.0000000000
112573  -23.291  35.095  -6.672 0.0000000000
112574  -23.699  35.560  -6.711 0.0000000000
112575  -24.737  35.689  -6.679 0.0000000000
112576  -25.754  35.656  -6.945 0.0000000000
112577  -26.761  35.349  -7.093 0.0000000000
112578  -27.582  35.125  -7.384 0.0000000000
112579  -28.275  35.039  -7.607 0.0000000000
112584  -21.838  35.654  -7.774 0.0000000000
112585  -22.729  35.595  -7.064 0.0000000000
112586  -23.131  35.973  -6.925 0.0000000000
112587  -26.215  35.891  -7.466 0.0000000000
112588  -26.866  35.723  -7.819 0.0000000000
112596  -21.411  35.632  -8.652 0.0000000000
112607  -21.318  35.590  -9.578 0.0000000000
112621  -21.418  35.535  -10.480 0.0000000000
112633  -21.678  35.462  -11.326 0.0000000000
112643  -21.944  35.340  -12.013 0.0000000000
113410  -23.950  36.400  -6.846 0.0000000000
113411  -24.808  36.669  -7.112 0.0000000000
113412  -25.663  36.329  -7.406 0.0000000000
113421  -22.028  36.709  -7.551 0.0000000000
113422  -22.808  36.477  -7.053 0.0000000000
113423  -23.359  36.271  -6.893 0.0000000000
113424  -25.435  36.935  -7.502 0.0000000000
113425  -26.213  36.599  -7.805 0.0000000000
113436  -21.532  36.577  -8.450 0.0000000000
113449  -21.401  36.500  -9.379 0.0000000000
113462  -21.457  36.446  -10.293 0.0000000000
113479  -21.697  36.409  -11.194 0.0000000000
113492  -22.082  36.366  -12.172 0.0000000000
114229  -23.889  37.256  -6.810 0.0000000000
114230  -24.339  37.631  -6.883 0.0000000000
114236  -21.908  37.768  -7.640 0.0000000000
114237  -22.551  37.353  -7.219 0.0000000000
114238  -23.259  36.958  -6.894 0.0000000000
114239  -24.960  37.573  -7.232 0.0000000000
114240  -25.714  37.558  -7.583 0.0000000000
114241  -26.700  37.470  -8.038 0.0000000000
114247  -21.567  37.536  -8.296 0.0000000000
114267  -21.394  37.422  -9.173 0.0000000000
114287  -21.367  37.343  -10.088 0.0000000000
114304  -21.572  37.329  -10.981 0.0000000000
114311  -21.769  37.345  -11.940 0.0000000000
114315  -22.194  37.455  -12.974 0.0000000000
115018  -23.812  37.873  -6.774 0.0000000000
115019  -24.055  38.145  -6.747 0.0000000000
115026  -21.935  38.409  -7.722 0.0000000000
115027  -22.348  38.176  -7.382 0.0000000000
115028  -23.147  37.970  -6.944 0.0000000000
115029  -24.464  38.247  -6.918 0.0000000000
115030  -25.094  38.366  -7.242 0.0000000000
115031  -25.943  38.406  -7.532 0.0000000000
115032  -26.855  38.452  -7.707 0.0000000000
115033  -27.582  38.710  -7.789 0.0000000000
115034  -28.260  38.771  -7.874 0.0000000000
115048  -21.623  38.363  -8.149 0.0000000000
115069  -21.381  38.328  -8.946 0.0000000000
115078  -21.150  38.880  -10.490 0.0000000000
115079  -21.283  38.229  -9.866 0.0000000000
115081  -20.996  38.846  -11.289 0.0000000000
115082  -21.320  38.147  -10.743 0.0000000000
115084  -20.973  38.951  -12.241 0.0000000000
115085  -21.419  38.184  -11.653 0.0000000000
115087  -20.738  38.946  -13.329 0.0000000000
115088  -21.416  38.206  -12.676 0.0000000000
115090  -20.662  39.009  -14.526 0.0000000000
115091  -21.296  38.205  -13.836 0.0000000000
115093  -20.675  39.150  -15.698 0.0000000000
115094  -21.262  38.354  -15.107 0.0000000000
115096  -20.813  39.332  -16.371 0.0000000000
115788  -23.654  38.319  -6.813 0.0000000000
115789  -23.958  38.583  -6.780 0.0000000000
115797  -22.159  38.697  -7.602 0.0000000000
115798  -22.609  38.755  -7.318 0.0000000000
115799  -23.356  38.913  -7.023 0.0000000000
115800  -24.277  39.105  -6.946 0.0000000000
115801  -25.181  39.260  -7.272 0.0000000000
115802  -26.069  39.342  -7.464 0.0000000000
115803  -26.925  39.435  -7.595 0.0000000000
115804  -27.759  39.503  -7.707 0.0000000000
115805  -28.722  39.355  -7.686 0.0000000000
115821  -21.852  38.913  -7.926 0.0000000000
115831  -21.537  39.107  -8.567 0.0000000000
115834  -21.134  39.354  -10.382 0.0000000000
115835  -21.358  39.248  -9.678 0.0000000000
115837  -20.856  39.423  -10.857 0.0000000000
115839  -20.750  39.604  -11.668 0.0000000000
115841  -20.501  39.860  -12.705 0.0000000000
115843  -20.316  39.819  -13.937 0.0000000000
115845  -20.247  39.889  -15.131 0.0000000000
115847  -20.536  40.019  -16.314 0.0000000000
116579  -22.198  39.129  -7.649 0.0000000000
116580  -22.626  39.475  -7.470 0.0000000000
116581  -23.387  39.922  -7.290 0.0000000000
116582  -24.376  40.053  -7.217 0.0000000000
116583  -25.267  40.172  -7.406 0.0000000000
116584  -26.155  40.246  -7.602 0.0000000000
116585  -27.037  40.292  -7.736 0.0000000000
116586  -27.977  40.381  -7.720 0.0000000000
116587  -28.925  40.222  -7.641 0.0000000000
116605  -21.874  39.680  -7.957 0.0000000000
116606  -22.517  40.221  -7.777 0.0000000000
116607  -23.065  40.641  -7.725 0.0000000000
116608  -28.450  40.890  -7.830 0.0000000000
116609  -29.193  40.824  -7.923 0.0000000000
116618  -21.607  39.930  -8.873 0.0000000000
116622  -21.079  39.828  -10.363 0.0000000000
116623  -21.370  40.270  -9.722 0.0000000000
116626  -20.769  40.124  -11.006 0.0000000000
116629  -20.631  40.436  -11.800 0.0000000000
116632  -20.510  40.755  -12.523 0.0000000000
116635  -20.373  40.690  -13.388 0.0000000000
116638  -20.211  40.754  -14.464 0.0000000000
116644  -20.358  40.920  -15.613 0.0000000000
116652  -20.437  41.238  -16.930 0.0000000000
117377  -23.716  40.596  -7.532 0.0000000000
117378  -24.412  40.877  -7.554 0.0000000000
117379  -25.343  41.062  -7.603 0.0000000000
117380  -26.246  41.034  -7.871 0.0000000000
117381  -27.103  41.028  -8.028 0.0000000000
117382  -27.802  41.156  -7.994 0.0000000000
117394  -22.032  40.324  -8.373 0.0000000000
117395  -22.522  40.814  -8.320 0.0000000000
117396  -23.404  41.194  -8.114 0.0000000000
117397  -24.414  41.600  -8.197 0.0000000000
117398  -25.445  41.706  -8.121 0.0000000000
117399  -26.317  41.658  -8.323 0.0000000000
117400  -27.191  41.612  -8.449 0.0000000000
117401  -28.252  41.528  -8.433 0.0000000000
117402  -29.411  41.432  -8.486 0.0000000000
117416  -21.815  40.754  -9.000 0.0000000000
117417  -22.454  41.474  -9.015 0.0000000000
117418  -23.458  41.737  -8.878 0.0000000000
117419  -24.149  41.921  -8.962 0.0000000000
117420  -28.641  41.929  -8.891 0.0000000000
117421  -29.131  42.024  -9.034 0.0000000000
117430  -21.035  40.498  -10.394 0.0000000000
117431  -21.499  41.237  -9.988 0.0000000000
117432  -22.270  41.713  -9.860 0.0000000000
117435  -20.878  40.927  -10.982 0.0000000000
117436  -21.315  41.643  -10.982 0.0000000000
117438  -20.842  41.323  -11.868 0.0000000000
117439  -21.305  41.967  -11.649 0.0000000000
117441  -20.596  41.445  -12.811 0.0000000000
117443  -20.466  41.549  -13.778 0.0000000000
117448  -20.325  41.712  -14.827 0.0000000000
117455  -20.395  41.983  -15.909 0.0000000000
117468  -20.407  42.465  -16.923 0.0000000000
117488  -20.464  42.107  -17.968 0.0000000000
118151  -24.791  42.005  -8.655 0.0000000000
118152  -25.482  42.155  -8.770 0.0000000000
118153  -26.364  42.187  -8.890 0.0000000000
118154  -27.265  42.156  -8.969 0.0000000000
118155  -27.981  42.140  -9.077 0.0000000000
118156  -29.761  41.877  -8.841 0.0000000000
118167  -22.854  41.879  -9.510 0.0000000000
118168  -23.519  42.116  -9.548 0.0000000000
118169  -24.498  42.259  -9.443 0.0000000000
118170  -25.454  42.418  -9.575 0.0000000000
118171  -26.388  42.422  -9.676 0.0000000000
118172  -27.324  42.409  -9.721 0.0000000000
118173  -28.362  42.373  -9.583 0.0000000000
118174  -29.436  42.342  -9.525 0.0000000000
118186  -21.883  41.842  -10.420 0.0000000000
118187  -22.639  42.168  -10.261 0.0000000000
118188  -23.575  42.421  -10.315 0.0000000000
118189  -24.522  42.546  -10.337 0.0000000000
118190  -25.458  42.610  -10.431 0.0000000000
118191  -26.436  42.582  -10.512 0.0000000000
118192  -27.493  42.684  -10.545 0.0000000000
118193  -28.485  42.688  -10.486 0.0000000000
118194  -29.492  42.731  -10.442 0.0000000000
118205  -21.812  42.274  -11.030 0.0000000000
118206  -22.642  42.661  -11.166 0.0000000000
118207  -23.638  42.694  -11.104 0.0000000000
118208  -24.508  42.697  -11.179 0.0000000000
118209  -25.434  42.637  -11.365 0.0000000000
118210  -26.511  42.589  -11.346 0.0000000000
118211  -27.500  42.699  -11.397 0.0000000000
118212  -28.473  42.894  -11.344 0.0000000000
118213  -29.501  42.931  -11.403 0.0000000000
118221  -21.018  41.936  -12.284 0.0000000000
118222  -21.626  42.565  -12.036 0.0000000000
118223  -22.333  43.040  -11.915 0.0000000000
118224  -25.736  42.590  -11.985 0.0000000000
118225  -26.475  42.558  -12.262 0.0000000000
118226  -27.571  42.529  -12.204 0.0000000000
118227  -28.527  42.777  -12.273 0.0000000000
118234  -20.833  42.306  -13.004 0.0000000000
118235  -21.367  42.914  -12.827 0.0000000000
118236  -26.779  42.684  -12.976 0.0000000000
118237  -27.627  42.596  -13.043 0.0000000000
118248  -20.627  42.416  -14.054 0.0000000000
118249  -26.868  42.706  -13.608 0.0000000000
118250  -27.507  42.552  -13.960 0.0000000000
118266  -20.478  42.658  -15.034 0.0000000000
118284  -20.380  42.980  -15.997 0.0000000000
118307  -20.455  43.417  -16.833 0.0000000000
118327  -20.384  43.143  -17.773 0.0000000000
118338  -20.462  42.914  -18.818 0.0000000000
119018  -27.913  42.946  -10.890 0.0000000000
119019  -28.237  43.013  -11.003 0.0000000000
119028  -22.958  43.140  -11.586 0.0000000000
119029  -23.625  43.142  -11.761 0.0000000000
119030  -24.424  42.996  -11.929 0.0000000000
119031  -25.024  42.755  -12.152 0.0000000000
119032  -28.040  42.972  -11.177 0.0000000000
119033  -28.266  42.949  -11.243 0.0000000000
119044  -21.875  43.166  -12.444 0.0000000000
119045  -22.649  43.425  -12.423 0.0000000000
119046  -23.595  43.494  -12.512 0.0000000000
119047  -24.434  43.206  -12.612 0.0000000000
119048  -25.308  42.847  -12.759 0.0000000000
119049  -25.989  42.817  -13.073 0.0000000000
119059  -20.990  42.930  -13.437 0.0000000000
119060  -21.622  43.502  -13.211 0.0000000000
119061  -22.346  43.819  -13.130 0.0000000000
119062  -23.869  43.650  -13.019 0.0000000000
119063  -24.496  43.542  -13.246 0.0000000000
119064  -25.345  43.423  -13.520 0.0000000000
119065  -26.189  43.066  -13.595 0.0000000000
119082  -20.828  43.332  -14.161 0.0000000000
119083  -21.316  43.972  -13.907 0.0000000000
119084  -25.767  43.601  -13.997 0.0000000000
119085  -26.458  43.246  -14.322 0.0000000000
119086  -27.103  42.893  -14.723 0.0000000000
119104  -20.647  43.519  -15.177 0.0000000000
119105  -26.661  43.358  -15.054 0.0000000000
119124  -20.526  43.851  -16.018 0.0000000000
119141  -20.555  44.131  -16.700 0.0000000000
119151  -20.497  44.020  -17.458 0.0000000000
119160  -20.496  44.007  -18.511 0.0000000000
119170  -20.597  43.713  -19.603 0.0000000000
119866  -22.897  43.868  -12.872 0.0000000000
119867  -23.322  43.915  -13.080 0.0000000000
119883  -21.899  44.072  -13.579 0.0000000000
119884  -22.648  44.266  -13.475 0.0000000000
119885  -23.663  44.243  -13.517 0.0000000000
119886  -24.552  44.136  -13.815 0.0000000000
119887  -25.198  44.000  -14.059 0.0000000000
119902  -21.009  43.977  -14.551 0.0000000000
119903  -21.702  44.570  -14.338 0.0000000000
119904  -22.866  44.767  -14.223 0.0000000000
119905  -23.844  44.718  -14.296 0.0000000000
119906  -24.720  44.578  -14.477 0.0000000000
119907  -25.583  44.110  -14.571 0.0000000000
119908  -26.145  43.837  -14.992 0.0000000000
119919  -20.933  44.297  -15.249 0.0000000000
119920  -21.387  44.996  -15.366 0.0000000000
119921  -25.066  44.710  -14.941 0.0000000000
119922  -25.617  44.525  -15.352 0.0000000000
119923  -26.451  43.944  -15.643 0.0000000000
119935  -20.819  44.677  -16.123 0.0000000000
119936  -21.284  45.284  -16.045 0.0000000000
119937  -25.970  44.664  -15.980 0.0000000000
119938  -26.548  44.459  -16.414 0.0000000000
119946  -20.670  44.722  -16.993 0.0000000000
119955  -20.567  44.781  -17.834 0.0000000000
119964  -20.545  44.905  -18.597 0.0000000000
119972  -20.554  44.665  -19.365 0.0000000000
119982  -20.647  44.516  -20.363 0.0000000000
119983  -20.821  44.841  -21.114 0.0000000000
120692  -22.192  45.334  -14.924 0.0000000000
120693  -23.218  45.462  -14.799 0.0000000000
120694  -24.160  45.175  -14.877 0.0000000000
120695  -24.646  44.932  -14.936 0.0000000000
120705  -21.783  45.506  -15.693 0.0000000000
120706  -22.587  45.831  -15.713 0.0000000000
120707  -23.726  45.684  -15.596 0.0000000000
120708  -24.774  45.291  -15.426 0.0000000000
120709  -25.485  45.154  -15.866 0.0000000000
120719  -20.971  45.249  -16.563 0.0000000000
120720  -21.583  45.920  -16.502 0.0000000000
120721  -22.516  46.312  -16.474 0.0000000000
120722  -24.286  45.734  -16.047 0.0000000000
120723  -25.000  45.648  -16.242 0.0000000000
120724  -25.862  45.246  -16.553 0.0000000000
120725  -26.481  44.979  -16.845 0.0000000000
120731  -20.829  45.476  -17.242 0.0000000000
120732  -21.257  46.236  -17.598 0.0000000000
120733  -26.261  45.415  -17.025 0.0000000000
120740  -20.754  45.561  -18.156 0.0000000000
120741  -21.124  46.292  -18.622 0.0000000000
120750  -20.687  45.522  -19.060 0.0000000000
120751  -21.101  46.168  -19.602 0.0000000000
120761  -20.750  45.364  -19.950 0.0000000000
120762  -21.159  45.934  -20.506 0.0000000000
120775  -20.850  45.264  -20.690 0.0000000000
120776  -21.354  45.499  -21.329 0.0000000000
121495  -23.319  46.156  -16.244 0.0000000000
121496  -23.853  45.923  -16.174 0.0000000000
121505  -22.133  46.653  -17.186 0.0000000000
121506  -23.135  46.658  -16.957 0.0000000000
121507  -24.212  46.221  -16.740 0.0000000000
121508  -25.335  45.881  -16.995 0.0000000000
121509  -25.890  45.620  -17.040 0.0000000000
121515  -21.866  46.824  -18.161 0.0000000000
121516  -22.864  47.129  -17.863 0.0000000000
121517  -23.884  46.927  -17.572 0.0000000000
121518  -25.034  46.730  -17.739 0.0000000000
121526  -21.644  47.068  -19.222 0.0000000000
121527  -22.397  47.274  -18.630 0.0000000000
121539  -21.592  46.658  -20.199 0.0000000000
121552  -21.729  46.419  -21.104 0.0000000000
121553  -22.187  46.615  -21.278 0.0000000000
121567  -21.841  45.963  -21.474 0.0000000000
121568  -22.397  46.217  -21.644 0.0000000000
122362  -23.081  47.437  -18.651 0.0000000000
122363  -23.783  47.391  -18.282 0.0000000000
122364  -24.377  47.228  -18.007 0.0000000000
122371  -22.091  47.188  -20.007 0.0000000000
122372  -22.704  47.490  -19.449 0.0000000000
122386  -22.062  46.988  -20.707 0.0000000000
122387  -22.679  47.425  -20.455 0.0000000000
122408  -22.090  46.791  -21.085 0.0000000000
