#!ascii label  , from subject Broad_82_YZ vox2ras=TkReg
2112
104143  -30.966  26.852  14.187 0.0000000000
104153  -30.576  26.522  13.475 0.0000000000
104154  -30.957  27.045  13.655 0.0000000000
104163  -29.405  26.100  12.031 0.0000000000
104164  -30.041  26.642  12.361 0.0000000000
104180  -28.470  26.644  11.121 0.0000000000
104181  -29.409  26.850  11.601 0.0000000000
104182  -29.853  27.278  11.903 0.0000000000
104195  -27.026  26.507  10.273 0.0000000000
104196  -27.756  26.916  10.732 0.0000000000
104205  -26.549  26.571  8.570 0.0000000000
104206  -26.600  26.586  9.290 0.0000000000
104211  -26.585  26.781  8.024 0.0000000000
105150  -32.062  27.980  16.795 0.0000000000
105157  -31.594  27.492  15.634 0.0000000000
105158  -32.097  27.894  14.819 0.0000000000
105168  -31.529  27.365  14.575 0.0000000000
105169  -32.198  27.921  14.007 0.0000000000
105174  -30.962  27.185  13.372 0.0000000000
105175  -31.497  27.464  13.547 0.0000000000
105176  -32.331  28.059  13.217 0.0000000000
105185  -30.959  27.576  12.762 0.0000000000
105186  -31.864  27.986  12.791 0.0000000000
105187  -32.322  28.356  12.811 0.0000000000
105199  -28.954  27.699  11.269 0.0000000000
105200  -29.695  27.827  11.597 0.0000000000
105201  -30.277  27.774  12.064 0.0000000000
105214  -27.382  27.645  10.513 0.0000000000
105215  -28.155  27.679  10.942 0.0000000000
105229  -26.509  27.481  8.763 0.0000000000
105230  -26.707  27.573  9.836 0.0000000000
105238  -26.618  27.598  7.809 0.0000000000
105250  -26.877  27.574  6.970 0.0000000000
105251  -27.457  27.255  6.589 0.0000000000
105261  -27.357  27.925  6.522 0.0000000000
105262  -28.123  27.602  6.354 0.0000000000
105263  -29.216  27.603  6.487 0.0000000000
106113  -32.759  28.421  17.745 0.0000000000
106114  -33.451  28.976  18.146 0.0000000000
106123  -32.066  28.074  16.353 0.0000000000
106124  -32.578  28.416  16.655 0.0000000000
106125  -33.629  29.034  16.901 0.0000000000
106126  -34.260  29.269  16.537 0.0000000000
106134  -31.862  27.907  16.055 0.0000000000
106135  -32.424  28.287  15.556 0.0000000000
106136  -33.386  28.844  15.837 0.0000000000
106137  -34.230  29.168  16.038 0.0000000000
106147  -32.799  28.329  14.435 0.0000000000
106148  -33.487  28.647  14.875 0.0000000000
106149  -34.215  29.029  15.190 0.0000000000
106157  -32.885  28.446  13.591 0.0000000000
106158  -33.722  28.727  13.919 0.0000000000
106159  -34.257  28.951  14.457 0.0000000000
106168  -31.531  28.357  12.446 0.0000000000
106169  -32.168  28.724  12.491 0.0000000000
106170  -32.879  28.659  12.831 0.0000000000
106171  -33.478  28.804  13.235 0.0000000000
106176  -29.309  28.761  11.388 0.0000000000
106177  -30.166  28.683  11.665 0.0000000000
106178  -30.988  28.601  12.069 0.0000000000
106179  -31.653  28.912  12.188 0.0000000000
106188  -27.896  28.715  10.633 0.0000000000
106189  -28.564  28.481  11.142 0.0000000000
106204  -26.775  28.696  9.345 0.0000000000
106205  -27.125  28.446  10.152 0.0000000000
106219  -26.555  28.548  8.335 0.0000000000
106228  -26.596  28.520  7.437 0.0000000000
106236  -26.899  28.584  6.710 0.0000000000
106237  -27.611  28.683  6.178 0.0000000000
106238  -28.674  28.636  6.067 0.0000000000
106239  -29.751  28.456  6.308 0.0000000000
106240  -30.698  28.365  6.342 0.0000000000
106254  -28.080  29.128  5.813 0.0000000000
106255  -28.440  29.182  5.785 0.0000000000
107083  -36.471  30.013  20.161 0.0000000000
107097  -35.798  29.758  19.331 0.0000000000
107098  -36.832  29.932  19.190 0.0000000000
107099  -37.640  30.217  19.117 0.0000000000
107106  -35.108  29.634  18.466 0.0000000000
107107  -36.308  29.765  18.209 0.0000000000
107108  -37.382  29.850  18.420 0.0000000000
107109  -38.270  30.238  18.612 0.0000000000
107110  -38.841  30.371  18.502 0.0000000000
107115  -34.394  29.401  17.552 0.0000000000
107116  -35.542  29.542  17.394 0.0000000000
107117  -36.440  29.586  17.245 0.0000000000
107118  -37.199  29.670  17.541 0.0000000000
107119  -38.071  29.891  17.814 0.0000000000
107120  -38.800  30.316  18.062 0.0000000000
107128  -34.293  29.299  16.840 0.0000000000
107129  -34.952  29.383  16.473 0.0000000000
107130  -36.124  29.474  16.510 0.0000000000
107131  -37.082  29.609  16.652 0.0000000000
107132  -37.951  29.796  16.956 0.0000000000
107133  -38.756  30.115  17.282 0.0000000000
107142  -35.002  29.282  15.453 0.0000000000
107143  -35.878  29.405  15.672 0.0000000000
107144  -36.876  29.600  15.744 0.0000000000
107145  -37.942  29.774  16.045 0.0000000000
107146  -38.635  30.155  16.511 0.0000000000
107155  -34.932  29.274  14.656 0.0000000000
107156  -35.822  29.477  14.840 0.0000000000
107157  -36.474  29.584  15.164 0.0000000000
107165  -34.031  29.165  13.330 0.0000000000
107166  -34.749  29.460  13.822 0.0000000000
107167  -35.489  29.671  14.301 0.0000000000
107173  -32.001  29.513  12.283 0.0000000000
107174  -32.717  29.527  12.509 0.0000000000
107175  -33.577  29.502  12.872 0.0000000000
107176  -34.287  29.778  13.230 0.0000000000
107180  -29.283  29.478  11.322 0.0000000000
107181  -29.834  29.650  11.518 0.0000000000
107182  -30.712  29.573  11.777 0.0000000000
107183  -31.420  29.511  12.053 0.0000000000
107188  -28.056  29.734  10.478 0.0000000000
107189  -28.714  29.537  11.032 0.0000000000
107190  -29.324  29.965  11.251 0.0000000000
107202  -27.020  29.705  9.333 0.0000000000
107203  -27.437  29.451  9.947 0.0000000000
107217  -26.715  29.536  8.725 0.0000000000
107228  -26.546  29.460  7.891 0.0000000000
107235  -26.509  29.433  7.062 0.0000000000
107236  -26.988  29.494  6.453 0.0000000000
107237  -28.752  29.299  5.751 0.0000000000
107238  -29.377  29.211  5.908 0.0000000000
107239  -30.310  29.287  6.126 0.0000000000
107240  -31.193  29.096  6.270 0.0000000000
107241  -32.091  29.184  6.407 0.0000000000
107242  -33.215  29.287  6.339 0.0000000000
107243  -33.867  29.734  6.482 0.0000000000
107251  -27.548  29.641  5.958 0.0000000000
107252  -28.243  29.720  5.627 0.0000000000
107253  -28.994  29.828  5.523 0.0000000000
107254  -29.725  29.830  5.735 0.0000000000
107256  -34.130  29.439  6.044 0.0000000000
108101  -37.455  30.235  19.925 0.0000000000
108102  -38.431  30.473  19.557 0.0000000000
108115  -38.880  30.406  18.921 0.0000000000
108139  -36.950  29.778  15.154 0.0000000000
108140  -37.632  30.086  15.247 0.0000000000
108150  -35.993  29.907  14.416 0.0000000000
108151  -36.785  30.070  14.620 0.0000000000
108160  -34.921  30.441  13.362 0.0000000000
108161  -35.951  30.385  13.907 0.0000000000
108162  -37.277  30.838  13.948 0.0000000000
108168  -31.743  30.003  12.206 0.0000000000
108169  -32.263  30.490  12.352 0.0000000000
108170  -33.270  30.429  12.590 0.0000000000
108171  -34.163  30.429  12.835 0.0000000000
108176  -29.721  30.573  11.338 0.0000000000
108177  -30.402  30.517  11.679 0.0000000000
108178  -31.355  30.531  11.982 0.0000000000
108179  -31.868  31.045  12.176 0.0000000000
108184  -27.805  30.458  10.152 0.0000000000
108185  -28.428  30.512  10.621 0.0000000000
108186  -29.111  30.579  10.972 0.0000000000
108195  -26.788  30.413  9.083 0.0000000000
108196  -27.282  30.427  9.612 0.0000000000
108209  -26.596  30.381  8.340 0.0000000000
108223  -26.482  30.357  7.497 0.0000000000
108227  -26.595  30.295  6.737 0.0000000000
108228  -27.004  30.365  6.219 0.0000000000
108229  -30.900  29.619  6.064 0.0000000000
108230  -31.482  29.862  6.189 0.0000000000
108231  -32.514  30.296  6.375 0.0000000000
108232  -33.614  30.266  6.575 0.0000000000
108233  -34.291  30.166  6.401 0.0000000000
108235  -27.590  30.523  5.759 0.0000000000
108236  -28.422  30.589  5.477 0.0000000000
108237  -29.363  30.565  5.475 0.0000000000
108238  -30.528  30.304  5.705 0.0000000000
108239  -31.611  30.682  5.868 0.0000000000
108240  -32.172  30.873  6.016 0.0000000000
108241  -34.666  30.210  5.628 0.0000000000
108242  -35.058  30.784  5.512 0.0000000000
109115  -35.666  31.367  13.405 0.0000000000
109116  -36.735  31.514  13.655 0.0000000000
109122  -32.991  31.382  12.470 0.0000000000
109123  -33.863  31.363  12.695 0.0000000000
109124  -34.716  31.345  13.091 0.0000000000
109126  -30.145  31.196  11.406 0.0000000000
109127  -30.821  31.527  11.610 0.0000000000
109128  -31.655  31.614  11.937 0.0000000000
109129  -32.284  31.537  12.246 0.0000000000
109131  -28.085  31.333  10.385 0.0000000000
109132  -28.802  31.421  10.707 0.0000000000
109133  -29.614  31.484  11.021 0.0000000000
109134  -30.251  31.821  11.231 0.0000000000
109136  -26.936  31.234  9.444 0.0000000000
109137  -27.502  31.271  9.912 0.0000000000
109139  -26.473  31.209  8.858 0.0000000000
109149  -26.349  31.247  8.024 0.0000000000
109159  -26.450  31.330  7.004 0.0000000000
109160  -26.696  30.853  6.493 0.0000000000
109161  -32.539  31.083  6.080 0.0000000000
109162  -33.287  31.170  6.307 0.0000000000
109163  -34.303  31.050  6.557 0.0000000000
109164  -35.017  31.657  6.717 0.0000000000
109165  -35.418  32.044  6.772 0.0000000000
109167  -26.449  31.891  6.562 0.0000000000
109168  -26.800  31.394  6.068 0.0000000000
109169  -27.735  31.467  5.585 0.0000000000
109170  -28.697  31.473  5.368 0.0000000000
109171  -29.755  31.417  5.359 0.0000000000
109172  -30.849  31.429  5.459 0.0000000000
109173  -31.886  31.502  5.745 0.0000000000
109174  -32.650  31.686  5.932 0.0000000000
109175  -34.598  30.616  6.224 0.0000000000
109176  -35.081  31.093  6.103 0.0000000000
109177  -35.597  31.805  6.526 0.0000000000
109179  -35.420  31.155  5.271 0.0000000000
109180  -35.828  31.642  5.856 0.0000000000
109960  -35.301  32.278  13.284 0.0000000000
109961  -36.335  32.407  13.438 0.0000000000
109962  -37.434  32.517  13.628 0.0000000000
109969  -32.792  32.130  12.313 0.0000000000
109970  -33.510  32.383  12.591 0.0000000000
109971  -34.386  32.298  13.049 0.0000000000
109974  -30.628  32.469  11.318 0.0000000000
109975  -31.367  32.504  11.634 0.0000000000
109976  -32.244  32.548  12.000 0.0000000000
109977  -32.969  32.811  12.236 0.0000000000
109979  -27.711  32.073  10.198 0.0000000000
109980  -28.382  32.222  10.527 0.0000000000
109981  -29.174  32.374  10.798 0.0000000000
109982  -29.962  32.454  11.004 0.0000000000
109984  -26.580  32.010  9.316 0.0000000000
109985  -27.138  32.025  9.786 0.0000000000
109987  -26.262  32.039  8.630 0.0000000000
109991  -26.224  32.174  7.798 0.0000000000
110001  -26.275  32.377  7.012 0.0000000000
110002  -33.843  31.632  6.343 0.0000000000
110003  -34.334  32.105  6.452 0.0000000000
110004  -35.109  32.370  6.730 0.0000000000
110005  -35.779  32.480  6.790 0.0000000000
110006  -36.475  32.778  6.783 0.0000000000
110014  -26.578  32.453  6.401 0.0000000000
110015  -27.077  32.405  5.756 0.0000000000
110016  -27.995  32.407  5.502 0.0000000000
110017  -28.988  32.392  5.335 0.0000000000
110018  -30.039  32.378  5.292 0.0000000000
110019  -31.091  32.395  5.373 0.0000000000
110020  -32.080  32.438  5.672 0.0000000000
110021  -33.258  32.326  5.935 0.0000000000
110022  -33.928  32.914  6.084 0.0000000000
110023  -36.191  32.223  6.391 0.0000000000
110024  -36.859  32.714  6.299 0.0000000000
110027  -36.446  32.180  5.603 0.0000000000
110028  -37.115  32.712  5.436 0.0000000000
110784  -34.993  33.035  13.105 0.0000000000
110785  -35.861  33.241  13.217 0.0000000000
110786  -37.058  33.575  13.350 0.0000000000
110793  -33.437  33.311  12.422 0.0000000000
110794  -34.265  33.400  12.764 0.0000000000
110795  -35.332  33.847  12.731 0.0000000000
110796  -36.260  34.232  13.042 0.0000000000
110800  -30.348  33.143  11.121 0.0000000000
110801  -31.009  33.333  11.341 0.0000000000
110802  -31.870  33.509  11.575 0.0000000000
110803  -32.842  33.708  11.965 0.0000000000
110805  -27.430  32.639  9.979 0.0000000000
110806  -27.930  32.894  10.292 0.0000000000
110807  -28.639  33.192  10.664 0.0000000000
110808  -29.615  33.441  10.912 0.0000000000
110810  -26.465  32.672  9.060 0.0000000000
110811  -26.946  32.875  9.583 0.0000000000
110813  -26.363  32.889  8.458 0.0000000000
110815  -26.308  33.110  7.688 0.0000000000
110816  -37.695  33.737  7.052 0.0000000000
110817  -37.912  33.770  7.192 0.0000000000
110824  -26.292  33.256  6.901 0.0000000000
110825  -34.620  32.965  6.373 0.0000000000
110826  -35.320  33.137  6.611 0.0000000000
110827  -36.099  33.341  6.814 0.0000000000
110828  -37.218  33.535  6.857 0.0000000000
110829  -38.091  33.591  6.913 0.0000000000
110840  -26.718  33.317  6.277 0.0000000000
110841  -27.337  33.334  5.754 0.0000000000
110842  -28.234  33.318  5.510 0.0000000000
110843  -29.230  33.298  5.399 0.0000000000
110844  -30.242  33.301  5.344 0.0000000000
110845  -31.242  33.322  5.409 0.0000000000
110846  -32.236  33.375  5.590 0.0000000000
110847  -33.188  33.534  5.694 0.0000000000
110848  -34.044  33.699  5.901 0.0000000000
110849  -37.527  33.232  6.233 0.0000000000
110859  -37.732  33.246  5.363 0.0000000000
111589  -37.102  34.587  13.151 0.0000000000
111597  -33.730  34.230  12.389 0.0000000000
111598  -34.706  34.579  12.560 0.0000000000
111599  -35.712  34.893  12.670 0.0000000000
111600  -36.622  35.137  12.866 0.0000000000
111605  -30.454  34.006  11.178 0.0000000000
111606  -31.334  34.368  11.347 0.0000000000
111607  -32.319  34.645  11.497 0.0000000000
111608  -33.245  34.956  11.897 0.0000000000
111611  -27.487  33.266  9.974 0.0000000000
111612  -27.998  33.895  10.272 0.0000000000
111613  -28.904  34.245  10.672 0.0000000000
111614  -29.777  34.641  10.959 0.0000000000
111616  -26.536  33.460  9.125 0.0000000000
111617  -27.168  33.956  9.694 0.0000000000
111618  -27.697  34.660  9.945 0.0000000000
111621  -26.383  33.807  8.399 0.0000000000
111624  -26.233  34.069  7.593 0.0000000000
111625  -37.701  33.935  7.205 0.0000000000
111631  -26.251  34.164  6.762 0.0000000000
111632  -34.759  33.693  6.220 0.0000000000
111633  -35.377  34.125  6.338 0.0000000000
111634  -36.357  34.206  6.657 0.0000000000
111635  -37.197  34.332  6.896 0.0000000000
111641  -26.717  34.219  6.120 0.0000000000
111642  -27.407  34.260  5.559 0.0000000000
111643  -28.426  34.110  5.426 0.0000000000
111644  -29.376  34.191  5.368 0.0000000000
111645  -30.394  34.128  5.364 0.0000000000
111646  -31.309  34.198  5.355 0.0000000000
111647  -32.242  34.337  5.458 0.0000000000
111648  -33.200  34.515  5.588 0.0000000000
111649  -34.279  34.595  5.805 0.0000000000
111650  -34.923  35.000  5.975 0.0000000000
111662  -27.756  34.660  5.196 0.0000000000
111663  -28.437  34.688  5.040 0.0000000000
111664  -29.102  34.804  5.034 0.0000000000
112383  -34.140  35.312  12.268 0.0000000000
112384  -35.149  35.772  12.509 0.0000000000
112385  -36.170  35.825  12.680 0.0000000000
112386  -37.023  35.938  12.769 0.0000000000
112392  -30.644  35.099  11.244 0.0000000000
112393  -31.665  35.628  11.328 0.0000000000
112394  -32.768  35.794  11.476 0.0000000000
112395  -33.685  36.042  11.851 0.0000000000
112396  -34.427  36.231  12.233 0.0000000000
112400  -28.358  34.913  10.262 0.0000000000
112401  -29.132  35.292  10.608 0.0000000000
112402  -29.950  35.726  10.896 0.0000000000
112403  -30.804  36.180  11.083 0.0000000000
112406  -26.601  34.418  9.103 0.0000000000
112407  -27.151  34.988  9.575 0.0000000000
112408  -27.823  35.468  9.876 0.0000000000
112411  -26.272  34.788  8.369 0.0000000000
112416  -25.872  35.502  7.192 0.0000000000
112417  -25.964  35.186  7.433 0.0000000000
112418  -37.776  34.377  7.199 0.0000000000
112426  -25.862  35.479  6.934 0.0000000000
112427  -26.117  34.941  6.550 0.0000000000
112428  -35.641  34.969  6.310 0.0000000000
112429  -36.457  35.061  6.540 0.0000000000
112430  -37.358  35.151  6.836 0.0000000000
112431  -37.942  35.557  6.977 0.0000000000
112437  -25.932  35.492  6.440 0.0000000000
112438  -26.388  35.155  5.808 0.0000000000
112439  -27.102  34.975  5.298 0.0000000000
112440  -29.738  34.710  5.284 0.0000000000
112441  -30.413  34.854  5.256 0.0000000000
112442  -31.284  34.980  5.217 0.0000000000
112443  -32.199  35.163  5.269 0.0000000000
112444  -33.214  35.452  5.383 0.0000000000
112445  -34.235  35.519  5.621 0.0000000000
112446  -35.007  35.638  5.877 0.0000000000
112452  -26.619  35.517  5.198 0.0000000000
112453  -27.426  35.299  4.773 0.0000000000
112454  -28.468  35.104  4.585 0.0000000000
112455  -29.441  35.196  4.772 0.0000000000
112456  -30.362  35.402  4.730 0.0000000000
112457  -31.275  35.437  4.648 0.0000000000
112458  -32.183  35.596  4.666 0.0000000000
112459  -33.061  35.874  4.696 0.0000000000
112460  -33.592  35.917  4.495 0.0000000000
112477  -27.747  35.548  4.108 0.0000000000
112478  -28.610  35.401  4.026 0.0000000000
112479  -29.488  35.441  3.982 0.0000000000
112480  -30.389  35.523  3.906 0.0000000000
112481  -31.317  35.507  3.854 0.0000000000
112482  -32.218  35.576  3.855 0.0000000000
112483  -33.019  35.689  3.861 0.0000000000
112484  -33.782  35.722  3.924 0.0000000000
112501  -27.871  35.667  3.455 0.0000000000
112502  -28.650  35.518  3.296 0.0000000000
112503  -29.498  35.510  3.117 0.0000000000
112504  -30.439  35.546  2.999 0.0000000000
112505  -31.399  35.582  2.959 0.0000000000
112506  -32.301  35.651  2.983 0.0000000000
112507  -33.124  35.725  3.059 0.0000000000
112508  -33.918  35.775  3.093 0.0000000000
112517  -27.940  35.714  2.829 0.0000000000
112518  -28.562  35.649  2.481 0.0000000000
112519  -29.480  35.535  2.095 0.0000000000
112520  -30.570  35.514  2.087 0.0000000000
112521  -31.542  35.598  1.982 0.0000000000
112522  -32.478  35.694  2.187 0.0000000000
112523  -33.266  35.794  2.271 0.0000000000
112524  -33.975  35.873  2.343 0.0000000000
112531  -29.888  35.671  1.407 0.0000000000
112532  -30.625  35.775  1.257 0.0000000000
112533  -31.323  35.927  1.168 0.0000000000
113204  -35.041  36.870  12.424 0.0000000000
113205  -35.894  36.663  12.685 0.0000000000
113206  -36.627  36.518  12.807 0.0000000000
113207  -37.356  36.737  13.088 0.0000000000
113213  -31.484  36.646  11.251 0.0000000000
113214  -32.264  36.694  11.404 0.0000000000
113215  -33.212  36.872  11.583 0.0000000000
113216  -34.181  37.125  11.987 0.0000000000
113220  -28.547  35.854  10.189 0.0000000000
113221  -29.288  36.302  10.482 0.0000000000
113222  -30.141  36.764  10.633 0.0000000000
113223  -30.967  37.195  10.916 0.0000000000
113227  -26.601  35.378  9.079 0.0000000000
113228  -27.207  35.920  9.492 0.0000000000
113229  -27.972  36.393  9.755 0.0000000000
113232  -26.287  35.778  8.382 0.0000000000
113238  -25.854  35.780  7.221 0.0000000000
113239  -26.057  36.166  7.718 0.0000000000
113246  -25.777  35.938  6.795 0.0000000000
113247  -35.695  35.664  6.255 0.0000000000
113248  -36.341  36.059  6.413 0.0000000000
113249  -37.282  36.137  6.665 0.0000000000
113250  -38.029  36.261  6.882 0.0000000000
113256  -25.812  35.965  6.209 0.0000000000
113257  -26.074  36.102  5.572 0.0000000000
113258  -33.691  35.927  5.272 0.0000000000
113259  -34.345  36.053  5.402 0.0000000000
113260  -35.201  36.312  5.718 0.0000000000
113261  -36.050  36.796  5.683 0.0000000000
113262  -36.561  37.081  5.418 0.0000000000
113270  -26.439  36.223  4.796 0.0000000000
113271  -27.001  35.879  4.235 0.0000000000
113272  -33.764  36.136  4.976 0.0000000000
113273  -34.327  36.186  4.771 0.0000000000
113274  -35.222  36.532  4.810 0.0000000000
113275  -36.005  36.844  4.750 0.0000000000
113276  -36.779  37.081  4.774 0.0000000000
113288  -26.580  36.577  4.037 0.0000000000
113289  -27.152  36.042  3.657 0.0000000000
113290  -34.595  35.965  3.956 0.0000000000
113291  -35.369  36.371  3.892 0.0000000000
113292  -36.159  36.730  3.835 0.0000000000
113293  -37.091  36.979  3.843 0.0000000000
113294  -37.719  37.056  3.502 0.0000000000
113306  -26.661  36.662  3.276 0.0000000000
113307  -27.284  36.104  2.952 0.0000000000
113308  -34.651  36.031  3.008 0.0000000000
113309  -35.436  36.308  2.883 0.0000000000
113310  -36.326  36.541  2.828 0.0000000000
113311  -37.181  36.742  2.786 0.0000000000
113312  -37.967  36.950  2.809 0.0000000000
113326  -26.806  36.700  2.506 0.0000000000
113327  -27.554  36.109  2.154 0.0000000000
113328  -28.393  35.960  1.602 0.0000000000
113329  -29.140  35.900  1.243 0.0000000000
113330  -31.950  35.870  1.476 0.0000000000
113331  -32.600  36.004  1.490 0.0000000000
113332  -33.427  36.093  1.599 0.0000000000
113333  -34.460  36.163  1.889 0.0000000000
113334  -35.464  36.459  1.833 0.0000000000
113335  -36.430  36.720  1.756 0.0000000000
113336  -37.387  36.817  1.956 0.0000000000
113337  -38.105  37.014  2.029 0.0000000000
113346  -26.942  36.784  1.827 0.0000000000
113347  -27.449  36.537  1.253 0.0000000000
113348  -28.370  36.449  0.686 0.0000000000
113349  -29.641  36.134  0.643 0.0000000000
113350  -30.709  36.243  0.584 0.0000000000
113351  -31.720  36.378  0.777 0.0000000000
113352  -32.657  36.466  0.891 0.0000000000
113353  -33.545  36.517  0.919 0.0000000000
113354  -34.526  36.584  0.895 0.0000000000
113355  -35.488  36.766  0.840 0.0000000000
113356  -36.192  37.092  0.904 0.0000000000
113362  -28.875  36.813  -0.013 0.0000000000
113363  -29.935  36.704  -0.077 0.0000000000
113364  -30.926  36.859  0.167 0.0000000000
113365  -31.526  36.890  0.300 0.0000000000
114009  -37.348  37.710  13.280 0.0000000000
114017  -34.944  37.814  12.312 0.0000000000
114018  -35.717  37.581  12.670 0.0000000000
114019  -36.690  37.391  12.987 0.0000000000
114020  -37.327  37.303  13.189 0.0000000000
114027  -31.783  37.530  11.198 0.0000000000
114028  -32.661  37.726  11.483 0.0000000000
114029  -33.546  37.884  11.752 0.0000000000
114030  -34.265  38.180  12.089 0.0000000000
114036  -28.676  36.693  10.096 0.0000000000
114037  -29.324  37.410  10.232 0.0000000000
114038  -30.340  37.851  10.496 0.0000000000
114039  -31.229  38.232  10.776 0.0000000000
114044  -26.678  36.203  9.026 0.0000000000
114045  -27.213  36.948  9.318 0.0000000000
114046  -28.301  37.434  9.621 0.0000000000
114047  -28.922  38.221  9.813 0.0000000000
114051  -26.529  36.786  8.431 0.0000000000
114052  -26.983  37.571  8.717 0.0000000000
114059  -25.880  36.310  7.209 0.0000000000
114060  -26.145  37.001  7.488 0.0000000000
114072  -25.802  36.561  6.754 0.0000000000
114073  -25.982  37.343  6.630 0.0000000000
114074  -36.719  36.672  6.298 0.0000000000
114075  -37.364  36.828  6.426 0.0000000000
114085  -25.808  36.651  6.124 0.0000000000
114086  -26.005  37.192  5.575 0.0000000000
114087  -36.731  37.132  6.012 0.0000000000
114088  -37.329  37.296  5.783 0.0000000000
114097  -26.248  37.312  4.600 0.0000000000
114098  -37.617  37.327  4.917 0.0000000000
114109  -26.376  37.420  3.767 0.0000000000
114110  -37.848  37.316  4.205 0.0000000000
114111  -38.455  37.435  3.816 0.0000000000
114120  -26.499  37.470  2.951 0.0000000000
114121  -38.700  37.325  2.758 0.0000000000
114122  -39.512  37.790  2.644 0.0000000000
114134  -26.628  37.486  2.150 0.0000000000
114135  -36.831  37.077  1.296 0.0000000000
114136  -37.504  37.316  1.344 0.0000000000
114137  -38.540  37.643  1.583 0.0000000000
114138  -39.379  38.058  1.750 0.0000000000
114151  -26.783  37.395  1.329 0.0000000000
114152  -27.347  37.292  0.536 0.0000000000
114153  -28.083  37.151  0.157 0.0000000000
114154  -31.997  36.852  0.428 0.0000000000
114155  -32.620  37.041  0.360 0.0000000000
114156  -33.537  37.199  0.338 0.0000000000
114157  -34.500  37.350  0.315 0.0000000000
114158  -35.466  37.606  0.327 0.0000000000
114159  -36.567  37.642  0.670 0.0000000000
114160  -37.476  38.007  0.792 0.0000000000
114161  -38.202  38.323  0.873 0.0000000000
114172  -27.670  37.713  0.065 0.0000000000
114173  -28.242  37.565  -0.305 0.0000000000
114174  -29.157  37.408  -0.512 0.0000000000
114175  -30.213  37.434  -0.422 0.0000000000
114176  -31.460  37.434  -0.116 0.0000000000
114177  -32.511  37.798  -0.132 0.0000000000
114178  -33.508  37.952  -0.160 0.0000000000
114179  -34.443  38.090  -0.166 0.0000000000
114180  -35.148  38.295  -0.140 0.0000000000
114821  -37.033  38.297  13.300 0.0000000000
114822  -37.781  38.196  13.533 0.0000000000
114826  -34.805  38.684  12.430 0.0000000000
114827  -35.499  38.441  12.666 0.0000000000
114828  -36.243  38.315  13.004 0.0000000000
114832  -32.095  38.723  11.209 0.0000000000
114833  -33.049  38.706  11.660 0.0000000000
114834  -33.775  38.732  11.974 0.0000000000
114835  -34.272  38.884  12.248 0.0000000000
114842  -29.698  38.522  10.115 0.0000000000
114843  -30.568  39.050  10.465 0.0000000000
114844  -31.384  39.164  10.777 0.0000000000
114853  -27.595  37.816  9.066 0.0000000000
114854  -28.255  38.573  9.201 0.0000000000
114855  -29.141  39.096  9.622 0.0000000000
114856  -29.947  39.490  9.850 0.0000000000
114864  -26.614  37.609  8.117 0.0000000000
114865  -27.287  38.441  8.313 0.0000000000
114866  -28.081  39.224  8.537 0.0000000000
114872  -26.423  38.029  7.417 0.0000000000
114873  -27.014  38.903  7.222 0.0000000000
114884  -26.421  38.311  6.311 0.0000000000
114885  -26.949  39.180  6.411 0.0000000000
114893  -26.268  38.200  5.214 0.0000000000
114901  -26.362  38.198  4.333 0.0000000000
114910  -26.479  38.267  3.504 0.0000000000
114919  -26.566  38.331  2.662 0.0000000000
114920  -39.961  38.242  2.207 0.0000000000
114929  -26.575  38.328  1.795 0.0000000000
114930  -38.938  38.267  1.163 0.0000000000
114931  -39.744  38.731  1.385 0.0000000000
114932  -40.522  39.246  1.598 0.0000000000
114943  -26.666  38.282  0.834 0.0000000000
114944  -27.182  38.066  0.243 0.0000000000
114945  -35.856  38.149  0.103 0.0000000000
114946  -36.528  38.465  0.232 0.0000000000
114947  -37.405  38.899  0.367 0.0000000000
114948  -38.586  39.008  0.689 0.0000000000
114949  -39.312  39.472  0.840 0.0000000000
114961  -26.962  38.678  0.298 0.0000000000
114962  -27.486  38.437  -0.294 0.0000000000
114963  -28.377  38.114  -0.816 0.0000000000
114964  -29.356  38.113  -0.891 0.0000000000
114965  -30.403  38.218  -0.762 0.0000000000
114966  -31.468  38.386  -0.683 0.0000000000
114967  -32.490  38.701  -0.585 0.0000000000
114968  -33.548  38.721  -0.485 0.0000000000
114969  -34.446  38.847  -0.461 0.0000000000
114970  -35.479  38.909  -0.284 0.0000000000
114971  -36.356  39.270  -0.144 0.0000000000
114972  -36.957  39.629  -0.040 0.0000000000
114981  -27.833  38.829  -0.853 0.0000000000
114982  -28.529  38.793  -1.179 0.0000000000
114983  -29.476  38.847  -1.313 0.0000000000
114984  -30.492  38.976  -1.290 0.0000000000
114985  -31.460  39.172  -1.188 0.0000000000
114986  -32.169  39.416  -1.050 0.0000000000
115603  -35.951  39.818  13.146 0.0000000000
115604  -36.658  39.239  13.354 0.0000000000
115605  -37.545  38.989  13.633 0.0000000000
115609  -33.950  40.046  12.250 0.0000000000
115610  -34.564  39.594  12.496 0.0000000000
115611  -35.326  39.285  12.776 0.0000000000
115612  -35.913  38.999  13.020 0.0000000000
115614  -31.780  40.045  11.056 0.0000000000
115615  -32.729  39.753  11.504 0.0000000000
115616  -33.505  39.508  11.899 0.0000000000
115617  -33.999  39.331  12.192 0.0000000000
115621  -30.515  40.219  10.091 0.0000000000
115622  -31.087  39.882  10.603 0.0000000000
115628  -28.705  39.585  9.017 0.0000000000
115629  -29.477  40.096  9.380 0.0000000000
115630  -30.045  40.188  9.670 0.0000000000
115639  -27.736  39.423  7.802 0.0000000000
115640  -28.484  40.034  8.211 0.0000000000
115641  -29.121  40.244  8.712 0.0000000000
115650  -27.622  39.687  6.842 0.0000000000
115651  -28.124  40.052  7.473 0.0000000000
115663  -26.683  39.027  5.612 0.0000000000
115664  -27.318  39.651  5.903 0.0000000000
115673  -26.501  38.871  4.837 0.0000000000
115674  -27.111  39.564  4.889 0.0000000000
115680  -26.640  39.025  4.103 0.0000000000
115681  -27.321  39.622  3.897 0.0000000000
115689  -26.834  39.074  3.268 0.0000000000
115690  -27.464  39.685  3.114 0.0000000000
115699  -26.831  39.284  2.451 0.0000000000
115700  -27.413  39.942  2.649 0.0000000000
115708  -26.760  39.186  1.528 0.0000000000
115709  -39.962  39.550  1.185 0.0000000000
115710  -40.677  40.150  1.408 0.0000000000
115718  -26.726  39.272  0.765 0.0000000000
115719  -37.725  39.710  0.250 0.0000000000
115720  -38.598  39.971  0.507 0.0000000000
115721  -39.533  40.295  0.816 0.0000000000
115722  -40.112  40.881  0.940 0.0000000000
115732  -26.841  39.328  0.052 0.0000000000
115733  -27.239  39.414  -0.570 0.0000000000
115734  -32.850  39.278  -0.773 0.0000000000
115735  -33.553  39.471  -0.779 0.0000000000
115736  -34.486  39.706  -0.759 0.0000000000
115737  -35.471  39.791  -0.553 0.0000000000
115738  -36.250  40.066  -0.398 0.0000000000
115739  -37.033  40.298  -0.211 0.0000000000
115751  -27.779  39.511  -1.101 0.0000000000
115752  -28.577  39.588  -1.443 0.0000000000
115753  -29.538  39.703  -1.583 0.0000000000
115754  -30.540  39.840  -1.573 0.0000000000
115755  -31.501  39.981  -1.437 0.0000000000
115756  -32.546  40.003  -1.223 0.0000000000
115757  -33.478  40.265  -1.143 0.0000000000
115758  -34.162  40.480  -1.092 0.0000000000
116396  -36.018  40.815  13.181 0.0000000000
116397  -36.647  40.395  13.470 0.0000000000
116398  -37.447  39.983  13.653 0.0000000000
116406  -33.981  40.549  12.153 0.0000000000
116407  -34.488  40.786  12.436 0.0000000000
116408  -35.297  40.289  12.856 0.0000000000
116414  -31.829  40.803  10.911 0.0000000000
116415  -32.459  41.036  11.230 0.0000000000
116416  -33.534  40.594  11.794 0.0000000000
116417  -34.003  40.833  12.101 0.0000000000
116420  -30.706  40.853  9.899 0.0000000000
116421  -31.319  40.978  10.344 0.0000000000
116422  -31.887  41.172  10.788 0.0000000000
116425  -29.616  40.622  8.804 0.0000000000
116426  -30.264  40.986  9.292 0.0000000000
116427  -30.842  41.214  9.762 0.0000000000
116430  -28.660  40.435  7.535 0.0000000000
116431  -29.418  40.772  7.942 0.0000000000
116432  -29.886  40.977  8.548 0.0000000000
116437  -27.895  40.104  6.169 0.0000000000
116438  -28.367  40.392  6.780 0.0000000000
116439  -29.012  40.771  7.107 0.0000000000
116449  -27.900  40.033  5.381 0.0000000000
116450  -28.490  40.440  5.844 0.0000000000
116451  -29.082  40.794  6.308 0.0000000000
116463  -27.989  39.979  4.475 0.0000000000
116464  -28.593  40.406  4.962 0.0000000000
116465  -29.170  40.784  5.403 0.0000000000
116472  -28.080  40.079  3.641 0.0000000000
116473  -28.735  40.376  4.136 0.0000000000
116474  -29.245  40.791  4.571 0.0000000000
116480  -27.987  40.261  3.019 0.0000000000
116481  -28.751  40.702  3.420 0.0000000000
116482  -29.284  40.853  3.944 0.0000000000
116489  -27.101  39.940  2.090 0.0000000000
116490  -27.598  40.583  2.599 0.0000000000
116491  -28.257  40.827  2.958 0.0000000000
116498  -26.785  40.039  1.399 0.0000000000
116499  -27.050  40.666  2.012 0.0000000000
116500  -40.740  41.163  1.253 0.0000000000
116510  -26.600  40.135  0.616 0.0000000000
116511  -37.788  40.558  0.172 0.0000000000
116512  -38.596  40.911  0.495 0.0000000000
116513  -39.403  41.289  0.685 0.0000000000
116514  -40.116  41.640  0.885 0.0000000000
116523  -26.596  40.192  -0.218 0.0000000000
116524  -27.071  40.250  -0.860 0.0000000000
116525  -34.818  40.309  -0.911 0.0000000000
116526  -35.452  40.574  -0.828 0.0000000000
116527  -36.269  40.916  -0.693 0.0000000000
116528  -37.139  41.076  -0.396 0.0000000000
116539  -27.738  40.326  -1.336 0.0000000000
116540  -28.601  40.491  -1.605 0.0000000000
116541  -29.605  40.629  -1.721 0.0000000000
116542  -30.614  40.762  -1.653 0.0000000000
116543  -31.617  40.867  -1.510 0.0000000000
116544  -32.603  40.971  -1.471 0.0000000000
116545  -33.530  41.089  -1.419 0.0000000000
116546  -34.523  41.107  -1.229 0.0000000000
116547  -35.402  41.378  -1.157 0.0000000000
116548  -36.037  41.611  -1.092 0.0000000000
117178  -36.113  41.390  13.157 0.0000000000
117197  -34.751  42.048  12.345 0.0000000000
117198  -35.617  41.528  12.850 0.0000000000
117199  -36.234  41.717  13.149 0.0000000000
117213  -32.905  42.101  10.866 0.0000000000
117214  -33.471  41.752  11.427 0.0000000000
117215  -34.083  41.453  11.959 0.0000000000
117226  -31.647  41.663  9.956 0.0000000000
117227  -32.111  41.815  10.380 0.0000000000
117237  -30.658  41.682  8.719 0.0000000000
117238  -31.309  41.929  9.281 0.0000000000
117239  -31.870  41.979  9.748 0.0000000000
117246  -29.967  41.242  7.475 0.0000000000
117247  -30.330  41.416  8.044 0.0000000000
117248  -31.184  41.936  8.098 0.0000000000
117252  -29.706  41.169  6.828 0.0000000000
117253  -30.458  41.478  6.973 0.0000000000
117254  -31.130  41.835  7.143 0.0000000000
117257  -29.739  41.209  5.791 0.0000000000
117258  -30.425  41.474  6.057 0.0000000000
117259  -31.140  41.741  6.207 0.0000000000
117266  -29.788  41.172  4.922 0.0000000000
117267  -30.416  41.420  5.182 0.0000000000
117268  -31.082  41.669  5.333 0.0000000000
117276  -29.837  41.158  4.190 0.0000000000
117277  -30.406  41.392  4.463 0.0000000000
117278  -30.958  41.606  4.594 0.0000000000
117284  -28.762  41.502  3.136 0.0000000000
117285  -29.648  41.383  3.571 0.0000000000
117286  -30.456  41.502  3.913 0.0000000000
117287  -30.797  41.559  4.190 0.0000000000
117293  -26.666  41.688  2.223 0.0000000000
117294  -27.356  41.334  2.485 0.0000000000
117295  -28.014  41.201  2.826 0.0000000000
117300  -26.007  41.631  0.929 0.0000000000
117301  -26.581  41.057  1.391 0.0000000000
117302  -26.883  41.162  2.057 0.0000000000
117310  -25.809  41.713  0.201 0.0000000000
117311  -26.278  40.973  0.390 0.0000000000
117312  -37.854  41.423  -0.025 0.0000000000
117313  -38.651  41.945  0.248 0.0000000000
117314  -39.519  42.156  0.587 0.0000000000
117321  -25.833  41.844  -0.337 0.0000000000
117322  -26.458  41.285  -0.503 0.0000000000
117323  -27.110  40.930  -1.075 0.0000000000
117324  -36.608  41.525  -0.827 0.0000000000
117325  -37.245  41.899  -0.737 0.0000000000
117326  -37.975  42.133  -0.376 0.0000000000
117332  -26.850  41.518  -1.087 0.0000000000
117333  -27.613  41.313  -1.486 0.0000000000
117334  -28.686  41.454  -1.735 0.0000000000
117335  -29.722  41.600  -1.814 0.0000000000
117336  -30.740  41.729  -1.712 0.0000000000
117337  -31.741  41.838  -1.592 0.0000000000
117338  -32.724  41.922  -1.615 0.0000000000
117339  -33.697  41.984  -1.606 0.0000000000
117340  -34.630  42.071  -1.497 0.0000000000
117341  -35.495  42.181  -1.400 0.0000000000
117342  -36.387  42.220  -1.257 0.0000000000
117343  -37.021  42.565  -1.211 0.0000000000
117943  -34.909  42.667  12.082 0.0000000000
117944  -35.623  42.758  12.289 0.0000000000
117945  -36.650  42.426  13.105 0.0000000000
117957  -33.305  42.515  10.526 0.0000000000
117958  -33.596  42.560  10.931 0.0000000000
117959  -34.402  42.769  11.519 0.0000000000
117960  -35.071  42.970  11.895 0.0000000000
117971  -32.978  42.483  10.102 0.0000000000
117972  -33.765  42.968  10.125 0.0000000000
117973  -34.068  42.942  10.743 0.0000000000
117983  -32.067  42.424  8.728 0.0000000000
117984  -32.478  42.460  9.262 0.0000000000
117985  -33.452  42.921  9.289 0.0000000000
117995  -31.863  42.484  8.130 0.0000000000
117996  -32.672  42.685  8.147 0.0000000000
117997  -33.636  42.940  8.227 0.0000000000
117998  -34.338  43.087  7.733 0.0000000000
118006  -31.824  42.313  7.212 0.0000000000
118007  -32.620  42.575  7.254 0.0000000000
118008  -33.450  42.758  7.257 0.0000000000
118009  -34.226  42.954  7.201 0.0000000000
118015  -31.822  42.148  6.312 0.0000000000
118016  -32.572  42.432  6.394 0.0000000000
118017  -33.325  42.647  6.416 0.0000000000
118018  -34.108  42.822  6.375 0.0000000000
118025  -31.795  42.007  5.422 0.0000000000
118026  -32.534  42.332  5.551 0.0000000000
118027  -33.227  42.517  5.692 0.0000000000
118028  -33.870  42.683  5.663 0.0000000000
118036  -31.607  41.909  4.648 0.0000000000
118037  -32.442  42.330  4.613 0.0000000000
118038  -33.256  42.456  5.046 0.0000000000
118039  -33.626  42.551  5.299 0.0000000000
118043  -27.807  42.792  3.273 0.0000000000
118044  -28.695  42.470  3.318 0.0000000000
118045  -29.590  42.205  3.393 0.0000000000
118046  -30.490  42.028  3.513 0.0000000000
118047  -31.305  41.842  3.894 0.0000000000
118048  -31.840  42.170  4.258 0.0000000000
118054  -25.807  43.052  1.886 0.0000000000
118055  -26.493  42.622  2.371 0.0000000000
118056  -27.211  42.237  2.740 0.0000000000
118057  -27.984  41.893  2.983 0.0000000000
118062  -25.471  42.471  0.936 0.0000000000
118063  -26.055  42.032  1.699 0.0000000000
118070  -25.531  42.446  -0.083 0.0000000000
118071  -39.185  42.603  0.050 0.0000000000
118078  -26.066  42.245  -0.714 0.0000000000
118079  -26.516  41.833  -0.903 0.0000000000
118080  -37.643  42.628  -0.907 0.0000000000
118081  -38.523  42.860  -0.570 0.0000000000
118087  -26.069  42.745  -1.116 0.0000000000
118088  -26.757  42.273  -1.328 0.0000000000
118089  -27.828  42.268  -1.784 0.0000000000
118090  -28.868  42.447  -1.810 0.0000000000
118091  -29.897  42.615  -1.773 0.0000000000
118092  -30.918  42.736  -1.789 0.0000000000
118093  -31.916  42.838  -1.702 0.0000000000
118094  -32.912  42.903  -1.751 0.0000000000
118095  -33.887  42.943  -1.703 0.0000000000
118096  -34.809  42.983  -1.561 0.0000000000
118097  -35.698  43.015  -1.523 0.0000000000
118098  -36.508  43.115  -1.474 0.0000000000
118099  -37.239  43.197  -1.411 0.0000000000
118100  -37.904  43.233  -1.241 0.0000000000
118776  -36.080  43.350  11.862 0.0000000000
118777  -36.656  43.381  12.284 0.0000000000
118789  -35.000  43.382  10.919 0.0000000000
118790  -35.570  43.370  11.373 0.0000000000
118791  -36.616  43.611  11.363 0.0000000000
118802  -34.303  43.291  9.717 0.0000000000
118803  -34.648  43.342  10.265 0.0000000000
118804  -35.640  43.489  10.307 0.0000000000
118805  -36.514  43.645  10.461 0.0000000000
118813  -34.105  43.257  9.232 0.0000000000
118814  -34.798  43.377  9.212 0.0000000000
118815  -35.604  43.506  9.376 0.0000000000
118827  -33.917  43.167  8.745 0.0000000000
118828  -34.594  43.257  8.286 0.0000000000
118829  -35.587  43.432  8.426 0.0000000000
118841  -34.865  43.173  7.286 0.0000000000
118842  -35.516  43.424  7.538 0.0000000000
118854  -34.800  43.114  6.454 0.0000000000
118855  -35.466  43.623  6.622 0.0000000000
118866  -34.735  43.049  5.475 0.0000000000
118867  -35.055  43.425  6.038 0.0000000000
118876  -30.038  43.757  3.931 0.0000000000
118877  -30.949  43.530  3.917 0.0000000000
118878  -31.829  43.318  3.945 0.0000000000
118879  -32.650  43.070  4.107 0.0000000000
118880  -33.398  42.827  4.482 0.0000000000
118881  -33.974  42.662  4.986 0.0000000000
118891  -26.904  44.097  3.021 0.0000000000
118892  -27.627  43.771  3.339 0.0000000000
118893  -28.487  43.411  3.560 0.0000000000
118894  -29.394  43.116  3.593 0.0000000000
118895  -30.317  42.880  3.589 0.0000000000
118896  -31.185  42.671  3.719 0.0000000000
118897  -31.938  42.525  3.985 0.0000000000
118903  -25.635  44.088  2.138 0.0000000000
118904  -26.368  43.615  2.519 0.0000000000
118905  -27.052  43.185  2.912 0.0000000000
118911  -25.279  43.619  1.273 0.0000000000
118919  -24.790  43.957  -0.252 0.0000000000
118920  -25.149  43.312  0.301 0.0000000000
118927  -24.978  43.906  -0.768 0.0000000000
118928  -25.443  43.284  -0.769 0.0000000000
118935  -26.164  43.222  -1.586 0.0000000000
118936  -27.142  43.061  -1.847 0.0000000000
118937  -28.103  43.162  -1.947 0.0000000000
118938  -29.088  43.529  -1.780 0.0000000000
118939  -30.157  43.590  -1.642 0.0000000000
118940  -31.144  43.750  -1.586 0.0000000000
118941  -32.158  43.868  -1.630 0.0000000000
118942  -33.168  43.908  -1.773 0.0000000000
118943  -34.160  43.889  -1.683 0.0000000000
118944  -35.088  43.856  -1.556 0.0000000000
118945  -35.966  43.879  -1.628 0.0000000000
118946  -36.753  43.934  -1.690 0.0000000000
118947  -37.558  43.892  -1.705 0.0000000000
118948  -38.475  43.780  -1.453 0.0000000000
118954  -25.961  43.699  -2.081 0.0000000000
118955  -26.594  43.697  -2.189 0.0000000000
118956  -27.496  43.723  -2.214 0.0000000000
118957  -28.273  43.902  -2.051 0.0000000000
119683  -33.928  44.316  4.742 0.0000000000
119684  -34.913  44.041  4.965 0.0000000000
119685  -35.244  43.879  5.797 0.0000000000
119698  -29.753  44.672  4.079 0.0000000000
119699  -30.634  44.425  4.196 0.0000000000
119700  -31.544  44.188  4.256 0.0000000000
119701  -32.430  43.925  4.336 0.0000000000
119702  -33.310  43.661  4.438 0.0000000000
119703  -34.136  43.370  4.724 0.0000000000
119713  -26.897  44.594  2.950 0.0000000000
119714  -27.391  44.748  3.140 0.0000000000
119715  -28.310  44.388  3.489 0.0000000000
119716  -29.149  44.051  3.810 0.0000000000
119725  -25.699  45.055  2.061 0.0000000000
119726  -26.436  44.653  2.595 0.0000000000
119727  -26.898  44.838  2.895 0.0000000000
119732  -24.718  45.129  0.956 0.0000000000
119733  -25.128  44.630  1.512 0.0000000000
119740  -24.558  44.845  0.072 0.0000000000
119741  -24.898  44.246  0.662 0.0000000000
119749  -24.696  44.502  -1.038 0.0000000000
119750  -25.100  43.889  -1.058 0.0000000000
119757  -24.956  44.742  -2.260 0.0000000000
119758  -25.395  43.890  -1.677 0.0000000000
119759  -29.626  44.282  -1.727 0.0000000000
119760  -30.424  44.499  -1.670 0.0000000000
119761  -31.431  44.844  -1.655 0.0000000000
119762  -32.480  44.870  -1.679 0.0000000000
119763  -33.532  44.912  -1.669 0.0000000000
119764  -34.590  44.715  -1.715 0.0000000000
119765  -35.484  44.654  -1.765 0.0000000000
119766  -36.257  44.634  -1.894 0.0000000000
119767  -37.033  44.837  -2.088 0.0000000000
119768  -37.938  44.571  -2.028 0.0000000000
119776  -25.118  44.919  -3.375 0.0000000000
119777  -25.884  44.244  -2.771 0.0000000000
119778  -27.010  44.105  -2.812 0.0000000000
119779  -27.952  44.266  -2.616 0.0000000000
119780  -28.934  44.482  -2.263 0.0000000000
119781  -29.852  44.861  -2.174 0.0000000000
119782  -30.604  45.185  -2.143 0.0000000000
119783  -32.664  45.301  -1.859 0.0000000000
119784  -32.936  45.182  -1.780 0.0000000000
119785  -37.191  45.501  -2.244 0.0000000000
119786  -37.617  45.284  -2.229 0.0000000000
119787  -38.126  45.087  -2.188 0.0000000000
119793  -25.260  45.104  -3.940 0.0000000000
119794  -25.703  44.766  -4.022 0.0000000000
119795  -26.618  44.430  -3.643 0.0000000000
119796  -27.605  44.429  -3.432 0.0000000000
119797  -28.541  44.681  -3.190 0.0000000000
119798  -29.652  44.963  -3.124 0.0000000000
119799  -30.212  45.037  -2.636 0.0000000000
119807  -25.915  44.989  -4.446 0.0000000000
119808  -26.358  44.841  -4.408 0.0000000000
119809  -27.290  44.670  -4.264 0.0000000000
119810  -28.246  44.689  -4.060 0.0000000000
119811  -28.995  45.002  -3.808 0.0000000000
120478  -32.660  45.295  4.807 0.0000000000
120479  -33.438  45.294  4.972 0.0000000000
120480  -34.434  45.058  5.209 0.0000000000
120481  -35.404  44.909  5.766 0.0000000000
120494  -29.539  45.482  3.964 0.0000000000
120495  -30.261  45.296  4.273 0.0000000000
120496  -31.209  45.134  4.435 0.0000000000
120497  -32.133  44.842  4.576 0.0000000000
120498  -33.016  44.565  4.591 0.0000000000
120511  -27.503  45.570  2.910 0.0000000000
120512  -28.181  45.306  3.321 0.0000000000
120513  -28.971  44.998  3.767 0.0000000000
120523  -25.854  45.492  1.822 0.0000000000
120524  -26.320  45.581  2.150 0.0000000000
120525  -26.931  45.264  2.716 0.0000000000
120533  -24.932  45.601  0.972 0.0000000000
120534  -25.412  45.629  1.389 0.0000000000
120535  -25.953  45.734  1.724 0.0000000000
120541  -24.774  45.728  0.473 0.0000000000
120542  -25.058  45.846  0.929 0.0000000000
120549  -24.577  45.592  -0.520 0.0000000000
120557  -24.588  45.600  -1.668 0.0000000000
120558  -31.700  45.283  -1.888 0.0000000000
120559  -31.936  45.150  -1.791 0.0000000000
120560  -33.701  45.437  -1.947 0.0000000000
120561  -34.271  45.432  -1.915 0.0000000000
120562  -35.133  45.393  -1.919 0.0000000000
120563  -35.954  45.283  -1.989 0.0000000000
120564  -36.453  45.161  -2.079 0.0000000000
120573  -24.652  45.619  -2.884 0.0000000000
120574  -31.388  45.376  -2.286 0.0000000000
120575  -32.222  45.427  -2.140 0.0000000000
120576  -33.150  45.489  -2.134 0.0000000000
120577  -33.951  45.697  -2.354 0.0000000000
120578  -34.856  46.037  -2.404 0.0000000000
120579  -35.765  45.970  -2.091 0.0000000000
120580  -36.710  45.737  -2.190 0.0000000000
120581  -37.491  45.898  -2.154 0.0000000000
120582  -38.102  45.607  -2.082 0.0000000000
120589  -24.868  45.531  -4.135 0.0000000000
120590  -25.382  45.195  -4.257 0.0000000000
120591  -30.182  45.286  -3.641 0.0000000000
120592  -30.768  45.230  -3.171 0.0000000000
120593  -31.885  45.453  -3.105 0.0000000000
120594  -32.814  45.504  -2.945 0.0000000000
120595  -33.587  45.671  -2.880 0.0000000000
120596  -34.231  45.992  -2.980 0.0000000000
120603  -25.178  45.890  -4.733 0.0000000000
120604  -25.800  45.474  -4.860 0.0000000000
120605  -26.979  45.144  -4.970 0.0000000000
120606  -27.977  45.092  -4.803 0.0000000000
120607  -28.880  45.175  -4.559 0.0000000000
120608  -29.747  45.348  -4.168 0.0000000000
120609  -30.617  45.412  -4.160 0.0000000000
120610  -31.583  45.586  -4.295 0.0000000000
120611  -32.596  45.695  -3.845 0.0000000000
120612  -33.446  45.736  -3.559 0.0000000000
120613  -33.904  45.849  -3.322 0.0000000000
120622  -26.187  46.040  -5.573 0.0000000000
120623  -26.807  45.778  -5.537 0.0000000000
120624  -27.756  45.634  -5.457 0.0000000000
120625  -28.696  45.574  -5.296 0.0000000000
120626  -29.598  45.535  -5.100 0.0000000000
120627  -30.428  45.629  -4.878 0.0000000000
120628  -30.989  45.632  -4.717 0.0000000000
121276  -32.774  45.802  4.979 0.0000000000
121277  -33.201  46.053  5.165 0.0000000000
121278  -33.923  45.994  5.259 0.0000000000
121279  -34.921  45.937  5.413 0.0000000000
121287  -29.450  45.843  3.875 0.0000000000
121288  -29.807  46.005  4.074 0.0000000000
121289  -30.733  46.011  4.413 0.0000000000
121290  -31.903  45.957  4.776 0.0000000000
121297  -27.496  45.909  2.792 0.0000000000
121298  -27.887  46.041  3.012 0.0000000000
121299  -28.974  46.018  3.596 0.0000000000
121300  -29.629  46.601  3.744 0.0000000000
121309  -26.506  45.999  2.090 0.0000000000
121310  -27.067  46.107  2.459 0.0000000000
121311  -27.742  46.605  2.690 0.0000000000
121323  -25.636  46.065  1.238 0.0000000000
121324  -26.175  46.246  1.577 0.0000000000
121325  -26.908  46.676  1.916 0.0000000000
121336  -24.919  46.119  0.429 0.0000000000
121337  -25.346  46.305  0.738 0.0000000000
121338  -25.920  46.571  0.993 0.0000000000
121344  -24.792  46.240  0.003 0.0000000000
121345  -25.108  46.756  -0.243 0.0000000000
121351  -24.696  46.636  -0.990 0.0000000000
121352  -25.009  46.919  -0.691 0.0000000000
121362  -24.559  46.533  -2.284 0.0000000000
121363  -35.236  46.350  -2.808 0.0000000000
121364  -35.677  46.336  -2.621 0.0000000000
121365  -36.470  46.295  -2.476 0.0000000000
121366  -37.482  46.622  -2.255 0.0000000000
121373  -24.581  46.530  -3.533 0.0000000000
121374  -34.889  46.333  -3.156 0.0000000000
121375  -35.582  46.490  -3.189 0.0000000000
121376  -36.247  46.546  -3.017 0.0000000000
121377  -36.933  46.682  -2.884 0.0000000000
121382  -24.816  46.529  -4.809 0.0000000000
121383  -25.317  46.102  -5.065 0.0000000000
121384  -31.899  46.000  -4.955 0.0000000000
121385  -32.489  45.929  -4.727 0.0000000000
121386  -33.381  45.945  -4.416 0.0000000000
121387  -34.333  46.085  -3.873 0.0000000000
121388  -35.333  46.369  -3.849 0.0000000000
121389  -36.213  46.639  -3.844 0.0000000000
121390  -36.658  46.670  -3.366 0.0000000000
121398  -24.884  46.927  -5.473 0.0000000000
121399  -25.563  46.587  -5.778 0.0000000000
121400  -26.645  46.424  -6.024 0.0000000000
121401  -27.569  46.290  -6.000 0.0000000000
121402  -28.507  46.173  -5.903 0.0000000000
121403  -29.418  46.098  -5.724 0.0000000000
121404  -30.259  46.108  -5.484 0.0000000000
121405  -31.248  46.253  -5.320 0.0000000000
121406  -32.241  46.378  -5.330 0.0000000000
121407  -33.158  46.333  -5.261 0.0000000000
121408  -34.145  46.384  -4.981 0.0000000000
121409  -35.135  46.532  -4.617 0.0000000000
121410  -35.739  46.596  -4.334 0.0000000000
121419  -25.865  47.208  -6.414 0.0000000000
121420  -26.464  47.110  -6.432 0.0000000000
121421  -27.385  47.037  -6.413 0.0000000000
121422  -28.315  46.910  -6.355 0.0000000000
121423  -29.246  46.754  -6.285 0.0000000000
121424  -30.143  46.598  -6.073 0.0000000000
121425  -30.691  46.531  -5.747 0.0000000000
121497  -36.103  46.709  -15.944 0.0000000000
121510  -36.056  46.741  -16.868 0.0000000000
121511  -36.703  46.414  -16.547 0.0000000000
121522  -36.064  46.813  -17.288 0.0000000000
121523  -36.548  46.637  -17.418 0.0000000000
121534  -36.710  46.688  -17.961 0.0000000000
122084  -32.665  46.367  5.003 0.0000000000
122085  -33.250  46.810  5.164 0.0000000000
122086  -34.246  46.845  5.361 0.0000000000
122087  -35.286  46.982  5.482 0.0000000000
122099  -30.253  46.587  4.074 0.0000000000
122100  -31.021  46.971  4.372 0.0000000000
122101  -32.202  47.126  4.761 0.0000000000
122102  -32.932  47.642  4.943 0.0000000000
122110  -28.340  46.624  3.048 0.0000000000
122111  -29.038  47.075  3.274 0.0000000000
122112  -30.086  47.241  3.625 0.0000000000
122113  -30.869  47.655  3.700 0.0000000000
122115  -27.391  46.827  2.296 0.0000000000
122116  -28.083  47.288  2.557 0.0000000000
122117  -28.861  47.698  2.792 0.0000000000
122123  -26.641  46.840  1.555 0.0000000000
122124  -27.214  47.303  1.692 0.0000000000
122125  -27.943  47.801  1.905 0.0000000000
122134  -25.811  46.726  0.731 0.0000000000
122135  -26.300  47.051  0.984 0.0000000000
122136  -26.917  47.812  0.868 0.0000000000
122148  -25.663  47.000  0.254 0.0000000000
122149  -26.273  47.634  0.039 0.0000000000
122150  -26.990  48.066  0.153 0.0000000000
122157  -24.891  47.103  -1.148 0.0000000000
122158  -25.318  47.349  -0.797 0.0000000000
122159  -26.120  47.911  -0.749 0.0000000000
122169  -24.840  47.284  -1.708 0.0000000000
122170  -25.326  47.792  -1.618 0.0000000000
122182  -24.683  47.495  -2.911 0.0000000000
122190  -24.563  47.478  -4.142 0.0000000000
122191  -36.611  46.718  -4.242 0.0000000000
122192  -37.220  46.875  -3.809 0.0000000000
122200  -24.619  47.558  -5.251 0.0000000000
122201  -24.939  47.252  -5.857 0.0000000000
122202  -31.405  46.708  -5.787 0.0000000000
122203  -31.845  46.791  -5.819 0.0000000000
122204  -32.771  46.915  -5.834 0.0000000000
122205  -33.790  46.927  -5.784 0.0000000000
122206  -34.904  46.934  -5.559 0.0000000000
122207  -36.296  46.883  -5.014 0.0000000000
122218  -24.727  47.862  -6.026 0.0000000000
122219  -25.391  47.619  -6.372 0.0000000000
122220  -26.194  47.751  -6.690 0.0000000000
122221  -27.196  47.878  -6.912 0.0000000000
122222  -28.114  47.597  -6.717 0.0000000000
122223  -29.032  47.606  -6.710 0.0000000000
122224  -29.978  47.362  -6.447 0.0000000000
122225  -31.107  47.065  -6.157 0.0000000000
122226  -32.248  47.439  -6.298 0.0000000000
122227  -33.295  47.575  -6.334 0.0000000000
122228  -34.399  47.573  -6.342 0.0000000000
122229  -35.536  47.626  -6.115 0.0000000000
122230  -36.481  47.667  -5.973 0.0000000000
122231  -36.984  47.481  -5.594 0.0000000000
122240  -27.634  48.280  -7.336 0.0000000000
122241  -28.120  48.074  -7.124 0.0000000000
122242  -28.591  47.918  -6.910 0.0000000000
122257  -30.448  47.809  -8.978 0.0000000000
122258  -31.430  47.786  -8.815 0.0000000000
122259  -32.371  47.947  -8.766 0.0000000000
122260  -33.263  48.033  -8.757 0.0000000000
122261  -34.099  47.981  -8.788 0.0000000000
122262  -34.627  47.918  -8.931 0.0000000000
122277  -29.244  47.812  -10.194 0.0000000000
122278  -30.141  47.655  -9.966 0.0000000000
122279  -31.118  47.523  -9.737 0.0000000000
122280  -32.056  47.585  -9.577 0.0000000000
122281  -32.923  47.730  -9.524 0.0000000000
122282  -33.679  47.754  -9.460 0.0000000000
122283  -34.337  47.780  -9.476 0.0000000000
122296  -29.167  47.904  -10.748 0.0000000000
122297  -29.784  47.805  -11.019 0.0000000000
122298  -30.871  47.628  -10.734 0.0000000000
122299  -31.810  47.555  -10.465 0.0000000000
122300  -32.645  47.623  -10.296 0.0000000000
122301  -33.516  47.709  -10.368 0.0000000000
122302  -34.020  47.673  -9.942 0.0000000000
122312  -29.894  47.972  -12.018 0.0000000000
122313  -30.751  47.931  -11.816 0.0000000000
122314  -31.678  47.782  -11.363 0.0000000000
122315  -32.511  47.760  -11.053 0.0000000000
122316  -33.016  47.792  -10.791 0.0000000000
122324  -30.090  48.252  -12.387 0.0000000000
122325  -30.351  48.089  -12.215 0.0000000000
122340  -36.147  48.130  -14.720 0.0000000000
122350  -34.875  47.729  -15.743 0.0000000000
122351  -35.666  47.478  -15.419 0.0000000000
122352  -36.514  47.269  -15.199 0.0000000000
122357  -34.877  47.496  -16.756 0.0000000000
122358  -35.455  47.098  -16.373 0.0000000000
122365  -35.023  47.554  -17.309 0.0000000000
122366  -35.703  47.165  -17.512 0.0000000000
122367  -36.360  46.876  -17.827 0.0000000000
122379  -35.966  47.566  -18.224 0.0000000000
122380  -36.571  47.117  -18.314 0.0000000000
122930  -33.646  47.513  5.165 0.0000000000
122931  -34.429  47.782  5.238 0.0000000000
122932  -35.509  48.104  5.316 0.0000000000
122945  -31.541  47.691  4.123 0.0000000000
122946  -32.310  48.172  4.310 0.0000000000
122947  -33.414  48.356  4.829 0.0000000000
122948  -34.521  48.742  4.850 0.0000000000
122949  -35.620  49.068  4.801 0.0000000000
122960  -29.466  47.715  3.118 0.0000000000
122961  -30.188  48.062  3.191 0.0000000000
122962  -31.280  48.437  3.423 0.0000000000
122963  -32.181  48.796  3.625 0.0000000000
122967  -28.467  47.959  2.317 0.0000000000
122968  -29.276  48.261  2.507 0.0000000000
122969  -30.325  48.734  2.473 0.0000000000
122970  -31.142  49.057  2.680 0.0000000000
122974  -27.584  47.959  1.359 0.0000000000
122975  -28.407  48.386  1.520 0.0000000000
122976  -29.449  48.796  1.703 0.0000000000
122977  -30.150  49.169  1.699 0.0000000000
122981  -27.577  48.289  0.687 0.0000000000
122982  -28.267  48.688  0.478 0.0000000000
122989  -26.681  48.123  -0.429 0.0000000000
122990  -27.461  48.543  -0.331 0.0000000000
122991  -28.289  48.913  -0.252 0.0000000000
123001  -25.797  47.990  -1.288 0.0000000000
123002  -26.570  48.460  -1.223 0.0000000000
123003  -27.391  48.810  -1.176 0.0000000000
123012  -25.080  47.877  -2.230 0.0000000000
123013  -25.681  48.450  -2.042 0.0000000000
123014  -26.426  48.901  -2.004 0.0000000000
123025  -25.042  48.363  -2.803 0.0000000000
123026  -25.500  48.887  -2.791 0.0000000000
123035  -24.730  48.351  -3.645 0.0000000000
123045  -24.558  48.451  -4.654 0.0000000000
123054  -24.602  48.540  -5.644 0.0000000000
123055  -25.046  48.572  -6.439 0.0000000000
123056  -25.794  48.385  -6.800 0.0000000000
123057  -26.498  48.363  -7.050 0.0000000000
123058  -29.238  47.990  -6.897 0.0000000000
123059  -29.685  48.009  -6.818 0.0000000000
123060  -30.637  47.921  -6.751 0.0000000000
123061  -31.677  48.053  -6.648 0.0000000000
123062  -32.740  48.175  -6.713 0.0000000000
123063  -33.810  48.320  -6.707 0.0000000000
123064  -34.962  48.406  -6.664 0.0000000000
123065  -36.151  48.374  -6.604 0.0000000000
123071  -25.491  48.990  -6.927 0.0000000000
123072  -26.107  48.984  -7.356 0.0000000000
123073  -27.098  48.678  -7.660 0.0000000000
123074  -28.074  48.353  -7.759 0.0000000000
123075  -29.057  48.129  -7.334 0.0000000000
123076  -30.188  48.257  -7.386 0.0000000000
123077  -31.201  48.342  -7.324 0.0000000000
123078  -32.217  48.493  -7.276 0.0000000000
123079  -33.257  48.518  -7.317 0.0000000000
123080  -34.361  48.714  -7.356 0.0000000000
123081  -35.676  48.877  -7.312 0.0000000000
123082  -36.258  48.934  -6.927 0.0000000000
123086  -27.694  48.542  -8.771 0.0000000000
123087  -28.770  48.188  -8.457 0.0000000000
123088  -29.788  48.126  -8.234 0.0000000000
123089  -30.803  48.169  -8.115 0.0000000000
123090  -31.790  48.246  -8.035 0.0000000000
123091  -32.778  48.235  -7.984 0.0000000000
123092  -33.768  48.368  -8.063 0.0000000000
123093  -34.939  48.399  -8.346 0.0000000000
123094  -36.182  48.947  -8.111 0.0000000000
123095  -37.047  49.064  -8.373 0.0000000000
123096  -37.512  49.162  -8.514 0.0000000000
123102  -27.802  48.709  -9.954 0.0000000000
123103  -28.560  48.157  -9.544 0.0000000000
123104  -29.474  47.889  -9.204 0.0000000000
123105  -35.022  47.935  -9.378 0.0000000000
123106  -35.827  48.336  -9.122 0.0000000000
123107  -36.683  48.672  -9.041 0.0000000000
123108  -37.389  48.933  -9.017 0.0000000000
123114  -27.856  48.974  -10.882 0.0000000000
123115  -28.600  48.235  -10.729 0.0000000000
123116  -29.142  47.952  -11.037 0.0000000000
123117  -33.952  47.896  -10.944 0.0000000000
123118  -34.529  47.888  -10.422 0.0000000000
123119  -35.583  48.164  -10.202 0.0000000000
123120  -36.402  48.449  -9.924 0.0000000000
123121  -37.146  48.690  -9.864 0.0000000000
123132  -28.011  49.342  -11.293 0.0000000000
123133  -28.442  48.940  -11.738 0.0000000000
123134  -29.178  48.192  -11.563 0.0000000000
123135  -31.149  48.154  -12.334 0.0000000000
123136  -31.656  48.121  -12.113 0.0000000000
123137  -32.471  48.102  -11.864 0.0000000000
123138  -33.403  48.049  -11.417 0.0000000000
123139  -34.347  48.190  -11.407 0.0000000000
123140  -35.290  48.420  -11.406 0.0000000000
123141  -36.292  48.450  -10.856 0.0000000000
123142  -36.826  48.631  -10.447 0.0000000000
123154  -28.764  49.169  -12.425 0.0000000000
123155  -29.512  48.679  -12.641 0.0000000000
123156  -30.646  48.333  -12.625 0.0000000000
123157  -31.563  48.367  -12.722 0.0000000000
123158  -32.326  48.399  -12.600 0.0000000000
123159  -33.237  48.563  -12.585 0.0000000000
123160  -34.151  48.551  -12.129 0.0000000000
123161  -34.733  48.557  -11.869 0.0000000000
123174  -29.884  49.129  -13.349 0.0000000000
123175  -30.431  48.891  -13.336 0.0000000000
123176  -31.339  48.756  -13.337 0.0000000000
123177  -32.229  48.711  -13.223 0.0000000000
123178  -32.762  48.703  -12.994 0.0000000000
123192  -35.989  49.113  -14.540 0.0000000000
123193  -36.781  48.808  -14.343 0.0000000000
123202  -33.721  48.909  -15.629 0.0000000000
123203  -34.538  48.691  -15.318 0.0000000000
123204  -35.347  48.430  -15.035 0.0000000000
123208  -32.688  48.837  -16.955 0.0000000000
123209  -33.526  48.515  -16.610 0.0000000000
123210  -34.218  48.101  -16.190 0.0000000000
123214  -32.685  48.966  -17.892 0.0000000000
123215  -33.505  48.586  -17.589 0.0000000000
123216  -34.468  48.023  -17.322 0.0000000000
123217  -35.116  47.666  -17.606 0.0000000000
123221  -32.902  49.345  -18.381 0.0000000000
123222  -33.439  48.964  -18.384 0.0000000000
123223  -34.323  48.535  -18.222 0.0000000000
123224  -35.317  48.006  -18.184 0.0000000000
123225  -36.413  48.119  -18.707 0.0000000000
123226  -36.985  47.586  -18.817 0.0000000000
123235  -36.926  48.738  -19.048 0.0000000000
123753  -32.788  48.867  4.121 0.0000000000
123754  -33.584  49.251  4.235 0.0000000000
123755  -34.659  49.727  4.309 0.0000000000
123773  -31.752  49.120  3.092 0.0000000000
123774  -32.611  49.540  3.336 0.0000000000
123775  -33.705  49.989  3.597 0.0000000000
123776  -34.406  50.405  3.753 0.0000000000
123781  -30.733  49.321  2.111 0.0000000000
123782  -31.586  49.684  2.305 0.0000000000
123783  -32.440  50.036  2.508 0.0000000000
123788  -28.872  48.960  1.038 0.0000000000
123789  -29.598  49.288  1.020 0.0000000000
123790  -30.568  49.778  1.246 0.0000000000
123791  -31.378  50.271  1.524 0.0000000000
123796  -28.913  49.159  0.271 0.0000000000
123797  -29.670  49.778  0.131 0.0000000000
123798  -30.434  50.203  0.353 0.0000000000
123801  -27.988  48.913  -0.866 0.0000000000
123802  -28.750  49.369  -0.748 0.0000000000
123803  -29.521  49.974  -0.958 0.0000000000
123810  -27.004  49.019  -1.693 0.0000000000
123811  -27.831  49.324  -1.618 0.0000000000
123812  -28.793  49.902  -1.744 0.0000000000
123813  -29.507  50.284  -1.629 0.0000000000
123821  -26.010  49.096  -2.498 0.0000000000
123822  -26.794  49.610  -2.390 0.0000000000
123823  -27.888  50.032  -2.358 0.0000000000
123824  -28.569  50.394  -2.344 0.0000000000
123832  -25.099  48.938  -3.291 0.0000000000
123833  -25.655  49.667  -3.171 0.0000000000
123834  -26.409  50.310  -3.014 0.0000000000
123841  -24.774  49.388  -4.015 0.0000000000
123842  -25.164  50.227  -3.874 0.0000000000
123851  -24.507  49.431  -5.146 0.0000000000
123861  -24.637  49.446  -6.180 0.0000000000
123862  -25.059  49.290  -6.757 0.0000000000
123863  -36.757  48.793  -6.714 0.0000000000
123872  -24.810  49.795  -6.851 0.0000000000
123873  -25.375  49.657  -7.367 0.0000000000
123874  -25.961  49.522  -7.808 0.0000000000
123875  -26.444  49.229  -7.945 0.0000000000
123876  -36.230  49.044  -7.507 0.0000000000
123877  -36.612  49.195  -7.175 0.0000000000
123885  -25.664  49.958  -8.007 0.0000000000
123886  -26.164  49.750  -8.420 0.0000000000
123887  -26.797  49.141  -8.572 0.0000000000
123888  -36.462  49.140  -7.588 0.0000000000
123889  -36.892  49.233  -7.710 0.0000000000
123899  -26.505  49.746  -9.155 0.0000000000
123900  -27.121  49.210  -9.425 0.0000000000
123910  -26.825  49.852  -9.746 0.0000000000
123911  -27.364  49.589  -10.264 0.0000000000
123912  -37.892  49.083  -9.675 0.0000000000
123920  -27.798  49.761  -10.945 0.0000000000
123921  -28.027  49.795  -11.577 0.0000000000
123922  -35.498  48.764  -11.887 0.0000000000
123923  -36.072  48.778  -11.768 0.0000000000
123924  -37.404  49.010  -11.049 0.0000000000
123932  -28.334  49.804  -12.380 0.0000000000
123933  -28.929  49.434  -12.832 0.0000000000
123934  -33.485  48.902  -13.021 0.0000000000
123935  -33.973  48.951  -12.908 0.0000000000
123936  -35.156  49.014  -12.413 0.0000000000
123937  -36.644  49.430  -12.524 0.0000000000
123938  -37.877  49.716  -12.209 0.0000000000
123947  -28.610  50.015  -13.248 0.0000000000
123948  -29.381  49.523  -13.519 0.0000000000
123949  -30.152  49.308  -14.010 0.0000000000
123950  -31.077  49.265  -14.013 0.0000000000
123951  -32.050  49.339  -13.819 0.0000000000
123952  -33.203  49.170  -13.459 0.0000000000
123953  -34.428  49.590  -13.463 0.0000000000
123954  -35.621  49.732  -13.408 0.0000000000
123955  -36.790  49.836  -13.389 0.0000000000
123966  -28.869  50.060  -14.003 0.0000000000
123967  -29.610  50.000  -14.661 0.0000000000
123968  -30.737  49.761  -14.746 0.0000000000
123969  -31.737  49.671  -14.650 0.0000000000
123970  -32.739  49.723  -14.463 0.0000000000
123971  -33.779  49.916  -14.310 0.0000000000
123972  -34.849  50.010  -14.239 0.0000000000
123973  -35.879  49.873  -14.174 0.0000000000
123974  -36.708  49.545  -13.993 0.0000000000
123982  -29.633  50.337  -15.352 0.0000000000
123983  -30.352  50.252  -15.715 0.0000000000
123984  -31.418  49.754  -15.554 0.0000000000
123985  -32.372  49.628  -15.366 0.0000000000
123986  -33.310  49.714  -15.197 0.0000000000
123987  -34.246  49.662  -15.009 0.0000000000
123988  -35.124  49.378  -14.720 0.0000000000
123994  -30.507  50.289  -16.824 0.0000000000
123995  -31.222  49.788  -16.568 0.0000000000
123996  -32.097  49.424  -16.292 0.0000000000
123997  -32.937  49.175  -16.005 0.0000000000
124002  -30.450  50.453  -17.475 0.0000000000
124003  -31.192  50.073  -17.699 0.0000000000
124004  -32.030  49.479  -17.295 0.0000000000
124008  -31.577  50.146  -18.383 0.0000000000
124009  -32.216  49.713  -18.336 0.0000000000
124010  -33.277  49.802  -18.830 0.0000000000
124011  -34.244  49.343  -18.713 0.0000000000
124012  -35.162  48.940  -18.610 0.0000000000
124013  -35.765  48.587  -18.633 0.0000000000
124018  -33.658  50.356  -19.143 0.0000000000
124019  -34.191  50.132  -19.084 0.0000000000
124020  -35.088  49.831  -19.013 0.0000000000
124021  -36.188  49.320  -19.024 0.0000000000
124022  -37.390  49.404  -19.333 0.0000000000
124548  -35.148  50.507  4.066 0.0000000000
124562  -33.086  50.293  2.884 0.0000000000
124563  -33.861  50.836  3.159 0.0000000000
124564  -34.709  51.011  3.668 0.0000000000
124569  -32.103  50.312  1.871 0.0000000000
124570  -32.754  50.471  2.196 0.0000000000
124571  -33.298  50.798  2.386 0.0000000000
124576  -31.026  50.486  0.795 0.0000000000
124577  -31.797  50.852  1.180 0.0000000000
124578  -32.555  50.777  1.630 0.0000000000
124579  -32.978  50.803  1.938 0.0000000000
124585  -30.137  50.357  -0.391 0.0000000000
124586  -30.821  50.577  -0.041 0.0000000000
124587  -31.460  50.861  0.319 0.0000000000
124592  -30.034  50.507  -1.195 0.0000000000
124593  -30.607  50.740  -0.759 0.0000000000
124594  -31.216  50.946  -0.513 0.0000000000
124596  -29.213  50.440  -2.152 0.0000000000
124597  -29.924  50.715  -2.005 0.0000000000
124598  -30.576  50.918  -1.403 0.0000000000
124599  -30.966  51.009  -1.015 0.0000000000
124606  -27.177  50.478  -2.758 0.0000000000
124607  -27.978  50.865  -2.782 0.0000000000
124608  -28.889  50.874  -2.504 0.0000000000
124609  -29.429  50.826  -2.314 0.0000000000
124614  -25.799  50.750  -3.672 0.0000000000
124615  -26.754  50.916  -3.263 0.0000000000
124616  -27.350  50.955  -3.017 0.0000000000
124619  -24.822  50.451  -4.654 0.0000000000
124620  -25.265  50.692  -4.157 0.0000000000
124624  -24.521  50.307  -5.676 0.0000000000
124631  -24.629  50.305  -6.505 0.0000000000
124640  -24.891  50.436  -7.151 0.0000000000
124641  -25.388  50.542  -7.738 0.0000000000
124650  -25.767  50.504  -8.456 0.0000000000
124651  -26.177  50.285  -8.916 0.0000000000
124660  -26.009  50.811  -8.968 0.0000000000
124661  -26.542  50.634  -9.513 0.0000000000
124662  -27.087  50.876  -10.064 0.0000000000
124670  -27.017  50.302  -10.085 0.0000000000
124671  -27.521  50.585  -10.576 0.0000000000
124672  -28.056  50.957  -11.013 0.0000000000
124679  -27.903  50.350  -11.173 0.0000000000
124680  -28.055  50.740  -11.799 0.0000000000
124687  -27.803  51.361  -13.316 0.0000000000
124688  -27.934  50.833  -12.939 0.0000000000
124689  -37.405  50.014  -12.820 0.0000000000
124697  -27.744  51.126  -13.740 0.0000000000
124698  -28.242  50.531  -13.855 0.0000000000
124706  -27.899  50.919  -14.528 0.0000000000
124707  -28.595  50.428  -14.708 0.0000000000
124708  -29.148  50.403  -15.224 0.0000000000
124712  -28.128  50.800  -15.075 0.0000000000
124713  -28.552  50.768  -15.505 0.0000000000
124714  -29.369  50.608  -15.855 0.0000000000
124715  -29.895  50.578  -16.422 0.0000000000
124718  -28.728  50.937  -16.143 0.0000000000
124719  -29.191  50.860  -16.689 0.0000000000
124720  -29.910  50.630  -17.097 0.0000000000
124723  -29.422  51.024  -17.407 0.0000000000
124724  -30.024  50.758  -17.759 0.0000000000
124725  -30.584  50.529  -18.014 0.0000000000
124728  -29.645  51.218  -18.025 0.0000000000
124729  -30.307  51.056  -18.375 0.0000000000
124730  -31.148  50.676  -18.564 0.0000000000
124731  -31.876  50.366  -18.787 0.0000000000
124732  -32.538  50.238  -18.933 0.0000000000
124739  -31.614  50.856  -19.082 0.0000000000
124740  -32.244  50.845  -19.197 0.0000000000
124741  -33.138  50.724  -19.249 0.0000000000
124742  -34.002  50.841  -19.336 0.0000000000
124743  -34.867  50.719  -19.392 0.0000000000
124744  -35.849  50.542  -19.353 0.0000000000
124745  -36.942  50.440  -19.490 0.0000000000
125231  -33.965  51.199  2.955 0.0000000000
125232  -34.321  51.515  3.106 0.0000000000
125235  -33.789  51.243  2.590 0.0000000000
125239  -32.008  51.113  1.024 0.0000000000
125240  -32.368  51.101  1.106 0.0000000000
125241  -33.281  51.269  1.550 0.0000000000
125249  -31.991  51.143  0.677 0.0000000000
125250  -32.599  51.402  0.518 0.0000000000
125261  -31.934  51.181  -0.166 0.0000000000
125262  -32.642  51.742  -0.491 0.0000000000
125266  -30.026  51.049  -2.199 0.0000000000
125267  -30.437  51.156  -2.006 0.0000000000
125268  -31.458  51.476  -1.325 0.0000000000
125276  -27.946  51.321  -2.913 0.0000000000
125277  -28.399  51.521  -2.771 0.0000000000
125278  -29.645  51.395  -2.437 0.0000000000
125279  -30.710  51.792  -2.267 0.0000000000
125280  -31.453  52.098  -2.090 0.0000000000
125284  -25.810  51.183  -3.969 0.0000000000
125285  -26.270  51.484  -3.793 0.0000000000
125286  -27.456  51.603  -3.171 0.0000000000
125287  -28.109  52.172  -3.010 0.0000000000
125291  -24.938  50.990  -4.779 0.0000000000
125292  -25.419  51.280  -4.472 0.0000000000
125293  -26.057  52.037  -4.348 0.0000000000
125296  -24.797  51.116  -5.283 0.0000000000
125297  -25.177  51.728  -5.265 0.0000000000
125302  -24.617  51.028  -6.251 0.0000000000
125303  -24.887  51.768  -5.992 0.0000000000
125309  -24.749  50.835  -6.793 0.0000000000
125310  -25.207  51.510  -7.118 0.0000000000
125311  -25.756  52.171  -7.383 0.0000000000
125317  -25.618  51.218  -8.191 0.0000000000
125318  -25.905  51.967  -7.930 0.0000000000
125324  -25.827  51.041  -8.677 0.0000000000
125325  -26.233  51.547  -8.881 0.0000000000
125326  -27.192  51.572  -9.681 0.0000000000
125327  -27.861  52.010  -9.786 0.0000000000
125331  -27.420  51.181  -10.213 0.0000000000
125332  -27.984  51.616  -10.401 0.0000000000
125335  -28.393  51.686  -11.336 0.0000000000
125337  -27.877  51.773  -13.036 0.0000000000
125338  -28.094  51.800  -12.253 0.0000000000
125340  -27.715  51.780  -13.569 0.0000000000
125342  -27.585  51.692  -14.295 0.0000000000
125345  -27.808  51.459  -15.434 0.0000000000
125346  -28.342  51.164  -15.931 0.0000000000
125349  -27.704  51.941  -16.142 0.0000000000
125350  -28.335  51.557  -16.636 0.0000000000
125351  -28.922  51.219  -17.133 0.0000000000
125353  -28.457  52.025  -17.243 0.0000000000
125354  -29.000  51.752  -17.614 0.0000000000
125356  -29.795  51.888  -18.610 0.0000000000
125357  -30.874  51.604  -18.955 0.0000000000
125358  -31.327  51.149  -18.986 0.0000000000
125366  -31.268  51.894  -19.237 0.0000000000
125367  -31.696  51.559  -19.267 0.0000000000
125368  -32.666  51.604  -19.377 0.0000000000
125369  -33.602  51.626  -19.438 0.0000000000
125370  -34.537  51.608  -19.505 0.0000000000
125371  -35.499  51.540  -19.508 0.0000000000
125372  -36.527  51.489  -19.489 0.0000000000
125942  -28.807  52.499  -2.730 0.0000000000
125943  -29.935  52.501  -2.465 0.0000000000
125944  -30.931  52.646  -2.321 0.0000000000
125951  -26.659  52.571  -3.717 0.0000000000
125952  -27.640  52.624  -3.253 0.0000000000
125953  -28.207  52.661  -3.020 0.0000000000
125957  -25.617  52.180  -4.963 0.0000000000
125958  -26.178  52.751  -4.632 0.0000000000
125961  -25.344  52.207  -5.625 0.0000000000
125962  -25.876  52.826  -5.594 0.0000000000
125965  -25.443  52.321  -6.330 0.0000000000
125966  -26.066  52.881  -6.540 0.0000000000
125969  -25.717  52.364  -6.985 0.0000000000
125970  -26.387  52.678  -7.399 0.0000000000
125971  -27.142  52.814  -7.859 0.0000000000
125974  -26.669  52.337  -8.292 0.0000000000
125975  -27.555  52.658  -8.509 0.0000000000
125976  -28.222  52.726  -8.955 0.0000000000
125980  -26.962  52.216  -9.043 0.0000000000
125981  -27.719  52.293  -9.293 0.0000000000
125982  -28.596  52.492  -9.726 0.0000000000
125983  -29.757  52.657  -10.196 0.0000000000
125984  -30.781  52.679  -10.618 0.0000000000
125985  -31.521  52.854  -11.065 0.0000000000
125989  -28.963  52.294  -10.767 0.0000000000
125990  -29.959  52.628  -11.160 0.0000000000
125991  -30.881  52.846  -11.463 0.0000000000
125992  -31.574  53.211  -11.694 0.0000000000
125995  -28.989  52.804  -11.799 0.0000000000
125996  -30.210  53.099  -11.859 0.0000000000
125997  -31.028  53.217  -12.102 0.0000000000
125998  -31.501  53.481  -12.091 0.0000000000
126001  -27.849  52.214  -13.311 0.0000000000
126002  -28.280  52.684  -12.940 0.0000000000
126005  -27.722  52.619  -13.759 0.0000000000
126006  -28.081  53.113  -13.401 0.0000000000
126008  -27.373  52.481  -14.786 0.0000000000
126010  -27.385  52.476  -15.752 0.0000000000
126013  -27.681  52.503  -16.594 0.0000000000
126014  -28.140  52.280  -17.065 0.0000000000
126016  -27.913  52.807  -17.188 0.0000000000
126017  -28.486  52.623  -17.544 0.0000000000
126018  -29.223  52.685  -18.118 0.0000000000
126022  -29.862  52.851  -18.621 0.0000000000
126023  -30.625  52.605  -18.943 0.0000000000
126024  -31.242  52.699  -19.179 0.0000000000
126032  -31.084  52.196  -19.183 0.0000000000
126033  -31.525  52.270  -19.318 0.0000000000
126034  -32.185  52.412  -19.438 0.0000000000
126035  -33.118  52.538  -19.479 0.0000000000
126036  -34.116  52.518  -19.509 0.0000000000
126037  -35.102  52.485  -19.521 0.0000000000
126038  -36.105  52.462  -19.549 0.0000000000
126039  -37.129  52.474  -19.377 0.0000000000
126550  -28.785  53.064  -2.843 0.0000000000
126551  -29.239  53.337  -2.705 0.0000000000
126552  -30.309  53.428  -2.466 0.0000000000
126562  -26.825  53.069  -3.869 0.0000000000
126563  -27.238  53.340  -3.729 0.0000000000
126564  -28.360  53.351  -3.192 0.0000000000
126565  -29.024  54.011  -3.152 0.0000000000
126570  -26.695  53.217  -4.239 0.0000000000
126571  -27.210  53.771  -4.597 0.0000000000
126575  -26.548  53.402  -5.086 0.0000000000
126576  -27.225  53.864  -5.536 0.0000000000
126581  -26.576  53.414  -6.011 0.0000000000
126582  -27.348  53.750  -6.439 0.0000000000
126583  -27.878  53.800  -6.879 0.0000000000
126589  -26.681  53.310  -6.776 0.0000000000
126590  -27.320  53.358  -7.277 0.0000000000
126591  -28.262  53.580  -7.434 0.0000000000
126592  -29.031  53.603  -7.785 0.0000000000
126593  -29.921  53.500  -7.861 0.0000000000
126594  -30.944  53.461  -8.036 0.0000000000
126595  -31.930  53.566  -8.319 0.0000000000
126601  -27.748  53.105  -7.863 0.0000000000
126602  -28.421  53.175  -8.297 0.0000000000
126603  -29.358  53.269  -8.486 0.0000000000
126604  -30.318  53.123  -8.675 0.0000000000
126605  -31.396  53.104  -8.947 0.0000000000
126606  -32.575  53.437  -9.183 0.0000000000
126607  -33.385  53.651  -9.627 0.0000000000
126613  -28.830  52.969  -8.963 0.0000000000
126614  -29.590  52.893  -9.270 0.0000000000
126615  -30.629  52.766  -9.605 0.0000000000
126616  -31.804  52.884  -10.116 0.0000000000
126617  -32.883  53.437  -10.234 0.0000000000
126618  -33.698  53.853  -10.191 0.0000000000
126624  -32.300  53.339  -11.170 0.0000000000
126625  -33.186  53.931  -10.886 0.0000000000
126626  -33.804  54.157  -10.498 0.0000000000
126631  -29.768  53.407  -12.238 0.0000000000
126632  -30.498  53.551  -12.299 0.0000000000
126633  -31.216  53.766  -12.332 0.0000000000
126634  -32.007  53.683  -11.995 0.0000000000
126635  -32.619  53.889  -11.612 0.0000000000
126639  -29.048  53.606  -12.532 0.0000000000
126640  -29.995  53.816  -12.468 0.0000000000
126641  -30.567  53.925  -12.461 0.0000000000
126645  -27.874  53.556  -13.609 0.0000000000
126646  -28.374  53.606  -13.181 0.0000000000
126650  -27.487  53.474  -14.319 0.0000000000
126653  -27.184  53.382  -15.252 0.0000000000
126656  -27.207  53.323  -16.198 0.0000000000
126659  -27.595  53.351  -16.918 0.0000000000
126660  -28.128  53.436  -17.392 0.0000000000
126661  -28.851  53.501  -17.779 0.0000000000
126667  -29.554  53.550  -18.344 0.0000000000
126668  -30.334  53.519  -18.697 0.0000000000
126669  -31.313  53.523  -18.963 0.0000000000
126670  -31.915  54.059  -18.889 0.0000000000
126679  -31.732  52.907  -19.311 0.0000000000
126680  -32.481  53.608  -19.246 0.0000000000
126681  -33.657  53.468  -19.481 0.0000000000
126682  -34.651  53.410  -19.480 0.0000000000
126683  -35.674  53.408  -19.457 0.0000000000
126684  -36.640  53.323  -19.373 0.0000000000
127206  -29.744  54.355  -2.823 0.0000000000
127207  -30.730  54.300  -2.473 0.0000000000
127224  -27.897  54.132  -4.025 0.0000000000
127225  -28.661  54.306  -3.686 0.0000000000
127226  -29.239  54.622  -3.515 0.0000000000
127231  -27.894  54.354  -5.044 0.0000000000
127232  -28.708  54.701  -4.496 0.0000000000
127233  -28.989  54.719  -3.986 0.0000000000
127238  -27.906  54.257  -6.002 0.0000000000
127239  -28.770  54.811  -5.620 0.0000000000
127240  -29.376  55.045  -5.862 0.0000000000
127245  -27.917  54.026  -6.511 0.0000000000
127246  -28.560  54.174  -6.702 0.0000000000
127247  -29.651  54.682  -6.461 0.0000000000
127248  -30.869  54.777  -6.813 0.0000000000
127249  -32.067  54.785  -7.108 0.0000000000
127250  -32.764  54.759  -7.319 0.0000000000
127254  -28.816  53.852  -7.294 0.0000000000
127255  -29.397  54.006  -7.255 0.0000000000
127256  -30.390  54.105  -7.356 0.0000000000
127257  -31.561  54.065  -7.553 0.0000000000
127258  -33.068  54.102  -8.019 0.0000000000
127265  -33.353  53.733  -9.052 0.0000000000
127273  -30.015  54.736  -10.249 0.0000000000
127274  -30.962  54.822  -10.520 0.0000000000
127275  -31.541  54.863  -10.678 0.0000000000
127276  -34.318  54.260  -10.217 0.0000000000
127284  -29.583  54.799  -10.840 0.0000000000
127285  -30.355  54.570  -11.122 0.0000000000
127286  -31.580  54.673  -11.259 0.0000000000
127287  -32.707  54.385  -11.291 0.0000000000
127288  -33.869  54.514  -10.581 0.0000000000
127296  -28.541  54.912  -11.961 0.0000000000
127297  -29.287  54.608  -11.650 0.0000000000
127298  -30.632  54.280  -12.058 0.0000000000
127299  -31.856  54.281  -12.065 0.0000000000
127300  -32.417  54.073  -11.948 0.0000000000
127307  -27.793  54.998  -13.129 0.0000000000
127308  -28.394  54.508  -12.668 0.0000000000
127309  -29.620  54.166  -12.370 0.0000000000
127310  -30.254  54.066  -12.422 0.0000000000
127315  -27.644  54.466  -13.686 0.0000000000
127316  -28.114  54.062  -13.352 0.0000000000
127320  -27.220  54.356  -14.749 0.0000000000
127324  -27.140  54.275  -15.748 0.0000000000
127328  -27.437  54.127  -16.576 0.0000000000
127329  -27.833  54.606  -16.930 0.0000000000
127333  -27.750  53.999  -17.184 0.0000000000
127334  -28.420  54.357  -17.438 0.0000000000
127335  -29.311  54.366  -17.931 0.0000000000
127342  -30.045  54.289  -18.374 0.0000000000
127343  -30.771  54.254  -18.518 0.0000000000
127344  -31.504  54.498  -18.647 0.0000000000
127345  -32.309  54.620  -18.813 0.0000000000
127346  -32.962  54.841  -18.943 0.0000000000
127347  -36.839  54.830  -19.001 0.0000000000
127357  -32.782  54.379  -19.080 0.0000000000
127358  -33.370  54.396  -19.251 0.0000000000
127359  -34.201  54.260  -19.445 0.0000000000
127360  -35.137  54.308  -19.456 0.0000000000
127361  -36.350  54.460  -19.222 0.0000000000
127362  -37.116  53.878  -19.128 0.0000000000
127933  -29.900  54.802  -2.974 0.0000000000
127934  -30.244  54.985  -2.829 0.0000000000
127950  -29.738  55.044  -3.278 0.0000000000
127951  -30.131  55.498  -3.175 0.0000000000
127955  -29.069  54.962  -4.533 0.0000000000
127956  -29.320  55.268  -4.209 0.0000000000
127957  -29.865  55.874  -4.680 0.0000000000
127960  -29.056  55.051  -4.841 0.0000000000
127961  -29.545  55.368  -5.341 0.0000000000
127962  -30.431  55.988  -5.397 0.0000000000
127966  -29.679  55.126  -5.940 0.0000000000
127967  -30.232  55.301  -6.059 0.0000000000
127968  -31.327  55.772  -6.314 0.0000000000
127975  -31.119  55.928  -8.122 0.0000000000
127976  -31.657  56.126  -8.125 0.0000000000
127977  -33.089  54.841  -7.447 0.0000000000
127985  -29.969  55.531  -8.832 0.0000000000
127986  -30.949  55.490  -8.908 0.0000000000
127987  -32.072  55.761  -8.790 0.0000000000
127988  -33.301  55.979  -9.182 0.0000000000
127989  -33.942  56.158  -9.342 0.0000000000
127995  -29.024  55.834  -9.699 0.0000000000
127996  -29.630  55.269  -9.547 0.0000000000
127997  -30.531  55.116  -9.655 0.0000000000
127998  -31.669  55.126  -10.005 0.0000000000
127999  -32.888  55.385  -9.908 0.0000000000
128000  -34.189  55.740  -9.945 0.0000000000
128007  -28.685  55.727  -10.525 0.0000000000
128008  -29.292  55.205  -10.273 0.0000000000
128009  -31.838  54.899  -10.742 0.0000000000
128010  -32.408  54.932  -10.738 0.0000000000
128011  -33.517  55.025  -10.639 0.0000000000
128012  -34.635  55.065  -10.476 0.0000000000
128016  -27.866  55.895  -11.844 0.0000000000
128017  -28.463  55.385  -11.404 0.0000000000
128018  -29.051  55.135  -10.936 0.0000000000
128023  -27.805  55.537  -12.675 0.0000000000
128024  -28.164  55.236  -12.112 0.0000000000
128030  -27.588  55.488  -13.495 0.0000000000
128036  -27.418  55.309  -14.346 0.0000000000
128040  -27.304  55.198  -15.277 0.0000000000
128044  -27.570  55.148  -16.267 0.0000000000
128045  -28.298  55.275  -16.944 0.0000000000
128049  -29.048  55.225  -17.518 0.0000000000
128050  -30.122  55.183  -17.888 0.0000000000
128051  -31.091  55.624  -17.792 0.0000000000
128052  -31.583  55.832  -17.797 0.0000000000
128066  -30.455  54.702  -18.306 0.0000000000
128067  -30.929  55.025  -18.374 0.0000000000
128068  -31.802  55.404  -18.193 0.0000000000
128069  -32.715  55.439  -18.556 0.0000000000
128070  -33.598  55.336  -19.045 0.0000000000
128071  -34.136  55.597  -19.194 0.0000000000
128072  -35.717  55.772  -19.137 0.0000000000
128073  -36.709  55.445  -18.881 0.0000000000
128089  -33.909  54.791  -19.313 0.0000000000
128090  -34.462  55.117  -19.329 0.0000000000
128091  -35.445  55.113  -19.319 0.0000000000
128092  -36.077  55.212  -19.214 0.0000000000
128672  -30.580  55.596  -2.879 0.0000000000
128695  -29.829  55.636  -3.596 0.0000000000
128709  -29.868  55.981  -4.033 0.0000000000
128728  -29.757  56.704  -7.795 0.0000000000
128729  -30.301  56.523  -7.743 0.0000000000
128730  -31.408  56.603  -7.613 0.0000000000
128731  -32.344  56.908  -7.714 0.0000000000
128732  -33.106  57.080  -8.049 0.0000000000
128746  -28.939  56.685  -8.520 0.0000000000
128747  -29.442  56.484  -8.261 0.0000000000
128748  -30.336  55.956  -8.331 0.0000000000
128749  -32.064  56.312  -8.078 0.0000000000
128750  -32.800  56.372  -8.373 0.0000000000
128751  -33.858  56.645  -8.727 0.0000000000
128752  -34.841  56.594  -8.897 0.0000000000
128765  -28.818  56.484  -8.987 0.0000000000
128766  -29.317  55.858  -9.008 0.0000000000
128767  -34.413  56.244  -9.340 0.0000000000
128768  -35.161  56.168  -9.600 0.0000000000
128782  -28.635  56.586  -10.014 0.0000000000
128793  -27.862  56.497  -11.796 0.0000000000
128794  -28.238  56.557  -11.147 0.0000000000
128804  -27.732  56.401  -12.364 0.0000000000
128811  -27.647  56.279  -13.141 0.0000000000
128815  -27.509  56.283  -13.986 0.0000000000
128816  -27.762  56.712  -14.557 0.0000000000
128820  -27.488  56.046  -14.855 0.0000000000
128821  -27.945  56.642  -15.278 0.0000000000
128828  -27.632  55.899  -15.625 0.0000000000
128829  -28.282  56.282  -16.291 0.0000000000
128830  -29.229  56.523  -16.712 0.0000000000
128831  -30.047  56.686  -16.945 0.0000000000
128832  -30.828  56.718  -16.978 0.0000000000
128842  -28.835  55.919  -17.040 0.0000000000
128843  -29.586  56.027  -17.379 0.0000000000
128844  -30.541  56.111  -17.420 0.0000000000
128845  -31.550  56.366  -17.447 0.0000000000
128846  -32.161  56.635  -17.432 0.0000000000
128862  -31.856  55.926  -17.780 0.0000000000
128863  -32.354  56.240  -17.919 0.0000000000
128864  -33.194  56.167  -18.514 0.0000000000
128865  -34.111  56.179  -19.001 0.0000000000
128866  -35.062  56.531  -19.092 0.0000000000
128867  -36.109  56.576  -18.909 0.0000000000
128881  -34.398  55.680  -19.231 0.0000000000
128882  -34.867  55.750  -19.267 0.0000000000
129439  -30.808  58.094  -6.773 0.0000000000
129440  -31.364  58.241  -6.687 0.0000000000
129456  -28.803  57.758  -7.704 0.0000000000
129457  -29.617  57.189  -7.496 0.0000000000
129458  -30.634  57.269  -7.182 0.0000000000
129459  -31.722  57.691  -7.075 0.0000000000
129460  -32.874  57.700  -7.498 0.0000000000
129461  -34.094  57.554  -7.938 0.0000000000
129476  -27.884  57.810  -8.809 0.0000000000
129477  -28.644  57.166  -8.416 0.0000000000
129478  -29.059  57.074  -7.880 0.0000000000
129479  -34.503  57.054  -8.523 0.0000000000
129486  -27.841  57.781  -9.664 0.0000000000
129487  -28.362  57.228  -9.366 0.0000000000
129493  -27.885  57.888  -10.148 0.0000000000
129494  -28.276  57.524  -10.411 0.0000000000
129499  -27.937  57.075  -11.972 0.0000000000
129500  -28.522  57.729  -11.559 0.0000000000
129501  -29.169  58.013  -11.782 0.0000000000
129508  -27.771  57.063  -12.819 0.0000000000
129509  -28.461  57.674  -12.482 0.0000000000
129510  -28.993  57.908  -12.059 0.0000000000
129520  -27.728  56.855  -13.503 0.0000000000
129521  -28.179  57.502  -13.504 0.0000000000
129530  -27.763  57.040  -14.046 0.0000000000
129531  -28.343  57.404  -14.572 0.0000000000
129532  -29.039  57.601  -15.092 0.0000000000
129534  -28.618  57.134  -15.560 0.0000000000
129535  -29.405  57.528  -15.734 0.0000000000
129536  -30.008  57.636  -16.088 0.0000000000
129545  -29.011  56.970  -16.184 0.0000000000
129546  -29.668  57.175  -16.419 0.0000000000
129547  -30.490  57.313  -16.495 0.0000000000
129548  -31.472  57.197  -16.725 0.0000000000
129549  -32.164  57.365  -16.873 0.0000000000
129562  -32.024  56.899  -17.119 0.0000000000
129563  -32.535  57.176  -17.463 0.0000000000
129564  -33.092  57.411  -17.946 0.0000000000
129577  -32.918  56.802  -18.074 0.0000000000
129578  -33.505  56.939  -18.446 0.0000000000
129579  -34.293  57.244  -18.699 0.0000000000
129580  -35.326  57.518  -18.829 0.0000000000
129581  -36.534  57.595  -18.685 0.0000000000
130097  -28.684  59.270  -7.124 0.0000000000
130098  -29.017  59.118  -6.858 0.0000000000
130099  -30.011  58.809  -6.569 0.0000000000
130100  -31.146  58.894  -6.579 0.0000000000
130101  -31.978  59.086  -6.641 0.0000000000
130122  -27.876  59.163  -7.931 0.0000000000
130123  -28.354  58.966  -7.491 0.0000000000
130124  -29.286  58.277  -7.169 0.0000000000
130125  -30.085  57.949  -7.108 0.0000000000
130126  -31.749  58.465  -6.730 0.0000000000
130127  -32.544  58.571  -6.961 0.0000000000
130128  -33.511  58.487  -7.380 0.0000000000
130139  -27.048  58.989  -8.639 0.0000000000
130140  -27.480  58.815  -8.337 0.0000000000
130141  -28.182  58.068  -8.107 0.0000000000
130147  -26.866  58.757  -8.935 0.0000000000
130148  -27.341  58.272  -9.250 0.0000000000
130150  -26.759  58.565  -9.759 0.0000000000
130151  -27.395  58.129  -10.127 0.0000000000
130152  -27.907  58.042  -10.533 0.0000000000
130155  -26.830  58.527  -10.590 0.0000000000
130156  -27.460  58.319  -11.027 0.0000000000
130157  -28.307  58.226  -11.206 0.0000000000
130158  -29.246  58.438  -11.571 0.0000000000
130159  -30.040  58.733  -11.799 0.0000000000
130162  -28.990  58.027  -12.455 0.0000000000
130163  -29.561  58.227  -12.263 0.0000000000
130164  -30.465  58.846  -12.498 0.0000000000
130170  -28.918  58.218  -13.182 0.0000000000
130171  -29.960  58.525  -13.332 0.0000000000
130172  -31.010  59.078  -13.428 0.0000000000
130173  -31.573  59.285  -13.649 0.0000000000
130184  -28.646  57.882  -13.921 0.0000000000
130185  -29.364  58.067  -14.394 0.0000000000
130186  -30.586  58.556  -14.376 0.0000000000
130187  -31.669  59.087  -14.317 0.0000000000
130188  -32.277  59.139  -14.562 0.0000000000
130201  -29.501  57.798  -15.162 0.0000000000
130202  -30.190  57.998  -15.428 0.0000000000
130203  -31.306  58.484  -15.333 0.0000000000
130204  -32.399  58.805  -15.173 0.0000000000
130205  -32.974  58.845  -15.380 0.0000000000
130217  -30.413  57.752  -16.064 0.0000000000
130218  -30.996  57.841  -16.094 0.0000000000
130219  -32.149  57.990  -16.273 0.0000000000
130220  -32.990  58.641  -15.991 0.0000000000
130230  -32.475  57.717  -16.998 0.0000000000
130231  -33.122  58.285  -17.327 0.0000000000
130232  -33.836  58.833  -17.564 0.0000000000
130242  -33.590  57.724  -18.233 0.0000000000
130243  -34.351  58.433  -18.207 0.0000000000
130244  -35.728  58.522  -18.561 0.0000000000
130705  -28.787  59.746  -7.074 0.0000000000
130706  -29.576  59.816  -6.670 0.0000000000
130707  -30.566  59.815  -6.503 0.0000000000
130708  -31.611  59.863  -6.567 0.0000000000
130725  -27.036  59.956  -8.085 0.0000000000
130726  -27.805  59.698  -7.941 0.0000000000
130727  -28.376  59.885  -7.522 0.0000000000
130728  -33.194  59.001  -6.951 0.0000000000
130743  -24.940  59.932  -8.999 0.0000000000
130744  -25.886  59.630  -8.852 0.0000000000
130745  -26.769  59.326  -8.593 0.0000000000
130746  -27.267  59.453  -8.242 0.0000000000
130757  -24.642  59.959  -10.061 0.0000000000
130758  -25.455  59.430  -9.757 0.0000000000
130759  -26.311  59.135  -9.379 0.0000000000
130762  -24.785  60.240  -10.653 0.0000000000
130763  -25.367  59.799  -10.967 0.0000000000
130764  -26.108  58.932  -10.363 0.0000000000
130768  -25.883  60.042  -12.113 0.0000000000
130769  -26.664  59.086  -11.561 0.0000000000
130770  -27.980  58.894  -11.628 0.0000000000
130771  -28.943  59.006  -11.334 0.0000000000
130772  -29.789  59.283  -11.619 0.0000000000
130773  -30.497  59.343  -11.985 0.0000000000
130776  -26.279  60.455  -12.440 0.0000000000
130777  -26.774  60.067  -12.358 0.0000000000
130778  -27.728  59.711  -12.132 0.0000000000
130779  -28.741  59.574  -11.823 0.0000000000
130780  -29.331  59.471  -11.658 0.0000000000
130781  -31.412  59.565  -12.687 0.0000000000
130782  -32.583  59.942  -12.801 0.0000000000
130783  -33.143  60.202  -12.895 0.0000000000
130787  -31.530  59.360  -13.294 0.0000000000
130788  -32.163  59.426  -13.574 0.0000000000
130789  -33.328  59.808  -13.437 0.0000000000
130790  -34.175  60.145  -13.795 0.0000000000
130791  -34.583  60.335  -13.957 0.0000000000
130799  -32.221  59.297  -14.242 0.0000000000
130800  -32.818  59.316  -14.480 0.0000000000
130801  -33.769  59.676  -14.396 0.0000000000
130802  -34.432  60.107  -14.366 0.0000000000
130815  -32.941  58.987  -15.073 0.0000000000
130816  -33.462  59.218  -15.372 0.0000000000
130817  -34.332  59.761  -15.105 0.0000000000
130832  -33.614  59.067  -16.561 0.0000000000
130833  -34.192  59.699  -16.095 0.0000000000
130846  -33.713  58.938  -17.196 0.0000000000
130847  -34.391  59.530  -17.321 0.0000000000
130848  -35.360  59.920  -17.846 0.0000000000
130858  -35.164  59.211  -18.096 0.0000000000
131344  -28.134  60.360  -7.473 0.0000000000
131358  -26.328  59.871  -8.225 0.0000000000
131369  -24.300  60.711  -9.388 0.0000000000
131373  -24.411  60.815  -10.473 0.0000000000
131374  -24.855  60.525  -11.033 0.0000000000
131378  -24.646  61.123  -11.200 0.0000000000
131379  -25.143  60.793  -11.793 0.0000000000
131380  -29.933  59.647  -11.732 0.0000000000
131381  -30.187  59.663  -11.823 0.0000000000
131384  -25.870  60.912  -12.530 0.0000000000
131385  -26.691  60.890  -12.656 0.0000000000
131386  -27.592  60.660  -12.567 0.0000000000
131387  -28.633  60.395  -12.360 0.0000000000
131388  -29.753  60.050  -11.948 0.0000000000
131389  -30.941  60.190  -12.009 0.0000000000
131390  -32.110  60.469  -12.365 0.0000000000
131391  -33.146  60.657  -12.604 0.0000000000
131392  -34.033  60.862  -12.705 0.0000000000
131393  -34.630  60.863  -12.955 0.0000000000
131396  -33.538  60.366  -12.921 0.0000000000
131397  -34.099  60.417  -13.192 0.0000000000
131398  -34.842  60.690  -13.547 0.0000000000
131399  -35.417  60.894  -14.013 0.0000000000
131401  -34.902  60.508  -14.198 0.0000000000
131402  -35.326  60.766  -14.561 0.0000000000
131408  -34.847  60.382  -14.847 0.0000000000
131409  -35.439  60.827  -15.245 0.0000000000
131419  -34.743  60.386  -15.675 0.0000000000
131420  -35.422  60.844  -16.180 0.0000000000
131430  -34.750  60.291  -16.532 0.0000000000
131431  -35.388  60.739  -17.281 0.0000000000
131950  -24.075  61.695  -9.906 0.0000000000
131958  -24.341  61.808  -10.871 0.0000000000
131959  -24.864  61.837  -11.601 0.0000000000
131962  -25.558  61.826  -12.233 0.0000000000
131963  -26.431  61.795  -12.647 0.0000000000
131964  -27.389  61.649  -12.764 0.0000000000
131965  -28.410  61.456  -12.662 0.0000000000
131966  -29.543  61.179  -12.684 0.0000000000
131967  -30.618  61.154  -12.374 0.0000000000
131968  -31.709  61.287  -12.338 0.0000000000
131969  -32.778  61.443  -12.361 0.0000000000
131970  -33.786  61.576  -12.450 0.0000000000
131996  -36.102  61.480  -15.682 0.0000000000
132007  -36.071  61.406  -16.650 0.0000000000
132015  -36.056  61.281  -17.236 0.0000000000
132494  -24.068  62.669  -9.386 0.0000000000
132505  -24.175  62.725  -10.423 0.0000000000
132520  -24.598  62.767  -11.290 0.0000000000
132521  -25.299  62.784  -11.874 0.0000000000
132532  -26.183  62.884  -12.394 0.0000000000
132533  -27.160  62.661  -12.712 0.0000000000
132534  -28.175  62.511  -12.849 0.0000000000
132535  -29.247  62.345  -12.822 0.0000000000
132536  -30.325  62.227  -12.601 0.0000000000
132537  -31.392  62.222  -12.435 0.0000000000
132538  -32.441  62.353  -12.369 0.0000000000
132539  -33.470  62.438  -12.246 0.0000000000
133034  -24.284  63.640  -8.888 0.0000000000
133043  -24.300  63.688  -9.928 0.0000000000
133049  -24.569  63.660  -10.849 0.0000000000
133063  -25.107  63.664  -11.513 0.0000000000
133064  -25.765  63.701  -12.005 0.0000000000
133065  -33.513  64.314  -11.746 0.0000000000
133080  -26.381  63.791  -12.298 0.0000000000
133081  -27.011  63.622  -12.498 0.0000000000
133082  -27.962  63.479  -12.530 0.0000000000
133083  -29.006  63.431  -12.788 0.0000000000
133084  -30.044  63.285  -12.532 0.0000000000
133085  -31.091  63.214  -12.393 0.0000000000
133086  -32.083  63.240  -12.336 0.0000000000
133087  -33.173  63.557  -12.054 0.0000000000
133550  -24.485  64.663  -9.406 0.0000000000
133557  -24.669  64.721  -10.457 0.0000000000
133558  -25.114  65.102  -11.112 0.0000000000
133572  -24.987  64.372  -11.167 0.0000000000
133573  -25.629  64.749  -11.688 0.0000000000
133574  -26.591  65.083  -11.977 0.0000000000
133575  -27.515  65.169  -12.022 0.0000000000
133576  -28.488  65.148  -11.840 0.0000000000
133577  -29.534  65.109  -11.687 0.0000000000
133578  -30.627  65.075  -11.616 0.0000000000
133579  -31.721  64.999  -11.675 0.0000000000
133580  -32.861  64.681  -11.771 0.0000000000
133591  -26.213  64.344  -12.081 0.0000000000
133592  -26.890  64.395  -12.244 0.0000000000
133593  -27.745  64.403  -12.345 0.0000000000
133594  -28.750  64.354  -12.333 0.0000000000
133595  -29.799  64.267  -12.231 0.0000000000
133596  -30.857  64.167  -12.101 0.0000000000
133597  -31.860  64.100  -12.188 0.0000000000
133598  -32.518  63.934  -12.170 0.0000000000
134072  -24.653  65.632  -8.826 0.0000000000
134079  -24.593  65.735  -9.825 0.0000000000
134080  -24.963  65.849  -10.684 0.0000000000
134094  -25.508  65.864  -11.311 0.0000000000
134095  -26.254  65.891  -11.747 0.0000000000
134096  -27.211  65.985  -11.843 0.0000000000
134097  -28.208  66.019  -11.661 0.0000000000
134098  -29.268  66.036  -11.490 0.0000000000
134099  -30.375  66.052  -11.435 0.0000000000
134623  -24.680  66.665  -9.179 0.0000000000
134631  -24.772  66.889  -10.154 0.0000000000
134632  -25.170  66.840  -11.047 0.0000000000
134644  -25.926  66.861  -11.566 0.0000000000
134645  -26.871  66.908  -11.801 0.0000000000
134646  -27.921  66.947  -11.776 0.0000000000
134647  -28.984  66.973  -11.564 0.0000000000
135189  -24.971  67.530  -8.645 0.0000000000
135200  -24.743  67.583  -9.402 0.0000000000
135208  -24.783  67.818  -9.973 0.0000000000
135209  -25.071  67.785  -10.594 0.0000000000
135221  -25.559  67.844  -11.316 0.0000000000
135222  -26.486  67.904  -11.655 0.0000000000
135223  -27.566  67.956  -11.807 0.0000000000
135761  -25.266  68.307  -8.262 0.0000000000
135771  -24.873  68.393  -8.889 0.0000000000
135772  -24.870  68.743  -9.362 0.0000000000
135779  -24.804  68.224  -9.535 0.0000000000
135780  -24.941  68.617  -10.008 0.0000000000
135794  -25.303  68.773  -10.827 0.0000000000
135795  -25.994  68.910  -11.492 0.0000000000
136254  -25.239  69.230  -8.234 0.0000000000
136264  -24.924  69.182  -8.921 0.0000000000
136265  -24.983  69.369  -9.418 0.0000000000
136274  -25.196  69.630  -10.088 0.0000000000
136695  -25.058  69.793  -8.628 0.0000000000
136706  -24.956  69.690  -9.014 0.0000000000
