#!ascii label  , from subject Broad_82_YZ vox2ras=TkReg
312
111922  48.949  35.567  -28.974 0.0000000000
111923  47.933  35.452  -28.913 0.0000000000
111924  46.986  35.398  -28.737 0.0000000000
111925  46.001  35.667  -28.731 0.0000000000
111926  44.864  35.706  -28.220 0.0000000000
111939  49.614  36.073  -29.283 0.0000000000
111940  49.166  35.934  -29.438 0.0000000000
111941  48.299  35.786  -29.557 0.0000000000
111942  47.129  35.652  -29.506 0.0000000000
111943  46.253  36.029  -29.416 0.0000000000
112767  42.558  36.490  -25.591 0.0000000000
112781  43.259  36.481  -26.397 0.0000000000
112782  42.491  36.757  -26.034 0.0000000000
112793  44.225  36.277  -27.322 0.0000000000
112794  43.535  36.779  -26.953 0.0000000000
112803  49.962  36.190  -29.061 0.0000000000
112804  45.305  36.071  -29.086 0.0000000000
112805  44.682  36.529  -28.304 0.0000000000
112818  49.437  36.496  -29.649 0.0000000000
112819  48.753  36.298  -30.065 0.0000000000
112820  47.878  36.178  -30.285 0.0000000000
112821  46.948  36.449  -30.147 0.0000000000
112822  46.068  36.720  -29.519 0.0000000000
112838  49.137  36.825  -30.431 0.0000000000
112839  48.554  36.754  -30.808 0.0000000000
112840  47.734  36.800  -30.938 0.0000000000
112841  47.208  37.195  -30.617 0.0000000000
113514  41.772  37.537  -24.300 0.0000000000
113515  41.412  37.732  -24.298 0.0000000000
113529  42.099  36.778  -24.844 0.0000000000
113530  41.599  37.484  -24.650 0.0000000000
113550  42.058  37.109  -25.394 0.0000000000
113551  41.683  37.194  -24.975 0.0000000000
113564  42.910  37.155  -26.505 0.0000000000
113565  42.419  37.341  -25.929 0.0000000000
113574  44.155  37.225  -27.506 0.0000000000
113575  43.559  37.408  -26.912 0.0000000000
113583  49.908  36.862  -29.178 0.0000000000
113584  45.359  37.092  -28.921 0.0000000000
113585  44.809  37.625  -28.273 0.0000000000
113597  49.478  37.305  -30.115 0.0000000000
113598  46.644  37.372  -30.041 0.0000000000
113599  46.043  37.711  -29.404 0.0000000000
113617  49.186  37.526  -31.067 0.0000000000
113618  48.440  37.430  -31.303 0.0000000000
113619  47.712  37.745  -31.093 0.0000000000
113620  47.118  37.969  -30.472 0.0000000000
113630  48.921  38.025  -31.597 0.0000000000
113631  48.372  38.177  -31.434 0.0000000000
113632  47.890  38.447  -31.242 0.0000000000
114273  40.507  38.358  -22.882 0.0000000000
114274  39.591  38.477  -22.812 0.0000000000
114275  38.854  38.697  -22.859 0.0000000000
114276  38.527  38.929  -22.984 0.0000000000
114289  41.964  37.950  -23.687 0.0000000000
114290  41.070  38.057  -23.788 0.0000000000
114291  40.030  38.442  -23.511 0.0000000000
114292  39.102  38.718  -23.465 0.0000000000
114293  38.696  38.866  -23.174 0.0000000000
114310  41.128  37.992  -24.447 0.0000000000
114311  40.304  38.539  -24.303 0.0000000000
114312  39.654  38.672  -23.863 0.0000000000
114332  42.980  38.849  -25.786 0.0000000000
114333  42.215  38.201  -25.506 0.0000000000
114334  41.431  37.965  -24.998 0.0000000000
114335  40.952  38.362  -24.639 0.0000000000
114345  43.387  38.213  -26.512 0.0000000000
114346  42.708  37.923  -26.104 0.0000000000
114354  44.520  38.390  -27.669 0.0000000000
114355  43.893  38.022  -27.144 0.0000000000
114362  49.576  37.867  -29.452 0.0000000000
114363  45.580  38.356  -28.726 0.0000000000
114364  44.991  38.357  -28.203 0.0000000000
114374  49.483  38.319  -30.620 0.0000000000
114375  46.548  38.485  -29.934 0.0000000000
114376  46.069  38.412  -29.348 0.0000000000
114391  49.286  38.550  -31.395 0.0000000000
114392  47.457  38.620  -30.773 0.0000000000
114393  47.020  38.556  -30.399 0.0000000000
114404  48.803  38.728  -31.598 0.0000000000
114405  48.221  38.845  -31.373 0.0000000000
114406  47.783  38.961  -31.117 0.0000000000
115069  40.033  38.592  -22.088 0.0000000000
115070  39.122  38.745  -22.167 0.0000000000
115071  38.285  39.089  -22.471 0.0000000000
115088  41.439  38.342  -22.971 0.0000000000
115089  38.834  39.053  -23.706 0.0000000000
115090  38.362  39.311  -23.318 0.0000000000
115091  37.807  39.471  -22.812 0.0000000000
115105  39.997  39.453  -24.716 0.0000000000
115106  39.271  39.152  -24.080 0.0000000000
115107  38.783  39.296  -23.751 0.0000000000
115121  43.073  39.972  -25.732 0.0000000000
115122  42.329  39.495  -25.499 0.0000000000
115123  41.480  39.065  -25.242 0.0000000000
115124  40.756  38.827  -24.920 0.0000000000
115136  43.581  39.450  -26.268 0.0000000000
115145  44.559  39.566  -27.571 0.0000000000
115146  44.028  38.948  -26.987 0.0000000000
115152  49.331  38.666  -28.966 0.0000000000
115153  49.022  39.401  -28.682 0.0000000000
115154  45.550  39.633  -28.822 0.0000000000
115155  45.090  39.075  -28.147 0.0000000000
115163  49.447  39.322  -29.994 0.0000000000
115164  49.217  39.334  -29.278 0.0000000000
115165  46.478  39.614  -29.998 0.0000000000
115166  46.078  39.138  -29.379 0.0000000000
115179  49.511  39.387  -31.039 0.0000000000
115180  47.430  39.542  -30.850 0.0000000000
115181  46.965  39.193  -30.404 0.0000000000
115195  49.084  39.447  -31.448 0.0000000000
115196  48.420  39.468  -31.363 0.0000000000
115197  47.912  39.392  -31.215 0.0000000000
115916  40.129  40.522  -24.696 0.0000000000
115917  39.334  40.195  -24.313 0.0000000000
115918  38.702  39.872  -23.841 0.0000000000
115935  41.560  40.222  -25.409 0.0000000000
115936  40.715  39.804  -25.155 0.0000000000
115952  48.576  40.447  -27.703 0.0000000000
115953  44.411  40.686  -27.671 0.0000000000
115954  44.011  40.093  -26.947 0.0000000000
115960  48.785  40.291  -28.573 0.0000000000
115961  45.340  40.706  -28.967 0.0000000000
115962  44.932  40.171  -28.300 0.0000000000
115970  49.408  40.683  -29.953 0.0000000000
115971  49.132  40.004  -29.328 0.0000000000
115972  46.408  40.185  -30.102 0.0000000000
115973  45.983  40.286  -29.660 0.0000000000
115987  49.447  40.365  -30.690 0.0000000000
115988  47.265  40.111  -30.869 0.0000000000
115989  46.761  40.291  -30.569 0.0000000000
115990  46.365  40.469  -30.135 0.0000000000
116006  49.192  40.296  -31.141 0.0000000000
116007  48.528  40.315  -31.265 0.0000000000
116008  47.705  40.172  -31.146 0.0000000000
116009  47.206  40.394  -30.892 0.0000000000
116776  48.316  41.425  -27.443 0.0000000000
116786  49.096  42.093  -29.051 0.0000000000
116787  48.683  41.341  -28.425 0.0000000000
116788  45.215  41.286  -28.996 0.0000000000
116789  44.827  41.354  -28.475 0.0000000000
116795  49.399  41.816  -29.759 0.0000000000
116796  49.119  41.040  -29.214 0.0000000000
116797  45.557  41.458  -29.499 0.0000000000
116798  45.166  41.616  -29.000 0.0000000000
116810  49.247  41.530  -30.458 0.0000000000
116811  48.857  41.984  -30.708 0.0000000000
116812  46.555  41.406  -30.710 0.0000000000
116813  46.239  41.029  -30.157 0.0000000000
116828  49.293  40.908  -30.965 0.0000000000
116829  48.709  41.376  -31.087 0.0000000000
116830  47.793  41.203  -31.236 0.0000000000
116831  47.123  40.938  -30.992 0.0000000000
117481  47.609  43.053  -26.245 0.0000000000
117492  47.886  42.510  -27.027 0.0000000000
117493  47.689  43.395  -26.956 0.0000000000
117503  49.261  42.829  -28.907 0.0000000000
117504  48.606  42.695  -28.298 0.0000000000
117505  44.275  42.285  -28.126 0.0000000000
117513  49.525  42.811  -29.409 0.0000000000
117514  45.508  42.229  -29.678 0.0000000000
117515  44.961  42.322  -29.083 0.0000000000
117528  49.658  42.644  -30.061 0.0000000000
117529  49.044  42.599  -30.455 0.0000000000
117530  46.462  41.897  -30.761 0.0000000000
117531  46.032  42.166  -30.365 0.0000000000
117542  48.501  42.510  -30.939 0.0000000000
117543  47.842  42.312  -31.317 0.0000000000
117544  46.813  42.154  -31.107 0.0000000000
117545  46.114  42.922  -30.891 0.0000000000
118104  47.480  43.824  -26.569 0.0000000000
118113  48.197  43.754  -27.587 0.0000000000
118114  47.717  43.882  -27.087 0.0000000000
118122  49.609  43.731  -28.792 0.0000000000
118123  48.848  43.714  -28.258 0.0000000000
118124  44.256  43.086  -28.695 0.0000000000
118125  43.725  43.638  -28.495 0.0000000000
118133  49.786  43.656  -29.592 0.0000000000
118134  45.338  42.906  -29.820 0.0000000000
118135  44.540  43.532  -29.488 0.0000000000
118136  44.049  43.664  -28.991 0.0000000000
118151  49.334  43.546  -30.186 0.0000000000
118152  48.617  43.470  -30.699 0.0000000000
118153  45.515  43.448  -30.543 0.0000000000
118154  45.033  43.542  -30.037 0.0000000000
118162  47.981  43.378  -31.263 0.0000000000
118163  47.187  43.305  -31.399 0.0000000000
118164  46.377  43.401  -31.220 0.0000000000
118165  45.869  43.481  -31.029 0.0000000000
118732  48.264  44.589  -27.640 0.0000000000
118741  50.001  45.066  -28.812 0.0000000000
118742  48.946  44.661  -28.225 0.0000000000
118755  50.037  44.793  -29.208 0.0000000000
118756  44.307  44.075  -29.679 0.0000000000
118757  43.699  44.420  -29.234 0.0000000000
118758  42.707  45.263  -29.147 0.0000000000
118770  49.429  44.567  -29.817 0.0000000000
118771  48.788  44.461  -30.435 0.0000000000
118772  45.267  43.988  -30.691 0.0000000000
118773  44.674  44.272  -30.303 0.0000000000
118774  43.851  45.146  -30.070 0.0000000000
118784  48.174  44.390  -31.067 0.0000000000
118785  47.468  44.346  -31.513 0.0000000000
118786  46.642  44.308  -31.567 0.0000000000
118787  45.634  44.268  -31.157 0.0000000000
118788  44.962  45.122  -31.028 0.0000000000
119459  49.593  45.645  -29.654 0.0000000000
119460  43.121  45.492  -29.747 0.0000000000
119461  42.228  45.971  -29.659 0.0000000000
119473  48.955  45.460  -30.256 0.0000000000
119474  48.407  45.374  -30.878 0.0000000000
119475  44.297  45.480  -30.674 0.0000000000
119476  43.444  46.049  -30.434 0.0000000000
119477  42.820  46.042  -30.010 0.0000000000
119488  47.809  45.350  -31.464 0.0000000000
119489  47.007  45.466  -31.925 0.0000000000
119490  46.168  45.177  -31.844 0.0000000000
119491  45.429  45.445  -31.653 0.0000000000
119492  44.626  46.070  -31.481 0.0000000000
119493  44.048  46.110  -30.928 0.0000000000
119500  46.784  46.078  -32.364 0.0000000000
119501  46.434  45.790  -32.254 0.0000000000
119502  45.846  45.907  -32.285 0.0000000000
119503  45.255  46.144  -32.100 0.0000000000
119504  40.334  45.146  -32.492 0.0000000000
119515  40.575  45.214  -33.334 0.0000000000
120160  41.944  46.379  -29.986 0.0000000000
120161  41.700  46.217  -29.877 0.0000000000
120173  49.212  46.580  -30.481 0.0000000000
120174  48.654  46.015  -30.716 0.0000000000
120175  43.090  46.631  -30.744 0.0000000000
120176  42.444  46.515  -30.351 0.0000000000
120177  41.452  46.393  -30.362 0.0000000000
120178  40.899  46.213  -30.583 0.0000000000
120190  48.952  47.063  -31.124 0.0000000000
120191  48.319  46.528  -31.505 0.0000000000
120192  47.568  46.022  -31.818 0.0000000000
120193  44.412  46.970  -31.918 0.0000000000
120194  43.689  46.741  -31.275 0.0000000000
120195  42.711  47.066  -31.090 0.0000000000
120196  41.772  47.007  -31.016 0.0000000000
120197  40.781  46.526  -31.328 0.0000000000
120203  48.001  47.070  -32.258 0.0000000000
120204  47.293  46.691  -32.507 0.0000000000
120205  46.374  46.444  -32.641 0.0000000000
120206  45.572  46.874  -32.597 0.0000000000
120207  44.906  46.690  -32.170 0.0000000000
120208  40.347  46.131  -32.660 0.0000000000
120219  47.062  47.165  -33.260 0.0000000000
120220  46.566  47.048  -33.130 0.0000000000
120221  46.099  47.048  -32.910 0.0000000000
120222  40.607  46.024  -33.754 0.0000000000
120242  40.866  45.972  -34.347 0.0000000000
120892  48.912  47.381  -31.565 0.0000000000
120893  44.381  47.297  -32.171 0.0000000000
120894  44.001  47.394  -31.998 0.0000000000
120895  43.109  47.572  -31.766 0.0000000000
120896  42.140  47.631  -31.669 0.0000000000
120897  41.331  47.352  -31.741 0.0000000000
120904  48.522  47.661  -32.286 0.0000000000
120905  47.890  47.406  -32.696 0.0000000000
120906  45.412  47.428  -32.837 0.0000000000
120907  44.719  47.586  -32.611 0.0000000000
120908  43.554  48.075  -32.502 0.0000000000
120909  42.519  48.174  -32.405 0.0000000000
120910  41.532  47.943  -32.499 0.0000000000
120911  40.772  47.200  -32.473 0.0000000000
120925  48.132  47.942  -32.978 0.0000000000
120926  47.498  47.702  -33.369 0.0000000000
120927  46.770  47.560  -33.678 0.0000000000
120928  45.771  47.732  -33.460 0.0000000000
120929  44.840  48.462  -33.582 0.0000000000
120930  41.035  47.722  -33.296 0.0000000000
120931  40.696  46.860  -33.466 0.0000000000
120949  47.102  48.076  -34.009 0.0000000000
120950  46.498  48.221  -34.208 0.0000000000
120951  45.825  48.506  -34.419 0.0000000000
120952  41.045  47.351  -34.330 0.0000000000
120953  40.828  46.478  -34.217 0.0000000000
121595  43.956  48.666  -33.329 0.0000000000
121596  42.882  48.681  -33.244 0.0000000000
121597  41.967  48.447  -33.183 0.0000000000
121598  41.459  48.164  -33.187 0.0000000000
121615  45.162  48.810  -34.373 0.0000000000
121616  44.264  49.182  -34.326 0.0000000000
121617  43.189  49.226  -34.202 0.0000000000
121618  42.174  48.866  -34.090 0.0000000000
121619  41.445  48.282  -33.828 0.0000000000
125404  45.030  55.157  -19.256 0.0000000000
125415  45.549  55.535  -20.576 0.0000000000
125416  45.069  55.006  -20.279 0.0000000000
125429  45.354  54.897  -20.875 0.0000000000
126035  44.963  55.826  -18.478 0.0000000000
126036  44.666  55.812  -18.604 0.0000000000
126041  45.371  56.537  -19.409 0.0000000000
126042  45.209  56.187  -18.918 0.0000000000
126043  44.280  56.307  -19.018 0.0000000000
126050  45.497  56.335  -19.943 0.0000000000
126051  45.253  55.705  -19.761 0.0000000000
126052  44.067  56.653  -19.771 0.0000000000
126061  46.157  56.040  -21.206 0.0000000000
126062  45.651  56.515  -21.264 0.0000000000
126063  44.470  56.550  -20.818 0.0000000000
126644  45.410  56.798  -19.557 0.0000000000
126645  44.983  56.963  -19.285 0.0000000000
126646  44.541  56.834  -19.453 0.0000000000
126654  45.720  56.857  -20.311 0.0000000000
126655  45.324  57.327  -19.895 0.0000000000
126656  44.708  57.187  -19.861 0.0000000000
126663  45.915  56.812  -20.851 0.0000000000
126664  45.436  57.082  -20.582 0.0000000000
126665  44.983  57.313  -20.303 0.0000000000
