#!ascii label  , from subject Broad_82_YZ vox2ras=TkReg
1014
85624  52.967  7.926  -21.134 0.0000000000
86702  52.357  7.931  -20.903 0.0000000000
86703  51.872  8.071  -21.064 0.0000000000
86716  54.562  8.447  -21.566 0.0000000000
86717  53.498  8.577  -21.402 0.0000000000
86718  52.536  8.417  -21.448 0.0000000000
86726  57.283  8.776  -22.454 0.0000000000
86727  56.300  8.929  -22.433 0.0000000000
86728  55.345  8.944  -22.180 0.0000000000
86729  54.614  9.261  -21.914 0.0000000000
86730  53.022  9.033  -21.835 0.0000000000
86731  52.467  8.885  -22.251 0.0000000000
86763  49.056  8.388  -25.323 0.0000000000
86764  48.204  8.516  -25.403 0.0000000000
86765  47.275  8.521  -25.844 0.0000000000
86766  46.716  8.078  -26.059 0.0000000000
86775  47.106  8.999  -26.294 0.0000000000
86776  46.656  8.574  -26.573 0.0000000000
86785  46.128  8.499  -27.379 0.0000000000
87724  54.085  9.159  -21.603 0.0000000000
87725  53.576  9.301  -21.823 0.0000000000
87730  58.864  9.725  -22.844 0.0000000000
87731  57.915  9.595  -22.528 0.0000000000
87732  56.858  9.694  -22.445 0.0000000000
87733  55.883  9.775  -22.444 0.0000000000
87734  54.989  9.859  -22.278 0.0000000000
87735  54.108  9.821  -22.095 0.0000000000
87736  53.238  9.686  -22.519 0.0000000000
87737  52.735  9.280  -22.996 0.0000000000
87741  52.924  9.833  -23.331 0.0000000000
87756  49.611  8.852  -25.596 0.0000000000
87768  49.758  9.474  -25.857 0.0000000000
87769  48.956  9.262  -25.759 0.0000000000
87770  48.024  9.477  -25.927 0.0000000000
87771  47.424  9.298  -26.202 0.0000000000
87781  47.641  9.887  -26.397 0.0000000000
87782  47.096  9.559  -26.655 0.0000000000
87783  46.579  9.370  -27.271 0.0000000000
87793  46.114  9.197  -27.928 0.0000000000
87803  45.991  9.642  -28.452 0.0000000000
88728  58.372  10.523  -22.716 0.0000000000
88729  57.387  10.543  -22.514 0.0000000000
88730  56.421  10.563  -22.527 0.0000000000
88731  55.462  10.727  -22.617 0.0000000000
88732  54.558  10.547  -22.570 0.0000000000
88733  53.843  10.434  -22.657 0.0000000000
88737  54.862  11.201  -22.952 0.0000000000
88738  54.216  11.006  -23.137 0.0000000000
88739  53.459  10.565  -23.488 0.0000000000
88740  52.922  10.109  -23.958 0.0000000000
88748  53.180  10.562  -24.355 0.0000000000
88749  52.655  10.136  -24.891 0.0000000000
88750  51.882  9.775  -25.427 0.0000000000
88751  51.144  9.633  -25.688 0.0000000000
88762  52.112  10.484  -25.706 0.0000000000
88763  51.388  10.356  -25.956 0.0000000000
88764  50.389  10.193  -26.090 0.0000000000
88765  49.414  10.073  -26.108 0.0000000000
88766  48.713  10.010  -26.133 0.0000000000
88773  49.698  10.783  -26.317 0.0000000000
88774  49.004  10.763  -26.305 0.0000000000
88775  48.184  10.527  -26.390 0.0000000000
88776  47.456  10.548  -26.867 0.0000000000
88777  46.928  10.112  -27.213 0.0000000000
88786  47.069  10.738  -27.465 0.0000000000
88787  46.514  10.259  -27.952 0.0000000000
88798  46.055  10.339  -28.956 0.0000000000
88811  45.839  10.492  -29.617 0.0000000000
89757  58.854  11.280  -23.019 0.0000000000
89758  57.880  11.481  -22.763 0.0000000000
89759  56.888  11.336  -22.667 0.0000000000
89760  56.117  11.282  -22.752 0.0000000000
89764  57.190  11.972  -23.060 0.0000000000
89765  56.415  11.924  -23.143 0.0000000000
89766  55.521  11.713  -23.175 0.0000000000
89767  54.756  11.684  -23.659 0.0000000000
89768  54.095  11.237  -23.832 0.0000000000
89775  54.479  11.643  -24.507 0.0000000000
89776  53.770  11.068  -24.560 0.0000000000
89777  53.218  10.791  -25.033 0.0000000000
89789  54.228  11.558  -25.234 0.0000000000
89790  53.568  11.369  -25.535 0.0000000000
89791  52.692  11.098  -25.742 0.0000000000
89792  51.749  11.225  -26.208 0.0000000000
89793  50.971  10.950  -26.293 0.0000000000
89802  51.056  11.645  -26.484 0.0000000000
89803  50.287  11.390  -26.431 0.0000000000
89804  49.446  11.507  -26.478 0.0000000000
89805  48.671  11.529  -26.714 0.0000000000
89806  47.989  11.221  -26.877 0.0000000000
89815  48.238  11.788  -27.237 0.0000000000
89816  47.633  11.483  -27.569 0.0000000000
89817  47.015  11.131  -27.953 0.0000000000
89829  47.338  11.689  -28.286 0.0000000000
89830  46.770  11.299  -28.721 0.0000000000
89844  46.233  11.258  -29.638 0.0000000000
89864  46.005  11.378  -30.230 0.0000000000
90811  58.504  11.941  -23.146 0.0000000000
90816  58.683  12.448  -23.414 0.0000000000
90817  57.917  12.458  -23.299 0.0000000000
90818  56.917  12.627  -23.559 0.0000000000
90819  55.972  12.602  -23.706 0.0000000000
90820  55.319  12.288  -23.792 0.0000000000
90825  55.576  12.753  -24.221 0.0000000000
90826  55.128  12.349  -24.521 0.0000000000
90837  54.733  12.185  -25.279 0.0000000000
90838  54.097  12.148  -25.965 0.0000000000
90839  53.097  12.077  -26.300 0.0000000000
90840  52.315  11.839  -26.293 0.0000000000
90851  52.406  12.526  -26.525 0.0000000000
90852  51.632  12.334  -26.554 0.0000000000
90853  50.673  12.349  -26.698 0.0000000000
90854  49.896  12.196  -26.682 0.0000000000
90855  49.253  12.148  -26.807 0.0000000000
90860  50.241  12.718  -27.027 0.0000000000
90861  49.647  12.722  -27.280 0.0000000000
90862  48.776  12.474  -27.448 0.0000000000
90863  48.125  12.240  -27.662 0.0000000000
90870  48.346  12.790  -27.953 0.0000000000
90871  47.778  12.547  -28.313 0.0000000000
90872  47.271  12.124  -28.784 0.0000000000
90874  30.218  12.371  -28.370 0.0000000000
90875  30.071  12.173  -28.292 0.0000000000
90876  29.368  12.370  -28.446 0.0000000000
90877  28.629  12.600  -28.645 0.0000000000
90888  47.415  12.812  -29.033 0.0000000000
90889  46.864  12.353  -29.473 0.0000000000
90891  30.242  12.464  -28.654 0.0000000000
90892  29.836  12.300  -28.863 0.0000000000
90893  28.999  12.445  -29.152 0.0000000000
90894  28.223  12.734  -29.085 0.0000000000
90906  46.293  12.161  -30.387 0.0000000000
90909  30.208  12.679  -29.299 0.0000000000
90910  29.671  12.580  -29.642 0.0000000000
90911  28.977  12.328  -29.932 0.0000000000
90953  34.535  13.457  -32.641 0.0000000000
90954  34.088  13.395  -32.559 0.0000000000
92081  58.775  13.241  -23.679 0.0000000000
92082  57.572  13.453  -23.721 0.0000000000
92083  56.489  13.539  -24.165 0.0000000000
92084  55.901  13.084  -24.238 0.0000000000
92089  56.205  13.993  -24.697 0.0000000000
92090  55.694  13.373  -24.982 0.0000000000
92091  55.197  12.688  -25.241 0.0000000000
92100  55.339  13.831  -25.722 0.0000000000
92101  54.831  13.161  -25.931 0.0000000000
92102  53.532  13.227  -26.667 0.0000000000
92103  52.816  12.823  -26.635 0.0000000000
92115  53.030  13.895  -27.062 0.0000000000
92116  52.231  13.501  -27.010 0.0000000000
92117  51.099  13.123  -26.924 0.0000000000
92118  50.595  12.915  -27.013 0.0000000000
92124  51.728  14.223  -27.394 0.0000000000
92125  51.246  13.925  -27.387 0.0000000000
92126  50.366  13.469  -27.509 0.0000000000
92127  49.221  13.577  -27.971 0.0000000000
92128  48.685  13.097  -27.965 0.0000000000
92130  31.875  13.996  -29.224 0.0000000000
92136  48.803  14.139  -28.353 0.0000000000
92137  48.352  13.637  -28.348 0.0000000000
92138  47.668  13.605  -28.894 0.0000000000
92140  32.222  14.175  -29.306 0.0000000000
92141  31.465  14.020  -29.261 0.0000000000
92142  30.340  12.724  -28.466 0.0000000000
92143  29.700  12.318  -28.024 0.0000000000
92144  28.820  12.585  -28.186 0.0000000000
92145  27.871  13.080  -28.771 0.0000000000
92154  47.133  13.517  -29.461 0.0000000000
92155  46.655  13.350  -30.139 0.0000000000
92157  32.366  14.379  -29.648 0.0000000000
92158  32.222  14.042  -29.848 0.0000000000
92159  31.399  13.779  -29.655 0.0000000000
92160  30.527  13.104  -29.232 0.0000000000
92161  28.317  12.722  -29.682 0.0000000000
92179  46.087  13.314  -30.835 0.0000000000
92180  45.577  13.377  -31.543 0.0000000000
92182  32.545  14.143  -30.663 0.0000000000
92183  31.943  13.712  -30.480 0.0000000000
92184  30.522  13.438  -30.258 0.0000000000
92185  29.382  12.842  -30.385 0.0000000000
92204  33.445  14.382  -31.786 0.0000000000
92205  32.841  14.017  -31.349 0.0000000000
92206  31.758  13.617  -31.278 0.0000000000
92207  30.815  13.502  -31.302 0.0000000000
92232  34.852  13.874  -32.762 0.0000000000
92233  33.874  13.943  -32.269 0.0000000000
92234  32.726  13.584  -32.090 0.0000000000
92235  31.726  13.142  -31.951 0.0000000000
92259  34.878  14.305  -33.346 0.0000000000
92260  33.513  13.428  -32.549 0.0000000000
92261  32.799  13.040  -32.739 0.0000000000
93274  58.269  14.317  -24.135 0.0000000000
93275  57.311  14.197  -24.188 0.0000000000
93281  57.692  14.755  -24.612 0.0000000000
93282  56.780  14.581  -24.813 0.0000000000
93283  56.127  14.259  -25.106 0.0000000000
93288  56.369  14.784  -25.502 0.0000000000
93289  55.782  14.400  -25.734 0.0000000000
93290  55.148  14.325  -26.330 0.0000000000
93291  54.315  14.017  -26.573 0.0000000000
93301  54.522  14.792  -26.834 0.0000000000
93302  53.577  14.559  -27.143 0.0000000000
93303  52.762  14.323  -27.319 0.0000000000
93309  52.848  14.991  -27.534 0.0000000000
93310  52.121  14.732  -27.429 0.0000000000
93311  51.333  14.798  -27.336 0.0000000000
93312  50.620  14.648  -27.544 0.0000000000
93313  49.876  14.569  -28.021 0.0000000000
93315  32.060  14.108  -28.967 0.0000000000
93316  32.120  14.346  -28.913 0.0000000000
93317  31.943  14.275  -29.073 0.0000000000
93328  49.127  14.683  -28.382 0.0000000000
93329  48.543  14.648  -28.633 0.0000000000
93330  47.976  14.553  -28.917 0.0000000000
93332  32.212  14.339  -29.100 0.0000000000
93333  32.192  14.723  -29.126 0.0000000000
93334  31.628  14.499  -29.067 0.0000000000
93335  30.671  14.012  -29.109 0.0000000000
93336  30.116  12.774  -28.063 0.0000000000
93337  29.170  12.503  -27.852 0.0000000000
93338  28.271  12.925  -28.327 0.0000000000
93350  47.391  14.489  -29.371 0.0000000000
93351  46.783  14.425  -29.864 0.0000000000
93354  32.327  14.476  -29.377 0.0000000000
93355  32.519  14.891  -29.892 0.0000000000
93356  31.109  14.008  -29.341 0.0000000000
93357  30.694  13.573  -29.268 0.0000000000
93376  46.300  14.337  -30.528 0.0000000000
93377  45.778  14.319  -31.160 0.0000000000
93380  33.075  15.090  -31.116 0.0000000000
93381  32.791  14.766  -30.672 0.0000000000
93382  30.230  13.674  -30.957 0.0000000000
93383  29.707  13.452  -30.944 0.0000000000
93396  45.217  14.359  -31.798 0.0000000000
93399  33.200  14.721  -31.342 0.0000000000
93400  32.852  14.398  -31.004 0.0000000000
93414  44.824  14.537  -32.132 0.0000000000
93418  34.481  14.444  -32.643 0.0000000000
93419  33.814  14.867  -32.137 0.0000000000
93437  34.133  15.039  -33.181 0.0000000000
94312  58.901  14.725  -24.418 0.0000000000
94320  58.558  15.371  -24.663 0.0000000000
94321  57.539  15.384  -25.088 0.0000000000
94326  56.878  15.387  -25.558 0.0000000000
94327  56.240  15.332  -26.223 0.0000000000
94328  55.658  14.848  -26.321 0.0000000000
94336  56.072  15.768  -26.691 0.0000000000
94337  55.378  15.422  -26.787 0.0000000000
94338  54.243  15.561  -27.227 0.0000000000
94346  53.275  15.683  -27.315 0.0000000000
94347  52.445  15.660  -27.227 0.0000000000
94348  51.608  15.662  -27.146 0.0000000000
94349  50.806  15.616  -27.261 0.0000000000
94350  50.117  15.581  -27.713 0.0000000000
94364  49.472  15.590  -28.269 0.0000000000
94365  48.793  15.605  -28.732 0.0000000000
94366  48.290  15.258  -28.991 0.0000000000
94368  31.982  15.221  -29.072 0.0000000000
94369  31.607  15.899  -29.130 0.0000000000
94370  30.336  15.434  -28.225 0.0000000000
94371  29.366  14.968  -28.052 0.0000000000
94372  28.073  14.895  -28.340 0.0000000000
94373  26.959  14.708  -27.564 0.0000000000
94386  48.424  15.904  -29.236 0.0000000000
94387  47.896  15.522  -29.597 0.0000000000
94388  47.140  15.195  -29.790 0.0000000000
94391  32.236  15.776  -29.607 0.0000000000
94392  31.851  16.301  -29.479 0.0000000000
94412  47.380  15.855  -30.159 0.0000000000
94413  46.649  15.515  -30.450 0.0000000000
94414  46.097  15.086  -30.949 0.0000000000
94417  32.928  15.290  -31.006 0.0000000000
94418  32.678  15.744  -30.696 0.0000000000
94428  46.234  15.831  -31.161 0.0000000000
94429  45.678  15.418  -31.586 0.0000000000
94432  33.150  15.639  -31.571 0.0000000000
94433  32.735  16.132  -31.314 0.0000000000
94439  45.005  15.285  -32.291 0.0000000000
94440  44.416  15.485  -32.883 0.0000000000
94442  33.510  15.818  -32.732 0.0000000000
94460  33.494  15.919  -33.794 0.0000000000
94481  33.487  16.264  -34.450 0.0000000000
94492  33.743  15.721  -34.765 0.0000000000
95323  57.825  16.447  -25.051 0.0000000000
95324  57.394  15.850  -25.572 0.0000000000
95329  57.303  16.946  -25.380 0.0000000000
95330  56.841  16.399  -25.947 0.0000000000
95331  56.425  15.957  -26.572 0.0000000000
95337  56.400  16.886  -26.330 0.0000000000
95338  56.023  16.449  -26.750 0.0000000000
95339  54.850  16.453  -27.019 0.0000000000
95340  53.616  16.492  -26.937 0.0000000000
95341  52.754  16.950  -26.585 0.0000000000
95342  52.272  17.222  -26.599 0.0000000000
95349  53.252  16.156  -27.125 0.0000000000
95350  52.887  16.246  -26.966 0.0000000000
95351  52.012  16.631  -26.762 0.0000000000
95352  51.097  16.544  -27.044 0.0000000000
95353  50.366  16.537  -27.467 0.0000000000
95374  49.710  16.543  -27.966 0.0000000000
95375  49.099  16.569  -28.467 0.0000000000
95403  48.582  16.629  -28.956 0.0000000000
95404  48.204  16.621  -29.529 0.0000000000
95407  31.972  16.573  -29.837 0.0000000000
95428  47.751  16.607  -30.082 0.0000000000
95429  47.177  16.627  -30.566 0.0000000000
95431  32.218  16.701  -30.485 0.0000000000
95432  31.836  17.159  -30.218 0.0000000000
95442  46.621  16.625  -31.109 0.0000000000
95443  46.028  16.577  -31.629 0.0000000000
95446  32.720  16.438  -31.748 0.0000000000
95447  32.333  16.761  -31.353 0.0000000000
95448  32.084  17.282  -31.631 0.0000000000
95457  45.459  16.431  -32.219 0.0000000000
95458  44.799  16.403  -32.729 0.0000000000
95461  32.950  16.642  -32.469 0.0000000000
95462  32.298  16.982  -32.181 0.0000000000
95463  32.016  17.267  -31.938 0.0000000000
95476  44.302  16.415  -33.291 0.0000000000
95480  33.249  16.799  -33.366 0.0000000000
95481  33.049  17.328  -33.828 0.0000000000
95497  33.316  17.123  -34.334 0.0000000000
95498  32.771  17.547  -34.326 0.0000000000
95509  33.789  16.421  -35.564 0.0000000000
95510  33.589  16.876  -34.976 0.0000000000
95532  37.014  17.692  -39.039 0.0000000000
95533  36.840  17.881  -38.884 0.0000000000
95538  36.852  17.839  -39.148 0.0000000000
95539  36.666  18.023  -38.994 0.0000000000
95547  33.365  16.649  -40.238 0.0000000000
96271  57.575  17.509  -25.064 0.0000000000
96276  56.955  17.440  -25.484 0.0000000000
96277  56.479  17.369  -25.954 0.0000000000
96283  56.082  17.320  -26.427 0.0000000000
96284  55.332  17.305  -26.661 0.0000000000
96285  54.318  17.380  -26.654 0.0000000000
96286  53.328  17.594  -26.536 0.0000000000
96287  52.487  17.773  -26.566 0.0000000000
96288  51.889  17.599  -26.680 0.0000000000
96298  51.331  17.441  -26.877 0.0000000000
96299  50.652  17.471  -27.274 0.0000000000
96300  49.943  17.471  -27.684 0.0000000000
96330  49.332  17.495  -28.176 0.0000000000
96331  48.738  17.525  -28.633 0.0000000000
96361  48.281  17.557  -29.181 0.0000000000
96362  47.822  17.570  -29.727 0.0000000000
96383  47.440  17.610  -30.369 0.0000000000
96384  46.935  17.655  -30.968 0.0000000000
96386  32.140  17.106  -31.019 0.0000000000
96387  32.059  17.766  -30.972 0.0000000000
96396  46.387  17.629  -31.574 0.0000000000
96397  45.739  17.521  -32.074 0.0000000000
96399  32.105  17.340  -31.347 0.0000000000
96400  31.761  17.734  -31.862 0.0000000000
96409  45.109  17.426  -32.599 0.0000000000
96410  44.449  17.345  -33.047 0.0000000000
96414  32.862  17.191  -33.143 0.0000000000
96415  32.298  17.274  -32.954 0.0000000000
96416  31.767  17.678  -32.702 0.0000000000
96431  43.990  17.199  -33.464 0.0000000000
96432  43.606  17.480  -33.872 0.0000000000
96437  32.992  17.299  -33.479 0.0000000000
96438  32.428  17.535  -33.795 0.0000000000
96439  31.820  17.766  -33.524 0.0000000000
96455  32.675  17.670  -34.907 0.0000000000
96456  32.177  17.816  -34.753 0.0000000000
96457  31.696  18.083  -34.361 0.0000000000
96472  33.619  17.580  -35.572 0.0000000000
96473  33.037  17.828  -35.320 0.0000000000
96474  32.132  18.100  -35.549 0.0000000000
96475  31.555  18.179  -35.248 0.0000000000
96484  33.787  17.455  -36.261 0.0000000000
96492  36.555  18.058  -37.497 0.0000000000
96494  33.690  18.167  -36.768 0.0000000000
96495  33.544  17.600  -37.201 0.0000000000
96501  38.423  16.693  -39.671 0.0000000000
96502  37.578  16.900  -39.159 0.0000000000
96503  36.991  17.617  -38.668 0.0000000000
96504  36.283  18.148  -38.618 0.0000000000
96508  38.329  16.957  -40.203 0.0000000000
96509  37.786  16.990  -40.198 0.0000000000
96510  37.019  17.480  -39.588 0.0000000000
96511  36.563  18.003  -39.266 0.0000000000
96520  37.705  17.405  -40.410 0.0000000000
96521  37.353  17.450  -40.291 0.0000000000
96541  32.555  19.268  -43.349 0.0000000000
96542  32.287  19.172  -43.221 0.0000000000
96548  32.775  19.432  -43.460 0.0000000000
96549  32.520  19.432  -43.398 0.0000000000
97229  57.184  18.008  -25.232 0.0000000000
97230  56.513  18.455  -25.649 0.0000000000
97231  55.453  18.810  -26.188 0.0000000000
97232  54.509  18.980  -26.177 0.0000000000
97233  53.675  19.177  -26.193 0.0000000000
97234  53.187  19.381  -26.275 0.0000000000
97243  56.223  17.793  -26.096 0.0000000000
97244  55.766  17.993  -26.292 0.0000000000
97245  54.885  18.159  -26.466 0.0000000000
97246  53.929  18.343  -26.422 0.0000000000
97247  52.912  18.737  -26.424 0.0000000000
97248  51.839  18.570  -26.688 0.0000000000
97249  51.290  19.033  -26.812 0.0000000000
97269  51.504  18.011  -26.828 0.0000000000
97270  50.986  18.442  -26.999 0.0000000000
97271  50.171  18.371  -27.391 0.0000000000
97304  49.550  18.405  -27.868 0.0000000000
97305  48.979  18.446  -28.380 0.0000000000
97328  48.435  18.483  -28.882 0.0000000000
97329  47.921  18.510  -29.396 0.0000000000
97340  47.512  18.547  -30.004 0.0000000000
97341  47.004  18.609  -30.548 0.0000000000
97352  46.427  18.766  -31.150 0.0000000000
97353  45.865  18.555  -31.765 0.0000000000
97362  45.356  18.441  -32.389 0.0000000000
97363  44.633  18.346  -32.828 0.0000000000
97383  43.911  18.200  -33.379 0.0000000000
97384  43.349  18.419  -34.001 0.0000000000
97402  43.134  18.433  -34.714 0.0000000000
97403  42.869  18.681  -35.156 0.0000000000
97421  42.764  18.388  -35.771 0.0000000000
97424  34.321  18.124  -35.451 0.0000000000
97425  33.315  18.629  -35.523 0.0000000000
97426  32.421  18.787  -36.080 0.0000000000
97437  34.385  18.394  -36.493 0.0000000000
97450  42.024  18.518  -38.625 0.0000000000
97452  39.932  17.678  -39.467 0.0000000000
97453  39.133  17.320  -39.856 0.0000000000
97454  38.672  17.141  -40.167 0.0000000000
97455  35.218  18.978  -38.264 0.0000000000
97460  41.654  18.656  -39.393 0.0000000000
97461  40.690  18.406  -39.802 0.0000000000
97462  39.771  18.026  -40.146 0.0000000000
97463  39.063  17.769  -40.226 0.0000000000
97464  38.470  17.604  -40.410 0.0000000000
97465  37.940  17.524  -40.504 0.0000000000
97466  36.519  17.939  -39.691 0.0000000000
97467  35.782  18.502  -39.472 0.0000000000
97468  35.029  18.931  -39.962 0.0000000000
97478  38.234  18.117  -40.614 0.0000000000
97479  37.619  18.043  -40.698 0.0000000000
97480  36.645  18.018  -40.342 0.0000000000
97481  35.674  18.681  -40.448 0.0000000000
97482  34.760  18.745  -40.649 0.0000000000
97483  34.120  17.993  -40.904 0.0000000000
97487  36.995  18.292  -41.255 0.0000000000
97488  36.261  18.684  -41.096 0.0000000000
97489  35.362  19.016  -41.127 0.0000000000
97490  34.443  18.966  -41.411 0.0000000000
97491  33.708  18.531  -41.599 0.0000000000
97497  33.890  19.137  -41.993 0.0000000000
97498  33.246  18.988  -42.372 0.0000000000
97499  32.399  18.474  -42.490 0.0000000000
97507  32.799  19.210  -43.266 0.0000000000
97508  32.033  19.139  -43.239 0.0000000000
97509  30.886  18.789  -43.514 0.0000000000
97518  32.590  19.677  -43.478 0.0000000000
97519  32.280  19.653  -43.271 0.0000000000
98235  54.768  20.043  -25.661 0.0000000000
98243  55.822  19.384  -25.880 0.0000000000
98244  55.015  19.514  -25.876 0.0000000000
98245  54.184  19.751  -25.829 0.0000000000
98246  53.416  19.829  -26.070 0.0000000000
98247  52.757  19.733  -26.352 0.0000000000
98248  52.129  19.934  -26.511 0.0000000000
98259  52.227  19.326  -26.541 0.0000000000
98260  51.561  19.614  -26.680 0.0000000000
98261  50.882  19.472  -26.942 0.0000000000
98279  50.383  19.145  -27.209 0.0000000000
98280  49.798  19.287  -27.571 0.0000000000
98306  49.221  19.360  -28.105 0.0000000000
98307  48.644  19.411  -28.608 0.0000000000
98321  48.164  19.436  -29.173 0.0000000000
98322  47.678  19.457  -29.722 0.0000000000
98333  47.189  19.486  -30.239 0.0000000000
98334  46.587  19.551  -30.617 0.0000000000
98345  46.183  19.687  -31.001 0.0000000000
98346  45.864  19.487  -31.422 0.0000000000
98356  45.457  19.379  -32.018 0.0000000000
98357  44.998  19.298  -32.663 0.0000000000
98370  44.254  19.262  -33.138 0.0000000000
98371  43.547  19.244  -33.648 0.0000000000
98387  43.090  19.320  -34.414 0.0000000000
98388  42.828  18.957  -34.839 0.0000000000
98401  43.091  19.805  -34.894 0.0000000000
98402  42.794  19.308  -35.279 0.0000000000
98403  32.959  19.573  -36.041 0.0000000000
98404  32.344  19.604  -36.365 0.0000000000
98410  43.081  19.662  -36.598 0.0000000000
98411  42.688  19.227  -36.170 0.0000000000
98416  43.351  19.805  -37.283 0.0000000000
98417  42.847  19.053  -37.067 0.0000000000
98422  43.694  20.016  -38.260 0.0000000000
98423  42.667  19.281  -38.016 0.0000000000
98424  35.089  19.286  -39.068 0.0000000000
98426  33.450  19.172  -38.379 0.0000000000
98434  43.898  20.231  -39.199 0.0000000000
98435  42.833  19.280  -39.316 0.0000000000
98436  41.545  19.363  -40.131 0.0000000000
98437  40.358  18.781  -40.556 0.0000000000
98438  39.489  18.412  -40.625 0.0000000000
98439  38.943  18.161  -40.463 0.0000000000
98440  35.157  19.114  -39.499 0.0000000000
98441  34.583  19.195  -39.389 0.0000000000
98451  41.405  19.972  -40.580 0.0000000000
98452  40.741  19.650  -40.785 0.0000000000
98453  39.868  19.237  -41.184 0.0000000000
98454  38.880  18.618  -40.906 0.0000000000
98455  38.234  18.580  -41.091 0.0000000000
98459  39.228  19.450  -41.448 0.0000000000
98460  38.591  19.215  -41.478 0.0000000000
98461  37.733  19.003  -41.596 0.0000000000
98462  36.730  18.919  -41.795 0.0000000000
98463  35.868  19.172  -41.729 0.0000000000
98464  35.098  19.359  -41.704 0.0000000000
98469  37.145  19.578  -42.149 0.0000000000
98470  36.281  19.621  -42.282 0.0000000000
98471  35.383  19.649  -42.274 0.0000000000
98472  34.459  19.596  -42.296 0.0000000000
98473  33.741  19.433  -42.512 0.0000000000
98477  33.938  19.700  -42.907 0.0000000000
98478  33.362  19.616  -43.181 0.0000000000
98479  31.736  20.002  -43.359 0.0000000000
98480  31.103  19.646  -43.562 0.0000000000
98481  30.369  19.300  -43.935 0.0000000000
98482  29.625  19.357  -44.091 0.0000000000
98489  32.914  19.954  -44.012 0.0000000000
98490  32.263  20.199  -43.485 0.0000000000
98491  31.145  20.263  -44.695 0.0000000000
98492  30.932  20.310  -44.568 0.0000000000
98493  28.753  19.759  -44.171 0.0000000000
98504  30.930  20.192  -44.850 0.0000000000
98505  30.730  20.296  -44.760 0.0000000000
98518  31.284  19.565  -47.315 0.0000000000
98519  30.883  19.471  -47.131 0.0000000000
98527  30.916  19.463  -47.752 0.0000000000
98528  30.378  19.538  -47.697 0.0000000000
98535  30.581  19.597  -48.132 0.0000000000
98536  30.320  19.780  -48.185 0.0000000000
99237  54.347  20.788  -25.661 0.0000000000
99245  54.373  20.336  -25.666 0.0000000000
99246  53.787  20.538  -25.871 0.0000000000
99247  53.063  20.443  -26.259 0.0000000000
99248  52.454  20.461  -26.476 0.0000000000
99257  51.793  20.499  -26.693 0.0000000000
99258  51.048  20.386  -26.943 0.0000000000
99278  50.318  20.137  -27.407 0.0000000000
99279  49.571  20.259  -27.921 0.0000000000
99309  48.940  20.326  -28.402 0.0000000000
99310  48.418  20.357  -28.937 0.0000000000
99324  48.019  20.349  -29.570 0.0000000000
99325  47.544  20.357  -30.146 0.0000000000
99340  46.901  20.349  -30.497 0.0000000000
99341  46.341  20.331  -30.867 0.0000000000
99350  45.951  20.195  -31.216 0.0000000000
99351  45.595  20.234  -31.672 0.0000000000
99357  45.287  20.174  -32.368 0.0000000000
99358  44.847  20.119  -33.058 0.0000000000
99366  44.064  20.209  -33.662 0.0000000000
99367  43.451  19.818  -33.982 0.0000000000
99374  44.181  20.655  -34.209 0.0000000000
99375  43.582  20.284  -34.534 0.0000000000
99384  43.235  20.167  -35.498 0.0000000000
99385  42.824  19.678  -35.753 0.0000000000
99387  32.482  20.174  -36.136 0.0000000000
99392  44.273  20.894  -36.701 0.0000000000
99393  43.594  20.351  -36.459 0.0000000000
99394  42.955  19.878  -36.098 0.0000000000
99398  44.825  21.359  -37.252 0.0000000000
99399  44.182  20.554  -37.350 0.0000000000
99406  45.446  21.435  -37.616 0.0000000000
99407  44.922  21.471  -38.369 0.0000000000
99414  44.259  20.946  -39.755 0.0000000000
99415  43.365  20.073  -40.058 0.0000000000
99416  42.537  19.740  -40.035 0.0000000000
99420  44.129  21.285  -40.296 0.0000000000
99421  43.562  20.909  -40.534 0.0000000000
99422  42.278  20.442  -40.548 0.0000000000
99423  41.096  20.510  -40.774 0.0000000000
99424  40.304  20.205  -41.164 0.0000000000
99432  39.722  20.144  -41.548 0.0000000000
99433  38.972  20.157  -41.865 0.0000000000
99434  38.343  19.664  -41.749 0.0000000000
99443  38.732  20.651  -42.135 0.0000000000
99444  38.024  20.281  -42.133 0.0000000000
99445  36.849  20.438  -42.565 0.0000000000
99446  35.655  20.379  -42.903 0.0000000000
99447  34.977  19.919  -42.685 0.0000000000
99456  35.295  20.714  -43.788 0.0000000000
99457  34.502  20.079  -43.316 0.0000000000
99458  33.770  19.868  -43.341 0.0000000000
99459  31.692  20.415  -43.693 0.0000000000
99460  31.103  20.267  -43.769 0.0000000000
99461  30.471  19.947  -44.006 0.0000000000
99462  30.060  19.646  -44.220 0.0000000000
99467  35.240  21.049  -44.312 0.0000000000
99468  34.592  20.597  -44.554 0.0000000000
99469  33.414  20.124  -44.108 0.0000000000
99470  32.181  20.430  -44.152 0.0000000000
99471  31.254  20.455  -44.285 0.0000000000
99472  30.568  20.265  -44.515 0.0000000000
99473  29.650  20.149  -44.411 0.0000000000
99479  34.360  20.689  -45.466 0.0000000000
99480  33.588  20.394  -45.215 0.0000000000
99481  32.494  20.329  -45.156 0.0000000000
99482  31.284  20.073  -45.131 0.0000000000
99483  30.486  20.329  -45.219 0.0000000000
99484  29.625  20.760  -45.134 0.0000000000
99485  28.324  21.025  -44.612 0.0000000000
99498  34.443  20.869  -46.114 0.0000000000
99499  33.834  20.408  -46.086 0.0000000000
99500  32.942  20.130  -46.072 0.0000000000
99501  31.733  19.997  -46.581 0.0000000000
99502  30.252  19.774  -46.727 0.0000000000
99503  29.840  20.324  -45.826 0.0000000000
99513  31.317  19.871  -47.939 0.0000000000
99514  30.322  20.061  -48.035 0.0000000000
99520  30.888  19.694  -48.063 0.0000000000
99521  30.655  19.835  -48.092 0.0000000000
100233  54.198  21.410  -25.901 0.0000000000
100234  53.231  21.295  -26.326 0.0000000000
100235  52.758  20.869  -26.439 0.0000000000
100243  52.828  21.772  -26.618 0.0000000000
100244  52.341  21.300  -26.718 0.0000000000
100245  51.452  21.244  -27.123 0.0000000000
100258  50.679  21.197  -27.445 0.0000000000
100259  49.981  21.176  -27.865 0.0000000000
100285  49.387  21.197  -28.374 0.0000000000
100286  48.808  21.239  -28.820 0.0000000000
100310  48.409  21.228  -29.421 0.0000000000
100311  47.981  21.224  -30.036 0.0000000000
100334  47.309  21.286  -30.561 0.0000000000
100335  46.682  20.954  -30.867 0.0000000000
100350  46.850  21.592  -31.075 0.0000000000
100351  46.196  21.096  -31.522 0.0000000000
100352  45.604  20.820  -32.082 0.0000000000
100365  45.811  21.382  -32.239 0.0000000000
100366  45.322  21.071  -32.772 0.0000000000
100367  44.781  20.787  -33.357 0.0000000000
100375  45.089  21.364  -33.382 0.0000000000
100376  44.634  21.136  -33.896 0.0000000000
100379  44.345  21.140  -34.706 0.0000000000
100380  43.822  20.768  -35.207 0.0000000000
100382  44.287  21.272  -35.473 0.0000000000
100383  43.854  20.885  -35.880 0.0000000000
100387  44.581  21.530  -36.276 0.0000000000
100388  44.041  20.924  -36.322 0.0000000000
100396  44.597  21.589  -39.300 0.0000000000
100403  44.803  22.062  -39.176 0.0000000000
100404  44.372  21.843  -39.847 0.0000000000
100410  43.865  21.741  -40.551 0.0000000000
100411  42.893  21.662  -40.784 0.0000000000
100412  41.573  21.693  -40.924 0.0000000000
100413  40.476  21.100  -41.083 0.0000000000
100414  40.045  20.674  -41.419 0.0000000000
100420  41.262  22.311  -41.266 0.0000000000
100421  40.666  22.028  -41.276 0.0000000000
100422  39.734  21.257  -41.823 0.0000000000
100423  39.079  20.842  -42.082 0.0000000000
100428  39.332  21.864  -42.139 0.0000000000
100429  38.745  21.405  -42.320 0.0000000000
100430  37.589  21.363  -42.758 0.0000000000
100431  36.420  21.433  -43.199 0.0000000000
100432  35.754  21.031  -43.436 0.0000000000
100444  36.189  21.999  -43.622 0.0000000000
100445  35.707  21.582  -43.945 0.0000000000
100456  35.253  21.420  -44.908 0.0000000000
100457  34.763  20.954  -45.145 0.0000000000
100460  35.250  21.801  -45.737 0.0000000000
100461  34.810  21.213  -45.649 0.0000000000
100462  28.806  21.191  -45.600 0.0000000000
100463  28.244  21.526  -45.581 0.0000000000
100464  27.714  21.588  -45.471 0.0000000000
100475  35.342  21.967  -46.214 0.0000000000
100476  35.038  21.362  -46.577 0.0000000000
100477  34.204  20.666  -46.838 0.0000000000
100478  33.298  20.343  -46.862 0.0000000000
100479  32.622  20.107  -46.800 0.0000000000
100480  29.782  20.419  -47.502 0.0000000000
100481  29.371  20.791  -46.543 0.0000000000
100482  28.573  21.609  -46.499 0.0000000000
100483  27.894  21.983  -46.134 0.0000000000
100484  27.021  21.929  -46.156 0.0000000000
100491  35.167  21.473  -47.452 0.0000000000
100492  34.567  21.078  -47.545 0.0000000000
100493  33.659  20.787  -47.666 0.0000000000
100494  32.459  20.359  -47.775 0.0000000000
100495  30.863  20.778  -48.144 0.0000000000
100496  29.848  21.262  -47.720 0.0000000000
100497  29.168  21.561  -47.334 0.0000000000
100502  35.207  21.826  -47.786 0.0000000000
100503  34.866  21.666  -48.036 0.0000000000
100504  34.150  21.464  -48.267 0.0000000000
100505  33.229  21.307  -48.404 0.0000000000
100506  32.261  21.399  -48.372 0.0000000000
101226  53.711  21.820  -26.281 0.0000000000
101235  53.302  22.280  -26.578 0.0000000000
101236  52.557  22.201  -26.966 0.0000000000
101237  51.853  22.061  -27.304 0.0000000000
101248  51.062  22.093  -27.574 0.0000000000
101249  50.378  22.071  -27.941 0.0000000000
101262  49.811  22.057  -28.397 0.0000000000
101263  49.240  22.088  -28.787 0.0000000000
101284  48.792  22.092  -29.273 0.0000000000
101285  48.365  22.081  -29.805 0.0000000000
101308  47.827  22.113  -30.265 0.0000000000
101323  47.335  22.380  -30.919 0.0000000000
101324  46.795  22.184  -31.563 0.0000000000
101333  46.253  22.082  -32.254 0.0000000000
101334  45.758  21.774  -32.630 0.0000000000
101343  45.910  22.253  -32.766 0.0000000000
101344  45.552  22.006  -33.166 0.0000000000
101345  45.175  21.783  -33.719 0.0000000000
101353  45.543  22.491  -33.789 0.0000000000
101354  44.975  21.936  -34.310 0.0000000000
101359  45.567  22.807  -34.527 0.0000000000
101360  44.805  22.116  -35.256 0.0000000000
101365  45.329  22.418  -36.151 0.0000000000
101368  45.715  22.504  -36.559 0.0000000000
101374  45.664  22.466  -38.954 0.0000000000
101378  46.197  23.198  -39.264 0.0000000000
101379  44.940  22.862  -39.630 0.0000000000
101380  44.261  22.405  -40.300 0.0000000000
101386  44.435  23.053  -40.416 0.0000000000
101387  43.621  22.631  -40.868 0.0000000000
101388  42.439  22.672  -41.196 0.0000000000
101389  41.669  22.527  -41.335 0.0000000000
101393  41.865  23.063  -41.542 0.0000000000
101394  41.192  22.824  -41.774 0.0000000000
101395  40.324  22.420  -41.929 0.0000000000
101396  39.713  22.222  -42.117 0.0000000000
101400  40.715  23.065  -42.336 0.0000000000
101401  40.073  22.872  -42.534 0.0000000000
101402  39.195  22.550  -42.513 0.0000000000
101403  38.157  22.514  -42.875 0.0000000000
101404  37.212  22.211  -43.229 0.0000000000
101405  36.591  22.222  -43.537 0.0000000000
101410  37.590  22.896  -43.433 0.0000000000
101411  36.972  22.753  -43.702 0.0000000000
101412  36.231  22.583  -44.060 0.0000000000
101413  35.700  22.163  -44.568 0.0000000000
101426  35.947  22.766  -44.877 0.0000000000
101427  35.596  22.230  -45.215 0.0000000000
101439  35.830  22.676  -45.378 0.0000000000
101440  35.647  22.426  -45.878 0.0000000000
101452  35.602  22.143  -46.737 0.0000000000
101453  35.441  21.631  -47.056 0.0000000000
101462  35.665  22.451  -47.485 0.0000000000
101463  35.417  21.961  -47.445 0.0000000000
101464  30.686  21.901  -48.251 0.0000000000
101470  35.606  22.696  -47.858 0.0000000000
101471  35.293  22.317  -48.037 0.0000000000
101472  34.614  22.316  -48.525 0.0000000000
101473  33.890  22.239  -48.667 0.0000000000
101474  33.010  22.099  -48.831 0.0000000000
101475  31.925  22.246  -48.686 0.0000000000
101480  34.512  22.703  -48.731 0.0000000000
101481  34.315  22.551  -48.725 0.0000000000
102166  52.898  22.906  -27.121 0.0000000000
102167  52.213  22.941  -27.488 0.0000000000
102168  51.478  22.736  -27.678 0.0000000000
102178  51.612  23.440  -27.778 0.0000000000
102179  50.700  23.188  -28.107 0.0000000000
102180  50.127  22.638  -28.330 0.0000000000
102194  50.172  23.771  -28.451 0.0000000000
102195  49.548  23.236  -28.683 0.0000000000
102196  48.976  22.690  -28.989 0.0000000000
102209  49.153  23.691  -29.110 0.0000000000
102210  48.686  23.234  -29.555 0.0000000000
102211  48.149  22.625  -29.949 0.0000000000
102224  48.328  23.825  -30.527 0.0000000000
102225  47.917  22.994  -30.353 0.0000000000
102234  48.259  24.122  -31.061 0.0000000000
102235  47.694  23.544  -31.308 0.0000000000
102236  47.120  22.843  -31.425 0.0000000000
102244  47.271  23.837  -31.904 0.0000000000
102245  46.782  23.170  -32.010 0.0000000000
102248  46.239  22.808  -32.846 0.0000000000
102249  45.878  22.463  -33.015 0.0000000000
102253  45.860  22.704  -33.299 0.0000000000
102274  46.276  24.356  -39.412 0.0000000000
102275  45.779  23.489  -39.747 0.0000000000
102281  45.890  24.455  -40.105 0.0000000000
102282  45.305  23.784  -40.342 0.0000000000
102283  44.184  23.604  -40.918 0.0000000000
102284  43.009  23.542  -41.111 0.0000000000
102289  42.232  23.740  -41.370 0.0000000000
102290  41.657  23.643  -41.781 0.0000000000
102295  41.203  23.652  -42.281 0.0000000000
102296  40.536  23.703  -42.682 0.0000000000
102297  39.614  23.609  -42.920 0.0000000000
102298  38.820  23.256  -42.990 0.0000000000
102301  39.010  23.893  -43.320 0.0000000000
102302  38.248  23.579  -43.612 0.0000000000
102303  37.442  23.300  -43.941 0.0000000000
102304  36.852  23.156  -44.136 0.0000000000
102312  37.748  23.859  -44.245 0.0000000000
102313  37.208  23.615  -44.453 0.0000000000
102314  36.587  23.326  -44.695 0.0000000000
102327  36.246  23.150  -45.609 0.0000000000
102328  35.929  22.799  -46.347 0.0000000000
102343  36.400  23.307  -46.563 0.0000000000
102344  35.968  22.828  -47.028 0.0000000000
102356  36.294  23.406  -47.374 0.0000000000
102357  35.821  22.995  -47.639 0.0000000000
102366  36.038  23.418  -47.911 0.0000000000
102367  35.626  23.075  -48.181 0.0000000000
102368  35.167  22.869  -48.497 0.0000000000
102369  34.823  22.939  -48.709 0.0000000000
102370  33.766  22.809  -49.048 0.0000000000
102371  33.135  22.828  -49.339 0.0000000000
102381  35.589  23.752  -48.871 0.0000000000
102382  34.542  23.768  -49.603 0.0000000000
103015  52.659  23.365  -27.442 0.0000000000
103031  51.416  24.231  -28.052 0.0000000000
103043  50.636  24.409  -28.427 0.0000000000
103044  49.937  24.193  -28.662 0.0000000000
103054  50.227  24.874  -28.853 0.0000000000
103055  49.446  24.505  -29.318 0.0000000000
103056  48.769  24.330  -30.042 0.0000000000
103072  49.086  25.229  -30.208 0.0000000000
103073  48.546  24.753  -30.807 0.0000000000
103085  48.166  24.500  -31.439 0.0000000000
103086  47.682  24.388  -31.879 0.0000000000
103099  47.215  24.045  -32.603 0.0000000000
103100  46.655  23.388  -32.810 0.0000000000
103108  46.303  23.556  -33.748 0.0000000000
103146  45.901  24.992  -39.925 0.0000000000
103151  45.317  24.738  -40.372 0.0000000000
103152  44.627  24.379  -40.722 0.0000000000
103153  43.708  24.448  -40.895 0.0000000000
103154  42.582  24.518  -40.958 0.0000000000
103155  42.101  24.960  -40.746 0.0000000000
103160  42.163  24.257  -41.191 0.0000000000
103161  41.644  24.537  -41.219 0.0000000000
103162  40.922  24.946  -41.274 0.0000000000
103166  41.452  24.140  -41.958 0.0000000000
103167  40.931  24.604  -42.081 0.0000000000
103168  40.069  24.582  -42.658 0.0000000000
103171  39.402  24.599  -43.133 0.0000000000
103172  38.850  24.542  -43.697 0.0000000000
103176  38.229  24.500  -44.244 0.0000000000
103177  37.484  24.413  -44.796 0.0000000000
103178  37.082  23.773  -44.794 0.0000000000
103188  37.244  24.685  -45.593 0.0000000000
103189  36.972  23.840  -45.246 0.0000000000
103201  37.201  24.778  -46.423 0.0000000000
103202  36.934  23.889  -46.065 0.0000000000
103213  37.159  24.801  -47.292 0.0000000000
103214  36.915  23.947  -46.991 0.0000000000
103222  37.035  24.871  -47.840 0.0000000000
103223  36.523  24.112  -47.987 0.0000000000
103224  35.966  23.558  -48.283 0.0000000000
103920  48.903  25.789  -30.912 0.0000000000
103934  48.434  25.424  -31.578 0.0000000000
103935  48.083  24.896  -31.829 0.0000000000
103955  48.404  26.037  -32.033 0.0000000000
103956  47.963  25.298  -32.380 0.0000000000
103970  47.449  24.899  -33.398 0.0000000000
103997  45.830  26.485  -38.236 0.0000000000
104002  45.940  25.816  -37.903 0.0000000000
104003  45.613  25.779  -39.176 0.0000000000
104004  44.822  25.871  -39.806 0.0000000000
104011  45.241  25.361  -39.978 0.0000000000
104012  44.406  25.325  -40.488 0.0000000000
104013  43.347  25.343  -40.733 0.0000000000
104014  42.515  25.480  -40.687 0.0000000000
104015  41.790  25.489  -40.661 0.0000000000
104020  41.087  25.489  -40.935 0.0000000000
104021  40.659  25.471  -41.534 0.0000000000
104025  40.142  25.393  -42.063 0.0000000000
104026  39.692  25.468  -42.768 0.0000000000
104029  39.206  25.462  -43.454 0.0000000000
104030  38.687  25.380  -44.112 0.0000000000
104033  38.093  25.381  -44.681 0.0000000000
104034  37.573  25.487  -45.255 0.0000000000
104042  37.304  25.632  -45.901 0.0000000000
104051  37.448  25.782  -46.742 0.0000000000
104058  37.394  25.516  -47.644 0.0000000000
104067  36.930  25.131  -48.323 0.0000000000
104068  36.391  24.455  -48.584 0.0000000000
104077  36.416  24.937  -48.966 0.0000000000
104780  47.867  26.013  -33.128 0.0000000000
104811  45.738  26.793  -38.834 0.0000000000
104816  44.892  26.537  -39.506 0.0000000000
104817  44.219  26.290  -40.127 0.0000000000
104818  43.731  26.495  -40.476 0.0000000000
104827  43.752  25.956  -40.521 0.0000000000
104828  43.103  26.292  -40.634 0.0000000000
104829  42.231  26.296  -40.615 0.0000000000
104830  41.570  26.324  -40.815 0.0000000000
104838  41.036  26.390  -41.516 0.0000000000
104839  40.426  26.064  -41.851 0.0000000000
104846  40.662  26.665  -42.134 0.0000000000
104847  40.034  26.365  -42.411 0.0000000000
104848  39.546  26.376  -43.165 0.0000000000
104852  39.020  26.380  -43.947 0.0000000000
104853  38.549  26.050  -44.514 0.0000000000
104856  38.681  26.713  -44.581 0.0000000000
104857  38.118  26.423  -45.104 0.0000000000
104858  37.565  26.220  -45.578 0.0000000000
104863  37.746  26.817  -45.593 0.0000000000
104864  37.423  26.626  -46.052 0.0000000000
104869  37.630  26.748  -46.669 0.0000000000
104872  37.702  26.444  -47.334 0.0000000000
105582  46.250  27.337  -38.381 0.0000000000
105593  46.490  27.447  -38.874 0.0000000000
105594  46.024  27.132  -38.966 0.0000000000
105600  45.937  27.513  -39.341 0.0000000000
105601  45.194  27.341  -39.632 0.0000000000
105602  44.256  26.974  -39.961 0.0000000000
105603  43.955  26.751  -40.301 0.0000000000
105615  44.989  27.725  -40.384 0.0000000000
105616  44.441  27.537  -40.461 0.0000000000
105617  43.635  27.162  -40.603 0.0000000000
105618  42.599  27.260  -40.817 0.0000000000
105619  42.007  26.831  -40.773 0.0000000000
105630  42.295  27.772  -41.104 0.0000000000
105631  41.791  27.309  -41.254 0.0000000000
105637  41.092  27.377  -42.023 0.0000000000
105638  40.406  27.296  -42.461 0.0000000000
105639  39.825  27.261  -42.846 0.0000000000
105644  39.376  27.314  -43.512 0.0000000000
105648  38.949  27.352  -44.237 0.0000000000
105649  38.505  27.382  -44.881 0.0000000000
105651  38.061  27.356  -45.395 0.0000000000
105652  37.742  27.395  -45.801 0.0000000000
105654  37.669  27.477  -46.330 0.0000000000
105658  37.806  27.382  -47.040 0.0000000000
106315  46.937  28.002  -38.689 0.0000000000
106328  46.312  28.003  -39.507 0.0000000000
106329  45.715  27.748  -39.684 0.0000000000
106343  45.515  28.151  -40.294 0.0000000000
106344  44.679  28.137  -40.769 0.0000000000
106345  43.778  28.278  -40.783 0.0000000000
106346  43.163  27.809  -40.790 0.0000000000
106358  43.428  28.846  -40.970 0.0000000000
106359  42.774  28.432  -41.179 0.0000000000
106360  42.137  27.990  -41.331 0.0000000000
106367  42.526  28.923  -41.928 0.0000000000
106368  41.785  28.369  -41.906 0.0000000000
106369  40.631  28.348  -42.543 0.0000000000
106370  40.089  27.830  -42.662 0.0000000000
106375  40.268  28.816  -42.971 0.0000000000
106376  39.775  28.286  -43.087 0.0000000000
106380  39.243  28.142  -43.911 0.0000000000
106381  38.764  28.161  -44.518 0.0000000000
106382  38.255  28.260  -45.230 0.0000000000
106383  37.967  27.811  -45.583 0.0000000000
106385  37.899  28.180  -45.898 0.0000000000
107099  45.756  29.084  -40.774 0.0000000000
107100  44.891  28.797  -40.931 0.0000000000
107101  44.312  28.695  -40.810 0.0000000000
107115  45.061  29.551  -41.188 0.0000000000
107116  43.994  29.444  -41.001 0.0000000000
107117  43.332  29.089  -41.187 0.0000000000
107123  43.773  29.905  -41.448 0.0000000000
107124  43.203  29.591  -41.691 0.0000000000
107125  42.126  29.548  -42.575 0.0000000000
107126  41.333  28.960  -42.547 0.0000000000
107132  41.717  30.142  -43.143 0.0000000000
107133  40.915  29.508  -43.322 0.0000000000
107134  40.144  28.920  -43.308 0.0000000000
107139  40.317  30.195  -44.106 0.0000000000
107140  39.824  29.055  -44.078 0.0000000000
107141  39.112  28.619  -44.289 0.0000000000
107143  38.815  29.087  -44.736 0.0000000000
107984  44.610  29.983  -41.344 0.0000000000
107994  44.261  30.513  -41.879 0.0000000000
107995  43.032  30.742  -42.537 0.0000000000
107996  42.201  30.540  -43.013 0.0000000000
108004  42.537  31.275  -43.204 0.0000000000
108005  41.581  31.073  -43.505 0.0000000000
108006  40.852  30.547  -43.816 0.0000000000
108828  43.213  31.708  -43.170 0.0000000000
135774  33.895  15.151  -34.072 0.0000000000
135777  34.504  14.807  -33.664 0.0000000000
135779  33.585  15.728  -34.288 0.0000000000
135782  31.867  13.889  -29.538 0.0000000000
135783  31.859  13.820  -29.763 0.0000000000
135834  26.549  21.874  -46.485 0.0000000000
135835  26.629  21.700  -46.281 0.0000000000
135837  26.627  21.517  -46.105 0.0000000000
135839  26.673  21.351  -45.766 0.0000000000
135840  26.426  21.251  -45.959 0.0000000000
135841  27.138  21.242  -45.200 0.0000000000
135843  27.442  20.790  -44.637 0.0000000000
135845  27.669  20.581  -44.399 0.0000000000
135942  45.937  23.111  -36.259 0.0000000000
135943  45.767  21.996  -37.102 0.0000000000
135947  45.646  22.858  -35.317 0.0000000000
135948  45.824  21.451  -37.744 0.0000000000
135950  45.945  22.155  -37.762 0.0000000000
135952  45.842  23.199  -34.804 0.0000000000
135955  46.156  23.596  -37.921 0.0000000000
135957  45.979  23.405  -34.465 0.0000000000
135959  45.954  26.644  -37.742 0.0000000000
135960  46.175  23.574  -34.371 0.0000000000
135961  46.281  23.623  -34.905 0.0000000000
135962  46.631  24.732  -35.751 0.0000000000
135968  46.736  27.787  -36.834 0.0000000000
135970  46.659  27.731  -37.070 0.0000000000
135971  46.973  24.835  -34.414 0.0000000000
135979  46.169  27.280  -37.786 0.0000000000
135980  46.741  27.991  -37.321 0.0000000000
135981  47.662  25.962  -33.910 0.0000000000
135982  47.499  26.165  -34.852 0.0000000000
135992  46.013  27.086  -38.440 0.0000000000
135993  46.492  27.814  -38.086 0.0000000000
135996  47.882  26.783  -34.186 0.0000000000
135997  46.584  27.499  -36.943 0.0000000000
136009  46.223  26.889  -37.261 0.0000000000
136011  46.969  26.989  -36.251 0.0000000000
136071  34.449  22.982  -48.905 0.0000000000
136075  35.379  24.116  -49.462 0.0000000000
