#!ascii label  , from subject Broad_82_YZ vox2ras=TkReg
546
73970  39.320  -1.096  -7.614 0.0000000000
73978  39.411  -1.212  -7.787 0.0000000000
73990  39.463  -1.311  -7.949 0.0000000000
73991  38.989  -1.489  -8.254 0.0000000000
75270  39.468  -1.023  -7.606 0.0000000000
75271  39.015  -0.918  -7.593 0.0000000000
75273  37.381  0.065  -7.410 0.0000000000
75278  39.644  -0.976  -7.773 0.0000000000
75279  39.241  -0.569  -7.902 0.0000000000
75280  38.696  -0.172  -8.119 0.0000000000
75289  39.693  -1.002  -8.411 0.0000000000
75290  39.090  -1.286  -8.984 0.0000000000
75303  39.608  -0.689  -9.212 0.0000000000
75304  39.160  -0.836  -9.812 0.0000000000
76532  36.663  0.357  -7.084 0.0000000000
76535  37.825  0.084  -8.084 0.0000000000
76536  36.821  0.501  -8.032 0.0000000000
76540  39.681  -0.575  -8.232 0.0000000000
76541  39.459  -0.039  -8.378 0.0000000000
76542  38.549  0.395  -8.649 0.0000000000
76543  37.529  0.630  -8.572 0.0000000000
76547  39.911  -0.156  -8.925 0.0000000000
76548  39.458  0.481  -9.049 0.0000000000
76549  38.700  0.816  -9.283 0.0000000000
76556  39.835  0.002  -10.001 0.0000000000
76557  39.091  -0.263  -10.603 0.0000000000
76568  39.498  0.553  -10.794 0.0000000000
76569  38.759  0.529  -11.135 0.0000000000
77798  37.827  0.963  -9.155 0.0000000000
77799  36.749  1.361  -8.826 0.0000000000
77804  39.746  0.651  -9.767 0.0000000000
77805  39.266  1.069  -9.665 0.0000000000
77806  38.301  1.426  -9.693 0.0000000000
77807  37.369  1.565  -9.488 0.0000000000
77811  40.252  1.779  -11.634 0.0000000000
77812  39.908  1.278  -10.734 0.0000000000
77813  39.668  1.437  -10.244 0.0000000000
77814  39.021  1.592  -10.069 0.0000000000
77821  40.156  1.976  -12.386 0.0000000000
77822  39.560  1.278  -11.726 0.0000000000
77823  38.238  1.288  -11.667 0.0000000000
77833  40.061  2.136  -12.936 0.0000000000
77834  39.632  1.911  -12.692 0.0000000000
77835  38.730  1.739  -12.416 0.0000000000
79092  37.554  1.880  -9.945 0.0000000000
79097  40.362  2.040  -11.256 0.0000000000
79098  40.095  2.051  -10.695 0.0000000000
79099  39.296  2.062  -10.448 0.0000000000
79100  38.286  1.987  -10.311 0.0000000000
79101  37.415  2.328  -10.354 0.0000000000
79104  40.367  2.539  -12.094 0.0000000000
79105  40.146  2.567  -11.398 0.0000000000
79106  39.473  2.624  -10.985 0.0000000000
79107  38.534  2.530  -10.751 0.0000000000
79108  37.931  2.396  -10.608 0.0000000000
79114  40.368  2.546  -13.150 0.0000000000
79115  39.840  2.195  -13.466 0.0000000000
79116  38.964  2.183  -13.215 0.0000000000
79117  37.954  2.266  -12.856 0.0000000000
79125  40.428  2.927  -13.660 0.0000000000
79126  40.073  2.735  -14.239 0.0000000000
79127  39.238  2.298  -14.175 0.0000000000
79128  38.136  2.302  -13.817 0.0000000000
79141  39.888  2.946  -15.028 0.0000000000
79142  39.385  2.755  -14.880 0.0000000000
79143  38.363  2.651  -14.885 0.0000000000
79166  38.034  2.749  -15.450 0.0000000000
80428  36.797  2.762  -10.489 0.0000000000
80431  40.413  3.096  -12.315 0.0000000000
80432  40.261  3.053  -11.925 0.0000000000
80433  39.612  3.140  -11.660 0.0000000000
80434  38.521  3.148  -11.434 0.0000000000
80435  37.578  2.822  -10.911 0.0000000000
80436  36.915  3.111  -10.956 0.0000000000
80440  40.511  3.088  -12.861 0.0000000000
80441  39.827  3.494  -12.540 0.0000000000
80442  39.008  3.711  -11.956 0.0000000000
80447  40.549  3.023  -13.385 0.0000000000
80448  40.227  3.540  -13.775 0.0000000000
80449  39.690  3.823  -13.191 0.0000000000
80456  40.121  3.479  -15.175 0.0000000000
80457  39.543  3.077  -15.509 0.0000000000
80458  38.999  2.875  -15.311 0.0000000000
80469  39.923  3.956  -15.645 0.0000000000
80470  39.462  3.789  -16.054 0.0000000000
80471  38.644  3.043  -15.917 0.0000000000
80489  39.208  4.139  -16.700 0.0000000000
80490  38.669  3.847  -17.012 0.0000000000
80509  38.286  4.123  -17.598 0.0000000000
81842  37.220  3.676  -11.514 0.0000000000
81845  39.741  4.202  -14.098 0.0000000000
81850  39.985  4.125  -14.786 0.0000000000
81851  39.402  4.551  -14.567 0.0000000000
81852  38.800  4.978  -14.281 0.0000000000
81858  40.030  4.058  -15.350 0.0000000000
81859  39.442  4.465  -15.482 0.0000000000
81860  39.004  4.777  -14.898 0.0000000000
81868  39.231  4.510  -16.312 0.0000000000
81869  38.884  4.591  -16.952 0.0000000000
81884  38.581  4.611  -17.755 0.0000000000
81885  38.112  4.339  -17.896 0.0000000000
81899  38.499  5.071  -18.228 0.0000000000
81900  38.016  4.769  -18.521 0.0000000000
83123  36.535  5.890  -11.224 0.0000000000
83131  37.892  6.574  -11.677 0.0000000000
83132  37.060  4.979  -11.868 0.0000000000
83138  38.415  5.407  -14.173 0.0000000000
83139  38.472  5.324  -13.084 0.0000000000
83141  38.999  4.837  -15.526 0.0000000000
83142  38.459  5.169  -15.178 0.0000000000
83143  37.858  5.721  -15.887 0.0000000000
83147  39.014  4.869  -15.809 0.0000000000
83148  38.596  5.194  -16.329 0.0000000000
83149  37.771  5.875  -16.725 0.0000000000
83150  37.497  6.299  -17.311 0.0000000000
83157  38.429  5.223  -17.232 0.0000000000
83158  37.995  5.763  -17.603 0.0000000000
83159  37.605  6.270  -18.091 0.0000000000
83169  38.438  5.265  -17.877 0.0000000000
83170  38.179  5.580  -18.351 0.0000000000
83171  37.470  5.931  -19.079 0.0000000000
83182  35.470  6.001  -19.828 0.0000000000
83183  35.875  5.677  -19.293 0.0000000000
83197  35.302  5.750  -20.365 0.0000000000
84354  37.811  6.920  -10.874 0.0000000000
84355  37.053  6.342  -11.099 0.0000000000
84364  38.630  7.407  -11.426 0.0000000000
84365  38.100  6.940  -11.299 0.0000000000
84366  37.691  6.664  -11.236 0.0000000000
84373  38.545  7.332  -12.165 0.0000000000
84374  38.279  6.975  -11.705 0.0000000000
84380  37.999  6.075  -14.136 0.0000000000
84381  38.220  6.282  -13.089 0.0000000000
84382  38.157  6.361  -12.633 0.0000000000
84384  37.698  6.245  -15.232 0.0000000000
84385  37.330  6.439  -16.016 0.0000000000
84387  37.175  6.685  -16.751 0.0000000000
84388  37.064  6.829  -17.473 0.0000000000
84393  37.005  6.871  -18.354 0.0000000000
84400  36.522  6.833  -19.129 0.0000000000
84411  35.286  6.663  -19.917 0.0000000000
84412  35.832  6.706  -19.364 0.0000000000
84423  35.063  6.638  -20.946 0.0000000000
84438  35.235  6.601  -21.523 0.0000000000
84445  35.503  6.517  -22.073 0.0000000000
84454  36.445  6.241  -22.817 0.0000000000
84467  37.304  6.699  -24.791 0.0000000000
84468  37.101  6.386  -24.233 0.0000000000
85546  38.385  7.248  -10.216 0.0000000000
85547  37.434  6.991  -10.443 0.0000000000
85555  39.429  7.631  -10.778 0.0000000000
85556  38.419  7.280  -10.915 0.0000000000
85562  39.396  7.904  -11.694 0.0000000000
85568  39.203  8.000  -12.519 0.0000000000
85569  38.636  7.562  -12.857 0.0000000000
85574  38.981  8.017  -13.189 0.0000000000
85575  38.376  7.286  -13.575 0.0000000000
85577  37.853  7.318  -14.771 0.0000000000
85578  37.428  7.051  -15.523 0.0000000000
85581  37.628  7.816  -15.568 0.0000000000
85582  37.235  7.469  -16.221 0.0000000000
85583  36.938  7.436  -16.982 0.0000000000
85587  36.704  7.492  -17.639 0.0000000000
85591  36.333  7.594  -18.355 0.0000000000
85599  34.821  7.537  -19.869 0.0000000000
85600  35.532  7.620  -19.185 0.0000000000
85611  34.731  7.526  -20.528 0.0000000000
85627  35.123  7.382  -21.434 0.0000000000
85636  36.335  7.214  -21.928 0.0000000000
85645  37.330  7.203  -22.746 0.0000000000
85659  37.482  7.195  -24.795 0.0000000000
85660  37.870  7.628  -23.797 0.0000000000
85672  37.396  7.561  -25.717 0.0000000000
85682  37.577  7.898  -26.840 0.0000000000
86648  41.202  8.878  -12.590 0.0000000000
86649  40.929  8.813  -12.542 0.0000000000
86650  40.045  8.553  -12.296 0.0000000000
86655  41.200  8.833  -12.814 0.0000000000
86656  40.823  8.465  -12.925 0.0000000000
86657  39.937  8.236  -13.078 0.0000000000
86663  41.035  8.835  -13.466 0.0000000000
86664  40.496  8.561  -13.690 0.0000000000
86665  39.467  8.211  -13.945 0.0000000000
86666  38.618  8.037  -14.484 0.0000000000
86671  40.829  8.942  -14.236 0.0000000000
86672  40.369  8.715  -14.644 0.0000000000
86673  39.412  8.591  -14.986 0.0000000000
86674  38.329  8.472  -15.345 0.0000000000
86677  37.708  8.572  -16.180 0.0000000000
86678  37.222  8.210  -16.821 0.0000000000
86679  36.869  8.039  -17.279 0.0000000000
86682  37.628  8.922  -16.923 0.0000000000
86683  37.111  8.805  -17.359 0.0000000000
86684  36.531  8.265  -17.717 0.0000000000
86686  36.626  9.004  -17.756 0.0000000000
86687  36.003  8.645  -18.318 0.0000000000
86694  34.609  8.430  -19.932 0.0000000000
86695  35.281  8.807  -19.158 0.0000000000
86704  34.867  8.399  -20.725 0.0000000000
86720  35.789  8.305  -21.290 0.0000000000
86733  37.150  8.057  -21.652 0.0000000000
86741  37.800  8.355  -22.681 0.0000000000
86754  37.866  8.368  -24.819 0.0000000000
86755  38.105  8.800  -23.652 0.0000000000
86767  37.360  8.693  -25.926 0.0000000000
86768  37.243  9.032  -25.999 0.0000000000
86777  37.528  8.992  -26.646 0.0000000000
86778  37.351  9.107  -26.225 0.0000000000
86788  37.885  8.846  -27.534 0.0000000000
87652  41.258  9.058  -12.698 0.0000000000
87666  41.150  9.149  -13.168 0.0000000000
87674  40.766  9.465  -14.198 0.0000000000
87680  40.905  9.401  -15.203 0.0000000000
87681  40.224  9.196  -15.583 0.0000000000
87682  39.288  9.136  -15.845 0.0000000000
87683  38.514  9.056  -16.141 0.0000000000
87686  40.643  9.832  -16.245 0.0000000000
87687  40.090  9.589  -16.511 0.0000000000
87688  39.207  9.491  -16.706 0.0000000000
87689  38.290  9.290  -16.801 0.0000000000
87693  40.658  9.989  -17.048 0.0000000000
87694  40.020  9.910  -17.390 0.0000000000
87695  38.988  9.841  -17.503 0.0000000000
87696  37.838  9.689  -17.435 0.0000000000
87697  37.149  9.439  -17.704 0.0000000000
87702  37.465  9.927  -17.928 0.0000000000
87703  36.754  9.665  -18.162 0.0000000000
87704  35.812  9.577  -18.707 0.0000000000
87709  34.835  8.984  -20.185 0.0000000000
87710  35.157  9.536  -19.592 0.0000000000
87714  35.915  8.993  -19.982 0.0000000000
87715  35.899  9.652  -19.384 0.0000000000
87726  36.771  8.972  -20.817 0.0000000000
87738  37.355  9.201  -21.808 0.0000000000
87744  37.963  9.475  -22.794 0.0000000000
87757  37.994  9.424  -24.285 0.0000000000
87758  38.102  9.640  -23.576 0.0000000000
87772  37.751  9.444  -25.304 0.0000000000
87773  37.393  9.201  -25.837 0.0000000000
87784  37.372  9.624  -26.139 0.0000000000
87785  37.282  9.273  -26.056 0.0000000000
87795  37.505  9.797  -27.059 0.0000000000
87805  37.794  9.918  -27.926 0.0000000000
87823  37.918  10.004  -28.847 0.0000000000
88668  40.839  10.046  -15.201 0.0000000000
88682  40.682  10.138  -16.040 0.0000000000
88689  40.845  10.559  -16.960 0.0000000000
88691  35.907  10.351  -18.107 0.0000000000
88692  35.907  10.685  -18.027 0.0000000000
88695  40.561  10.573  -17.544 0.0000000000
88696  39.670  10.679  -18.184 0.0000000000
88697  38.536  10.291  -18.045 0.0000000000
88698  37.876  10.190  -17.912 0.0000000000
88699  36.375  10.332  -18.384 0.0000000000
88700  36.046  10.160  -18.281 0.0000000000
88703  39.326  11.174  -18.692 0.0000000000
88704  38.838  10.819  -18.595 0.0000000000
88705  37.746  10.535  -18.503 0.0000000000
88706  36.642  10.345  -18.607 0.0000000000
88707  35.832  10.182  -18.967 0.0000000000
88709  37.537  10.781  -19.031 0.0000000000
88710  37.247  10.597  -18.879 0.0000000000
88711  35.594  10.196  -19.602 0.0000000000
88714  36.274  9.733  -20.535 0.0000000000
88715  35.919  10.318  -20.251 0.0000000000
88721  37.013  10.117  -20.793 0.0000000000
88722  36.489  10.645  -20.508 0.0000000000
88734  37.290  10.244  -22.154 0.0000000000
88741  37.646  10.808  -23.870 0.0000000000
88742  37.790  10.424  -23.327 0.0000000000
88752  37.799  10.354  -24.381 0.0000000000
88753  37.957  9.962  -23.895 0.0000000000
88767  37.490  10.494  -25.452 0.0000000000
88778  37.285  10.680  -26.462 0.0000000000
88788  37.356  10.791  -27.431 0.0000000000
88800  37.667  10.909  -28.255 0.0000000000
88814  38.177  11.042  -28.928 0.0000000000
89718  35.963  10.620  -17.958 0.0000000000
89719  36.027  10.590  -17.847 0.0000000000
89721  40.849  10.854  -17.572 0.0000000000
89724  36.262  10.735  -18.119 0.0000000000
89725  36.065  10.822  -17.964 0.0000000000
89727  39.645  11.794  -18.973 0.0000000000
89728  38.966  11.340  -19.052 0.0000000000
89729  38.429  11.012  -18.863 0.0000000000
89730  36.482  10.461  -18.942 0.0000000000
89731  36.236  10.321  -18.579 0.0000000000
89734  39.601  12.344  -19.545 0.0000000000
89735  39.166  12.054  -19.736 0.0000000000
89736  38.120  11.208  -19.417 0.0000000000
89737  37.027  10.718  -19.405 0.0000000000
89738  36.063  10.608  -19.590 0.0000000000
89741  38.939  12.427  -20.232 0.0000000000
89742  38.420  11.995  -20.207 0.0000000000
89743  37.450  11.421  -20.437 0.0000000000
89744  36.512  10.904  -20.185 0.0000000000
89749  37.063  11.189  -21.480 0.0000000000
89750  36.795  10.945  -20.716 0.0000000000
89761  37.174  11.092  -22.594 0.0000000000
89769  37.603  10.979  -24.144 0.0000000000
89770  37.152  11.387  -23.671 0.0000000000
89778  37.434  11.190  -24.672 0.0000000000
89779  36.861  12.013  -24.661 0.0000000000
89794  37.225  11.721  -25.680 0.0000000000
89795  36.867  12.350  -25.242 0.0000000000
89807  37.244  11.693  -26.840 0.0000000000
89818  37.262  11.784  -27.765 0.0000000000
89831  37.612  11.888  -28.573 0.0000000000
89847  38.187  11.940  -29.443 0.0000000000
90784  36.592  11.149  -17.915 0.0000000000
90785  36.332  10.864  -17.866 0.0000000000
90790  36.469  10.692  -18.294 0.0000000000
90791  36.234  10.670  -18.295 0.0000000000
90795  39.671  12.655  -19.884 0.0000000000
90798  39.363  12.996  -20.293 0.0000000000
90799  38.578  12.870  -20.559 0.0000000000
90800  37.965  12.341  -20.646 0.0000000000
90802  38.011  12.981  -20.945 0.0000000000
90803  37.466  12.381  -21.349 0.0000000000
90812  36.906  12.125  -22.480 0.0000000000
90821  36.563  12.538  -23.746 0.0000000000
90827  36.456  12.841  -24.909 0.0000000000
90828  36.726  13.100  -25.298 0.0000000000
90841  37.408  12.487  -26.343 0.0000000000
90842  37.140  12.837  -25.625 0.0000000000
90843  36.974  13.259  -25.449 0.0000000000
90856  37.540  12.624  -27.140 0.0000000000
90864  37.337  12.758  -28.057 0.0000000000
90873  37.670  12.855  -28.903 0.0000000000
90890  37.931  13.014  -29.776 0.0000000000
90908  38.016  13.204  -30.608 0.0000000000
92062  39.011  13.834  -21.042 0.0000000000
92063  38.409  13.351  -21.029 0.0000000000
92065  38.667  14.217  -21.443 0.0000000000
92066  38.002  13.634  -21.717 0.0000000000
92067  37.333  12.886  -22.076 0.0000000000
92074  37.561  13.936  -22.396 0.0000000000
92075  37.062  13.432  -22.808 0.0000000000
92085  36.743  13.567  -24.126 0.0000000000
92092  36.822  13.600  -25.156 0.0000000000
92093  36.792  13.333  -25.293 0.0000000000
92104  37.866  13.484  -26.370 0.0000000000
92105  37.290  13.488  -25.591 0.0000000000
92106  36.954  13.483  -25.361 0.0000000000
92119  37.811  13.553  -27.487 0.0000000000
92129  37.519  13.673  -28.375 0.0000000000
92139  37.540  13.773  -29.260 0.0000000000
92156  37.861  13.959  -30.115 0.0000000000
92181  37.664  13.971  -30.949 0.0000000000
92201  37.592  13.913  -31.589 0.0000000000
93264  38.405  14.877  -21.629 0.0000000000
93267  37.807  14.447  -22.342 0.0000000000
93268  37.390  14.215  -22.778 0.0000000000
93276  37.556  14.723  -22.929 0.0000000000
93277  37.133  14.440  -23.537 0.0000000000
93284  37.046  14.464  -24.656 0.0000000000
93292  38.076  14.522  -26.443 0.0000000000
93293  37.551  14.309  -25.640 0.0000000000
93304  38.392  14.352  -27.089 0.0000000000
93314  37.885  14.444  -27.906 0.0000000000
93331  37.476  14.523  -28.726 0.0000000000
93352  37.355  14.598  -29.676 0.0000000000
93353  37.094  14.890  -30.206 0.0000000000
93378  37.482  14.731  -30.645 0.0000000000
93379  37.159  15.041  -30.557 0.0000000000
93398  37.529  14.683  -31.500 0.0000000000
93417  37.508  15.008  -32.360 0.0000000000
93436  37.650  15.195  -33.135 0.0000000000
94305  37.821  15.163  -22.611 0.0000000000
94313  37.397  15.305  -23.306 0.0000000000
94314  36.964  15.395  -24.156 0.0000000000
94322  37.205  15.355  -25.265 0.0000000000
94329  38.223  15.078  -26.879 0.0000000000
94330  37.465  15.314  -26.353 0.0000000000
94339  38.176  15.138  -27.522 0.0000000000
94340  37.597  15.553  -27.245 0.0000000000
94351  37.783  15.343  -28.260 0.0000000000
94352  37.773  15.596  -27.739 0.0000000000
94367  37.324  15.221  -29.066 0.0000000000
94389  36.938  15.152  -29.738 0.0000000000
94390  36.824  15.284  -30.262 0.0000000000
94415  37.420  15.126  -31.218 0.0000000000
94416  36.984  15.430  -30.956 0.0000000000
94430  37.340  15.606  -31.792 0.0000000000
94431  36.916  15.911  -31.469 0.0000000000
94441  37.487  15.736  -32.697 0.0000000000
94459  37.719  15.818  -33.537 0.0000000000
94480  37.783  16.035  -34.386 0.0000000000
95312  37.780  15.973  -22.951 0.0000000000
95317  37.695  15.713  -23.091 0.0000000000
95318  37.392  16.292  -23.522 0.0000000000
95325  37.049  16.336  -24.784 0.0000000000
95332  36.981  16.294  -25.919 0.0000000000
95343  37.044  16.298  -26.942 0.0000000000
95354  37.541  15.888  -28.764 0.0000000000
95355  37.267  16.212  -27.977 0.0000000000
95376  37.131  15.770  -29.424 0.0000000000
95377  37.306  16.577  -29.049 0.0000000000
95405  36.779  15.545  -29.864 0.0000000000
95406  36.712  16.179  -30.067 0.0000000000
95430  36.618  16.356  -31.068 0.0000000000
95444  37.224  16.203  -32.431 0.0000000000
95445  36.754  16.475  -31.876 0.0000000000
95459  37.301  16.321  -33.118 0.0000000000
95460  36.848  16.786  -32.766 0.0000000000
95478  37.448  16.515  -33.868 0.0000000000
95479  37.041  16.833  -33.475 0.0000000000
95496  37.429  16.692  -34.676 0.0000000000
95508  37.446  16.806  -35.505 0.0000000000
96272  37.090  17.288  -24.280 0.0000000000
96278  36.882  17.284  -25.414 0.0000000000
96289  36.779  17.302  -26.483 0.0000000000
96301  36.656  17.306  -27.502 0.0000000000
96302  36.274  17.772  -28.037 0.0000000000
96332  36.730  17.216  -28.448 0.0000000000
96333  36.159  17.911  -28.688 0.0000000000
96363  36.741  17.572  -29.490 0.0000000000
96364  36.156  18.106  -29.229 0.0000000000
96385  36.715  17.299  -30.525 0.0000000000
96398  36.395  17.224  -31.346 0.0000000000
96411  36.048  17.466  -32.204 0.0000000000
96412  35.427  18.019  -32.462 0.0000000000
96413  34.966  18.124  -32.612 0.0000000000
96433  37.034  17.104  -34.155 0.0000000000
96434  36.536  17.388  -33.457 0.0000000000
96435  35.864  17.706  -33.106 0.0000000000
96436  35.171  17.752  -33.080 0.0000000000
96451  37.171  17.356  -34.994 0.0000000000
96452  36.603  17.722  -34.447 0.0000000000
96453  36.202  17.954  -33.889 0.0000000000
96454  35.621  17.889  -33.685 0.0000000000
96470  37.235  17.431  -35.910 0.0000000000
96471  36.747  17.865  -35.362 0.0000000000
96483  36.737  18.002  -36.312 0.0000000000
96493  35.845  18.443  -37.881 0.0000000000
97235  36.751  18.203  -25.921 0.0000000000
97250  36.324  18.354  -26.975 0.0000000000
97251  35.863  19.004  -27.320 0.0000000000
97272  36.222  17.977  -27.615 0.0000000000
97273  35.840  18.571  -27.988 0.0000000000
97306  35.781  18.599  -29.012 0.0000000000
97330  36.629  18.106  -30.260 0.0000000000
97331  35.993  18.406  -29.795 0.0000000000
97332  30.524  19.126  -31.110 0.0000000000
97342  36.533  18.033  -30.945 0.0000000000
97343  36.113  18.550  -30.650 0.0000000000
97344  33.174  19.190  -31.124 0.0000000000
97345  32.138  19.440  -31.607 0.0000000000
97346  30.878  19.093  -31.761 0.0000000000
97354  36.247  17.916  -31.495 0.0000000000
97355  36.158  18.479  -31.345 0.0000000000
97356  34.171  19.217  -31.321 0.0000000000
97357  33.201  19.602  -32.050 0.0000000000
97358  31.975  19.100  -32.018 0.0000000000
97364  36.055  18.162  -31.729 0.0000000000
97365  35.738  18.611  -31.891 0.0000000000
97366  34.793  19.034  -32.261 0.0000000000
97367  33.584  18.948  -32.721 0.0000000000
97368  31.610  19.010  -32.410 0.0000000000
97385  34.430  18.159  -32.946 0.0000000000
97386  33.548  18.481  -33.586 0.0000000000
97404  36.262  18.067  -34.367 0.0000000000
97405  35.825  18.127  -34.308 0.0000000000
97406  34.723  17.814  -34.079 0.0000000000
97407  33.500  18.583  -34.691 0.0000000000
97409  30.652  19.118  -35.258 0.0000000000
97422  36.224  18.108  -34.863 0.0000000000
97423  35.468  18.181  -35.071 0.0000000000
97427  31.211  18.741  -36.143 0.0000000000
97428  30.849  19.238  -35.730 0.0000000000
97435  36.155  18.288  -35.689 0.0000000000
97436  35.321  18.403  -36.082 0.0000000000
97438  31.879  19.208  -36.407 0.0000000000
97439  31.577  19.311  -36.368 0.0000000000
97444  36.084  18.424  -36.541 0.0000000000
97445  35.365  18.578  -37.162 0.0000000000
97446  34.089  18.716  -37.452 0.0000000000
97456  34.387  19.214  -38.014 0.0000000000
98281  35.605  19.712  -27.680 0.0000000000
98308  35.373  19.647  -28.771 0.0000000000
98309  34.966  20.185  -29.132 0.0000000000
98323  35.200  19.067  -29.629 0.0000000000
98324  34.702  19.790  -29.499 0.0000000000
98335  35.280  18.830  -30.426 0.0000000000
98336  34.111  19.372  -30.380 0.0000000000
98337  32.753  19.694  -30.995 0.0000000000
98347  35.607  18.976  -31.235 0.0000000000
98348  34.828  19.066  -30.953 0.0000000000
98349  32.859  19.469  -32.634 0.0000000000
98350  32.532  19.463  -32.368 0.0000000000
98358  35.404  19.121  -31.787 0.0000000000
98359  35.026  19.205  -31.538 0.0000000000
98360  32.870  19.321  -33.261 0.0000000000
98361  32.103  19.422  -32.826 0.0000000000
98362  31.661  19.104  -32.856 0.0000000000
98372  32.921  19.306  -34.220 0.0000000000
98373  32.220  19.739  -33.782 0.0000000000
98374  31.501  19.346  -33.606 0.0000000000
98375  30.901  19.251  -34.004 0.0000000000
98389  33.058  19.566  -35.292 0.0000000000
98390  32.460  19.946  -34.734 0.0000000000
98391  31.657  20.102  -34.404 0.0000000000
98392  30.920  19.659  -34.581 0.0000000000
98405  31.023  19.561  -35.925 0.0000000000
98406  30.889  19.568  -35.341 0.0000000000
98412  31.892  19.658  -36.430 0.0000000000
98413  31.446  19.636  -36.282 0.0000000000
98418  33.892  19.192  -38.016 0.0000000000
98419  33.514  19.003  -37.848 0.0000000000
98425  34.321  19.387  -38.613 0.0000000000
99311  35.290  20.334  -28.226 0.0000000000
99312  35.025  20.676  -28.827 0.0000000000
99326  34.464  20.507  -29.329 0.0000000000
99327  33.840  20.634  -29.680 0.0000000000
99342  34.042  20.079  -29.769 0.0000000000
99343  33.422  20.388  -30.375 0.0000000000
99376  32.709  20.086  -35.499 0.0000000000
99377  32.044  20.206  -35.285 0.0000000000
99378  31.341  20.029  -35.096 0.0000000000
99379  30.993  19.856  -35.090 0.0000000000
99386  33.033  20.039  -35.839 0.0000000000
99388  31.554  20.111  -35.858 0.0000000000
99389  31.114  19.883  -35.467 0.0000000000
99395  32.188  19.943  -36.445 0.0000000000
99396  31.905  20.026  -36.358 0.0000000000
100287  34.510  21.087  -29.124 0.0000000000
100312  34.040  21.015  -29.386 0.0000000000
100313  33.525  21.307  -29.912 0.0000000000
100336  33.211  21.308  -30.959 0.0000000000
100337  32.451  21.365  -31.038 0.0000000000
101309  32.901  21.747  -30.975 0.0000000000
101310  32.468  21.955  -30.732 0.0000000000
135709  39.158  3.867  -12.391 0.0000000000
135710  39.076  4.195  -12.882 0.0000000000
135711  38.664  3.868  -12.025 0.0000000000
135712  38.709  4.008  -12.226 0.0000000000
135713  39.626  4.102  -13.534 0.0000000000
135714  38.249  6.821  -11.968 0.0000000000
135715  38.322  3.796  -11.939 0.0000000000
135716  36.832  5.727  -11.444 0.0000000000
135717  39.222  4.602  -13.728 0.0000000000
135718  38.349  7.113  -12.784 0.0000000000
135719  38.102  4.373  -12.247 0.0000000000
135720  37.714  5.997  -12.161 0.0000000000
135721  38.235  6.725  -12.904 0.0000000000
135722  38.198  6.650  -12.340 0.0000000000
