#!ascii label  , from subject Broad_82_YZ vox2ras=TkReg
1389
3335  22.974  -66.052  -17.478 0.0000000000
3336  22.161  -66.059  -17.693 0.0000000000
3941  23.441  -65.390  -17.650 0.0000000000
3942  22.543  -65.351  -17.642 0.0000000000
3943  21.817  -65.369  -17.891 0.0000000000
3964  21.285  -65.276  -18.579 0.0000000000
3982  21.146  -64.925  -19.223 0.0000000000
4620  23.749  -64.882  -18.228 0.0000000000
4621  22.898  -64.673  -17.956 0.0000000000
4622  22.105  -64.752  -17.937 0.0000000000
4623  21.687  -64.942  -18.151 0.0000000000
4640  23.925  -64.749  -19.032 0.0000000000
4641  23.155  -64.154  -18.825 0.0000000000
4642  22.321  -64.178  -18.411 0.0000000000
4643  21.718  -64.504  -18.453 0.0000000000
4662  23.662  -64.273  -19.691 0.0000000000
4663  21.396  -64.326  -19.210 0.0000000000
4664  21.178  -64.731  -19.739 0.0000000000
4680  23.777  -64.302  -20.558 0.0000000000
4681  21.264  -63.960  -20.320 0.0000000000
4696  23.807  -64.398  -20.951 0.0000000000
4729  24.449  -64.663  -23.485 0.0000000000
4744  25.070  -64.753  -24.704 0.0000000000
4745  24.735  -64.786  -24.188 0.0000000000
4754  25.910  -64.363  -25.673 0.0000000000
4755  25.485  -64.934  -25.368 0.0000000000
4763  26.146  -64.651  -26.143 0.0000000000
4764  25.690  -65.476  -25.998 0.0000000000
4772  27.190  -64.262  -26.993 0.0000000000
4773  26.910  -64.511  -26.766 0.0000000000
4782  27.525  -64.065  -27.579 0.0000000000
4786  27.866  -63.830  -28.150 0.0000000000
4790  27.999  -63.491  -28.695 0.0000000000
5333  22.857  -63.698  -19.276 0.0000000000
5334  22.428  -63.679  -19.063 0.0000000000
5335  21.859  -63.906  -18.868 0.0000000000
5355  23.156  -63.744  -19.544 0.0000000000
5356  22.671  -63.340  -19.799 0.0000000000
5357  21.866  -63.426  -19.685 0.0000000000
5376  23.307  -63.507  -20.329 0.0000000000
5377  22.898  -63.161  -20.291 0.0000000000
5378  21.710  -63.115  -20.553 0.0000000000
5395  23.859  -64.230  -21.883 0.0000000000
5396  23.697  -63.892  -21.127 0.0000000000
5397  21.409  -63.328  -21.329 0.0000000000
5411  24.168  -63.699  -22.742 0.0000000000
5412  23.766  -63.381  -21.925 0.0000000000
5431  25.190  -62.934  -24.062 0.0000000000
5432  24.720  -63.486  -23.691 0.0000000000
5448  25.735  -63.426  -24.772 0.0000000000
5449  25.243  -63.780  -24.445 0.0000000000
5450  24.695  -64.211  -23.985 0.0000000000
5459  25.882  -63.864  -25.189 0.0000000000
5460  25.399  -64.380  -24.909 0.0000000000
5461  22.372  -63.453  -25.935 0.0000000000
5462  22.156  -63.313  -25.357 0.0000000000
5464  31.757  -63.209  -26.167 0.0000000000
5465  31.091  -63.420  -26.501 0.0000000000
5466  30.473  -63.540  -26.959 0.0000000000
5467  26.290  -63.934  -25.873 0.0000000000
5468  22.485  -63.496  -26.612 0.0000000000
5472  30.785  -63.080  -27.189 0.0000000000
5473  30.353  -63.194  -27.656 0.0000000000
5474  27.267  -63.827  -27.224 0.0000000000
5475  26.833  -63.707  -26.511 0.0000000000
5476  22.469  -63.182  -27.215 0.0000000000
5477  21.915  -63.348  -27.427 0.0000000000
5481  29.649  -63.165  -28.325 0.0000000000
5482  27.636  -63.428  -27.872 0.0000000000
5484  27.792  -63.146  -28.501 0.0000000000
5487  28.352  -63.468  -29.203 0.0000000000
6093  22.243  -63.124  -20.052 0.0000000000
6094  22.035  -62.974  -20.267 0.0000000000
6113  23.013  -63.059  -20.599 0.0000000000
6114  22.557  -62.923  -20.530 0.0000000000
6115  22.052  -62.782  -20.746 0.0000000000
6134  23.195  -62.877  -21.339 0.0000000000
6135  22.366  -62.637  -21.380 0.0000000000
6136  21.836  -62.803  -21.179 0.0000000000
6154  24.397  -62.785  -23.268 0.0000000000
6155  23.756  -62.536  -22.696 0.0000000000
6156  22.813  -62.325  -22.645 0.0000000000
6157  21.870  -62.723  -22.040 0.0000000000
6176  25.195  -62.581  -24.152 0.0000000000
6177  24.894  -62.378  -23.941 0.0000000000
6178  24.233  -62.144  -23.514 0.0000000000
6179  22.679  -62.224  -23.555 0.0000000000
6180  21.923  -62.682  -23.488 0.0000000000
6196  36.663  -61.947  -24.480 0.0000000000
6199  25.682  -63.153  -24.592 0.0000000000
6200  25.500  -62.492  -24.465 0.0000000000
6201  25.166  -62.002  -24.319 0.0000000000
6202  22.627  -62.277  -24.395 0.0000000000
6203  22.204  -62.847  -24.793 0.0000000000
6216  36.489  -61.872  -25.530 0.0000000000
6217  35.537  -62.251  -25.863 0.0000000000
6218  34.239  -62.526  -25.843 0.0000000000
6219  33.073  -62.710  -26.159 0.0000000000
6220  32.280  -62.834  -26.351 0.0000000000
6221  26.071  -62.900  -24.918 0.0000000000
6222  25.977  -62.223  -24.922 0.0000000000
6223  22.627  -62.653  -25.708 0.0000000000
6224  22.332  -62.928  -25.286 0.0000000000
6227  36.208  -61.659  -26.922 0.0000000000
6228  35.108  -61.791  -27.609 0.0000000000
6229  33.793  -62.215  -27.383 0.0000000000
6230  32.677  -62.391  -27.221 0.0000000000
6231  31.687  -62.698  -26.995 0.0000000000
6232  31.119  -62.886  -27.100 0.0000000000
6233  27.056  -62.474  -26.418 0.0000000000
6234  26.666  -62.975  -25.763 0.0000000000
6235  23.027  -61.892  -27.252 0.0000000000
6236  22.954  -62.599  -26.908 0.0000000000
6240  34.950  -61.311  -28.556 0.0000000000
6241  34.258  -61.402  -28.569 0.0000000000
6242  33.111  -61.888  -28.237 0.0000000000
6243  32.046  -62.234  -28.022 0.0000000000
6244  30.967  -62.615  -27.790 0.0000000000
6245  30.285  -62.829  -28.096 0.0000000000
6246  27.327  -62.850  -27.149 0.0000000000
6247  27.032  -63.013  -26.469 0.0000000000
6248  22.861  -61.652  -27.433 0.0000000000
6249  22.429  -62.303  -27.419 0.0000000000
6250  21.458  -62.547  -27.434 0.0000000000
6253  33.967  -61.087  -29.007 0.0000000000
6254  33.334  -61.245  -28.827 0.0000000000
6255  32.342  -61.499  -28.609 0.0000000000
6256  31.258  -61.788  -28.420 0.0000000000
6257  30.059  -62.264  -28.415 0.0000000000
6258  29.202  -62.113  -28.500 0.0000000000
6259  28.529  -62.301  -28.444 0.0000000000
6260  27.882  -62.607  -28.135 0.0000000000
6261  29.093  -62.898  -28.595 0.0000000000
6262  28.633  -63.147  -28.805 0.0000000000
6263  28.971  -63.380  -29.824 0.0000000000
6264  28.509  -63.311  -30.051 0.0000000000
6896  39.397  -60.821  -21.227 0.0000000000
6915  39.306  -60.851  -22.002 0.0000000000
6935  39.217  -60.759  -22.725 0.0000000000
6936  38.664  -61.152  -22.881 0.0000000000
6943  23.756  -62.060  -23.428 0.0000000000
6944  23.391  -62.181  -23.168 0.0000000000
6954  38.417  -61.087  -23.860 0.0000000000
6955  37.710  -61.591  -23.601 0.0000000000
6956  37.067  -61.858  -23.984 0.0000000000
6960  24.499  -61.887  -23.953 0.0000000000
6961  24.097  -61.728  -23.947 0.0000000000
6962  23.324  -61.914  -23.823 0.0000000000
6974  38.630  -60.821  -24.491 0.0000000000
6975  38.140  -61.224  -24.666 0.0000000000
6976  37.309  -61.552  -24.911 0.0000000000
6977  25.322  -61.842  -24.609 0.0000000000
6978  24.797  -61.664  -24.522 0.0000000000
6979  23.989  -61.537  -24.760 0.0000000000
6980  23.232  -61.858  -25.065 0.0000000000
6981  20.610  -61.112  -25.239 0.0000000000
6993  38.577  -60.747  -25.329 0.0000000000
6994  37.943  -61.087  -25.778 0.0000000000
6995  37.140  -61.408  -26.363 0.0000000000
6996  26.324  -62.200  -25.312 0.0000000000
6997  25.731  -61.530  -25.284 0.0000000000
6998  24.741  -61.169  -25.574 0.0000000000
6999  23.814  -61.451  -25.807 0.0000000000
7000  23.182  -61.903  -25.970 0.0000000000
7006  38.446  -60.561  -26.173 0.0000000000
7007  37.702  -60.679  -26.926 0.0000000000
7008  36.717  -61.210  -27.583 0.0000000000
7009  35.980  -61.426  -28.025 0.0000000000
7010  27.245  -61.965  -26.727 0.0000000000
7011  26.666  -61.645  -26.038 0.0000000000
7012  26.189  -61.243  -25.823 0.0000000000
7013  24.344  -60.922  -26.717 0.0000000000
7014  23.405  -61.710  -26.734 0.0000000000
7015  23.054  -62.219  -26.407 0.0000000000
7018  36.713  -60.788  -27.840 0.0000000000
7019  36.071  -61.058  -28.333 0.0000000000
7020  35.310  -61.171  -28.569 0.0000000000
7021  34.842  -61.097  -28.842 0.0000000000
7022  27.537  -61.682  -27.386 0.0000000000
7023  27.046  -61.351  -26.823 0.0000000000
7024  24.093  -60.570  -27.305 0.0000000000
7025  23.419  -61.089  -27.401 0.0000000000
7026  22.571  -61.277  -27.515 0.0000000000
7027  21.776  -61.613  -27.456 0.0000000000
7028  20.994  -61.789  -27.225 0.0000000000
7029  36.403  -60.783  -28.054 0.0000000000
7030  36.054  -60.848  -28.285 0.0000000000
7031  35.404  -60.939  -28.590 0.0000000000
7032  34.524  -61.038  -28.908 0.0000000000
7033  33.506  -60.924  -28.930 0.0000000000
7034  32.534  -60.898  -28.875 0.0000000000
7035  31.524  -61.017  -28.789 0.0000000000
7036  30.466  -61.187  -28.626 0.0000000000
7037  29.457  -61.292  -28.535 0.0000000000
7038  28.598  -61.376  -28.346 0.0000000000
7039  27.968  -61.582  -28.048 0.0000000000
7726  40.398  -59.870  -21.367 0.0000000000
7727  39.917  -60.354  -21.313 0.0000000000
7746  40.348  -59.808  -22.106 0.0000000000
7747  39.828  -60.342  -22.087 0.0000000000
7760  40.348  -59.720  -22.904 0.0000000000
7761  39.760  -60.253  -23.080 0.0000000000
7762  39.162  -60.720  -23.086 0.0000000000
7771  39.619  -60.171  -24.472 0.0000000000
7772  39.011  -60.628  -23.792 0.0000000000
7773  35.051  -60.301  -24.152 0.0000000000
7774  34.259  -60.392  -24.254 0.0000000000
7775  33.386  -60.374  -24.447 0.0000000000
7776  32.882  -60.341  -24.597 0.0000000000
7777  20.438  -60.707  -23.548 0.0000000000
7786  39.554  -60.174  -25.336 0.0000000000
7787  39.127  -60.511  -24.896 0.0000000000
7788  36.395  -59.913  -24.771 0.0000000000
7789  35.839  -60.208  -24.674 0.0000000000
7790  34.986  -60.430  -24.960 0.0000000000
7791  34.092  -60.476  -25.150 0.0000000000
7792  33.087  -60.413  -25.284 0.0000000000
7793  32.691  -60.349  -25.783 0.0000000000
7794  21.330  -60.399  -24.950 0.0000000000
7795  20.870  -60.692  -24.625 0.0000000000
7806  39.621  -59.959  -25.859 0.0000000000
7807  39.132  -60.310  -25.871 0.0000000000
7808  36.598  -59.939  -25.455 0.0000000000
7809  35.804  -60.349  -25.696 0.0000000000
7810  34.933  -60.537  -25.937 0.0000000000
7811  34.023  -60.501  -26.129 0.0000000000
7812  33.225  -60.433  -26.311 0.0000000000
7813  32.520  -60.340  -26.369 0.0000000000
7814  25.428  -60.984  -25.806 0.0000000000
7815  25.164  -60.775  -26.207 0.0000000000
7816  21.407  -60.201  -25.516 0.0000000000
7817  20.920  -60.755  -25.756 0.0000000000
7821  39.362  -59.951  -26.301 0.0000000000
7822  38.751  -60.185  -26.703 0.0000000000
7823  38.171  -60.250  -27.091 0.0000000000
7824  36.565  -60.066  -26.441 0.0000000000
7825  35.772  -60.302  -26.707 0.0000000000
7826  34.884  -60.375  -26.950 0.0000000000
7827  33.997  -60.426  -27.132 0.0000000000
7828  33.113  -60.394  -27.224 0.0000000000
7829  32.366  -60.287  -27.205 0.0000000000
7830  26.663  -61.067  -26.628 0.0000000000
7831  26.029  -60.823  -26.277 0.0000000000
7832  25.229  -60.516  -26.756 0.0000000000
7833  21.429  -60.310  -26.460 0.0000000000
7834  20.973  -61.074  -26.689 0.0000000000
7835  38.389  -60.063  -27.140 0.0000000000
7836  37.543  -60.285  -27.338 0.0000000000
7837  36.670  -60.264  -27.286 0.0000000000
7838  35.702  -60.460  -27.638 0.0000000000
7839  34.831  -60.497  -27.897 0.0000000000
7840  33.891  -60.327  -28.031 0.0000000000
7841  32.767  -59.970  -27.986 0.0000000000
7842  32.249  -60.029  -27.618 0.0000000000
7843  27.614  -61.056  -27.643 0.0000000000
7844  26.886  -60.619  -27.319 0.0000000000
7845  25.835  -60.245  -27.147 0.0000000000
7846  24.801  -60.184  -27.273 0.0000000000
7847  23.912  -60.169  -27.517 0.0000000000
7848  22.985  -60.329  -27.572 0.0000000000
7849  21.891  -60.604  -27.276 0.0000000000
7850  21.372  -61.235  -27.248 0.0000000000
7851  36.675  -60.641  -27.717 0.0000000000
7852  36.197  -60.659  -27.996 0.0000000000
7853  35.555  -60.741  -28.329 0.0000000000
7854  34.723  -60.747  -28.590 0.0000000000
7855  33.717  -60.594  -28.635 0.0000000000
7856  32.626  -60.351  -28.553 0.0000000000
7857  31.700  -60.349  -28.592 0.0000000000
7858  30.683  -60.350  -28.525 0.0000000000
7859  29.670  -60.382  -28.477 0.0000000000
7860  28.728  -60.445  -28.337 0.0000000000
7861  27.764  -60.522  -27.900 0.0000000000
7862  27.176  -60.208  -27.699 0.0000000000
8549  40.816  -59.377  -20.701 0.0000000000
8550  40.335  -59.433  -20.379 0.0000000000
8561  41.266  -59.114  -21.362 0.0000000000
8562  40.925  -59.411  -21.316 0.0000000000
8563  40.430  -59.819  -20.899 0.0000000000
8564  39.921  -60.031  -20.605 0.0000000000
8565  22.076  -59.193  -20.938 0.0000000000
8566  21.644  -59.214  -20.929 0.0000000000
8567  20.716  -59.259  -20.724 0.0000000000
8575  41.272  -59.077  -21.723 0.0000000000
8576  40.930  -59.308  -22.083 0.0000000000
8577  35.728  -59.183  -22.066 0.0000000000
8578  35.324  -59.282  -22.015 0.0000000000
8579  34.440  -59.366  -21.974 0.0000000000
8580  33.468  -59.392  -21.975 0.0000000000
8581  32.455  -59.416  -22.028 0.0000000000
8582  31.522  -59.390  -22.139 0.0000000000
8583  23.341  -59.100  -21.966 0.0000000000
8584  22.465  -59.205  -21.493 0.0000000000
8585  21.400  -59.384  -21.749 0.0000000000
8586  20.504  -59.641  -21.811 0.0000000000
8591  41.259  -58.924  -22.447 0.0000000000
8592  40.864  -59.159  -23.021 0.0000000000
8593  40.413  -59.564  -23.501 0.0000000000
8594  37.712  -58.893  -23.655 0.0000000000
8595  37.122  -59.115  -23.237 0.0000000000
8596  36.072  -59.348  -22.558 0.0000000000
8597  35.006  -59.770  -22.639 0.0000000000
8598  33.987  -59.815  -22.706 0.0000000000
8599  32.980  -59.786  -22.853 0.0000000000
8600  31.937  -59.696  -22.951 0.0000000000
8601  30.846  -59.465  -22.865 0.0000000000
8602  30.029  -59.401  -23.045 0.0000000000
8603  23.141  -59.206  -22.746 0.0000000000
8604  22.117  -59.408  -22.758 0.0000000000
8605  21.218  -59.701  -22.753 0.0000000000
8606  20.483  -60.231  -22.838 0.0000000000
8613  40.872  -59.013  -24.167 0.0000000000
8614  40.191  -59.639  -24.330 0.0000000000
8615  37.540  -59.200  -24.198 0.0000000000
8616  36.593  -59.556  -23.736 0.0000000000
8617  35.643  -59.982  -23.589 0.0000000000
8618  34.577  -60.192  -23.425 0.0000000000
8619  33.594  -60.210  -23.565 0.0000000000
8620  32.562  -60.139  -24.011 0.0000000000
8621  31.378  -59.805  -23.937 0.0000000000
8622  30.330  -59.542  -23.786 0.0000000000
8623  29.408  -59.240  -23.544 0.0000000000
8624  28.873  -59.050  -23.777 0.0000000000
8625  22.835  -59.338  -24.015 0.0000000000
8626  21.824  -59.642  -23.781 0.0000000000
8627  21.165  -60.083  -23.632 0.0000000000
8628  20.814  -60.423  -23.737 0.0000000000
8638  40.435  -59.142  -25.237 0.0000000000
8639  39.902  -59.757  -25.286 0.0000000000
8640  38.438  -59.145  -25.501 0.0000000000
8641  37.729  -59.304  -25.136 0.0000000000
8642  36.895  -59.600  -24.726 0.0000000000
8643  36.276  -59.884  -24.277 0.0000000000
8644  32.600  -60.313  -24.759 0.0000000000
8645  32.001  -60.205  -25.253 0.0000000000
8646  30.685  -59.795  -24.840 0.0000000000
8647  29.728  -59.437  -24.541 0.0000000000
8648  28.978  -59.145  -24.382 0.0000000000
8649  22.921  -59.255  -25.054 0.0000000000
8650  22.306  -59.571  -24.830 0.0000000000
8651  21.527  -60.098  -24.645 0.0000000000
8652  21.100  -60.335  -24.151 0.0000000000
8660  40.217  -59.024  -25.707 0.0000000000
8661  39.653  -59.437  -26.018 0.0000000000
8662  38.873  -59.268  -26.087 0.0000000000
8663  37.989  -59.410  -25.923 0.0000000000
8664  37.302  -59.576  -25.527 0.0000000000
8665  31.819  -60.199  -26.514 0.0000000000
8666  31.000  -59.877  -25.991 0.0000000000
8667  29.893  -59.470  -25.624 0.0000000000
8668  29.229  -59.206  -25.101 0.0000000000
8669  23.139  -59.018  -25.500 0.0000000000
8670  22.689  -59.164  -25.702 0.0000000000
8671  21.975  -59.595  -25.596 0.0000000000
8675  39.228  -59.846  -26.516 0.0000000000
8676  38.798  -59.765  -26.676 0.0000000000
8677  38.159  -59.602  -26.644 0.0000000000
8678  37.324  -59.708  -26.337 0.0000000000
8679  31.907  -60.156  -27.279 0.0000000000
8680  31.314  -59.970  -27.026 0.0000000000
8681  30.407  -59.557  -26.735 0.0000000000
8682  22.417  -59.258  -26.334 0.0000000000
8683  21.863  -59.695  -26.357 0.0000000000
8684  38.153  -59.851  -27.108 0.0000000000
8685  37.515  -59.832  -27.044 0.0000000000
8686  37.042  -59.851  -26.886 0.0000000000
8687  32.367  -59.826  -27.980 0.0000000000
8688  31.987  -59.838  -27.805 0.0000000000
8689  31.070  -59.689  -27.647 0.0000000000
8690  30.031  -59.355  -27.526 0.0000000000
8691  26.304  -60.000  -27.500 0.0000000000
8692  25.695  -59.559  -27.493 0.0000000000
8693  24.622  -59.423  -27.499 0.0000000000
8694  23.639  -59.450  -27.483 0.0000000000
8695  22.585  -59.484  -27.112 0.0000000000
8696  21.884  -59.952  -26.862 0.0000000000
8697  32.310  -59.876  -28.184 0.0000000000
8698  31.790  -59.835  -28.255 0.0000000000
8699  30.869  -59.724  -28.226 0.0000000000
8700  29.734  -59.523  -28.218 0.0000000000
8701  28.900  -59.639  -28.240 0.0000000000
8702  27.987  -59.623  -28.043 0.0000000000
8703  26.856  -59.617  -27.699 0.0000000000
8704  26.077  -58.990  -27.630 0.0000000000
9379  23.270  -58.226  -18.657 0.0000000000
9380  22.752  -58.266  -18.441 0.0000000000
9381  21.724  -58.433  -18.718 0.0000000000
9391  41.573  -58.550  -20.547 0.0000000000
9392  41.151  -58.851  -20.303 0.0000000000
9393  40.166  -58.747  -19.872 0.0000000000
9396  32.293  -58.066  -19.782 0.0000000000
9397  31.818  -58.134  -19.836 0.0000000000
9398  30.927  -58.144  -19.992 0.0000000000
9399  24.016  -58.329  -19.450 0.0000000000
9400  23.506  -58.374  -19.162 0.0000000000
9401  22.443  -58.627  -19.414 0.0000000000
9402  21.434  -58.712  -19.612 0.0000000000
9412  42.135  -58.005  -21.658 0.0000000000
9413  41.602  -58.718  -21.195 0.0000000000
9414  41.163  -59.160  -20.821 0.0000000000
9415  35.382  -58.364  -21.096 0.0000000000
9416  34.666  -58.333  -20.756 0.0000000000
9417  33.728  -58.360  -20.491 0.0000000000
9418  32.577  -58.316  -20.175 0.0000000000
9419  31.301  -58.602  -20.552 0.0000000000
9420  30.140  -58.383  -20.643 0.0000000000
9421  29.233  -58.132  -20.822 0.0000000000
9422  28.708  -57.823  -20.777 0.0000000000
9423  25.301  -58.113  -20.661 0.0000000000
9424  24.231  -58.481  -20.096 0.0000000000
9425  23.128  -58.793  -20.169 0.0000000000
9426  22.141  -59.012  -20.442 0.0000000000
9427  21.187  -59.010  -20.307 0.0000000000
9428  20.793  -59.069  -20.282 0.0000000000
9435  42.011  -58.103  -22.487 0.0000000000
9436  41.559  -58.648  -22.208 0.0000000000
9437  37.354  -58.125  -22.202 0.0000000000
9438  36.556  -58.407  -21.834 0.0000000000
9439  35.804  -58.831  -21.739 0.0000000000
9440  34.931  -58.880  -21.433 0.0000000000
9441  34.033  -58.927  -21.254 0.0000000000
9442  33.019  -58.995  -21.137 0.0000000000
9443  31.887  -59.111  -21.214 0.0000000000
9444  30.567  -59.084  -21.720 0.0000000000
9445  29.419  -58.541  -21.580 0.0000000000
9446  28.513  -58.022  -21.410 0.0000000000
9447  28.027  -57.851  -21.573 0.0000000000
9448  25.771  -58.146  -21.655 0.0000000000
9449  24.763  -58.579  -21.423 0.0000000000
9450  23.575  -58.928  -21.189 0.0000000000
9451  22.828  -59.028  -20.810 0.0000000000
9460  42.101  -57.966  -23.229 0.0000000000
9461  41.680  -58.328  -23.358 0.0000000000
9462  41.229  -58.707  -23.727 0.0000000000
9463  38.801  -58.148  -23.567 0.0000000000
9464  37.790  -58.526  -23.108 0.0000000000
9465  36.869  -58.751  -22.475 0.0000000000
9466  36.326  -58.861  -22.112 0.0000000000
9467  30.218  -59.291  -22.540 0.0000000000
9468  29.513  -59.041  -22.611 0.0000000000
9469  28.670  -58.490  -22.320 0.0000000000
9470  27.919  -58.061  -22.025 0.0000000000
9471  27.205  -57.992  -22.460 0.0000000000
9472  26.317  -58.118  -22.585 0.0000000000
9473  25.341  -58.462  -22.558 0.0000000000
9474  24.170  -58.910  -22.468 0.0000000000
9485  41.832  -58.061  -24.206 0.0000000000
9486  41.453  -58.382  -24.241 0.0000000000
9487  39.989  -58.083  -24.631 0.0000000000
9488  39.495  -58.243  -24.436 0.0000000000
9489  38.402  -58.676  -24.167 0.0000000000
9490  29.239  -59.036  -23.117 0.0000000000
9491  28.853  -58.839  -23.215 0.0000000000
9492  27.957  -58.344  -23.136 0.0000000000
9493  26.952  -58.196  -23.456 0.0000000000
9494  25.977  -58.295  -23.581 0.0000000000
9495  24.977  -58.658  -23.653 0.0000000000
9496  23.915  -59.002  -23.800 0.0000000000
9506  41.724  -58.032  -24.582 0.0000000000
9507  41.022  -58.365  -24.839 0.0000000000
9508  40.255  -58.316  -24.963 0.0000000000
9509  39.190  -58.758  -25.299 0.0000000000
9510  38.273  -59.018  -24.874 0.0000000000
9511  28.416  -58.803  -24.027 0.0000000000
9512  27.613  -58.448  -24.355 0.0000000000
9513  26.630  -58.279  -24.547 0.0000000000
9514  25.661  -58.345  -24.673 0.0000000000
9515  24.644  -58.562  -24.824 0.0000000000
9516  23.618  -58.966  -25.056 0.0000000000
9523  40.377  -58.782  -25.314 0.0000000000
9524  39.952  -58.841  -25.671 0.0000000000
9525  39.478  -59.006  -25.887 0.0000000000
9526  29.175  -59.144  -25.641 0.0000000000
9527  28.479  -58.760  -25.294 0.0000000000
9528  27.280  -58.248  -25.591 0.0000000000
9529  26.322  -58.135  -25.555 0.0000000000
9530  25.404  -58.211  -25.833 0.0000000000
9531  24.359  -58.457  -25.899 0.0000000000
9532  23.405  -58.733  -26.052 0.0000000000
9533  22.886  -58.949  -26.335 0.0000000000
9538  29.227  -59.040  -26.479 0.0000000000
9539  27.904  -58.308  -26.643 0.0000000000
9540  27.206  -57.999  -26.444 0.0000000000
9541  24.955  -58.079  -26.525 0.0000000000
9542  24.182  -58.302  -26.842 0.0000000000
9543  23.263  -58.770  -26.725 0.0000000000
9544  22.816  -59.069  -26.727 0.0000000000
9545  28.828  -58.875  -27.565 0.0000000000
9546  27.594  -58.325  -27.482 0.0000000000
9547  26.688  -58.246  -27.531 0.0000000000
9548  25.987  -58.282  -27.579 0.0000000000
9549  25.385  -58.694  -27.548 0.0000000000
9550  24.397  -58.654  -27.433 0.0000000000
9551  23.452  -58.840  -27.180 0.0000000000
9552  22.995  -58.986  -26.982 0.0000000000
9553  28.951  -59.188  -28.068 0.0000000000
9554  28.274  -59.007  -27.952 0.0000000000
9555  27.323  -58.855  -27.752 0.0000000000
9556  26.483  -58.703  -27.637 0.0000000000
9557  25.985  -58.609  -27.600 0.0000000000
10240  33.420  -56.789  -18.925 0.0000000000
10241  32.998  -56.952  -18.760 0.0000000000
10242  31.972  -57.035  -18.697 0.0000000000
10243  30.829  -57.073  -18.776 0.0000000000
10244  29.731  -57.039  -18.898 0.0000000000
10245  28.849  -56.882  -18.953 0.0000000000
10246  25.165  -57.099  -18.627 0.0000000000
10247  24.601  -57.167  -18.255 0.0000000000
10248  23.527  -57.953  -18.403 0.0000000000
10249  23.002  -58.075  -18.141 0.0000000000
10258  42.572  -57.377  -20.548 0.0000000000
10259  41.973  -58.011  -20.298 0.0000000000
10260  40.952  -57.932  -19.663 0.0000000000
10261  39.830  -57.758  -19.543 0.0000000000
10264  34.073  -57.253  -19.609 0.0000000000
10265  33.560  -57.101  -19.241 0.0000000000
10266  32.468  -57.677  -19.391 0.0000000000
10267  31.349  -57.669  -19.370 0.0000000000
10268  30.092  -57.701  -19.724 0.0000000000
10269  29.027  -57.291  -19.632 0.0000000000
10270  27.965  -56.925  -19.459 0.0000000000
10271  26.935  -56.936  -19.695 0.0000000000
10272  26.120  -57.135  -19.594 0.0000000000
10273  25.296  -57.344  -19.138 0.0000000000
10274  24.274  -58.026  -19.124 0.0000000000
10275  23.783  -58.158  -18.880 0.0000000000
10284  42.475  -57.538  -21.280 0.0000000000
10285  42.111  -58.153  -21.050 0.0000000000
10286  36.433  -57.220  -20.845 0.0000000000
10287  35.420  -57.594  -20.563 0.0000000000
10288  34.464  -57.576  -20.062 0.0000000000
10289  33.592  -57.763  -19.827 0.0000000000
10290  33.065  -57.755  -19.619 0.0000000000
10291  29.641  -58.009  -20.357 0.0000000000
10292  29.170  -57.729  -20.293 0.0000000000
10293  28.363  -57.464  -20.401 0.0000000000
10294  27.461  -57.260  -20.381 0.0000000000
10295  26.574  -57.331  -20.316 0.0000000000
10296  25.744  -57.591  -20.086 0.0000000000
10297  24.998  -57.959  -19.805 0.0000000000
10306  42.517  -57.428  -22.443 0.0000000000
10307  38.671  -57.094  -22.286 0.0000000000
10308  37.734  -57.392  -21.858 0.0000000000
10309  36.900  -57.722  -21.491 0.0000000000
10310  36.095  -58.056  -21.201 0.0000000000
10311  28.353  -57.722  -20.953 0.0000000000
10312  27.868  -57.622  -21.173 0.0000000000
10313  27.013  -57.480  -21.094 0.0000000000
10314  26.173  -57.717  -20.945 0.0000000000
10324  42.398  -57.514  -23.412 0.0000000000
10325  42.143  -57.848  -23.594 0.0000000000
10326  41.085  -56.819  -23.574 0.0000000000
10327  40.369  -57.155  -23.529 0.0000000000
10328  39.345  -57.548  -23.274 0.0000000000
10329  38.278  -57.827  -22.678 0.0000000000
10330  27.786  -57.811  -21.630 0.0000000000
10331  27.404  -57.769  -21.705 0.0000000000
10332  26.648  -57.833  -21.756 0.0000000000
10340  42.663  -57.170  -23.968 0.0000000000
10341  42.141  -57.578  -24.160 0.0000000000
10342  41.379  -57.335  -24.239 0.0000000000
10343  40.221  -57.796  -24.371 0.0000000000
10344  39.470  -57.935  -23.910 0.0000000000
10350  41.551  -57.830  -24.706 0.0000000000
10351  40.902  -57.863  -24.859 0.0000000000
10352  40.532  -57.976  -24.824 0.0000000000
10358  26.758  -57.953  -26.185 0.0000000000
10359  26.166  -57.806  -26.375 0.0000000000
10360  25.575  -57.800  -26.635 0.0000000000
10365  27.300  -57.918  -26.779 0.0000000000
10366  26.811  -57.723  -26.770 0.0000000000
10367  26.082  -57.551  -26.994 0.0000000000
10368  25.261  -57.825  -27.087 0.0000000000
10369  24.838  -58.175  -27.257 0.0000000000
10370  27.298  -57.891  -27.039 0.0000000000
10371  26.755  -57.829  -27.258 0.0000000000
10372  26.017  -57.852  -27.385 0.0000000000
10373  25.398  -58.099  -27.430 0.0000000000
10374  24.996  -58.358  -27.423 0.0000000000
11069  30.726  -55.817  -17.627 0.0000000000
11070  29.805  -55.964  -17.581 0.0000000000
11071  28.779  -56.050  -17.712 0.0000000000
11072  27.814  -56.032  -17.812 0.0000000000
11073  26.924  -55.945  -17.906 0.0000000000
11074  26.051  -56.107  -17.859 0.0000000000
11075  25.270  -56.275  -17.701 0.0000000000
11086  41.237  -56.297  -19.255 0.0000000000
11087  40.766  -56.204  -19.275 0.0000000000
11091  34.278  -55.821  -18.966 0.0000000000
11092  33.641  -56.268  -18.804 0.0000000000
11093  32.587  -56.197  -18.336 0.0000000000
11094  31.500  -56.154  -18.085 0.0000000000
11095  30.322  -56.461  -18.190 0.0000000000
11096  29.293  -56.488  -18.315 0.0000000000
11097  28.251  -56.509  -18.506 0.0000000000
11098  27.398  -56.346  -18.458 0.0000000000
11099  26.574  -56.387  -18.507 0.0000000000
11100  25.569  -56.745  -18.489 0.0000000000
11101  24.983  -56.666  -17.966 0.0000000000
11111  44.248  -55.833  -19.538 0.0000000000
11112  43.730  -56.253  -19.667 0.0000000000
11113  42.860  -56.958  -19.874 0.0000000000
11114  41.781  -56.982  -19.421 0.0000000000
11115  40.554  -56.793  -19.399 0.0000000000
11116  39.419  -56.719  -19.312 0.0000000000
11119  35.375  -55.949  -19.791 0.0000000000
11120  34.579  -56.444  -19.484 0.0000000000
11121  33.935  -56.615  -19.175 0.0000000000
11122  27.686  -56.615  -18.874 0.0000000000
11123  27.150  -56.611  -19.054 0.0000000000
11124  26.362  -56.765  -19.102 0.0000000000
11125  25.832  -56.968  -19.105 0.0000000000
11135  44.346  -55.898  -20.178 0.0000000000
11136  43.643  -56.380  -20.596 0.0000000000
11137  43.015  -56.891  -21.006 0.0000000000
11138  37.626  -55.933  -21.085 0.0000000000
11139  37.028  -56.271  -20.819 0.0000000000
11140  35.771  -56.427  -20.235 0.0000000000
11141  35.066  -57.021  -20.063 0.0000000000
11149  44.311  -55.817  -21.379 0.0000000000
11150  43.647  -56.357  -21.707 0.0000000000
11151  43.071  -56.838  -22.156 0.0000000000
11152  40.636  -56.244  -22.605 0.0000000000
11153  40.021  -56.251  -22.334 0.0000000000
11154  39.084  -56.367  -21.972 0.0000000000
11155  37.993  -56.450  -21.475 0.0000000000
11156  37.235  -57.039  -21.232 0.0000000000
11166  44.078  -55.938  -22.242 0.0000000000
11167  43.587  -56.177  -22.661 0.0000000000
11168  42.911  -56.662  -23.486 0.0000000000
11169  42.175  -56.398  -23.540 0.0000000000
11170  41.287  -56.385  -23.065 0.0000000000
11171  40.500  -56.629  -22.947 0.0000000000
11172  39.663  -56.873  -22.674 0.0000000000
11178  42.712  -57.005  -24.213 0.0000000000
11179  42.301  -56.865  -24.125 0.0000000000
11180  41.709  -56.673  -23.864 0.0000000000
11878  29.988  -54.752  -16.478 0.0000000000
11879  29.515  -54.951  -16.487 0.0000000000
11880  28.665  -55.098  -16.494 0.0000000000
11881  27.739  -55.120  -16.545 0.0000000000
11882  26.799  -55.083  -16.619 0.0000000000
11897  32.785  -54.750  -17.736 0.0000000000
11898  32.427  -54.892  -17.624 0.0000000000
11899  31.550  -55.276  -17.457 0.0000000000
11900  30.373  -55.127  -16.869 0.0000000000
11901  29.244  -55.532  -16.992 0.0000000000
11902  28.258  -55.568  -17.137 0.0000000000
11903  27.318  -55.517  -17.253 0.0000000000
11904  26.399  -55.516  -17.311 0.0000000000
11915  44.777  -54.809  -18.785 0.0000000000
11916  44.227  -55.084  -18.718 0.0000000000
11917  43.303  -55.372  -18.847 0.0000000000
11918  42.141  -55.820  -19.083 0.0000000000
11919  40.869  -55.618  -19.168 0.0000000000
11920  39.670  -55.678  -19.059 0.0000000000
11923  34.063  -55.190  -18.623 0.0000000000
11924  33.125  -55.083  -18.017 0.0000000000
11925  32.180  -55.569  -17.859 0.0000000000
11926  31.757  -55.682  -17.794 0.0000000000
11934  45.618  -54.762  -19.659 0.0000000000
11935  44.932  -55.224  -19.434 0.0000000000
11936  43.982  -55.794  -19.086 0.0000000000
11937  43.114  -56.194  -19.219 0.0000000000
11938  42.493  -56.528  -19.331 0.0000000000
11939  40.371  -56.102  -19.277 0.0000000000
11940  39.995  -56.301  -19.327 0.0000000000
11941  35.298  -55.361  -19.578 0.0000000000
11942  34.704  -55.277  -19.088 0.0000000000
11952  45.702  -54.803  -20.343 0.0000000000
11953  44.973  -55.349  -20.736 0.0000000000
11954  38.397  -55.122  -21.159 0.0000000000
11955  37.532  -55.317  -20.844 0.0000000000
11956  36.531  -55.385  -20.380 0.0000000000
11957  35.795  -55.505  -19.983 0.0000000000
11965  45.477  -54.873  -21.268 0.0000000000
11966  45.021  -55.254  -21.788 0.0000000000
11967  43.055  -55.181  -22.614 0.0000000000
11968  42.021  -55.289  -22.309 0.0000000000
11969  40.811  -55.693  -22.167 0.0000000000
11970  39.598  -55.720  -21.753 0.0000000000
11971  38.675  -55.758  -21.485 0.0000000000
11972  38.010  -55.702  -21.232 0.0000000000
11983  44.471  -55.478  -22.269 0.0000000000
11984  43.962  -55.602  -22.660 0.0000000000
11985  43.376  -55.780  -22.937 0.0000000000
11986  42.646  -55.869  -23.068 0.0000000000
11987  41.822  -55.939  -22.849 0.0000000000
12639  29.424  -53.944  -15.878 0.0000000000
12640  28.638  -53.958  -15.634 0.0000000000
12641  27.718  -53.992  -15.467 0.0000000000
12642  26.751  -54.011  -15.414 0.0000000000
12664  30.769  -54.050  -16.543 0.0000000000
12665  30.298  -54.365  -16.428 0.0000000000
12666  29.709  -54.433  -16.238 0.0000000000
12667  29.032  -54.539  -16.066 0.0000000000
12668  28.176  -54.615  -15.957 0.0000000000
12669  27.243  -54.655  -15.914 0.0000000000
12687  32.739  -54.263  -17.623 0.0000000000
12688  32.017  -54.341  -17.253 0.0000000000
12689  31.199  -54.360  -16.862 0.0000000000
12690  30.678  -54.488  -16.661 0.0000000000
12701  46.555  -54.052  -19.234 0.0000000000
12702  46.194  -54.180  -18.958 0.0000000000
12703  45.348  -54.375  -18.775 0.0000000000
12704  44.538  -54.328  -18.649 0.0000000000
12705  43.664  -54.455  -18.686 0.0000000000
12706  42.660  -54.619  -18.856 0.0000000000
12707  41.540  -54.659  -19.037 0.0000000000
12708  40.351  -54.593  -18.963 0.0000000000
12709  39.130  -54.527  -18.533 0.0000000000
12711  33.825  -54.372  -18.338 0.0000000000
12712  33.362  -53.956  -17.963 0.0000000000
12722  46.776  -53.964  -19.509 0.0000000000
12723  46.248  -54.413  -19.653 0.0000000000
12724  45.656  -54.591  -19.274 0.0000000000
12725  35.162  -54.529  -19.376 0.0000000000
12726  34.539  -54.198  -18.823 0.0000000000
12739  46.829  -54.054  -20.086 0.0000000000
12740  46.373  -54.364  -20.415 0.0000000000
12741  40.612  -53.898  -21.197 0.0000000000
12742  40.103  -54.165  -21.175 0.0000000000
12743  39.123  -54.433  -21.096 0.0000000000
12744  38.095  -54.398  -20.836 0.0000000000
12745  37.107  -54.397  -20.530 0.0000000000
12746  35.977  -54.378  -19.995 0.0000000000
12755  46.730  -53.956  -20.728 0.0000000000
12756  46.178  -54.290  -21.208 0.0000000000
12757  45.434  -54.525  -21.916 0.0000000000
12758  44.747  -54.498  -22.287 0.0000000000
12759  43.768  -54.541  -22.336 0.0000000000
12760  42.595  -54.494  -21.838 0.0000000000
12761  41.154  -54.462  -21.481 0.0000000000
12762  39.964  -54.949  -21.476 0.0000000000
12763  39.122  -55.189  -21.391 0.0000000000
12775  44.895  -55.032  -22.346 0.0000000000
12776  44.337  -55.090  -22.617 0.0000000000
12777  43.747  -55.244  -22.725 0.0000000000
12802  34.219  -54.592  -25.132 0.0000000000
12816  36.630  -54.390  -26.294 0.0000000000
12817  35.760  -54.562  -26.113 0.0000000000
12818  34.684  -54.673  -25.903 0.0000000000
12828  41.243  -54.394  -27.933 0.0000000000
12829  40.672  -54.546  -27.724 0.0000000000
12830  39.686  -54.531  -27.476 0.0000000000
12831  38.576  -54.490  -27.223 0.0000000000
12832  37.329  -54.518  -26.958 0.0000000000
12833  36.087  -54.627  -27.063 0.0000000000
12834  34.963  -54.700  -26.997 0.0000000000
12835  33.855  -54.619  -26.892 0.0000000000
12839  41.132  -54.274  -28.134 0.0000000000
12840  40.575  -54.374  -28.245 0.0000000000
12841  39.860  -54.609  -28.209 0.0000000000
12842  38.882  -54.642  -28.105 0.0000000000
12843  37.764  -54.674  -27.977 0.0000000000
12844  36.539  -54.752  -27.968 0.0000000000
12845  35.304  -54.708  -27.965 0.0000000000
12846  34.148  -54.613  -27.876 0.0000000000
12847  33.102  -54.322  -27.674 0.0000000000
12849  40.248  -54.244  -28.471 0.0000000000
12850  39.905  -54.220  -28.581 0.0000000000
12851  39.083  -54.310  -28.815 0.0000000000
12852  38.148  -54.496  -28.749 0.0000000000
12853  37.042  -54.478  -28.742 0.0000000000
12854  35.741  -54.332  -28.802 0.0000000000
12855  34.541  -54.294  -28.626 0.0000000000
12856  33.539  -54.098  -28.388 0.0000000000
12857  38.425  -54.158  -29.251 0.0000000000
12858  37.598  -54.068  -29.320 0.0000000000
12859  36.503  -53.902  -29.277 0.0000000000
12860  35.632  -53.734  -29.276 0.0000000000
13473  30.270  -53.185  -16.190 0.0000000000
13474  29.895  -53.372  -15.990 0.0000000000
13475  29.139  -53.227  -15.670 0.0000000000
13476  28.216  -53.155  -15.384 0.0000000000
13477  27.251  -53.187  -15.160 0.0000000000
13491  31.044  -53.428  -16.689 0.0000000000
13492  30.424  -53.595  -16.317 0.0000000000
13493  29.972  -53.959  -16.134 0.0000000000
13508  32.899  -53.312  -17.813 0.0000000000
13509  32.220  -53.505  -17.415 0.0000000000
13510  31.628  -53.660  -17.026 0.0000000000
13521  47.480  -53.083  -19.443 0.0000000000
13522  46.925  -53.521  -18.969 0.0000000000
13523  46.054  -53.506  -18.592 0.0000000000
13524  45.098  -53.519  -18.586 0.0000000000
13525  44.145  -53.555  -18.703 0.0000000000
13526  43.176  -53.632  -18.813 0.0000000000
13527  42.158  -53.662  -18.964 0.0000000000
13528  41.063  -53.608  -18.969 0.0000000000
13529  39.934  -53.498  -18.766 0.0000000000
13531  33.843  -53.436  -18.423 0.0000000000
13532  33.332  -53.311  -18.087 0.0000000000
13543  47.543  -53.054  -20.089 0.0000000000
13544  47.169  -53.570  -19.741 0.0000000000
13545  35.188  -53.455  -19.489 0.0000000000
13546  34.482  -53.181  -18.954 0.0000000000
13558  47.544  -53.030  -20.538 0.0000000000
13559  47.225  -53.487  -20.504 0.0000000000
13560  40.268  -53.603  -21.108 0.0000000000
13561  39.595  -53.617  -20.986 0.0000000000
13562  38.712  -53.613  -20.846 0.0000000000
13563  37.778  -53.543  -20.676 0.0000000000
13564  36.833  -53.409  -20.446 0.0000000000
13565  35.988  -53.060  -20.123 0.0000000000
13572  47.528  -53.029  -20.938 0.0000000000
13573  46.994  -53.441  -21.346 0.0000000000
13574  46.217  -53.651  -21.902 0.0000000000
13575  45.354  -53.742  -21.977 0.0000000000
13576  44.415  -53.731  -21.908 0.0000000000
13577  43.355  -53.656  -21.614 0.0000000000
13578  42.154  -53.548  -21.354 0.0000000000
13579  40.984  -53.361  -21.220 0.0000000000
13603  35.639  -53.281  -23.785 0.0000000000
13604  35.077  -53.588  -23.799 0.0000000000
13617  37.488  -53.165  -24.541 0.0000000000
13618  36.932  -53.425  -24.608 0.0000000000
13619  35.928  -53.640  -24.367 0.0000000000
13620  34.817  -54.234  -24.463 0.0000000000
13633  41.113  -53.776  -26.441 0.0000000000
13634  40.187  -53.679  -26.025 0.0000000000
13635  39.053  -53.577  -25.649 0.0000000000
13636  37.855  -53.478  -25.142 0.0000000000
13637  36.570  -54.004  -25.381 0.0000000000
13638  35.464  -54.363  -25.193 0.0000000000
13639  34.825  -54.541  -25.145 0.0000000000
13647  44.340  -53.281  -27.405 0.0000000000
13648  43.940  -53.653  -27.395 0.0000000000
13649  43.029  -53.939  -27.356 0.0000000000
13650  41.719  -54.133  -27.244 0.0000000000
13651  40.506  -54.223  -26.940 0.0000000000
13652  39.405  -54.147  -26.579 0.0000000000
13653  38.277  -54.078  -26.247 0.0000000000
13654  37.347  -54.118  -25.991 0.0000000000
13657  44.287  -53.093  -27.501 0.0000000000
13658  43.885  -53.311  -27.574 0.0000000000
13659  43.093  -53.595  -27.622 0.0000000000
13660  41.794  -53.964  -27.811 0.0000000000
13661  40.856  -54.015  -28.266 0.0000000000
13662  32.613  -53.770  -28.114 0.0000000000
13664  40.169  -53.945  -28.588 0.0000000000
13665  39.357  -53.672  -29.298 0.0000000000
13666  38.841  -54.033  -29.375 0.0000000000
13667  34.887  -53.801  -29.159 0.0000000000
13668  34.028  -53.582  -28.882 0.0000000000
13669  33.354  -53.565  -28.407 0.0000000000
13670  39.085  -53.154  -30.203 0.0000000000
13671  38.358  -53.611  -29.807 0.0000000000
13672  37.117  -53.239  -29.683 0.0000000000
13673  36.037  -53.222  -29.516 0.0000000000
13674  35.214  -53.242  -29.365 0.0000000000
13675  34.587  -53.239  -29.204 0.0000000000
13676  38.914  -52.751  -30.420 0.0000000000
13677  38.465  -52.895  -30.340 0.0000000000
13678  37.784  -52.936  -30.151 0.0000000000
14295  27.474  -51.911  -15.161 0.0000000000
14296  27.289  -52.083  -15.027 0.0000000000
14307  30.140  -52.999  -16.094 0.0000000000
14308  29.725  -52.718  -15.971 0.0000000000
14309  28.731  -52.211  -15.739 0.0000000000
14310  27.686  -52.261  -15.232 0.0000000000
14311  26.859  -52.324  -14.946 0.0000000000
14327  31.026  -52.964  -16.748 0.0000000000
14328  30.496  -52.819  -16.488 0.0000000000
14329  29.531  -51.968  -16.557 0.0000000000
14330  28.848  -51.705  -16.233 0.0000000000
14343  32.818  -52.904  -17.951 0.0000000000
14344  32.417  -52.871  -17.792 0.0000000000
14345  31.391  -52.807  -17.220 0.0000000000
14346  30.386  -52.176  -17.198 0.0000000000
14347  29.715  -51.781  -17.311 0.0000000000
14359  47.601  -52.551  -18.964 0.0000000000
14360  46.782  -52.562  -18.517 0.0000000000
14361  45.748  -52.566  -18.484 0.0000000000
14362  44.711  -52.603  -18.662 0.0000000000
14363  43.725  -52.691  -18.859 0.0000000000
14364  42.768  -52.727  -18.940 0.0000000000
14365  41.766  -52.665  -18.946 0.0000000000
14366  40.711  -52.568  -18.793 0.0000000000
14369  33.930  -52.667  -18.863 0.0000000000
14370  33.037  -52.684  -18.343 0.0000000000
14371  31.903  -52.392  -18.192 0.0000000000
14372  30.859  -52.237  -18.011 0.0000000000
14373  29.978  -51.904  -17.938 0.0000000000
14374  29.602  -51.578  -17.647 0.0000000000
14386  47.891  -52.553  -19.758 0.0000000000
14387  35.332  -52.608  -19.967 0.0000000000
14388  34.529  -52.466  -19.601 0.0000000000
14389  33.402  -52.286  -19.464 0.0000000000
14390  32.274  -52.219  -19.169 0.0000000000
14391  31.178  -52.207  -18.954 0.0000000000
14392  30.264  -52.060  -18.755 0.0000000000
14406  48.233  -52.222  -21.170 0.0000000000
14407  47.947  -52.588  -20.620 0.0000000000
14408  40.137  -53.032  -21.072 0.0000000000
14409  39.297  -52.932  -20.968 0.0000000000
14410  38.422  -52.853  -20.864 0.0000000000
14411  37.539  -52.727  -20.761 0.0000000000
14412  36.668  -52.461  -20.674 0.0000000000
14413  35.809  -52.269  -20.505 0.0000000000
14414  34.988  -52.069  -20.441 0.0000000000
14415  33.929  -52.059  -20.704 0.0000000000
14416  32.569  -52.328  -20.316 0.0000000000
14429  48.235  -52.095  -21.494 0.0000000000
14430  47.791  -52.464  -21.565 0.0000000000
14431  47.012  -52.861  -22.108 0.0000000000
14432  45.998  -52.693  -22.163 0.0000000000
14433  45.060  -52.981  -21.743 0.0000000000
14434  44.137  -52.813  -21.646 0.0000000000
14435  42.991  -52.687  -21.472 0.0000000000
14436  41.839  -52.592  -21.410 0.0000000000
14437  40.806  -52.496  -21.398 0.0000000000
14438  39.894  -52.403  -21.339 0.0000000000
14439  39.020  -52.332  -21.264 0.0000000000
14440  38.164  -52.208  -21.163 0.0000000000
14441  37.340  -52.071  -21.102 0.0000000000
14442  35.352  -51.899  -22.107 0.0000000000
14443  34.812  -52.131  -22.118 0.0000000000
14444  33.966  -52.375  -21.870 0.0000000000
14460  48.030  -52.039  -22.066 0.0000000000
14461  47.616  -52.116  -22.261 0.0000000000
14462  46.928  -52.202  -22.437 0.0000000000
14463  36.985  -51.896  -22.880 0.0000000000
14464  36.476  -52.109  -22.947 0.0000000000
14465  35.573  -52.265  -22.697 0.0000000000
14466  34.458  -52.920  -22.769 0.0000000000
14483  38.683  -51.873  -23.519 0.0000000000
14484  38.217  -52.097  -23.626 0.0000000000
14485  37.287  -52.237  -23.451 0.0000000000
14486  36.225  -52.814  -23.638 0.0000000000
14487  35.277  -53.026  -23.360 0.0000000000
14488  34.718  -53.370  -23.348 0.0000000000
14499  42.274  -52.202  -24.886 0.0000000000
14500  41.625  -52.277  -24.823 0.0000000000
14501  40.502  -52.284  -24.589 0.0000000000
14502  39.183  -52.193  -24.083 0.0000000000
14503  38.004  -52.748  -24.345 0.0000000000
14504  37.088  -52.927  -24.135 0.0000000000
14505  36.559  -53.219  -24.178 0.0000000000
14522  45.267  -52.507  -26.788 0.0000000000
14523  44.704  -52.792  -26.527 0.0000000000
14524  43.729  -52.909  -26.147 0.0000000000
14525  42.487  -52.747  -25.588 0.0000000000
14526  41.104  -53.058  -25.558 0.0000000000
14527  39.793  -52.937  -25.149 0.0000000000
14528  38.699  -53.024  -24.836 0.0000000000
14529  38.206  -53.107  -24.753 0.0000000000
14540  45.217  -52.523  -27.102 0.0000000000
14541  44.717  -53.200  -27.136 0.0000000000
14542  44.041  -53.773  -26.867 0.0000000000
14543  42.897  -53.634  -26.676 0.0000000000
14544  41.903  -53.541  -26.336 0.0000000000
14545  34.550  -52.435  -27.393 0.0000000000
14546  33.612  -52.685  -27.343 0.0000000000
14550  45.121  -52.403  -27.250 0.0000000000
14551  44.720  -52.759  -27.336 0.0000000000
14552  44.056  -52.790  -27.566 0.0000000000
14553  43.245  -52.942  -27.743 0.0000000000
14554  42.113  -53.112  -27.679 0.0000000000
14555  40.717  -53.157  -28.035 0.0000000000
14556  40.016  -52.594  -28.329 0.0000000000
14557  34.817  -52.369  -28.247 0.0000000000
14558  33.953  -52.755  -28.138 0.0000000000
14559  33.110  -53.151  -27.992 0.0000000000
14561  40.355  -53.609  -28.387 0.0000000000
14562  39.774  -52.994  -28.771 0.0000000000
14563  35.148  -52.344  -28.919 0.0000000000
14564  34.334  -52.816  -28.846 0.0000000000
14565  33.701  -53.159  -28.505 0.0000000000
14566  39.595  -52.726  -29.906 0.0000000000
14567  37.187  -52.382  -30.024 0.0000000000
14568  36.408  -52.502  -29.691 0.0000000000
14569  35.612  -52.545  -29.396 0.0000000000
14570  34.897  -52.803  -29.216 0.0000000000
14571  39.280  -52.460  -30.391 0.0000000000
14572  38.689  -52.285  -30.471 0.0000000000
14573  37.940  -52.292  -30.352 0.0000000000
15245  27.303  -51.774  -15.127 0.0000000000
15246  27.086  -51.798  -15.009 0.0000000000
15256  28.037  -51.779  -15.587 0.0000000000
15257  27.471  -51.443  -15.398 0.0000000000
15258  26.596  -51.480  -15.134 0.0000000000
15272  28.882  -51.441  -16.583 0.0000000000
15273  28.219  -51.223  -16.114 0.0000000000
15274  27.724  -51.008  -15.828 0.0000000000
15287  29.170  -51.216  -17.281 0.0000000000
15288  28.689  -51.084  -16.716 0.0000000000
15297  47.503  -51.455  -18.591 0.0000000000
15298  46.390  -51.514  -18.309 0.0000000000
15299  45.303  -51.581  -18.467 0.0000000000
15300  44.225  -51.676  -18.688 0.0000000000
15301  43.331  -51.904  -18.865 0.0000000000
15302  42.499  -51.738  -18.879 0.0000000000
15303  41.475  -51.673  -18.767 0.0000000000
15307  29.787  -51.709  -18.548 0.0000000000
15308  29.561  -51.404  -18.044 0.0000000000
15316  48.433  -51.703  -20.273 0.0000000000
15317  48.179  -51.774  -19.496 0.0000000000
15319  29.598  -51.280  -18.615 0.0000000000
15334  48.418  -52.013  -20.748 0.0000000000
15335  48.294  -52.160  -20.143 0.0000000000
15336  36.809  -51.982  -21.082 0.0000000000
15337  36.280  -51.928  -21.101 0.0000000000
15338  35.497  -51.846  -21.063 0.0000000000
15339  34.808  -51.807  -21.028 0.0000000000
15356  48.414  -51.850  -21.309 0.0000000000
15357  48.272  -51.823  -21.800 0.0000000000
15358  45.790  -52.168  -22.220 0.0000000000
15359  45.137  -52.168  -21.953 0.0000000000
15360  43.843  -52.013  -21.865 0.0000000000
15361  42.632  -51.932  -21.782 0.0000000000
15362  41.520  -51.892  -21.757 0.0000000000
15363  40.526  -51.867  -21.748 0.0000000000
15364  39.614  -51.852  -21.736 0.0000000000
15365  38.742  -51.832  -21.741 0.0000000000
15366  37.863  -51.763  -21.748 0.0000000000
15367  36.921  -51.747  -21.676 0.0000000000
15368  35.941  -51.735  -21.889 0.0000000000
15369  35.148  -51.818  -21.605 0.0000000000
15370  34.512  -51.950  -21.471 0.0000000000
15387  48.085  -51.649  -22.314 0.0000000000
15388  47.576  -51.581  -22.807 0.0000000000
15389  46.184  -51.723  -22.624 0.0000000000
15390  44.732  -51.470  -22.603 0.0000000000
15391  43.401  -51.460  -22.532 0.0000000000
15392  42.194  -51.491  -22.461 0.0000000000
15393  41.131  -51.513  -22.414 0.0000000000
15394  40.178  -51.539  -22.387 0.0000000000
15395  39.304  -51.595  -22.418 0.0000000000
15396  38.458  -51.648  -22.469 0.0000000000
15397  37.530  -51.733  -22.624 0.0000000000
15398  36.666  -51.770  -22.416 0.0000000000
15399  36.153  -51.906  -22.501 0.0000000000
15412  47.186  -51.255  -23.847 0.0000000000
15413  45.488  -51.247  -23.873 0.0000000000
15414  44.195  -51.295  -23.690 0.0000000000
15415  42.816  -51.381  -23.429 0.0000000000
15416  41.689  -51.439  -23.292 0.0000000000
15417  40.681  -51.483  -23.165 0.0000000000
15418  39.810  -51.507  -23.093 0.0000000000
15419  39.031  -51.631  -23.206 0.0000000000
15420  38.284  -51.725  -23.132 0.0000000000
15421  37.817  -51.879  -23.234 0.0000000000
15438  46.448  -51.271  -25.048 0.0000000000
15439  45.250  -51.452  -24.892 0.0000000000
15440  44.255  -51.568  -24.720 0.0000000000
15441  43.283  -51.648  -24.373 0.0000000000
15442  42.219  -51.763  -24.251 0.0000000000
15443  41.142  -51.760  -24.003 0.0000000000
15444  40.146  -51.761  -23.767 0.0000000000
15445  39.548  -51.734  -23.543 0.0000000000
15462  46.404  -51.330  -26.031 0.0000000000
15463  45.600  -51.954  -26.021 0.0000000000
15464  44.553  -52.159  -25.624 0.0000000000
15465  43.520  -52.189  -25.225 0.0000000000
15466  42.758  -52.095  -24.864 0.0000000000
15470  46.311  -51.182  -26.378 0.0000000000
15471  45.678  -51.720  -26.754 0.0000000000
15472  44.897  -51.453  -27.099 0.0000000000
15473  43.925  -51.422  -27.069 0.0000000000
15474  42.870  -51.417  -26.964 0.0000000000
15475  41.792  -51.405  -26.819 0.0000000000
15476  41.145  -51.324  -26.778 0.0000000000
15478  35.444  -51.913  -27.490 0.0000000000
15479  45.349  -52.249  -27.115 0.0000000000
15480  45.129  -52.154  -27.230 0.0000000000
15481  44.427  -52.131  -27.374 0.0000000000
15482  43.521  -52.171  -27.437 0.0000000000
15483  42.452  -52.224  -27.378 0.0000000000
15484  41.043  -52.015  -27.213 0.0000000000
15485  40.059  -52.027  -27.924 0.0000000000
15486  36.292  -51.162  -28.613 0.0000000000
15487  35.610  -51.796  -28.407 0.0000000000
15488  39.732  -52.117  -28.596 0.0000000000
15489  36.472  -51.070  -29.210 0.0000000000
15490  35.913  -51.751  -29.171 0.0000000000
15491  40.291  -51.372  -30.219 0.0000000000
15492  39.839  -51.720  -29.701 0.0000000000
15493  37.440  -51.718  -30.205 0.0000000000
15494  36.683  -51.598  -29.724 0.0000000000
15495  36.091  -52.072  -29.542 0.0000000000
15496  40.308  -51.419  -30.482 0.0000000000
15497  39.913  -51.780  -30.476 0.0000000000
15498  39.239  -51.658  -30.582 0.0000000000
15499  38.231  -51.434  -30.448 0.0000000000
16128  26.982  -50.929  -15.421 0.0000000000
16129  26.491  -50.741  -15.544 0.0000000000
16139  27.976  -50.553  -16.344 0.0000000000
16140  27.386  -50.559  -15.899 0.0000000000
16141  26.468  -50.093  -16.053 0.0000000000
16150  46.523  -49.846  -17.907 0.0000000000
16151  46.174  -49.780  -17.760 0.0000000000
16152  45.304  -49.855  -17.563 0.0000000000
16153  44.298  -49.991  -17.723 0.0000000000
16157  28.974  -50.488  -17.488 0.0000000000
16158  28.492  -50.456  -16.879 0.0000000000
16167  47.537  -50.644  -18.671 0.0000000000
16168  46.831  -50.318  -18.182 0.0000000000
16169  45.847  -50.592  -18.067 0.0000000000
16170  44.768  -50.692  -18.228 0.0000000000
16171  43.443  -50.724  -18.509 0.0000000000
16172  42.246  -50.787  -18.658 0.0000000000
16177  29.361  -50.613  -18.137 0.0000000000
16187  48.428  -51.213  -20.116 0.0000000000
16188  48.047  -50.744  -19.390 0.0000000000
16211  48.507  -51.421  -20.955 0.0000000000
16212  48.195  -50.673  -20.678 0.0000000000
16213  47.811  -50.324  -20.995 0.0000000000
16231  48.430  -51.538  -21.531 0.0000000000
16232  48.385  -51.176  -21.930 0.0000000000
16233  47.902  -50.552  -21.715 0.0000000000
16245  48.139  -51.276  -22.592 0.0000000000
16246  48.014  -50.836  -23.012 0.0000000000
16254  47.493  -50.693  -23.971 0.0000000000
16255  45.077  -51.157  -24.062 0.0000000000
16256  44.859  -51.166  -23.939 0.0000000000
16265  47.193  -50.877  -24.634 0.0000000000
16266  45.177  -51.233  -24.276 0.0000000000
16267  44.801  -51.264  -24.260 0.0000000000
16274  46.818  -50.732  -25.404 0.0000000000
16275  46.441  -50.366  -25.843 0.0000000000
16276  45.681  -50.147  -26.075 0.0000000000
16277  44.695  -50.186  -26.048 0.0000000000
16278  43.692  -50.260  -25.937 0.0000000000
16279  42.825  -50.227  -25.909 0.0000000000
16282  46.579  -50.884  -26.101 0.0000000000
16283  46.148  -50.801  -26.421 0.0000000000
16284  45.334  -50.785  -26.631 0.0000000000
16285  44.354  -50.767  -26.632 0.0000000000
16286  43.315  -50.746  -26.518 0.0000000000
16287  42.181  -50.609  -26.303 0.0000000000
16288  41.153  -50.722  -26.430 0.0000000000
16289  40.403  -50.487  -26.601 0.0000000000
16292  40.713  -51.109  -26.811 0.0000000000
16293  39.994  -50.958  -27.248 0.0000000000
16296  39.651  -51.087  -28.455 0.0000000000
16298  36.722  -50.380  -28.915 0.0000000000
16301  39.880  -50.644  -29.430 0.0000000000
16302  37.426  -50.912  -30.078 0.0000000000
16303  36.956  -50.554  -29.517 0.0000000000
16307  40.084  -51.006  -31.077 0.0000000000
16308  38.988  -50.680  -30.653 0.0000000000
16309  38.073  -50.391  -30.350 0.0000000000
16313  40.411  -50.218  -31.238 0.0000000000
16981  45.166  -48.023  -16.872 0.0000000000
16982  44.718  -48.381  -16.773 0.0000000000
16983  43.951  -48.718  -16.801 0.0000000000
16986  27.841  -49.960  -16.514 0.0000000000
16987  27.186  -49.460  -16.493 0.0000000000
16997  46.424  -49.521  -17.905 0.0000000000
16998  45.606  -48.826  -17.357 0.0000000000
16999  44.595  -49.238  -17.097 0.0000000000
17000  43.168  -49.425  -17.575 0.0000000000
17008  28.892  -49.658  -17.622 0.0000000000
17009  28.230  -49.464  -16.978 0.0000000000
17010  27.739  -49.384  -16.693 0.0000000000
17021  47.425  -50.174  -18.882 0.0000000000
17022  46.755  -49.638  -18.567 0.0000000000
17023  46.163  -48.967  -18.203 0.0000000000
17024  42.748  -50.160  -18.354 0.0000000000
17025  42.027  -49.913  -18.369 0.0000000000
17044  47.643  -50.241  -19.564 0.0000000000
17045  47.101  -49.834  -19.449 0.0000000000
17046  46.073  -49.405  -19.272 0.0000000000
17047  45.398  -49.343  -19.780 0.0000000000
17067  47.899  -50.438  -19.964 0.0000000000
17068  47.565  -50.166  -20.312 0.0000000000
17069  46.744  -49.787  -20.363 0.0000000000
17070  45.737  -49.560  -20.538 0.0000000000
17071  44.941  -49.490  -21.020 0.0000000000
17088  47.351  -50.112  -21.202 0.0000000000
17089  46.550  -49.809  -21.458 0.0000000000
17090  45.630  -49.590  -21.717 0.0000000000
17091  44.670  -49.440  -21.904 0.0000000000
17096  47.279  -50.284  -22.274 0.0000000000
17097  46.468  -49.833  -22.578 0.0000000000
17098  45.492  -49.546  -22.767 0.0000000000
17099  44.447  -49.380  -22.942 0.0000000000
17100  43.820  -49.302  -23.269 0.0000000000
17108  47.265  -50.264  -23.432 0.0000000000
17109  46.392  -49.776  -23.644 0.0000000000
17110  45.355  -49.563  -23.746 0.0000000000
17111  44.399  -49.438  -23.840 0.0000000000
17112  43.526  -49.252  -23.805 0.0000000000
17121  47.094  -50.257  -24.515 0.0000000000
17122  46.209  -49.727  -24.577 0.0000000000
17123  45.196  -49.557  -24.619 0.0000000000
17124  44.181  -49.488  -24.604 0.0000000000
17125  43.094  -49.327  -24.546 0.0000000000
17126  42.228  -49.285  -24.845 0.0000000000
17127  41.496  -49.207  -24.982 0.0000000000
17134  46.669  -50.101  -25.220 0.0000000000
17135  45.956  -49.782  -25.370 0.0000000000
17136  44.972  -49.704  -25.400 0.0000000000
17137  43.939  -49.720  -25.339 0.0000000000
17138  42.960  -49.700  -25.379 0.0000000000
17139  41.992  -49.741  -25.569 0.0000000000
17140  40.916  -49.429  -25.484 0.0000000000
17141  40.236  -49.330  -25.945 0.0000000000
17143  41.360  -50.083  -25.963 0.0000000000
17144  40.616  -49.956  -26.139 0.0000000000
17145  39.813  -49.647  -26.671 0.0000000000
17147  39.615  -49.968  -27.797 0.0000000000
17149  39.980  -49.415  -29.081 0.0000000000
17150  39.629  -50.051  -28.731 0.0000000000
17151  37.195  -49.547  -29.099 0.0000000000
17152  36.975  -50.112  -29.247 0.0000000000
17155  39.875  -50.006  -29.278 0.0000000000
17156  37.536  -49.870  -29.867 0.0000000000
17157  37.146  -50.021  -29.436 0.0000000000
17161  39.684  -49.713  -30.937 0.0000000000
17162  38.573  -49.730  -30.470 0.0000000000
17163  38.014  -49.800  -30.247 0.0000000000
17168  40.317  -49.755  -31.241 0.0000000000
17923  45.039  -47.601  -16.883 0.0000000000
17924  44.639  -47.665  -16.719 0.0000000000
17925  43.813  -47.879  -16.503 0.0000000000
17926  42.680  -47.832  -16.451 0.0000000000
17933  27.252  -49.053  -16.768 0.0000000000
17934  26.972  -48.943  -16.836 0.0000000000
17945  45.247  -47.832  -17.143 0.0000000000
17946  44.986  -47.648  -17.444 0.0000000000
17947  43.195  -48.504  -16.781 0.0000000000
17948  42.246  -48.547  -17.035 0.0000000000
17954  28.901  -49.049  -17.715 0.0000000000
17955  28.550  -48.758  -17.554 0.0000000000
17956  27.597  -48.814  -17.047 0.0000000000
17969  45.411  -48.319  -17.951 0.0000000000
17970  44.388  -47.788  -18.141 0.0000000000
17971  43.242  -47.773  -18.616 0.0000000000
17972  42.606  -47.737  -18.853 0.0000000000
17992  45.710  -48.880  -18.581 0.0000000000
17993  44.934  -48.861  -19.206 0.0000000000
17994  43.598  -48.425  -19.390 0.0000000000
17995  42.668  -48.118  -19.396 0.0000000000
18006  44.946  -49.356  -20.228 0.0000000000
18007  43.992  -49.054  -20.768 0.0000000000
18008  42.541  -48.435  -20.533 0.0000000000
18009  41.821  -48.210  -21.049 0.0000000000
18025  43.766  -49.232  -22.186 0.0000000000
18026  42.906  -48.768  -21.799 0.0000000000
18027  42.016  -48.399  -21.649 0.0000000000
18040  43.759  -49.267  -22.831 0.0000000000
18041  43.179  -49.031  -22.899 0.0000000000
18042  42.046  -48.579  -22.723 0.0000000000
18043  41.468  -48.466  -23.212 0.0000000000
18050  42.642  -48.967  -23.636 0.0000000000
18051  41.846  -48.730  -23.640 0.0000000000
18052  41.134  -48.535  -23.750 0.0000000000
18061  42.266  -49.042  -24.196 0.0000000000
18062  41.602  -48.940  -24.334 0.0000000000
18063  40.810  -48.736  -24.675 0.0000000000
18069  40.172  -48.669  -25.506 0.0000000000
18070  39.891  -48.901  -26.153 0.0000000000
18072  39.770  -48.317  -26.095 0.0000000000
18073  39.741  -48.573  -26.695 0.0000000000
18075  39.909  -48.252  -27.851 0.0000000000
18076  39.709  -48.798  -27.558 0.0000000000
18078  40.113  -48.530  -28.464 0.0000000000
18079  39.733  -49.312  -28.318 0.0000000000
18085  37.876  -48.619  -29.672 0.0000000000
18095  38.765  -48.555  -30.457 0.0000000000
18096  38.105  -49.298  -30.161 0.0000000000
18932  45.192  -47.414  -16.911 0.0000000000
18933  44.657  -47.148  -16.885 0.0000000000
18934  43.954  -47.008  -16.550 0.0000000000
18935  43.098  -47.009  -16.220 0.0000000000
18936  42.014  -47.073  -16.195 0.0000000000
18946  45.016  -47.392  -17.065 0.0000000000
18947  44.562  -47.125  -17.260 0.0000000000
18948  44.019  -46.816  -17.383 0.0000000000
18949  43.429  -46.665  -17.591 0.0000000000
18950  28.080  -48.297  -17.508 0.0000000000
18959  44.186  -47.246  -17.614 0.0000000000
18960  43.653  -47.238  -17.897 0.0000000000
18961  42.545  -47.087  -18.267 0.0000000000
18962  41.712  -46.606  -18.340 0.0000000000
18982  42.053  -47.756  -19.288 0.0000000000
18983  41.211  -47.100  -19.220 0.0000000000
18984  40.458  -46.900  -19.733 0.0000000000
18999  42.149  -48.104  -19.892 0.0000000000
19000  41.482  -47.839  -20.414 0.0000000000
19001  40.570  -47.255  -20.308 0.0000000000
19011  41.368  -48.020  -21.599 0.0000000000
19012  40.489  -47.367  -21.487 0.0000000000
19013  39.882  -46.913  -21.982 0.0000000000
19026  41.563  -48.269  -22.187 0.0000000000
19027  40.915  -48.024  -22.781 0.0000000000
19028  40.037  -47.153  -22.632 0.0000000000
19038  40.457  -48.097  -23.983 0.0000000000
19039  40.040  -47.401  -23.596 0.0000000000
19051  40.191  -48.016  -24.876 0.0000000000
19052  39.997  -47.532  -24.382 0.0000000000
19060  39.832  -47.773  -25.672 0.0000000000
19065  39.885  -47.687  -26.640 0.0000000000
19066  39.820  -48.151  -27.229 0.0000000000
19071  40.178  -47.699  -27.741 0.0000000000
19072  39.859  -48.176  -27.589 0.0000000000
19945  44.425  -46.744  -16.946 0.0000000000
19946  43.881  -46.342  -16.770 0.0000000000
19947  43.311  -46.111  -16.215 0.0000000000
19948  42.438  -46.177  -16.046 0.0000000000
19957  44.231  -46.596  -17.053 0.0000000000
19958  43.728  -46.207  -17.113 0.0000000000
19959  42.981  -46.046  -17.442 0.0000000000
19960  42.311  -45.648  -17.500 0.0000000000
19965  42.225  -46.297  -17.841 0.0000000000
19966  41.559  -45.934  -17.937 0.0000000000
19967  40.797  -45.912  -18.336 0.0000000000
19979  41.071  -46.417  -18.576 0.0000000000
19980  40.206  -46.265  -19.206 0.0000000000
19981  39.477  -45.696  -19.614 0.0000000000
19996  40.024  -46.742  -20.267 0.0000000000
19997  39.534  -46.056  -20.297 0.0000000000
20010  40.154  -47.012  -20.848 0.0000000000
20011  39.688  -46.499  -21.335 0.0000000000
20023  39.557  -46.411  -22.496 0.0000000000
20034  39.631  -46.544  -23.468 0.0000000000
20045  39.846  -47.224  -25.101 0.0000000000
20046  39.723  -46.717  -24.434 0.0000000000
20056  40.034  -46.778  -25.995 0.0000000000
20057  39.846  -46.468  -25.245 0.0000000000
20062  40.363  -46.789  -27.065 0.0000000000
20971  42.891  -44.480  -16.021 0.0000000000
20972  42.896  -44.709  -15.913 0.0000000000
20993  43.577  -45.787  -16.773 0.0000000000
20994  43.161  -45.106  -16.390 0.0000000000
20995  42.721  -45.247  -15.904 0.0000000000
20996  41.810  -45.396  -15.931 0.0000000000
21007  43.380  -45.562  -16.967 0.0000000000
21008  42.772  -44.987  -17.075 0.0000000000
21009  41.799  -44.969  -17.461 0.0000000000
21010  40.968  -44.793  -17.680 0.0000000000
21013  41.065  -45.408  -17.903 0.0000000000
21014  40.219  -45.288  -18.246 0.0000000000
21015  39.401  -44.985  -18.600 0.0000000000
21016  38.860  -44.657  -18.957 0.0000000000
21023  39.632  -45.556  -18.963 0.0000000000
21024  39.109  -45.190  -19.337 0.0000000000
21025  38.623  -44.648  -19.699 0.0000000000
21036  38.965  -45.278  -20.236 0.0000000000
21037  38.537  -44.556  -20.475 0.0000000000
21050  39.129  -45.581  -21.137 0.0000000000
21051  38.720  -44.919  -21.037 0.0000000000
21062  39.200  -45.496  -22.199 0.0000000000
21063  38.924  -45.019  -21.648 0.0000000000
21076  39.382  -45.585  -23.339 0.0000000000
21093  39.654  -45.769  -24.251 0.0000000000
21108  40.213  -45.705  -25.633 0.0000000000
21109  39.752  -45.971  -24.947 0.0000000000
21122  40.538  -45.970  -26.563 0.0000000000
22126  42.786  -44.160  -16.101 0.0000000000
22127  42.546  -44.214  -15.821 0.0000000000
22128  41.773  -44.040  -15.660 0.0000000000
22146  42.629  -44.215  -16.458 0.0000000000
22147  42.640  -44.695  -15.797 0.0000000000
22148  42.196  -44.705  -15.737 0.0000000000
22149  41.422  -44.707  -15.829 0.0000000000
22165  42.181  -44.066  -17.001 0.0000000000
22166  41.442  -44.057  -17.281 0.0000000000
22167  40.256  -44.187  -17.589 0.0000000000
22168  39.622  -43.748  -17.632 0.0000000000
22179  39.723  -44.704  -18.114 0.0000000000
22180  39.159  -44.153  -18.192 0.0000000000
22181  38.491  -43.971  -19.133 0.0000000000
22187  38.260  -43.982  -20.060 0.0000000000
22197  38.416  -44.016  -20.723 0.0000000000
22207  38.558  -44.357  -21.043 0.0000000000
22220  38.743  -44.443  -21.558 0.0000000000
23352  42.596  -43.770  -15.918 0.0000000000
23353  42.168  -43.444  -15.818 0.0000000000
23354  41.289  -43.238  -15.562 0.0000000000
23372  42.579  -43.581  -16.114 0.0000000000
23373  42.157  -43.036  -16.155 0.0000000000
23374  41.598  -42.825  -16.376 0.0000000000
23375  40.885  -42.727  -16.553 0.0000000000
23394  42.355  -43.582  -16.447 0.0000000000
23395  41.907  -43.386  -16.699 0.0000000000
23396  41.069  -43.339  -16.921 0.0000000000
23397  39.981  -43.101  -17.168 0.0000000000
23398  39.139  -42.822  -17.597 0.0000000000
23416  39.211  -43.409  -17.735 0.0000000000
23417  38.590  -43.013  -18.426 0.0000000000
24646  41.640  -42.768  -15.842 0.0000000000
24666  41.721  -42.707  -16.087 0.0000000000
24667  41.167  -42.370  -16.081 0.0000000000
135346  29.220  -63.426  -29.413 0.0000000000
135347  29.592  -62.731  -28.451 0.0000000000
135348  29.490  -62.520  -28.453 0.0000000000
