#!ascii label  , from subject Broad_82_YZ vox2ras=TkReg
410
60854  45.123  -11.894  -6.253 0.0000000000
60855  44.848  -11.781  -6.134 0.0000000000
60856  44.310  -11.790  -5.961 0.0000000000
60884  45.550  -11.450  -6.354 0.0000000000
60885  44.685  -11.278  -6.242 0.0000000000
60886  43.727  -11.474  -6.300 0.0000000000
60887  42.736  -11.456  -6.696 0.0000000000
60888  41.710  -11.466  -7.011 0.0000000000
60921  40.917  -11.116  -7.444 0.0000000000
60922  40.434  -11.117  -7.253 0.0000000000
62068  46.385  -10.727  -6.559 0.0000000000
62069  45.322  -10.607  -6.612 0.0000000000
62070  44.242  -10.838  -6.763 0.0000000000
62071  43.255  -10.885  -6.975 0.0000000000
62072  42.311  -10.844  -7.166 0.0000000000
62073  41.576  -10.874  -7.431 0.0000000000
62102  44.649  -10.427  -7.260 0.0000000000
62103  43.725  -10.492  -7.648 0.0000000000
62104  42.723  -10.443  -7.631 0.0000000000
62105  41.863  -10.504  -7.791 0.0000000000
62106  41.050  -10.636  -7.904 0.0000000000
62107  40.148  -10.468  -7.545 0.0000000000
62126  42.983  -10.218  -8.282 0.0000000000
62127  42.183  -10.240  -8.412 0.0000000000
62128  41.344  -10.241  -8.454 0.0000000000
62129  40.611  -10.063  -8.230 0.0000000000
62130  40.282  -9.878  -7.965 0.0000000000
63345  46.182  -10.232  -6.917 0.0000000000
63363  46.582  -9.908  -7.643 0.0000000000
63364  45.450  -10.135  -7.668 0.0000000000
63365  44.472  -10.306  -8.025 0.0000000000
63366  40.082  -9.779  -7.826 0.0000000000
63367  39.640  -9.621  -7.643 0.0000000000
63377  46.061  -9.601  -8.807 0.0000000000
63378  44.780  -9.920  -8.782 0.0000000000
63379  43.658  -10.142  -8.820 0.0000000000
63380  42.576  -9.908  -9.048 0.0000000000
63381  41.680  -9.774  -8.970 0.0000000000
63382  40.941  -9.601  -8.703 0.0000000000
63383  40.188  -9.144  -8.247 0.0000000000
63384  39.292  -9.031  -7.989 0.0000000000
63394  45.939  -9.344  -10.092 0.0000000000
63395  45.051  -9.606  -9.802 0.0000000000
63396  44.048  -9.785  -9.766 0.0000000000
63397  43.004  -9.332  -9.870 0.0000000000
63398  42.017  -9.142  -9.523 0.0000000000
63399  41.250  -8.948  -9.092 0.0000000000
63400  40.767  -8.933  -8.694 0.0000000000
63409  45.855  -8.907  -10.698 0.0000000000
63410  45.197  -9.065  -10.660 0.0000000000
63411  44.268  -9.234  -10.462 0.0000000000
63412  43.637  -9.292  -10.232 0.0000000000
64598  39.964  -8.358  -8.619 0.0000000000
64599  39.481  -8.588  -8.498 0.0000000000
64609  46.651  -9.277  -9.628 0.0000000000
64610  42.769  -8.591  -10.244 0.0000000000
64611  42.240  -8.578  -10.101 0.0000000000
64612  41.406  -8.270  -9.899 0.0000000000
64613  40.535  -8.302  -9.044 0.0000000000
64614  39.613  -8.106  -9.226 0.0000000000
64625  45.661  -8.234  -11.233 0.0000000000
64626  44.514  -8.305  -10.917 0.0000000000
64627  43.427  -8.434  -10.460 0.0000000000
64628  42.525  -8.020  -10.333 0.0000000000
64629  41.963  -8.041  -10.247 0.0000000000
64630  39.473  -8.257  -10.246 0.0000000000
64640  46.438  -8.186  -11.247 0.0000000000
65853  41.174  -7.665  -10.118 0.0000000000
65854  40.680  -7.881  -9.877 0.0000000000
65855  40.220  -7.880  -9.467 0.0000000000
65865  45.621  -7.182  -11.411 0.0000000000
65866  44.918  -7.264  -11.039 0.0000000000
65867  44.013  -7.302  -10.671 0.0000000000
65868  43.040  -7.263  -10.442 0.0000000000
65869  41.883  -7.360  -10.306 0.0000000000
65870  40.842  -7.291  -10.445 0.0000000000
65871  40.110  -7.810  -9.991 0.0000000000
65881  46.383  -7.452  -11.525 0.0000000000
65882  40.609  -7.340  -11.239 0.0000000000
65883  40.039  -7.767  -10.775 0.0000000000
67272  46.090  -6.043  -11.062 0.0000000000
67273  45.469  -6.334  -10.934 0.0000000000
67274  44.671  -6.365  -10.598 0.0000000000
67275  43.775  -6.356  -10.484 0.0000000000
67276  42.765  -6.351  -10.545 0.0000000000
67277  41.673  -6.454  -10.945 0.0000000000
67278  41.031  -6.940  -10.989 0.0000000000
67287  47.663  -6.437  -11.853 0.0000000000
67288  46.678  -6.398  -11.499 0.0000000000
67289  46.010  -6.637  -11.424 0.0000000000
67290  41.437  -6.194  -11.891 0.0000000000
67291  41.096  -6.847  -11.552 0.0000000000
68611  45.878  -5.679  -10.633 0.0000000000
68612  45.344  -5.644  -10.427 0.0000000000
68613  44.562  -5.574  -10.419 0.0000000000
68614  43.632  -5.497  -10.592 0.0000000000
68615  42.684  -5.456  -11.051 0.0000000000
68616  41.946  -5.670  -11.557 0.0000000000
68636  47.057  -5.622  -11.567 0.0000000000
68637  46.447  -5.429  -10.952 0.0000000000
68638  42.398  -5.031  -11.829 0.0000000000
68639  41.901  -5.547  -12.361 0.0000000000
68651  48.648  -5.307  -12.556 0.0000000000
68652  47.669  -5.212  -12.117 0.0000000000
68653  42.570  -4.927  -12.735 0.0000000000
69924  45.952  -5.114  -10.399 0.0000000000
69925  45.317  -4.946  -10.382 0.0000000000
69926  44.518  -4.729  -10.684 0.0000000000
69927  43.539  -4.735  -10.978 0.0000000000
69928  42.957  -4.712  -11.451 0.0000000000
69947  47.024  -4.771  -11.351 0.0000000000
69948  46.434  -4.538  -10.784 0.0000000000
69949  44.244  -4.258  -11.330 0.0000000000
69950  43.579  -4.368  -11.742 0.0000000000
69951  42.952  -4.439  -12.191 0.0000000000
69967  49.030  -4.654  -13.024 0.0000000000
69968  48.228  -4.321  -12.472 0.0000000000
69969  47.563  -4.113  -11.779 0.0000000000
69970  44.181  -4.018  -12.043 0.0000000000
69971  43.591  -3.925  -12.492 0.0000000000
69972  42.999  -4.038  -13.082 0.0000000000
69982  50.492  -3.827  -13.376 0.0000000000
69983  49.459  -3.898  -13.304 0.0000000000
69984  48.648  -3.845  -12.978 0.0000000000
69985  48.312  -3.704  -12.539 0.0000000000
71253  45.904  -4.479  -10.516 0.0000000000
71254  45.411  -4.193  -10.724 0.0000000000
71255  44.876  -4.011  -11.063 0.0000000000
71266  46.909  -3.881  -11.262 0.0000000000
71267  46.223  -3.694  -10.862 0.0000000000
71268  45.516  -3.447  -11.330 0.0000000000
71269  44.761  -3.703  -11.728 0.0000000000
71283  47.998  -3.497  -12.161 0.0000000000
71284  47.439  -3.222  -11.657 0.0000000000
71285  45.250  -3.210  -12.102 0.0000000000
71286  44.504  -3.368  -12.672 0.0000000000
71287  43.645  -3.544  -13.182 0.0000000000
71299  52.073  -2.757  -13.921 0.0000000000
71300  50.903  -2.890  -13.712 0.0000000000
71301  49.831  -3.046  -13.589 0.0000000000
71302  48.956  -3.150  -13.245 0.0000000000
71303  48.427  -3.201  -12.626 0.0000000000
71304  44.351  -3.180  -13.612 0.0000000000
72596  46.818  -3.157  -11.319 0.0000000000
72597  46.298  -2.923  -11.509 0.0000000000
72598  45.797  -2.859  -11.948 0.0000000000
72609  47.947  -2.639  -12.280 0.0000000000
72610  47.072  -2.510  -11.965 0.0000000000
72611  46.305  -2.363  -12.244 0.0000000000
72612  45.523  -2.586  -12.826 0.0000000000
72613  44.875  -2.849  -13.344 0.0000000000
72622  52.808  -2.193  -14.258 0.0000000000
72623  52.107  -1.924  -14.073 0.0000000000
72624  51.258  -1.788  -13.859 0.0000000000
72625  50.172  -2.078  -13.699 0.0000000000
72626  49.216  -2.289  -13.443 0.0000000000
72627  48.513  -2.492  -12.952 0.0000000000
72628  45.217  -2.299  -13.708 0.0000000000
72629  44.777  -2.711  -13.825 0.0000000000
72636  53.182  -1.656  -14.488 0.0000000000
72637  52.490  -1.493  -14.305 0.0000000000
72638  51.829  -1.344  -14.015 0.0000000000
72639  51.433  -1.224  -13.855 0.0000000000
72640  45.119  -2.529  -14.402 0.0000000000
72641  44.625  -2.903  -14.066 0.0000000000
74028  48.150  -2.136  -12.772 0.0000000000
74029  47.701  -1.969  -12.712 0.0000000000
74030  46.927  -1.897  -12.775 0.0000000000
74031  46.243  -1.970  -12.960 0.0000000000
74045  51.099  -0.972  -13.725 0.0000000000
74046  50.446  -1.139  -13.543 0.0000000000
74047  49.513  -1.325  -13.407 0.0000000000
74048  48.462  -1.588  -13.295 0.0000000000
74049  47.545  -1.385  -13.580 0.0000000000
74050  46.687  -1.564  -13.568 0.0000000000
74051  45.871  -1.794  -13.592 0.0000000000
74063  52.902  -0.945  -14.570 0.0000000000
74064  52.085  -0.821  -14.224 0.0000000000
74065  51.497  -0.845  -13.949 0.0000000000
74066  47.112  -1.213  -14.187 0.0000000000
74067  46.458  -1.384  -14.371 0.0000000000
74068  45.623  -1.810  -14.335 0.0000000000
74076  47.090  -1.132  -15.579 0.0000000000
74077  46.198  -1.620  -15.124 0.0000000000
74078  45.569  -2.008  -14.803 0.0000000000
75342  51.143  -0.590  -13.890 0.0000000000
75343  50.656  -0.363  -13.758 0.0000000000
75344  49.843  -0.436  -13.396 0.0000000000
75345  48.965  -0.522  -13.267 0.0000000000
75346  48.146  -0.558  -13.628 0.0000000000
75359  53.448  -0.154  -14.882 0.0000000000
75360  52.394  -0.138  -14.463 0.0000000000
75361  51.367  -0.188  -14.107 0.0000000000
75362  50.776  0.014  -14.025 0.0000000000
75363  47.488  -0.462  -14.250 0.0000000000
75364  47.057  -0.827  -14.670 0.0000000000
75375  54.208  0.247  -15.105 0.0000000000
75376  53.728  0.425  -14.959 0.0000000000
75377  47.935  0.539  -15.346 0.0000000000
75378  47.287  -0.044  -15.149 0.0000000000
75379  46.815  -0.985  -14.965 0.0000000000
75387  48.163  0.232  -15.978 0.0000000000
75388  47.724  -0.641  -16.208 0.0000000000
76591  50.518  0.091  -13.942 0.0000000000
76592  50.112  0.170  -13.748 0.0000000000
76593  49.343  0.255  -13.478 0.0000000000
76594  48.601  0.148  -13.522 0.0000000000
76608  53.384  0.607  -14.875 0.0000000000
76609  52.760  0.613  -14.663 0.0000000000
76610  51.821  0.674  -14.309 0.0000000000
76611  50.713  0.552  -14.139 0.0000000000
76612  49.777  0.755  -14.035 0.0000000000
76613  48.843  0.752  -14.084 0.0000000000
76614  48.002  0.295  -14.015 0.0000000000
76627  55.617  0.665  -15.427 0.0000000000
76628  54.715  0.881  -15.254 0.0000000000
76629  53.841  1.006  -14.988 0.0000000000
76630  48.103  0.789  -14.800 0.0000000000
76631  47.604  0.256  -14.526 0.0000000000
76641  48.357  1.018  -15.684 0.0000000000
76652  48.798  1.518  -17.075 0.0000000000
76653  48.634  1.115  -16.764 0.0000000000
76661  48.984  1.485  -17.601 0.0000000000
77857  53.125  1.126  -14.846 0.0000000000
77858  52.337  1.490  -14.698 0.0000000000
77859  51.257  1.469  -14.449 0.0000000000
77860  50.305  1.370  -14.443 0.0000000000
77861  49.482  1.308  -14.561 0.0000000000
77862  48.856  1.201  -14.699 0.0000000000
77874  57.252  1.290  -15.623 0.0000000000
77875  56.216  1.377  -15.646 0.0000000000
77876  55.235  1.562  -15.518 0.0000000000
77877  54.281  1.682  -15.341 0.0000000000
77878  53.239  1.774  -15.152 0.0000000000
77879  52.394  2.140  -15.142 0.0000000000
77880  49.203  1.542  -14.986 0.0000000000
77881  48.759  1.514  -15.301 0.0000000000
77888  48.786  2.076  -16.386 0.0000000000
77889  48.664  1.811  -16.117 0.0000000000
77900  48.832  1.916  -16.827 0.0000000000
77901  48.690  1.636  -16.566 0.0000000000
77911  49.166  2.203  -17.583 0.0000000000
79137  51.626  2.209  -14.917 0.0000000000
79138  50.735  2.121  -14.843 0.0000000000
79139  49.947  1.835  -14.953 0.0000000000
79140  49.515  1.662  -15.002 0.0000000000
79153  60.063  2.081  -15.767 0.0000000000
79154  58.916  2.088  -15.762 0.0000000000
79155  57.821  2.076  -15.900 0.0000000000
79156  56.776  2.085  -16.027 0.0000000000
79157  55.753  2.199  -15.917 0.0000000000
79158  54.766  2.249  -15.782 0.0000000000
79159  53.771  2.267  -15.714 0.0000000000
79160  52.787  2.363  -15.700 0.0000000000
79161  51.912  2.589  -15.572 0.0000000000
79162  51.047  2.866  -15.431 0.0000000000
79163  50.214  2.538  -15.349 0.0000000000
79164  49.333  2.158  -15.459 0.0000000000
79165  48.872  1.954  -15.639 0.0000000000
79174  60.636  2.641  -16.372 0.0000000000
79175  59.485  2.660  -16.366 0.0000000000
79176  58.369  2.704  -16.373 0.0000000000
79177  57.317  2.687  -16.478 0.0000000000
79178  56.244  2.817  -16.590 0.0000000000
79179  55.199  2.628  -16.474 0.0000000000
79180  54.200  2.494  -16.456 0.0000000000
79181  53.190  2.517  -16.437 0.0000000000
79182  52.169  2.753  -16.430 0.0000000000
79183  51.482  3.009  -16.056 0.0000000000
79184  48.969  2.400  -16.233 0.0000000000
79185  48.885  2.155  -15.816 0.0000000000
79193  56.085  3.133  -17.032 0.0000000000
79194  55.548  2.989  -17.217 0.0000000000
79195  54.623  2.700  -17.173 0.0000000000
79196  53.552  2.685  -17.302 0.0000000000
79197  52.681  2.768  -17.080 0.0000000000
79198  49.144  2.728  -17.066 0.0000000000
79208  55.410  3.056  -17.710 0.0000000000
79209  54.955  2.894  -17.778 0.0000000000
79210  54.174  2.793  -17.824 0.0000000000
79211  49.432  2.860  -17.945 0.0000000000
80466  50.413  3.057  -15.853 0.0000000000
80467  49.803  2.862  -15.875 0.0000000000
80468  49.376  2.657  -15.969 0.0000000000
80480  60.049  3.158  -17.027 0.0000000000
80481  58.882  3.284  -16.945 0.0000000000
80482  57.803  3.252  -16.933 0.0000000000
80483  56.852  3.197  -16.961 0.0000000000
80484  56.352  3.163  -16.987 0.0000000000
80485  51.469  3.216  -16.715 0.0000000000
80486  50.866  3.375  -16.374 0.0000000000
80487  50.098  3.329  -16.470 0.0000000000
80488  49.481  2.976  -16.466 0.0000000000
80498  60.654  3.722  -17.552 0.0000000000
80499  59.378  3.788  -17.769 0.0000000000
80500  58.231  3.512  -17.719 0.0000000000
80501  57.185  3.419  -17.632 0.0000000000
80502  56.205  3.260  -17.485 0.0000000000
80503  55.658  3.142  -17.648 0.0000000000
80504  52.715  3.029  -17.723 0.0000000000
80505  51.958  3.291  -17.388 0.0000000000
80506  51.133  3.808  -17.349 0.0000000000
80507  50.427  3.709  -17.197 0.0000000000
80508  49.702  3.482  -17.349 0.0000000000
80515  59.187  4.046  -18.314 0.0000000000
80516  58.584  3.867  -18.581 0.0000000000
80517  57.518  3.598  -18.481 0.0000000000
80518  56.489  3.455  -18.358 0.0000000000
80519  55.470  3.147  -18.239 0.0000000000
80520  54.385  3.009  -18.477 0.0000000000
80521  53.332  3.131  -18.301 0.0000000000
80522  52.322  3.776  -18.285 0.0000000000
80523  51.618  4.076  -17.922 0.0000000000
80524  49.625  3.599  -18.200 0.0000000000
80533  58.442  3.967  -19.185 0.0000000000
80534  57.826  3.780  -19.405 0.0000000000
80535  56.779  3.681  -19.222 0.0000000000
80536  55.797  3.381  -19.215 0.0000000000
80537  54.746  3.257  -19.259 0.0000000000
80538  53.623  3.534  -19.260 0.0000000000
80539  52.869  3.794  -18.904 0.0000000000
80552  57.588  3.936  -19.979 0.0000000000
80553  57.042  3.836  -20.010 0.0000000000
80554  56.074  3.759  -20.004 0.0000000000
80555  55.073  3.672  -20.045 0.0000000000
80556  54.140  3.671  -20.009 0.0000000000
81879  60.091  4.213  -18.145 0.0000000000
81880  59.484  4.109  -18.230 0.0000000000
81881  50.624  4.217  -17.791 0.0000000000
81882  50.096  4.091  -17.812 0.0000000000
81883  49.766  3.910  -17.888 0.0000000000
81892  60.538  4.720  -18.761 0.0000000000
81893  59.337  4.357  -18.766 0.0000000000
81894  58.734  4.109  -19.045 0.0000000000
81895  51.739  4.718  -18.511 0.0000000000
81896  51.112  4.636  -18.145 0.0000000000
81897  50.416  4.675  -18.494 0.0000000000
81898  49.861  4.146  -18.306 0.0000000000
81911  59.737  5.133  -19.710 0.0000000000
81912  58.564  4.279  -19.683 0.0000000000
81913  57.912  3.999  -19.928 0.0000000000
81914  52.940  4.163  -19.422 0.0000000000
81915  52.393  4.566  -19.088 0.0000000000
81928  59.494  5.335  -20.486 0.0000000000
81929  58.787  4.949  -20.787 0.0000000000
81930  57.582  4.318  -20.530 0.0000000000
81931  56.364  4.178  -20.717 0.0000000000
81932  55.362  4.154  -20.685 0.0000000000
81933  54.319  4.452  -20.659 0.0000000000
81934  53.351  4.409  -20.005 0.0000000000
81935  52.771  4.657  -19.610 0.0000000000
81945  58.386  5.299  -21.442 0.0000000000
81946  57.702  5.074  -21.403 0.0000000000
81947  56.593  4.848  -21.360 0.0000000000
81948  55.523  4.703  -21.229 0.0000000000
81949  54.880  4.606  -21.037 0.0000000000
83166  51.615  5.072  -18.739 0.0000000000
83167  51.383  5.146  -18.672 0.0000000000
83168  50.950  5.229  -18.657 0.0000000000
83178  60.677  5.524  -19.934 0.0000000000
83179  51.773  5.291  -19.032 0.0000000000
83180  51.219  5.663  -19.050 0.0000000000
83181  50.670  5.538  -19.219 0.0000000000
83191  60.107  5.794  -20.569 0.0000000000
83192  59.410  5.504  -20.920 0.0000000000
83193  54.071  4.985  -20.921 0.0000000000
83194  53.619  5.263  -20.660 0.0000000000
83195  52.573  5.463  -19.836 0.0000000000
83205  59.685  5.918  -21.177 0.0000000000
83206  59.014  5.658  -21.550 0.0000000000
83207  58.004  5.770  -21.853 0.0000000000
83208  56.800  5.787  -21.970 0.0000000000
83209  55.622  5.578  -21.598 0.0000000000
83210  54.449  5.317  -21.196 0.0000000000
83211  53.750  5.818  -20.991 0.0000000000
84408  51.659  6.126  -19.495 0.0000000000
84409  51.011  6.221  -19.525 0.0000000000
84417  60.881  6.560  -21.090 0.0000000000
84418  60.108  6.196  -21.130 0.0000000000
84419  53.191  6.436  -20.692 0.0000000000
84420  52.231  6.747  -20.034 0.0000000000
84421  51.359  6.872  -19.924 0.0000000000
84428  60.598  7.020  -21.614 0.0000000000
84429  59.817  6.559  -21.674 0.0000000000
84430  58.616  6.518  -22.105 0.0000000000
84431  57.501  6.577  -22.244 0.0000000000
84432  56.578  6.731  -22.250 0.0000000000
84433  55.762  6.564  -21.900 0.0000000000
84434  54.778  6.440  -21.394 0.0000000000
84435  53.939  6.273  -21.174 0.0000000000
85607  53.235  7.060  -20.857 0.0000000000
85608  52.766  7.319  -20.727 0.0000000000
85609  51.780  7.548  -20.491 0.0000000000
85617  60.307  7.528  -21.990 0.0000000000
85618  59.239  7.400  -22.316 0.0000000000
85619  58.041  7.481  -22.396 0.0000000000
85620  56.997  7.389  -22.421 0.0000000000
85621  56.000  7.515  -22.185 0.0000000000
85622  55.080  7.441  -21.554 0.0000000000
85623  53.773  7.345  -21.158 0.0000000000
85632  57.362  8.008  -22.457 0.0000000000
85633  56.627  8.147  -22.403 0.0000000000
85634  55.905  8.321  -22.269 0.0000000000
86712  59.871  8.290  -22.535 0.0000000000
86713  58.715  8.304  -22.634 0.0000000000
86714  57.889  8.273  -22.466 0.0000000000
86715  55.373  8.137  -21.925 0.0000000000
86725  58.073  8.806  -22.501 0.0000000000
87722  59.364  9.041  -22.831 0.0000000000
87723  58.575  9.083  -22.681 0.0000000000
