#!ascii label  , from subject Broad_82_YZ vox2ras=TkReg
765
104745  12.004  26.698  -29.621 0.0000000000
104746  11.618  27.053  -29.874 0.0000000000
105509  11.559  27.551  -29.811 0.0000000000
107921  11.037  29.970  -37.066 0.0000000000
107922  10.074  30.390  -36.912 0.0000000000
107923  9.241  30.218  -36.525 0.0000000000
107924  8.547  30.304  -35.963 0.0000000000
107937  9.779  31.114  -37.300 0.0000000000
107938  9.307  31.068  -37.118 0.0000000000
107939  8.746  31.027  -36.730 0.0000000000
108737  11.958  30.990  -33.383 0.0000000000
108744  12.130  31.860  -33.593 0.0000000000
108745  11.890  31.289  -33.968 0.0000000000
108752  11.437  31.043  -35.044 0.0000000000
108753  9.299  31.199  -34.214 0.0000000000
108754  8.734  30.596  -34.701 0.0000000000
108762  11.441  30.728  -35.886 0.0000000000
108763  9.312  31.704  -34.964 0.0000000000
108764  8.704  31.198  -35.424 0.0000000000
108775  11.173  30.837  -36.516 0.0000000000
108776  10.637  30.976  -36.985 0.0000000000
108777  8.509  31.518  -36.454 0.0000000000
108788  10.174  31.310  -37.333 0.0000000000
108789  9.597  31.678  -37.528 0.0000000000
108790  8.680  31.929  -37.265 0.0000000000
109481  12.264  32.356  -33.359 0.0000000000
109482  12.021  32.270  -33.958 0.0000000000
109484  9.884  32.104  -33.564 0.0000000000
109488  11.744  32.003  -34.767 0.0000000000
109489  9.627  32.214  -34.441 0.0000000000
109500  11.471  31.703  -35.845 0.0000000000
109501  9.315  32.358  -35.589 0.0000000000
109502  8.663  31.892  -36.177 0.0000000000
109513  10.934  31.809  -36.788 0.0000000000
109514  10.531  31.580  -37.185 0.0000000000
109515  9.230  32.996  -36.211 0.0000000000
109516  8.496  32.660  -36.688 0.0000000000
109527  10.958  32.515  -36.999 0.0000000000
109528  10.452  32.237  -37.465 0.0000000000
109529  9.456  32.663  -37.656 0.0000000000
109530  8.694  33.180  -37.330 0.0000000000
110279  12.337  33.105  -33.096 0.0000000000
110280  12.159  33.057  -33.696 0.0000000000
110281  10.423  33.075  -33.269 0.0000000000
110282  9.967  32.658  -33.914 0.0000000000
110287  11.828  32.977  -34.435 0.0000000000
110288  10.452  33.613  -33.727 0.0000000000
110289  10.100  33.195  -34.446 0.0000000000
110303  11.580  32.662  -35.295 0.0000000000
110304  9.635  33.482  -35.588 0.0000000000
110318  11.264  32.817  -36.257 0.0000000000
110319  9.049  33.703  -36.416 0.0000000000
110320  8.494  33.896  -37.027 0.0000000000
110336  11.010  33.196  -37.132 0.0000000000
110337  10.331  33.403  -37.626 0.0000000000
110338  9.459  33.759  -37.684 0.0000000000
110339  8.810  34.269  -37.413 0.0000000000
111083  10.723  33.944  -32.375 0.0000000000
111100  12.413  34.009  -33.009 0.0000000000
111101  12.289  33.554  -33.440 0.0000000000
111102  10.550  34.073  -33.190 0.0000000000
111123  12.468  34.590  -33.367 0.0000000000
111124  12.101  34.032  -33.882 0.0000000000
111125  10.479  34.148  -33.968 0.0000000000
111126  10.031  34.267  -34.750 0.0000000000
111150  11.516  33.804  -35.129 0.0000000000
111151  9.516  34.542  -35.643 0.0000000000
111171  11.220  34.042  -36.318 0.0000000000
111172  8.994  34.771  -36.539 0.0000000000
111173  8.598  34.973  -37.161 0.0000000000
111192  10.860  34.249  -37.168 0.0000000000
111193  10.292  34.462  -37.764 0.0000000000
111194  9.436  34.770  -37.822 0.0000000000
111195  8.778  35.241  -37.604 0.0000000000
111975  10.608  34.704  -31.682 0.0000000000
111985  10.538  34.885  -32.481 0.0000000000
111986  10.246  35.413  -32.841 0.0000000000
111993  10.358  34.819  -33.327 0.0000000000
111994  10.021  35.501  -33.493 0.0000000000
112010  12.421  35.167  -33.648 0.0000000000
112011  11.847  35.044  -34.451 0.0000000000
112012  10.192  34.842  -34.032 0.0000000000
112013  9.741  35.393  -34.553 0.0000000000
112031  11.486  35.050  -35.500 0.0000000000
112032  9.372  35.673  -35.683 0.0000000000
112047  11.249  35.167  -36.530 0.0000000000
112048  8.817  35.984  -36.592 0.0000000000
112049  8.390  35.976  -37.369 0.0000000000
112063  10.885  35.320  -37.370 0.0000000000
112064  10.284  35.500  -38.054 0.0000000000
112065  9.262  35.605  -38.015 0.0000000000
112066  8.350  36.046  -37.976 0.0000000000
112076  9.857  36.072  -38.233 0.0000000000
112077  9.119  36.304  -38.185 0.0000000000
112078  8.448  36.488  -38.174 0.0000000000
112860  10.488  35.508  -31.698 0.0000000000
112861  10.244  36.258  -31.780 0.0000000000
112868  10.387  35.684  -32.292 0.0000000000
112869  9.945  36.163  -32.651 0.0000000000
112882  9.600  36.309  -33.602 0.0000000000
112904  12.178  36.096  -33.950 0.0000000000
112905  11.728  36.092  -34.804 0.0000000000
112906  9.297  36.554  -34.641 0.0000000000
112907  8.806  37.114  -34.970 0.0000000000
112924  11.433  36.150  -35.767 0.0000000000
112925  8.968  36.578  -35.659 0.0000000000
112926  8.527  37.217  -35.665 0.0000000000
112940  11.235  36.256  -36.729 0.0000000000
112941  8.602  36.716  -36.209 0.0000000000
112942  7.978  36.952  -36.738 0.0000000000
112943  7.212  37.083  -37.595 0.0000000000
112952  11.074  36.418  -37.689 0.0000000000
112953  10.545  36.302  -38.240 0.0000000000
112954  7.628  36.589  -37.711 0.0000000000
112955  6.999  36.968  -38.111 0.0000000000
112966  11.020  36.982  -38.294 0.0000000000
112967  10.026  36.772  -38.489 0.0000000000
112968  8.888  36.927  -38.352 0.0000000000
112969  7.726  36.838  -38.223 0.0000000000
112970  7.189  37.097  -38.298 0.0000000000
113651  9.399  37.002  -32.729 0.0000000000
113671  9.161  37.169  -33.611 0.0000000000
113672  8.664  37.854  -33.633 0.0000000000
113690  12.115  37.058  -34.275 0.0000000000
113691  11.659  37.116  -35.082 0.0000000000
113692  8.880  37.333  -34.290 0.0000000000
113693  8.439  37.799  -34.631 0.0000000000
113707  11.286  37.201  -35.955 0.0000000000
113708  8.251  37.883  -35.659 0.0000000000
113721  11.280  37.324  -36.869 0.0000000000
113722  7.965  37.900  -36.483 0.0000000000
113723  7.416  37.644  -37.232 0.0000000000
113732  11.308  37.522  -37.681 0.0000000000
113733  6.830  37.573  -37.886 0.0000000000
113742  11.309  37.755  -38.270 0.0000000000
113743  10.874  37.537  -38.853 0.0000000000
113744  9.684  37.518  -38.866 0.0000000000
113745  8.421  37.520  -38.647 0.0000000000
113746  7.182  37.617  -38.439 0.0000000000
113754  10.479  37.936  -39.215 0.0000000000
113755  9.864  38.079  -39.356 0.0000000000
114453  8.536  38.596  -33.770 0.0000000000
114468  11.938  38.043  -34.455 0.0000000000
114469  11.539  38.107  -35.297 0.0000000000
114470  8.440  38.668  -34.707 0.0000000000
114485  11.310  38.199  -36.147 0.0000000000
114486  8.289  38.682  -35.739 0.0000000000
114500  11.306  38.338  -36.983 0.0000000000
114501  7.948  38.446  -36.928 0.0000000000
114502  7.070  38.133  -37.585 0.0000000000
114511  11.409  38.433  -37.764 0.0000000000
114512  7.340  38.682  -37.594 0.0000000000
114513  6.817  38.457  -38.165 0.0000000000
114521  11.398  38.453  -38.574 0.0000000000
114522  11.069  38.192  -39.170 0.0000000000
114523  9.095  38.004  -39.103 0.0000000000
114524  8.144  38.268  -39.065 0.0000000000
114525  7.146  38.833  -38.931 0.0000000000
114530  11.277  38.787  -39.115 0.0000000000
114531  10.597  38.612  -39.481 0.0000000000
114532  9.347  38.690  -39.578 0.0000000000
114533  8.163  39.150  -39.450 0.0000000000
114534  7.340  39.572  -39.419 0.0000000000
115259  11.852  39.101  -34.733 0.0000000000
115260  11.502  38.878  -35.566 0.0000000000
115262  8.986  39.600  -34.774 0.0000000000
115275  11.743  39.587  -35.511 0.0000000000
115276  11.447  39.223  -36.303 0.0000000000
115278  8.620  39.479  -36.015 0.0000000000
115288  11.418  39.236  -37.124 0.0000000000
115289  8.215  39.153  -37.214 0.0000000000
115295  11.461  39.319  -37.878 0.0000000000
115296  7.298  39.343  -37.954 0.0000000000
115297  6.986  39.207  -38.589 0.0000000000
115303  11.450  39.401  -38.640 0.0000000000
115304  7.089  39.790  -38.611 0.0000000000
115305  7.011  39.803  -39.193 0.0000000000
115309  11.207  39.456  -39.348 0.0000000000
115310  10.434  39.461  -39.996 0.0000000000
115311  9.146  39.612  -40.054 0.0000000000
115312  8.018  39.914  -39.790 0.0000000000
115313  7.132  40.182  -39.830 0.0000000000
115315  10.013  39.990  -40.365 0.0000000000
115316  9.382  40.258  -40.371 0.0000000000
116078  11.838  40.305  -36.202 0.0000000000
116079  11.581  39.765  -36.687 0.0000000000
116082  8.844  39.833  -36.687 0.0000000000
116091  11.829  40.651  -36.749 0.0000000000
116092  11.657  40.205  -37.133 0.0000000000
116094  8.431  39.846  -37.514 0.0000000000
116100  11.520  40.156  -38.010 0.0000000000
116101  8.795  40.634  -37.810 0.0000000000
116102  7.810  40.122  -38.285 0.0000000000
116107  11.501  40.280  -38.818 0.0000000000
116108  8.150  40.881  -38.539 0.0000000000
116109  7.156  40.594  -39.030 0.0000000000
116110  6.841  40.666  -39.816 0.0000000000
116115  11.302  40.363  -39.744 0.0000000000
116116  10.689  40.213  -40.271 0.0000000000
116117  8.633  40.215  -40.217 0.0000000000
116118  7.774  40.511  -40.273 0.0000000000
116119  6.894  40.810  -40.477 0.0000000000
116121  11.029  40.783  -40.287 0.0000000000
116122  10.142  40.723  -40.511 0.0000000000
116123  8.810  40.898  -40.534 0.0000000000
116124  7.509  41.118  -40.839 0.0000000000
116125  6.850  41.197  -40.958 0.0000000000
116912  12.029  41.382  -36.934 0.0000000000
116913  11.671  40.697  -37.530 0.0000000000
116925  11.957  41.757  -38.237 0.0000000000
116926  11.683  40.957  -38.084 0.0000000000
116928  9.091  41.745  -38.261 0.0000000000
116935  11.851  41.846  -38.734 0.0000000000
116936  11.640  41.365  -38.993 0.0000000000
116937  7.759  41.567  -39.111 0.0000000000
116938  6.783  41.527  -39.797 0.0000000000
116939  6.652  41.228  -40.362 0.0000000000
116944  11.501  41.337  -39.937 0.0000000000
116945  6.563  41.877  -40.673 0.0000000000
116946  6.653  41.313  -40.852 0.0000000000
116948  10.900  41.509  -40.540 0.0000000000
116949  9.772  41.623  -40.842 0.0000000000
116950  8.387  41.790  -40.992 0.0000000000
116951  6.951  41.727  -41.255 0.0000000000
116952  6.748  41.382  -41.061 0.0000000000
117618  12.544  42.220  -36.972 0.0000000000
117631  12.603  42.537  -37.693 0.0000000000
117642  12.043  42.409  -38.962 0.0000000000
117643  11.664  41.877  -39.490 0.0000000000
117644  8.224  42.734  -39.337 0.0000000000
117645  7.306  42.125  -39.601 0.0000000000
117651  11.852  42.974  -39.523 0.0000000000
117652  11.530  42.414  -40.044 0.0000000000
117653  7.579  43.267  -39.884 0.0000000000
117654  6.934  42.753  -40.192 0.0000000000
117656  10.650  42.456  -40.893 0.0000000000
117657  9.410  42.581  -41.159 0.0000000000
117658  7.981  42.858  -41.354 0.0000000000
117659  6.808  43.004  -41.172 0.0000000000
117660  6.869  43.590  -41.267 0.0000000000
117661  7.872  43.438  -41.457 0.0000000000
117662  7.351  43.396  -41.418 0.0000000000
117663  6.988  43.413  -41.370 0.0000000000
118257  13.141  43.313  -37.795 0.0000000000
118269  13.286  43.959  -37.938 0.0000000000
118270  12.713  43.550  -38.438 0.0000000000
118272  9.088  43.849  -39.028 0.0000000000
118273  12.156  43.579  -39.248 0.0000000000
118274  11.654  43.558  -39.850 0.0000000000
118275  8.153  43.813  -39.734 0.0000000000
118276  7.287  43.805  -40.220 0.0000000000
118277  11.158  43.444  -40.577 0.0000000000
118278  10.240  43.466  -41.076 0.0000000000
118279  9.163  43.510  -41.299 0.0000000000
118280  6.837  43.753  -40.797 0.0000000000
118281  6.905  43.829  -41.207 0.0000000000
118282  8.419  43.713  -41.421 0.0000000000
118283  7.829  43.909  -41.477 0.0000000000
118284  7.178  43.842  -41.390 0.0000000000
118884  12.934  44.684  -38.217 0.0000000000
118885  12.390  44.587  -38.884 0.0000000000
118887  9.184  44.792  -38.766 0.0000000000
118888  11.960  44.537  -39.620 0.0000000000
118889  11.465  44.487  -40.277 0.0000000000
118890  8.570  44.676  -39.385 0.0000000000
118891  7.841  44.674  -40.030 0.0000000000
118892  10.790  44.457  -40.835 0.0000000000
118893  9.743  44.520  -41.235 0.0000000000
118894  9.014  44.076  -41.351 0.0000000000
118895  7.274  44.582  -40.659 0.0000000000
118896  7.011  44.521  -41.086 0.0000000000
118897  9.365  45.106  -41.403 0.0000000000
118898  8.660  44.632  -41.459 0.0000000000
118899  7.694  44.575  -41.443 0.0000000000
118900  7.192  44.371  -41.267 0.0000000000
119598  13.170  45.713  -37.896 0.0000000000
119599  12.585  45.664  -38.567 0.0000000000
119601  9.245  45.741  -38.593 0.0000000000
119602  8.581  45.943  -39.036 0.0000000000
119603  12.177  45.588  -39.327 0.0000000000
119604  11.804  45.525  -40.062 0.0000000000
119605  8.731  45.347  -39.024 0.0000000000
119606  8.262  45.596  -39.619 0.0000000000
119607  11.240  45.497  -40.675 0.0000000000
119608  10.565  45.443  -41.129 0.0000000000
119609  7.703  45.542  -40.445 0.0000000000
119610  7.332  45.320  -40.978 0.0000000000
119611  9.883  45.599  -41.361 0.0000000000
119612  9.122  45.723  -41.500 0.0000000000
119613  8.203  45.527  -41.523 0.0000000000
119614  7.513  45.233  -41.245 0.0000000000
120303  12.971  46.748  -38.363 0.0000000000
120304  12.404  46.690  -39.051 0.0000000000
120305  9.734  46.649  -38.415 0.0000000000
120306  8.799  46.747  -39.078 0.0000000000
120307  8.393  46.248  -39.408 0.0000000000
120311  12.081  46.575  -39.822 0.0000000000
120312  11.587  46.550  -40.470 0.0000000000
120313  8.512  47.265  -39.613 0.0000000000
120314  8.156  46.685  -40.043 0.0000000000
120315  10.994  46.594  -41.255 0.0000000000
120316  10.392  46.093  -41.324 0.0000000000
120317  7.659  46.389  -41.044 0.0000000000
120318  7.500  45.662  -41.081 0.0000000000
120319  10.618  47.305  -41.470 0.0000000000
120320  9.945  46.795  -41.491 0.0000000000
120321  8.769  46.740  -41.524 0.0000000000
120322  7.949  46.250  -41.383 0.0000000000
120323  7.624  45.851  -41.172 0.0000000000
121014  13.324  47.790  -38.082 0.0000000000
121015  12.733  47.923  -38.830 0.0000000000
121017  9.578  47.583  -38.781 0.0000000000
121021  12.315  47.619  -39.600 0.0000000000
121022  11.896  47.532  -40.211 0.0000000000
121023  8.925  47.778  -39.391 0.0000000000
121024  8.454  47.842  -40.068 0.0000000000
121025  11.517  47.589  -40.892 0.0000000000
121026  8.070  47.818  -40.876 0.0000000000
121027  11.029  47.795  -41.406 0.0000000000
121028  10.306  48.115  -41.545 0.0000000000
121029  9.395  48.309  -41.695 0.0000000000
121030  8.475  47.881  -41.481 0.0000000000
121707  13.118  48.834  -38.359 0.0000000000
121708  12.696  49.006  -38.862 0.0000000000
121711  9.500  48.585  -39.104 0.0000000000
121715  12.432  48.734  -39.500 0.0000000000
121716  12.116  48.281  -39.991 0.0000000000
121717  8.857  48.731  -39.762 0.0000000000
121718  8.523  48.849  -40.592 0.0000000000
121719  12.192  48.946  -40.095 0.0000000000
121720  11.886  48.552  -40.594 0.0000000000
121721  8.552  49.186  -41.494 0.0000000000
121722  11.425  48.585  -41.243 0.0000000000
121723  10.791  48.748  -41.483 0.0000000000
121724  10.121  49.732  -41.851 0.0000000000
121725  9.304  50.536  -42.629 0.0000000000
122345  13.489  49.706  -38.075 0.0000000000
122353  12.985  49.753  -38.613 0.0000000000
122354  12.603  49.713  -39.200 0.0000000000
122357  9.332  49.640  -39.441 0.0000000000
122361  12.325  49.644  -39.838 0.0000000000
122362  8.737  49.746  -40.139 0.0000000000
122363  8.493  49.915  -41.016 0.0000000000
122364  12.048  49.552  -40.452 0.0000000000
122365  11.688  49.445  -41.069 0.0000000000
122366  8.353  50.346  -41.899 0.0000000000
122367  11.019  49.539  -41.501 0.0000000000
122368  8.404  50.968  -42.279 0.0000000000
122369  10.559  51.135  -43.358 0.0000000000
122370  10.660  51.648  -43.625 0.0000000000
123040  13.378  50.590  -38.404 0.0000000000
123041  12.815  50.579  -38.893 0.0000000000
123044  9.679  50.647  -39.014 0.0000000000
123050  12.463  50.548  -39.562 0.0000000000
123051  8.976  50.710  -39.732 0.0000000000
123052  8.582  50.700  -40.521 0.0000000000
123053  12.097  50.422  -40.162 0.0000000000
123054  11.601  50.397  -40.689 0.0000000000
123055  11.043  50.886  -41.090 0.0000000000
123056  8.373  50.835  -41.280 0.0000000000
123057  11.282  50.151  -41.294 0.0000000000
123058  10.567  50.610  -41.725 0.0000000000
123059  8.099  51.136  -41.925 0.0000000000
123060  10.952  51.097  -43.450 0.0000000000
123061  10.724  50.558  -42.853 0.0000000000
123062  8.189  51.353  -42.251 0.0000000000
123063  10.887  51.513  -43.618 0.0000000000
123064  10.248  51.707  -43.551 0.0000000000
123675  13.563  51.460  -37.999 0.0000000000
123686  13.011  51.467  -38.540 0.0000000000
123687  12.518  51.445  -39.156 0.0000000000
123688  9.905  51.704  -38.560 0.0000000000
123689  9.281  51.771  -39.351 0.0000000000
123696  11.931  51.494  -39.865 0.0000000000
123697  11.455  52.166  -40.099 0.0000000000
123698  8.681  51.832  -40.314 0.0000000000
123699  8.485  51.278  -40.834 0.0000000000
123700  11.744  50.961  -40.312 0.0000000000
123701  11.265  51.660  -40.558 0.0000000000
123702  10.785  51.817  -41.373 0.0000000000
123703  8.579  52.406  -40.845 0.0000000000
123704  8.396  51.848  -41.304 0.0000000000
123705  10.849  51.608  -42.254 0.0000000000
123706  8.129  51.864  -42.108 0.0000000000
123707  11.192  51.734  -43.252 0.0000000000
123708  11.321  51.303  -42.862 0.0000000000
123709  8.466  51.625  -42.562 0.0000000000
123710  10.737  52.425  -43.719 0.0000000000
123711  8.973  52.279  -43.184 0.0000000000
123712  8.763  51.716  -42.906 0.0000000000
123713  9.841  52.602  -43.623 0.0000000000
124311  13.734  52.366  -37.564 0.0000000000
124313  10.792  52.604  -37.548 0.0000000000
124321  13.189  52.395  -38.132 0.0000000000
124322  12.479  52.452  -38.679 0.0000000000
124323  11.907  52.929  -39.108 0.0000000000
124324  10.058  52.729  -38.061 0.0000000000
124325  9.456  52.847  -38.860 0.0000000000
124331  12.116  52.192  -39.312 0.0000000000
124332  11.548  52.737  -39.699 0.0000000000
124333  9.024  52.979  -39.774 0.0000000000
124334  11.199  52.908  -40.362 0.0000000000
124335  10.931  52.984  -41.004 0.0000000000
124336  8.775  53.090  -40.630 0.0000000000
124337  8.581  52.936  -41.263 0.0000000000
124338  11.740  54.185  -42.231 0.0000000000
124339  11.754  53.942  -42.151 0.0000000000
124340  11.299  53.207  -41.800 0.0000000000
124341  8.400  52.747  -41.857 0.0000000000
124342  11.600  53.967  -42.386 0.0000000000
124343  11.392  53.118  -42.667 0.0000000000
124344  11.251  52.135  -42.622 0.0000000000
124345  8.281  52.676  -42.471 0.0000000000
124346  11.171  52.833  -43.262 0.0000000000
124347  8.465  52.566  -42.963 0.0000000000
124959  10.672  54.229  -36.958 0.0000000000
124965  13.381  53.325  -37.714 0.0000000000
124966  11.009  53.142  -37.188 0.0000000000
124967  10.425  53.742  -37.485 0.0000000000
124971  12.764  53.393  -38.223 0.0000000000
124972  12.068  53.629  -38.735 0.0000000000
124973  11.534  53.835  -39.410 0.0000000000
124974  9.762  53.917  -38.507 0.0000000000
124975  9.500  54.107  -39.521 0.0000000000
124976  11.262  53.941  -40.141 0.0000000000
124977  9.318  54.198  -40.462 0.0000000000
124978  10.946  54.090  -40.699 0.0000000000
124979  10.948  54.355  -41.217 0.0000000000
124980  8.872  54.202  -41.390 0.0000000000
124981  8.574  53.427  -41.684 0.0000000000
124982  11.688  54.642  -42.335 0.0000000000
124983  11.667  54.700  -41.801 0.0000000000
124984  11.257  54.561  -41.524 0.0000000000
124985  8.786  54.752  -42.040 0.0000000000
124986  8.459  53.877  -42.254 0.0000000000
124987  11.471  53.977  -42.831 0.0000000000
124988  11.336  53.383  -43.065 0.0000000000
124989  8.235  53.502  -42.901 0.0000000000
124990  8.648  53.082  -43.159 0.0000000000
124991  8.401  53.271  -43.047 0.0000000000
125616  11.457  54.712  -36.205 0.0000000000
125617  10.848  54.776  -36.719 0.0000000000
125622  13.521  54.417  -37.327 0.0000000000
125623  12.889  54.822  -37.784 0.0000000000
125624  10.372  54.888  -37.355 0.0000000000
125630  13.058  54.115  -37.925 0.0000000000
125631  12.352  54.562  -38.302 0.0000000000
125632  11.533  54.788  -38.988 0.0000000000
125633  9.999  55.009  -38.263 0.0000000000
125634  9.659  55.215  -39.238 0.0000000000
125636  10.907  55.082  -39.870 0.0000000000
125637  10.375  55.707  -40.478 0.0000000000
125638  9.798  55.543  -40.240 0.0000000000
125639  10.783  54.841  -40.405 0.0000000000
125640  10.504  55.301  -40.824 0.0000000000
125641  9.727  55.286  -41.077 0.0000000000
125642  11.624  55.389  -42.468 0.0000000000
125643  11.870  55.705  -42.031 0.0000000000
125644  10.960  55.832  -41.415 0.0000000000
125645  9.274  55.740  -42.035 0.0000000000
125646  8.559  55.003  -42.465 0.0000000000
125647  11.375  55.094  -43.119 0.0000000000
125648  11.140  53.673  -43.388 0.0000000000
125649  8.655  55.523  -42.838 0.0000000000
125650  8.213  54.603  -42.996 0.0000000000
125651  9.081  53.398  -43.374 0.0000000000
125652  8.505  53.918  -43.189 0.0000000000
126238  11.537  55.459  -35.759 0.0000000000
126243  13.534  55.417  -36.856 0.0000000000
126244  10.990  55.583  -36.347 0.0000000000
126245  10.341  55.703  -36.989 0.0000000000
126251  12.969  55.465  -37.378 0.0000000000
126252  12.358  55.562  -37.931 0.0000000000
126253  10.234  56.048  -38.040 0.0000000000
126257  11.590  55.676  -38.490 0.0000000000
126258  10.897  56.059  -39.346 0.0000000000
126259  9.485  56.342  -38.969 0.0000000000
126260  9.624  56.322  -39.794 0.0000000000
126262  10.406  56.444  -40.255 0.0000000000
126263  9.834  56.488  -40.464 0.0000000000
126264  9.736  56.430  -40.148 0.0000000000
126266  11.551  55.946  -42.542 0.0000000000
126267  11.577  56.749  -42.316 0.0000000000
126268  10.420  56.935  -42.456 0.0000000000
126269  9.451  56.249  -43.137 0.0000000000
126270  8.939  55.020  -43.326 0.0000000000
126271  8.500  54.557  -43.173 0.0000000000
126272  8.940  54.247  -43.365 0.0000000000
126273  8.685  54.473  -43.273 0.0000000000
126811  11.327  56.897  -35.094 0.0000000000
126822  11.663  55.929  -35.377 0.0000000000
126823  10.992  56.468  -35.679 0.0000000000
126824  10.185  56.977  -36.474 0.0000000000
126831  12.903  56.788  -36.854 0.0000000000
126832  10.465  56.307  -36.556 0.0000000000
126833  10.003  56.896  -37.432 0.0000000000
126838  13.034  56.086  -36.918 0.0000000000
126839  12.309  56.520  -37.443 0.0000000000
126840  11.502  57.018  -38.010 0.0000000000
126841  9.545  57.197  -38.628 0.0000000000
126845  11.750  56.327  -38.086 0.0000000000
126846  11.093  56.979  -38.816 0.0000000000
126847  9.271  57.356  -39.290 0.0000000000
126848  9.433  57.044  -39.676 0.0000000000
126849  10.425  57.370  -39.891 0.0000000000
126850  10.014  57.411  -40.576 0.0000000000
126851  9.682  57.038  -40.191 0.0000000000
126852  11.136  57.142  -43.024 0.0000000000
126853  10.528  56.619  -43.359 0.0000000000
126854  9.974  55.573  -43.847 0.0000000000
126855  9.569  54.236  -43.642 0.0000000000
127369  11.471  57.380  -34.778 0.0000000000
127380  10.914  57.445  -35.281 0.0000000000
127381  10.278  57.533  -35.946 0.0000000000
127386  13.112  57.451  -36.525 0.0000000000
127387  12.347  57.511  -37.049 0.0000000000
127388  9.615  57.829  -36.942 0.0000000000
127389  9.647  58.428  -37.469 0.0000000000
127393  11.601  57.565  -37.624 0.0000000000
127394  10.826  57.797  -38.269 0.0000000000
127395  9.829  58.070  -38.307 0.0000000000
127396  9.699  58.775  -38.067 0.0000000000
127399  10.461  58.165  -39.349 0.0000000000
127400  9.526  57.994  -39.466 0.0000000000
127401  9.465  57.548  -39.714 0.0000000000
127402  10.028  58.202  -40.214 0.0000000000
127403  9.716  57.692  -40.097 0.0000000000
127404  9.575  57.373  -39.947 0.0000000000
127405  11.012  56.689  -43.350 0.0000000000
127406  10.909  55.943  -43.709 0.0000000000
127407  10.610  54.289  -43.923 0.0000000000
127914  11.518  58.917  -34.146 0.0000000000
127925  11.614  57.850  -34.456 0.0000000000
127926  10.949  58.448  -34.822 0.0000000000
127927  10.131  59.007  -35.157 0.0000000000
127937  13.279  58.289  -36.169 0.0000000000
127938  10.435  57.982  -35.454 0.0000000000
127939  9.816  58.625  -36.031 0.0000000000
127940  9.568  59.160  -36.656 0.0000000000
127945  12.529  58.306  -36.637 0.0000000000
127946  11.541  58.494  -37.375 0.0000000000
127947  11.058  59.079  -37.869 0.0000000000
127948  9.530  58.433  -36.893 0.0000000000
127949  9.528  58.971  -37.248 0.0000000000
127954  11.137  58.157  -37.908 0.0000000000
127955  10.560  58.765  -38.334 0.0000000000
127956  9.561  58.958  -38.924 0.0000000000
127957  9.517  59.258  -38.242 0.0000000000
128496  11.112  59.498  -34.249 0.0000000000
128508  10.281  59.482  -34.667 0.0000000000
128509  9.765  59.573  -35.362 0.0000000000
128519  13.059  59.352  -35.876 0.0000000000
128520  12.466  59.839  -36.254 0.0000000000
128521  9.607  59.738  -36.490 0.0000000000
128522  9.506  59.413  -37.005 0.0000000000
128529  12.773  58.820  -36.325 0.0000000000
128530  12.095  59.337  -36.652 0.0000000000
128531  11.333  59.404  -37.457 0.0000000000
128532  9.522  60.279  -37.069 0.0000000000
128533  9.422  59.884  -37.665 0.0000000000
128537  10.786  59.704  -38.195 0.0000000000
128538  10.086  59.755  -39.000 0.0000000000
128539  9.581  59.878  -38.746 0.0000000000
129065  12.017  60.468  -33.281 0.0000000000
129066  11.187  60.439  -33.766 0.0000000000
129067  10.438  60.768  -34.093 0.0000000000
129075  10.546  60.119  -34.262 0.0000000000
129076  9.874  60.447  -34.723 0.0000000000
129081  13.344  60.407  -35.328 0.0000000000
129082  12.466  60.455  -35.915 0.0000000000
129083  11.721  60.862  -36.454 0.0000000000
129084  9.720  60.376  -35.725 0.0000000000
129090  12.013  60.176  -36.506 0.0000000000
129091  11.331  60.464  -37.432 0.0000000000
129092  9.657  60.743  -36.619 0.0000000000
129093  9.554  60.822  -37.540 0.0000000000
129098  10.457  60.809  -38.746 0.0000000000
129099  9.819  60.714  -39.157 0.0000000000
129100  9.575  60.971  -38.529 0.0000000000
129104  10.036  61.439  -39.241 0.0000000000
129105  9.690  61.652  -39.094 0.0000000000
129106  9.525  61.874  -38.845 0.0000000000
129622  11.981  61.680  -32.692 0.0000000000
129637  12.184  61.065  -32.851 0.0000000000
129638  11.482  61.314  -33.180 0.0000000000
129639  10.761  61.376  -33.652 0.0000000000
129644  13.060  61.586  -35.058 0.0000000000
129645  12.525  62.182  -35.467 0.0000000000
129646  10.278  61.509  -34.408 0.0000000000
129651  12.698  61.006  -35.462 0.0000000000
129652  12.117  61.667  -35.925 0.0000000000
129653  11.314  61.693  -37.066 0.0000000000
129654  9.978  61.458  -35.718 0.0000000000
129661  10.862  61.709  -38.250 0.0000000000
129662  9.834  61.760  -37.330 0.0000000000
129663  9.648  61.321  -37.969 0.0000000000
129668  10.340  61.875  -39.031 0.0000000000
129669  9.829  62.300  -38.386 0.0000000000
129670  9.695  61.753  -38.381 0.0000000000
129676  9.932  62.197  -39.265 0.0000000000
129677  9.544  62.476  -39.042 0.0000000000
129678  9.550  62.178  -38.765 0.0000000000
130180  12.150  62.322  -32.325 0.0000000000
130181  11.284  62.253  -32.750 0.0000000000
130182  10.765  62.828  -32.821 0.0000000000
130195  10.991  61.838  -33.248 0.0000000000
130196  10.655  62.460  -33.600 0.0000000000
130203  12.800  62.655  -35.153 0.0000000000
130204  10.449  62.614  -35.030 0.0000000000
130210  12.184  62.781  -35.840 0.0000000000
130211  11.482  62.707  -36.692 0.0000000000
130212  10.284  62.717  -36.360 0.0000000000
130219  10.681  62.534  -37.647 0.0000000000
130220  10.446  62.550  -37.493 0.0000000000
130225  10.354  62.469  -38.768 0.0000000000
130226  10.141  62.298  -38.624 0.0000000000
130231  10.177  62.440  -39.188 0.0000000000
130232  10.009  62.869  -39.244 0.0000000000
130709  11.685  64.156  -31.004 0.0000000000
130710  11.090  64.378  -31.233 0.0000000000
130729  12.094  63.233  -31.720 0.0000000000
130730  10.921  63.957  -31.729 0.0000000000
130731  10.503  64.318  -32.243 0.0000000000
130739  11.679  62.746  -32.315 0.0000000000
130740  11.153  63.100  -32.346 0.0000000000
130741  10.536  63.703  -32.917 0.0000000000
130749  10.607  63.701  -34.353 0.0000000000
130757  13.158  63.281  -34.776 0.0000000000
130758  10.582  63.798  -35.634 0.0000000000
130765  12.516  63.571  -35.401 0.0000000000
130766  11.584  63.666  -36.172 0.0000000000
130767  10.877  63.594  -36.526 0.0000000000
130773  11.106  63.338  -37.107 0.0000000000
130774  10.837  63.054  -37.280 0.0000000000
131204  12.179  64.914  -30.269 0.0000000000
131205  10.994  64.921  -30.889 0.0000000000
131206  10.631  65.386  -31.254 0.0000000000
131218  10.847  64.522  -31.369 0.0000000000
131219  10.499  64.910  -31.722 0.0000000000
131225  10.426  64.860  -32.792 0.0000000000
131232  10.320  64.753  -33.891 0.0000000000
131238  13.090  64.273  -34.673 0.0000000000
131239  10.577  64.806  -35.013 0.0000000000
131245  12.150  64.570  -35.484 0.0000000000
131246  11.291  64.728  -35.938 0.0000000000
131247  10.802  64.826  -35.840 0.0000000000
131672  12.027  65.890  -29.913 0.0000000000
131673  11.349  65.791  -30.404 0.0000000000
131674  10.758  65.884  -30.947 0.0000000000
131693  10.474  65.912  -31.598 0.0000000000
131699  10.419  65.820  -32.488 0.0000000000
131707  10.360  65.777  -33.574 0.0000000000
131714  13.287  65.214  -34.004 0.0000000000
131715  12.626  65.373  -34.821 0.0000000000
131716  10.397  65.775  -34.638 0.0000000000
131723  11.779  65.574  -35.408 0.0000000000
131724  11.101  65.732  -35.729 0.0000000000
131725  10.728  65.792  -35.433 0.0000000000
132113  12.382  66.843  -29.889 0.0000000000
132114  11.621  66.645  -30.280 0.0000000000
132115  11.043  66.642  -30.679 0.0000000000
132136  10.648  66.767  -31.292 0.0000000000
132148  10.439  66.795  -32.141 0.0000000000
132154  13.650  65.994  -33.720 0.0000000000
132155  10.595  66.776  -33.198 0.0000000000
132162  12.963  66.123  -34.154 0.0000000000
132163  12.286  66.382  -34.839 0.0000000000
132164  10.449  66.771  -34.324 0.0000000000
132168  11.534  66.563  -35.418 0.0000000000
132169  10.953  66.676  -35.641 0.0000000000
132170  10.589  66.732  -35.208 0.0000000000
132528  12.598  67.685  -30.105 0.0000000000
132529  11.877  67.641  -30.500 0.0000000000
132530  11.344  67.134  -30.585 0.0000000000
132547  11.442  68.167  -30.804 0.0000000000
132548  11.001  67.687  -30.917 0.0000000000
132564  10.602  67.736  -31.747 0.0000000000
132571  13.884  66.719  -33.749 0.0000000000
132572  13.365  66.529  -33.900 0.0000000000
132573  10.635  67.785  -32.737 0.0000000000
132579  14.155  67.529  -33.912 0.0000000000
132580  13.003  67.221  -34.211 0.0000000000
132581  12.103  67.402  -35.162 0.0000000000
132582  10.757  67.895  -33.927 0.0000000000
132586  11.433  67.539  -35.600 0.0000000000
132587  10.894  67.632  -35.530 0.0000000000
132588  10.531  67.712  -35.008 0.0000000000
132911  12.712  68.529  -30.283 0.0000000000
132912  11.839  68.672  -30.728 0.0000000000
132928  11.165  68.731  -30.960 0.0000000000
132929  10.813  68.684  -31.451 0.0000000000
132948  10.597  68.721  -32.269 0.0000000000
132962  10.885  69.381  -33.704 0.0000000000
132963  10.654  68.876  -33.254 0.0000000000
132973  13.490  68.347  -34.467 0.0000000000
132974  12.559  68.263  -34.984 0.0000000000
132975  11.974  68.371  -35.660 0.0000000000
132976  11.033  69.477  -34.050 0.0000000000
132977  11.002  68.977  -34.120 0.0000000000
132982  11.462  68.568  -35.625 0.0000000000
132983  10.930  68.551  -35.366 0.0000000000
132984  10.753  68.575  -34.752 0.0000000000
133314  13.068  69.514  -30.140 0.0000000000
133315  12.335  69.501  -30.560 0.0000000000
133316  11.504  69.575  -30.845 0.0000000000
133327  10.918  69.625  -31.205 0.0000000000
133328  10.650  69.622  -31.883 0.0000000000
133341  10.573  69.638  -32.688 0.0000000000
133354  10.955  69.867  -33.850 0.0000000000
133355  10.720  69.740  -33.334 0.0000000000
133369  12.850  69.108  -35.189 0.0000000000
133370  12.306  68.864  -35.565 0.0000000000
133371  11.083  69.719  -34.572 0.0000000000
133372  10.935  69.106  -34.658 0.0000000000
133379  12.126  69.669  -36.153 0.0000000000
133380  11.463  69.742  -35.564 0.0000000000
133381  10.936  69.145  -35.071 0.0000000000
133734  12.788  70.364  -30.299 0.0000000000
133735  11.979  70.406  -30.682 0.0000000000
133736  11.160  70.539  -30.946 0.0000000000
133746  10.747  70.584  -31.587 0.0000000000
133747  10.587  70.469  -32.378 0.0000000000
133760  10.813  70.746  -33.407 0.0000000000
133761  10.629  70.403  -33.056 0.0000000000
133775  11.109  70.616  -33.979 0.0000000000
133776  10.829  70.277  -33.517 0.0000000000
133792  11.330  70.778  -35.000 0.0000000000
134137  13.123  71.294  -29.899 0.0000000000
134138  12.468  72.138  -30.278 0.0000000000
134139  11.556  72.260  -30.712 0.0000000000
134148  12.461  71.123  -30.434 0.0000000000
134149  11.730  71.368  -30.728 0.0000000000
134150  11.026  71.706  -31.267 0.0000000000
134159  10.727  71.546  -32.273 0.0000000000
134160  10.638  70.988  -32.861 0.0000000000
134173  10.915  71.435  -33.302 0.0000000000
134174  10.707  70.917  -33.165 0.0000000000
134188  11.533  71.418  -34.244 0.0000000000
134502  11.797  73.080  -30.286 0.0000000000
134513  11.003  72.924  -30.916 0.0000000000
134522  10.800  72.772  -31.732 0.0000000000
134529  11.062  72.694  -32.549 0.0000000000
134806  11.210  73.887  -30.464 0.0000000000
134815  10.718  73.801  -31.257 0.0000000000
134822  11.248  73.864  -32.413 0.0000000000
134823  10.861  73.780  -32.017 0.0000000000
135050  10.865  74.698  -30.778 0.0000000000
135061  10.783  74.602  -31.590 0.0000000000
135066  11.482  74.642  -32.071 0.0000000000
135067  10.966  74.570  -32.135 0.0000000000
135235  11.179  74.999  -32.009 0.0000000000
135236  10.988  75.079  -31.806 0.0000000000
136035  11.460  26.194  -32.209 0.0000000000
136036  11.596  25.981  -32.240 0.0000000000
136039  11.199  26.794  -32.321 0.0000000000
136048  11.008  26.427  -32.432 0.0000000000
136053  11.048  26.547  -32.278 0.0000000000
136054  10.967  26.805  -32.391 0.0000000000
136055  10.866  27.487  -32.535 0.0000000000
136058  10.177  27.161  -32.904 0.0000000000
136065  10.073  26.625  -32.721 0.0000000000
136120  10.161  50.426  -42.148 0.0000000000
136121  10.133  50.324  -42.451 0.0000000000
136122  10.294  52.210  -43.718 0.0000000000
136123  11.299  56.388  -43.035 0.0000000000
