#!ascii label  , from subject Broad_82_YZ vox2ras=TkReg
2197
49176  24.493  -18.606  47.273 0.0000000000
49177  24.081  -18.660  47.499 0.0000000000
49178  26.688  -19.267  46.275 0.0000000000
49179  26.093  -19.184  46.452 0.0000000000
49180  25.114  -19.003  46.903 0.0000000000
49181  24.163  -18.751  47.230 0.0000000000
49182  23.912  -18.674  47.232 0.0000000000
49185  26.857  -19.380  46.153 0.0000000000
49186  26.278  -19.339  46.264 0.0000000000
49187  25.520  -19.263  46.518 0.0000000000
49188  24.668  -19.115  46.787 0.0000000000
49189  24.038  -18.827  46.905 0.0000000000
49194  27.375  -19.178  45.576 0.0000000000
49195  27.098  -19.408  45.840 0.0000000000
49196  26.521  -19.478  45.998 0.0000000000
49197  25.775  -19.410  46.194 0.0000000000
49198  25.158  -19.318  46.509 0.0000000000
49203  27.418  -19.134  45.377 0.0000000000
49204  27.177  -19.356  45.298 0.0000000000
49205  26.708  -19.572  45.546 0.0000000000
49206  26.102  -19.611  45.620 0.0000000000
49211  27.050  -19.375  44.931 0.0000000000
49212  26.715  -19.575  45.072 0.0000000000
49213  26.392  -19.663  45.256 0.0000000000
50312  24.423  -18.344  47.806 0.0000000000
50313  24.037  -18.715  48.150 0.0000000000
50314  23.668  -18.575  47.744 0.0000000000
50318  27.377  -18.392  46.045 0.0000000000
50319  26.910  -18.856  46.331 0.0000000000
50320  25.954  -18.780  46.507 0.0000000000
50321  25.030  -18.329  47.274 0.0000000000
50322  23.892  -18.623  47.550 0.0000000000
50323  23.684  -18.586  47.374 0.0000000000
50324  23.189  -18.491  46.788 0.0000000000
50330  27.941  -18.405  46.027 0.0000000000
50331  27.603  -18.577  45.929 0.0000000000
50332  27.166  -19.133  46.219 0.0000000000
50333  25.490  -18.468  46.686 0.0000000000
50334  25.115  -18.266  47.099 0.0000000000
50335  24.740  -19.248  46.582 0.0000000000
50336  24.007  -18.996  46.677 0.0000000000
50337  23.462  -18.583  46.765 0.0000000000
50343  28.022  -18.391  45.871 0.0000000000
50344  27.518  -18.953  45.796 0.0000000000
50345  27.164  -19.300  46.047 0.0000000000
50346  25.619  -19.487  45.884 0.0000000000
50347  24.984  -19.402  46.116 0.0000000000
50348  24.102  -19.354  45.845 0.0000000000
50349  23.565  -19.075  45.633 0.0000000000
50354  27.994  -18.500  45.475 0.0000000000
50355  27.718  -18.781  45.303 0.0000000000
50356  27.457  -19.048  45.154 0.0000000000
50357  25.503  -19.626  45.538 0.0000000000
50358  24.833  -19.626  45.279 0.0000000000
50359  23.947  -19.279  44.997 0.0000000000
50360  23.372  -18.840  45.162 0.0000000000
50365  27.720  -18.726  44.912 0.0000000000
50366  27.347  -19.102  44.722 0.0000000000
50367  26.829  -19.364  44.484 0.0000000000
50368  25.894  -19.762  44.713 0.0000000000
50369  24.636  -19.610  44.305 0.0000000000
50370  23.714  -19.342  44.129 0.0000000000
50371  23.318  -19.143  43.934 0.0000000000
50375  27.695  -18.665  44.405 0.0000000000
50376  27.347  -18.870  43.765 0.0000000000
50377  26.416  -19.309  43.569 0.0000000000
50378  25.285  -19.484  43.262 0.0000000000
50379  24.238  -19.413  43.431 0.0000000000
50380  23.507  -19.142  43.517 0.0000000000
50381  23.183  -18.994  43.739 0.0000000000
50385  26.814  -18.814  42.978 0.0000000000
50386  25.972  -18.982  42.304 0.0000000000
50387  25.201  -19.381  42.081 0.0000000000
50388  24.518  -19.373  42.488 0.0000000000
50389  23.830  -19.188  42.837 0.0000000000
50398  25.785  -18.787  41.511 0.0000000000
50399  25.441  -19.151  41.063 0.0000000000
50400  24.587  -19.379  41.418 0.0000000000
50401  23.864  -19.253  41.930 0.0000000000
50410  24.586  -19.273  40.321 0.0000000000
50411  23.741  -19.100  40.762 0.0000000000
50412  23.189  -18.893  40.455 0.0000000000
51473  24.178  -18.099  48.316 0.0000000000
51474  23.701  -18.046  48.254 0.0000000000
51475  23.010  -17.665  48.190 0.0000000000
51476  21.972  -17.071  48.100 0.0000000000
51477  21.752  -16.696  48.556 0.0000000000
51485  24.607  -18.122  48.037 0.0000000000
51486  24.083  -18.370  48.141 0.0000000000
51487  23.400  -18.350  47.998 0.0000000000
51488  22.530  -17.537  47.923 0.0000000000
51489  21.440  -16.848  48.141 0.0000000000
51490  20.332  -16.746  48.092 0.0000000000
51498  28.228  -17.792  46.095 0.0000000000
51499  27.798  -17.965  46.136 0.0000000000
51500  27.269  -17.970  46.092 0.0000000000
51501  26.730  -18.619  46.266 0.0000000000
51502  24.945  -17.912  47.531 0.0000000000
51503  23.432  -18.511  47.743 0.0000000000
51504  23.006  -18.020  47.480 0.0000000000
51505  21.830  -17.218  47.639 0.0000000000
51506  20.829  -16.807  47.815 0.0000000000
51507  19.955  -16.741  47.998 0.0000000000
51517  28.270  -18.036  45.919 0.0000000000
51518  27.998  -18.135  46.024 0.0000000000
51519  27.290  -17.625  46.235 0.0000000000
51520  26.552  -18.263  46.064 0.0000000000
51521  25.311  -18.164  46.823 0.0000000000
51522  23.367  -18.736  46.417 0.0000000000
51523  22.896  -18.187  46.689 0.0000000000
51524  21.897  -17.390  47.017 0.0000000000
51525  21.048  -16.995  47.459 0.0000000000
51526  20.393  -16.792  47.733 0.0000000000
51533  28.356  -18.062  45.571 0.0000000000
51534  26.553  -17.810  45.866 0.0000000000
51535  25.904  -18.228  46.094 0.0000000000
51536  23.549  -19.052  46.106 0.0000000000
51537  22.909  -18.594  45.787 0.0000000000
51538  21.791  -17.703  46.111 0.0000000000
51539  20.962  -17.519  45.867 0.0000000000
51543  28.404  -18.269  45.078 0.0000000000
51544  28.047  -18.495  44.992 0.0000000000
51545  26.319  -17.785  45.704 0.0000000000
51546  26.188  -18.033  45.835 0.0000000000
51547  23.371  -19.001  44.534 0.0000000000
51548  22.827  -18.552  44.777 0.0000000000
51549  22.069  -18.017  45.109 0.0000000000
51550  21.113  -17.738  45.354 0.0000000000
51556  28.443  -18.161  45.029 0.0000000000
51557  28.165  -18.268  44.712 0.0000000000
51558  23.334  -19.113  44.172 0.0000000000
51559  22.969  -18.896  44.073 0.0000000000
51560  22.002  -18.369  44.035 0.0000000000
51561  21.368  -17.878  44.663 0.0000000000
51566  27.863  -18.219  43.880 0.0000000000
51567  27.688  -18.414  43.424 0.0000000000
51568  23.434  -18.958  43.066 0.0000000000
51569  22.927  -18.721  43.280 0.0000000000
51570  22.038  -18.193  42.835 0.0000000000
51574  27.902  -18.083  43.247 0.0000000000
51575  27.425  -18.302  42.927 0.0000000000
51576  26.597  -18.307  42.370 0.0000000000
51577  23.343  -18.938  42.504 0.0000000000
51578  22.676  -18.592  42.221 0.0000000000
51586  23.230  -18.883  41.601 0.0000000000
51587  22.588  -18.519  41.254 0.0000000000
51596  23.110  -18.765  40.880 0.0000000000
52666  21.971  -16.343  49.136 0.0000000000
52667  21.745  -16.352  49.135 0.0000000000
52676  23.915  -17.867  48.364 0.0000000000
52677  23.407  -17.588  48.323 0.0000000000
52678  22.664  -17.115  48.412 0.0000000000
52679  21.984  -16.524  48.890 0.0000000000
52680  21.270  -16.552  48.835 0.0000000000
52689  24.274  -17.810  48.352 0.0000000000
52690  23.216  -16.980  48.536 0.0000000000
52691  23.225  -16.664  48.499 0.0000000000
52692  20.632  -16.682  48.414 0.0000000000
52697  28.370  -16.870  46.393 0.0000000000
52698  28.296  -17.212  46.326 0.0000000000
52699  28.018  -17.035  46.691 0.0000000000
52700  27.675  -17.300  46.519 0.0000000000
52701  24.679  -17.654  48.197 0.0000000000
52702  23.479  -16.625  48.403 0.0000000000
52703  23.405  -16.364  48.366 0.0000000000
52704  20.001  -16.764  47.779 0.0000000000
52705  19.504  -16.860  47.678 0.0000000000
52706  18.705  -17.092  47.599 0.0000000000
52711  28.503  -17.018  46.130 0.0000000000
52712  28.461  -17.454  45.964 0.0000000000
52713  27.879  -16.795  46.837 0.0000000000
52714  27.427  -16.958  46.445 0.0000000000
52715  26.946  -17.496  46.029 0.0000000000
52716  24.816  -17.576  47.650 0.0000000000
52717  24.607  -17.260  47.417 0.0000000000
52718  21.487  -17.304  46.952 0.0000000000
52719  21.132  -17.190  47.017 0.0000000000
52720  20.195  -16.913  47.258 0.0000000000
52721  19.134  -17.002  47.112 0.0000000000
52722  18.230  -17.315  47.073 0.0000000000
52728  28.552  -17.043  45.797 0.0000000000
52729  28.481  -17.503  45.659 0.0000000000
52730  27.090  -16.834  46.016 0.0000000000
52731  26.885  -16.993  45.850 0.0000000000
52732  25.064  -17.799  46.678 0.0000000000
52733  24.456  -17.191  46.831 0.0000000000
52734  21.418  -17.359  46.720 0.0000000000
52735  20.766  -17.255  46.434 0.0000000000
52736  19.653  -17.118  46.436 0.0000000000
52737  18.650  -17.267  46.433 0.0000000000
52738  17.731  -17.348  46.445 0.0000000000
52744  28.537  -16.934  45.496 0.0000000000
52745  28.542  -17.410  45.295 0.0000000000
52746  26.582  -17.190  45.506 0.0000000000
52747  25.798  -17.826  45.680 0.0000000000
52748  24.881  -17.460  45.941 0.0000000000
52749  20.200  -17.372  45.622 0.0000000000
52750  19.080  -17.314  45.712 0.0000000000
52751  18.164  -17.272  45.766 0.0000000000
52752  17.355  -17.167  45.797 0.0000000000
52753  16.580  -16.986  45.682 0.0000000000
52759  28.472  -17.662  44.861 0.0000000000
52760  28.216  -17.576  44.236 0.0000000000
52761  26.502  -16.811  45.135 0.0000000000
52762  26.155  -17.246  45.050 0.0000000000
52763  25.434  -17.390  45.222 0.0000000000
52764  21.138  -17.777  44.097 0.0000000000
52765  20.461  -17.582  44.644 0.0000000000
52766  19.421  -17.373  44.902 0.0000000000
52767  18.535  -17.223  45.065 0.0000000000
52768  17.738  -17.043  45.118 0.0000000000
52769  17.127  -16.970  45.301 0.0000000000
52774  28.104  -17.520  43.477 0.0000000000
52775  21.281  -17.741  43.305 0.0000000000
52776  20.446  -17.491  43.679 0.0000000000
52777  19.631  -17.294  44.051 0.0000000000
52778  18.765  -17.098  44.267 0.0000000000
52779  18.143  -17.015  44.592 0.0000000000
52783  27.848  -17.531  42.819 0.0000000000
53980  22.061  -16.224  49.242 0.0000000000
53981  21.854  -16.195  49.301 0.0000000000
53982  21.322  -16.214  49.326 0.0000000000
53990  23.806  -17.567  48.366 0.0000000000
53991  23.204  -17.082  48.478 0.0000000000
53992  22.207  -16.540  49.091 0.0000000000
53993  22.013  -16.362  49.130 0.0000000000
53994  20.685  -16.458  49.125 0.0000000000
54002  24.033  -17.353  48.363 0.0000000000
54003  23.469  -16.871  48.436 0.0000000000
54004  23.068  -16.247  48.513 0.0000000000
54005  23.026  -15.999  48.522 0.0000000000
54012  28.424  -16.765  46.297 0.0000000000
54013  28.245  -16.547  46.572 0.0000000000
54014  27.991  -16.112  46.969 0.0000000000
54015  27.899  -15.865  46.856 0.0000000000
54016  24.383  -17.096  48.243 0.0000000000
54017  23.880  -16.503  48.186 0.0000000000
54018  23.213  -15.899  48.218 0.0000000000
54019  22.954  -15.887  48.508 0.0000000000
54023  28.583  -16.717  45.981 0.0000000000
54024  27.846  -16.368  46.873 0.0000000000
54025  27.557  -15.970  46.456 0.0000000000
54026  24.581  -16.897  47.941 0.0000000000
54027  24.179  -16.551  47.589 0.0000000000
54028  23.805  -16.214  47.305 0.0000000000
54031  28.548  -16.522  45.663 0.0000000000
54032  27.201  -16.131  45.974 0.0000000000
54033  26.967  -16.248  45.679 0.0000000000
54034  24.103  -16.625  46.959 0.0000000000
54035  23.657  -16.320  46.731 0.0000000000
54039  28.563  -16.378  45.334 0.0000000000
54040  28.506  -16.602  45.125 0.0000000000
54041  26.740  -16.257  45.251 0.0000000000
54042  24.193  -16.919  46.222 0.0000000000
54043  23.594  -16.535  45.827 0.0000000000
54044  16.812  -16.865  45.191 0.0000000000
54045  16.369  -16.710  45.072 0.0000000000
54050  28.569  -16.670  44.899 0.0000000000
54051  28.433  -16.989  44.500 0.0000000000
54052  26.449  -16.445  44.705 0.0000000000
54053  25.753  -16.991  44.560 0.0000000000
54054  24.607  -17.065  44.989 0.0000000000
54055  23.581  -16.567  44.762 0.0000000000
54056  17.737  -16.908  44.572 0.0000000000
54057  17.099  -16.812  44.636 0.0000000000
54063  28.515  -16.334  44.407 0.0000000000
54064  28.308  -16.674  43.882 0.0000000000
54065  26.169  -16.352  44.122 0.0000000000
54078  28.154  -16.698  43.066 0.0000000000
54079  27.588  -16.589  42.431 0.0000000000
55381  22.114  -16.011  49.363 0.0000000000
55382  21.723  -15.848  49.495 0.0000000000
55383  21.074  -15.726  49.571 0.0000000000
55390  23.116  -16.937  49.113 0.0000000000
55391  22.467  -15.959  49.131 0.0000000000
55394  22.824  -16.225  48.691 0.0000000000
55395  22.660  -15.676  48.840 0.0000000000
55396  22.788  -15.810  48.726 0.0000000000
55403  28.431  -16.225  46.260 0.0000000000
55404  28.242  -15.790  46.543 0.0000000000
55405  28.037  -15.419  46.768 0.0000000000
55406  27.807  -15.288  46.674 0.0000000000
55407  23.662  -16.065  47.951 0.0000000000
55408  22.972  -15.677  48.249 0.0000000000
55409  22.854  -15.737  48.503 0.0000000000
55414  28.544  -15.916  45.911 0.0000000000
55415  27.494  -15.264  46.290 0.0000000000
55416  27.305  -14.984  45.901 0.0000000000
55417  23.622  -16.012  47.725 0.0000000000
55418  23.147  -15.729  47.407 0.0000000000
55420  28.598  -15.797  45.402 0.0000000000
55421  27.216  -15.589  45.876 0.0000000000
55422  26.967  -15.329  45.519 0.0000000000
55423  23.025  -15.820  46.565 0.0000000000
55426  28.624  -15.792  45.025 0.0000000000
55427  28.614  -16.060  44.884 0.0000000000
55428  26.676  -15.449  44.905 0.0000000000
55429  22.878  -15.916  45.630 0.0000000000
55433  28.586  -15.547  44.739 0.0000000000
55434  28.573  -15.795  44.500 0.0000000000
55435  26.488  -15.569  44.257 0.0000000000
55441  28.527  -15.578  43.931 0.0000000000
55442  28.308  -15.947  43.385 0.0000000000
55450  28.534  -15.205  43.271 0.0000000000
55451  28.108  -15.551  42.615 0.0000000000
56758  22.072  -15.603  49.409 0.0000000000
56759  21.619  -15.150  49.547 0.0000000000
56760  20.806  -15.063  49.586 0.0000000000
56767  22.215  -14.967  49.269 0.0000000000
56768  21.788  -14.732  49.396 0.0000000000
56774  22.446  -14.893  48.594 0.0000000000
56783  28.477  -15.545  46.157 0.0000000000
56784  28.288  -14.784  46.275 0.0000000000
56785  27.956  -14.642  46.539 0.0000000000
56786  27.758  -14.523  46.416 0.0000000000
56787  22.496  -14.989  47.923 0.0000000000
56796  28.600  -14.950  45.629 0.0000000000
56797  28.281  -14.271  46.153 0.0000000000
56798  27.537  -14.391  46.055 0.0000000000
56799  27.212  -14.361  45.605 0.0000000000
56800  22.411  -15.071  47.269 0.0000000000
56801  22.021  -14.809  47.032 0.0000000000
56809  28.639  -14.926  45.042 0.0000000000
56810  28.636  -14.566  44.657 0.0000000000
56811  26.832  -14.463  45.067 0.0000000000
56812  22.425  -15.327  46.489 0.0000000000
56813  21.800  -14.951  46.458 0.0000000000
56820  28.587  -15.095  44.684 0.0000000000
56821  28.683  -14.493  44.375 0.0000000000
56822  26.591  -14.644  44.452 0.0000000000
56823  22.237  -15.419  45.879 0.0000000000
56832  28.574  -15.121  44.411 0.0000000000
56833  28.602  -14.719  43.917 0.0000000000
56845  28.818  -14.504  43.555 0.0000000000
56856  28.849  -14.472  42.679 0.0000000000
56857  28.419  -14.753  42.019 0.0000000000
56868  29.004  -14.158  41.545 0.0000000000
58006  21.565  -14.641  49.428 0.0000000000
58007  21.173  -14.495  49.500 0.0000000000
58008  20.497  -14.323  49.485 0.0000000000
58014  21.931  -13.951  48.742 0.0000000000
58015  21.522  -14.046  49.256 0.0000000000
58016  20.789  -13.661  49.417 0.0000000000
58026  22.204  -14.145  48.225 0.0000000000
58035  28.320  -13.708  45.778 0.0000000000
58036  28.047  -13.987  46.197 0.0000000000
58037  27.834  -13.962  46.137 0.0000000000
58038  22.200  -14.262  47.779 0.0000000000
58045  28.668  -14.423  44.955 0.0000000000
58046  28.730  -13.804  45.259 0.0000000000
58047  27.799  -13.716  45.987 0.0000000000
58048  27.415  -13.551  45.629 0.0000000000
58049  21.971  -14.230  47.486 0.0000000000
58050  21.598  -14.240  47.090 0.0000000000
58055  28.991  -14.394  44.765 0.0000000000
58056  28.890  -13.868  44.588 0.0000000000
58057  26.980  -13.520  45.207 0.0000000000
58058  21.072  -14.306  46.336 0.0000000000
58059  20.546  -13.914  46.288 0.0000000000
58062  30.219  -12.521  43.771 0.0000000000
58063  29.700  -13.069  43.875 0.0000000000
58064  29.123  -13.745  44.186 0.0000000000
58065  26.555  -13.593  44.498 0.0000000000
58072  30.466  -12.598  43.259 0.0000000000
58073  29.920  -12.974  43.533 0.0000000000
58074  29.260  -13.696  43.807 0.0000000000
58082  30.627  -12.489  42.763 0.0000000000
58083  30.143  -13.037  42.941 0.0000000000
58084  29.420  -13.649  43.202 0.0000000000
58091  30.627  -12.461  42.538 0.0000000000
58092  30.263  -12.831  42.285 0.0000000000
58093  29.584  -13.577  42.411 0.0000000000
58100  30.246  -13.055  41.365 0.0000000000
58101  29.747  -13.423  41.698 0.0000000000
58129  37.047  -12.747  37.823 0.0000000000
58130  36.580  -12.731  37.876 0.0000000000
58131  35.816  -12.655  37.933 0.0000000000
58132  35.269  -12.596  38.029 0.0000000000
58145  37.092  -12.707  37.600 0.0000000000
58146  36.759  -12.771  37.252 0.0000000000
58147  35.956  -12.868  37.237 0.0000000000
58148  34.995  -12.775  37.397 0.0000000000
58149  34.041  -12.694  37.143 0.0000000000
58150  33.129  -12.603  37.216 0.0000000000
58163  37.085  -12.606  36.230 0.0000000000
58164  36.889  -12.787  36.435 0.0000000000
58165  36.221  -13.087  36.478 0.0000000000
58166  35.368  -13.091  36.483 0.0000000000
58167  34.438  -12.942  36.442 0.0000000000
58168  33.454  -12.809  36.447 0.0000000000
58178  37.146  -12.477  36.052 0.0000000000
58179  36.927  -12.707  35.752 0.0000000000
58180  36.474  -13.119  35.707 0.0000000000
58181  35.751  -13.330  35.667 0.0000000000
58182  34.870  -13.301  35.622 0.0000000000
58183  33.880  -13.141  35.604 0.0000000000
58195  36.627  -12.911  35.029 0.0000000000
58196  36.125  -13.313  34.893 0.0000000000
58197  35.362  -13.493  34.790 0.0000000000
58198  34.452  -13.464  34.717 0.0000000000
58211  36.459  -13.097  34.206 0.0000000000
58212  35.860  -13.458  34.019 0.0000000000
58213  35.062  -13.600  33.865 0.0000000000
58227  36.256  -13.178  33.357 0.0000000000
59214  21.826  -13.239  48.665 0.0000000000
59215  21.567  -12.896  48.995 0.0000000000
59216  20.975  -12.888  49.292 0.0000000000
59224  21.980  -13.404  48.354 0.0000000000
59225  21.778  -12.796  48.518 0.0000000000
59231  28.325  -13.064  45.691 0.0000000000
59232  28.047  -13.321  45.833 0.0000000000
59233  27.926  -13.597  45.976 0.0000000000
59234  22.048  -13.574  47.961 0.0000000000
59235  21.969  -13.003  47.955 0.0000000000
59242  29.872  -11.900  45.096 0.0000000000
59243  28.874  -12.707  45.516 0.0000000000
59244  28.287  -12.665  45.781 0.0000000000
59245  27.971  -13.017  45.795 0.0000000000
59246  27.706  -12.844  45.711 0.0000000000
59247  21.976  -13.796  47.759 0.0000000000
59248  21.601  -13.240  47.582 0.0000000000
59249  21.159  -12.641  47.421 0.0000000000
59251  29.951  -12.128  44.850 0.0000000000
59252  29.571  -12.793  44.739 0.0000000000
59253  27.228  -12.688  45.482 0.0000000000
59254  21.209  -13.743  47.065 0.0000000000
59255  20.721  -13.095  46.818 0.0000000000
59256  20.156  -12.593  46.639 0.0000000000
59259  30.458  -12.458  43.927 0.0000000000
59260  29.890  -12.690  43.928 0.0000000000
59261  29.621  -13.043  44.250 0.0000000000
59262  26.652  -12.667  45.002 0.0000000000
59269  30.986  -11.871  43.269 0.0000000000
59270  30.620  -12.236  43.494 0.0000000000
59276  31.212  -11.776  43.020 0.0000000000
59277  30.947  -12.070  42.944 0.0000000000
59283  30.879  -12.171  42.309 0.0000000000
59284  30.713  -12.431  41.980 0.0000000000
59291  31.677  -12.025  41.097 0.0000000000
59292  31.103  -12.323  41.468 0.0000000000
59293  30.610  -12.521  41.826 0.0000000000
59300  36.597  -12.005  40.290 0.0000000000
59301  35.734  -11.892  40.066 0.0000000000
59302  34.863  -11.804  39.945 0.0000000000
59303  33.918  -11.770  39.975 0.0000000000
59304  32.923  -11.842  40.073 0.0000000000
59305  32.055  -12.205  40.289 0.0000000000
59306  31.221  -12.583  40.531 0.0000000000
59307  30.724  -12.733  41.110 0.0000000000
59314  38.745  -12.015  38.585 0.0000000000
59315  38.293  -12.329  39.042 0.0000000000
59316  37.244  -12.358  39.508 0.0000000000
59317  36.168  -12.275  39.414 0.0000000000
59318  35.239  -12.179  39.264 0.0000000000
59319  34.286  -12.163  39.244 0.0000000000
59320  33.323  -12.195  39.361 0.0000000000
59321  32.421  -12.375  39.511 0.0000000000
59322  31.602  -12.614  39.652 0.0000000000
59329  38.639  -11.966  38.186 0.0000000000
59330  38.254  -12.326  38.051 0.0000000000
59331  37.369  -12.602  38.371 0.0000000000
59332  36.472  -12.525  38.612 0.0000000000
59333  35.609  -12.426  38.573 0.0000000000
59334  34.656  -12.481  38.307 0.0000000000
59335  33.615  -12.401  38.576 0.0000000000
59336  32.710  -12.474  38.772 0.0000000000
59344  37.920  -12.212  37.302 0.0000000000
59345  37.448  -12.568  37.529 0.0000000000
59346  37.120  -12.662  37.384 0.0000000000
59347  34.386  -12.636  37.648 0.0000000000
59348  33.791  -12.555  37.800 0.0000000000
59349  32.887  -12.435  37.978 0.0000000000
59358  37.961  -11.930  36.910 0.0000000000
59359  37.432  -12.282  36.558 0.0000000000
59360  37.135  -12.612  37.046 0.0000000000
59367  37.242  -12.291  35.666 0.0000000000
59368  36.962  -12.553  35.157 0.0000000000
59375  37.226  -12.202  34.847 0.0000000000
59376  36.822  -12.602  34.481 0.0000000000
59382  37.008  -12.130  34.092 0.0000000000
59383  36.732  -12.602  33.552 0.0000000000
60287  21.148  -12.168  48.983 0.0000000000
60288  20.970  -12.180  49.004 0.0000000000
60289  20.407  -11.970  49.152 0.0000000000
60298  21.432  -12.257  48.630 0.0000000000
60306  21.591  -12.250  48.245 0.0000000000
60313  28.695  -12.026  45.908 0.0000000000
60314  28.177  -12.166  45.909 0.0000000000
60315  27.876  -12.325  45.824 0.0000000000
60316  21.581  -12.327  47.952 0.0000000000
60317  21.321  -12.225  47.735 0.0000000000
60320  27.957  -11.848  45.828 0.0000000000
60321  27.561  -12.034  45.689 0.0000000000
60322  20.880  -12.098  47.432 0.0000000000
60323  20.345  -11.970  47.017 0.0000000000
60324  19.839  -11.578  46.818 0.0000000000
60326  30.563  -12.838  44.025 0.0000000000
60327  30.160  -12.430  44.066 0.0000000000
60328  26.975  -11.840  45.210 0.0000000000
60329  26.588  -12.098  44.581 0.0000000000
60335  31.187  -11.622  43.458 0.0000000000
60336  30.615  -12.118  43.755 0.0000000000
60337  30.441  -12.168  44.039 0.0000000000
60338  26.932  -11.565  44.263 0.0000000000
60344  40.967  -9.675  42.151 0.0000000000
60345  40.959  -9.376  42.244 0.0000000000
60346  32.343  -11.133  42.893 0.0000000000
60347  31.694  -11.416  42.978 0.0000000000
60348  31.381  -11.690  42.752 0.0000000000
60355  40.976  -9.827  41.944 0.0000000000
60356  40.803  -9.144  41.025 0.0000000000
60357  35.547  -10.657  41.795 0.0000000000
60358  35.107  -10.770  41.759 0.0000000000
60359  34.488  -10.935  41.690 0.0000000000
60360  32.524  -11.172  42.512 0.0000000000
60361  31.927  -11.444  42.321 0.0000000000
60362  31.361  -11.762  42.331 0.0000000000
60369  40.883  -9.910  41.273 0.0000000000
60370  40.152  -9.950  40.865 0.0000000000
60371  39.355  -10.335  40.618 0.0000000000
60372  38.142  -10.729  40.615 0.0000000000
60373  37.107  -10.950  41.300 0.0000000000
60374  36.006  -11.017  41.556 0.0000000000
60375  35.105  -11.298  41.277 0.0000000000
60376  34.026  -11.192  41.357 0.0000000000
60377  32.902  -11.263  41.662 0.0000000000
60378  31.906  -11.594  41.668 0.0000000000
60379  31.363  -11.923  41.791 0.0000000000
60386  40.690  -10.086  40.873 0.0000000000
60387  40.077  -10.637  40.401 0.0000000000
60388  38.826  -11.062  40.367 0.0000000000
60389  37.740  -11.349  40.718 0.0000000000
60390  36.862  -11.604  41.052 0.0000000000
60391  35.980  -11.600  40.858 0.0000000000
60392  35.281  -11.620  40.575 0.0000000000
60393  34.488  -11.536  40.662 0.0000000000
60394  33.479  -11.500  40.758 0.0000000000
60395  32.459  -11.637  40.883 0.0000000000
60405  40.048  -10.831  39.780 0.0000000000
60406  39.287  -11.402  39.400 0.0000000000
60407  38.111  -11.706  39.918 0.0000000000
60408  37.346  -11.898  40.409 0.0000000000
60420  39.018  -11.472  38.099 0.0000000000
60421  38.580  -11.928  37.939 0.0000000000
60431  38.908  -11.090  37.037 0.0000000000
60432  38.435  -11.826  37.372 0.0000000000
60443  38.699  -10.818  36.525 0.0000000000
60444  38.065  -11.326  36.283 0.0000000000
60445  37.498  -11.889  35.980 0.0000000000
60457  37.899  -11.103  35.039 0.0000000000
60458  37.566  -11.749  35.356 0.0000000000
60469  37.649  -10.941  34.545 0.0000000000
60470  37.375  -11.429  34.386 0.0000000000
60475  37.040  -11.687  33.160 0.0000000000
61386  21.032  -11.797  48.643 0.0000000000
61387  20.478  -11.332  48.760 0.0000000000
61397  21.264  -11.654  48.275 0.0000000000
61398  20.834  -11.068  48.360 0.0000000000
61405  21.437  -11.675  48.030 0.0000000000
61406  21.156  -11.009  48.057 0.0000000000
61411  28.505  -11.370  45.597 0.0000000000
61412  21.405  -11.864  47.925 0.0000000000
61413  21.125  -11.392  47.784 0.0000000000
61414  20.664  -10.875  47.610 0.0000000000
61418  32.368  -10.114  44.370 0.0000000000
61419  32.119  -10.211  44.267 0.0000000000
61420  31.310  -10.631  44.282 0.0000000000
61421  27.904  -11.588  45.583 0.0000000000
61422  27.593  -11.600  45.344 0.0000000000
61423  20.687  -11.406  47.435 0.0000000000
61424  20.137  -11.056  47.289 0.0000000000
61428  32.574  -10.181  44.243 0.0000000000
61429  32.039  -10.521  44.040 0.0000000000
61430  31.461  -10.985  43.999 0.0000000000
61431  28.114  -11.232  45.133 0.0000000000
61432  27.555  -11.417  44.818 0.0000000000
61437  33.521  -10.059  43.609 0.0000000000
61438  33.367  -10.018  43.796 0.0000000000
61439  32.833  -10.230  43.899 0.0000000000
61440  31.869  -11.004  43.510 0.0000000000
61441  30.946  -11.604  43.895 0.0000000000
61442  30.665  -11.888  43.984 0.0000000000
61443  29.055  -10.343  44.707 0.0000000000
61444  28.349  -11.108  44.408 0.0000000000
61445  27.730  -11.400  44.143 0.0000000000
61449  41.051  -9.432  41.873 0.0000000000
61450  40.984  -9.505  42.088 0.0000000000
61451  40.993  -9.197  42.162 0.0000000000
61452  33.651  -9.995  43.406 0.0000000000
61453  33.510  -10.175  43.193 0.0000000000
61454  32.877  -10.819  42.973 0.0000000000
61455  32.200  -11.084  43.085 0.0000000000
61456  28.935  -10.308  43.844 0.0000000000
61457  28.326  -11.006  43.558 0.0000000000
61462  41.085  -9.880  41.945 0.0000000000
61463  41.047  -9.968  41.631 0.0000000000
61464  40.645  -9.145  41.723 0.0000000000
61465  40.042  -8.816  41.463 0.0000000000
61466  35.769  -10.543  41.775 0.0000000000
61467  35.129  -10.299  42.014 0.0000000000
61468  34.045  -10.429  42.166 0.0000000000
61469  33.310  -10.919  42.137 0.0000000000
61470  30.508  -9.701  41.835 0.0000000000
61471  30.032  -9.857  42.137 0.0000000000
61472  29.089  -10.168  42.738 0.0000000000
61477  41.223  -9.530  41.352 0.0000000000
61478  41.119  -9.890  41.177 0.0000000000
61479  39.909  -9.227  41.071 0.0000000000
61480  39.795  -9.548  40.955 0.0000000000
61481  38.625  -10.107  40.401 0.0000000000
61482  37.315  -10.370  40.824 0.0000000000
61483  36.087  -10.308  41.627 0.0000000000
61484  35.267  -9.924  42.004 0.0000000000
61485  33.901  -10.881  41.782 0.0000000000
61486  33.555  -11.067  41.728 0.0000000000
61495  41.335  -9.530  40.965 0.0000000000
61496  41.101  -9.775  40.836 0.0000000000
61497  40.711  -10.167  40.495 0.0000000000
61498  37.775  -10.134  40.287 0.0000000000
61499  37.349  -10.124  40.582 0.0000000000
61510  40.939  -9.926  40.158 0.0000000000
61511  40.579  -10.287  39.829 0.0000000000
61512  40.042  -10.759  39.375 0.0000000000
61526  40.321  -10.220  39.038 0.0000000000
61527  39.770  -10.769  38.646 0.0000000000
61540  40.128  -10.057  38.308 0.0000000000
61541  39.584  -10.381  37.587 0.0000000000
61554  39.153  -10.178  36.502 0.0000000000
61555  38.602  -10.551  36.143 0.0000000000
61568  38.792  -10.017  35.841 0.0000000000
61569  38.364  -10.384  35.416 0.0000000000
61585  37.895  -10.367  34.386 0.0000000000
61586  37.554  -10.835  34.251 0.0000000000
61600  37.746  -10.112  33.777 0.0000000000
61601  37.426  -10.594  33.625 0.0000000000
62589  20.220  -10.603  48.428 0.0000000000
62594  20.370  -10.419  48.051 0.0000000000
62595  19.793  -10.000  48.006 0.0000000000
62599  20.813  -10.676  47.847 0.0000000000
62600  19.969  -10.267  47.750 0.0000000000
62606  32.354  -9.913  44.447 0.0000000000
62607  31.847  -10.044  44.331 0.0000000000
62608  30.546  -10.339  44.523 0.0000000000
62609  30.152  -9.749  44.438 0.0000000000
62610  19.645  -10.503  47.339 0.0000000000
62618  33.055  -10.014  44.305 0.0000000000
62619  32.756  -9.958  44.380 0.0000000000
62620  32.178  -9.648  44.368 0.0000000000
62621  30.590  -11.436  44.555 0.0000000000
62622  30.363  -12.092  44.397 0.0000000000
62623  29.953  -9.450  44.273 0.0000000000
62630  33.558  -9.870  43.768 0.0000000000
62631  33.214  -9.939  44.153 0.0000000000
62632  33.030  -10.020  44.273 0.0000000000
62633  30.598  -11.920  44.187 0.0000000000
62634  31.016  -11.750  44.868 0.0000000000
62635  29.778  -9.111  43.957 0.0000000000
62636  29.636  -9.676  44.005 0.0000000000
62642  41.044  -8.989  42.020 0.0000000000
62643  41.029  -8.848  42.318 0.0000000000
62644  40.899  -8.606  42.558 0.0000000000
62645  33.696  -9.842  43.147 0.0000000000
62646  33.988  -10.010  42.604 0.0000000000
62647  31.434  -8.734  42.907 0.0000000000
62648  31.045  -8.851  42.981 0.0000000000
62649  30.236  -9.168  43.422 0.0000000000
62650  29.477  -9.751  43.322 0.0000000000
62656  41.172  -8.538  41.998 0.0000000000
62657  41.367  -8.828  41.384 0.0000000000
62658  40.470  -8.630  41.961 0.0000000000
62659  39.926  -8.874  41.173 0.0000000000
62660  34.360  -9.726  42.311 0.0000000000
62661  34.417  -10.099  42.287 0.0000000000
62662  33.308  -8.810  42.429 0.0000000000
62663  32.803  -8.857  42.391 0.0000000000
62664  31.761  -8.851  42.516 0.0000000000
62665  30.725  -9.357  42.336 0.0000000000
62666  29.816  -9.688  42.843 0.0000000000
62667  29.376  -9.858  42.894 0.0000000000
62672  41.674  -9.003  40.912 0.0000000000
62673  41.486  -8.965  41.102 0.0000000000
62674  39.635  -8.996  40.848 0.0000000000
62675  39.164  -9.499  40.576 0.0000000000
62676  37.105  -10.065  40.754 0.0000000000
62677  36.577  -9.909  41.073 0.0000000000
62678  35.263  -9.519  41.744 0.0000000000
62679  34.510  -9.211  41.704 0.0000000000
62680  33.622  -9.117  41.895 0.0000000000
62681  32.658  -9.221  41.647 0.0000000000
62682  31.664  -9.436  41.550 0.0000000000
62683  30.914  -9.710  41.462 0.0000000000
62688  41.477  -9.085  40.797 0.0000000000
62689  41.370  -9.238  40.316 0.0000000000
62690  39.103  -9.050  40.477 0.0000000000
62691  38.428  -9.527  40.190 0.0000000000
62692  37.303  -9.769  40.346 0.0000000000
62693  36.378  -9.499  40.696 0.0000000000
62694  35.563  -9.267  40.696 0.0000000000
62695  34.535  -9.128  40.790 0.0000000000
62696  33.520  -9.279  40.693 0.0000000000
62707  41.157  -9.418  39.707 0.0000000000
62708  40.745  -9.716  39.267 0.0000000000
62709  35.389  -9.179  39.792 0.0000000000
62722  41.178  -9.156  38.956 0.0000000000
62723  40.621  -9.564  38.591 0.0000000000
62737  41.015  -8.953  38.264 0.0000000000
62738  40.363  -9.307  37.553 0.0000000000
62739  39.715  -9.649  36.858 0.0000000000
62754  40.062  -8.990  36.262 0.0000000000
62755  39.590  -9.540  36.291 0.0000000000
62770  39.754  -8.767  35.649 0.0000000000
62771  39.230  -9.240  35.593 0.0000000000
62772  38.731  -9.775  35.411 0.0000000000
62786  38.993  -8.971  34.889 0.0000000000
62787  38.572  -9.465  34.748 0.0000000000
62802  38.069  -9.525  33.576 0.0000000000
62803  37.685  -10.020  33.476 0.0000000000
62836  47.424  -9.084  30.542 0.0000000000
62837  47.312  -9.120  30.817 0.0000000000
62853  47.273  -9.183  29.927 0.0000000000
63833  19.149  -9.621  48.006 0.0000000000
63838  31.514  -9.682  44.375 0.0000000000
63839  31.064  -9.407  44.425 0.0000000000
63840  31.137  -9.048  44.589 0.0000000000
63849  32.982  -9.836  44.243 0.0000000000
63850  32.628  -9.516  44.249 0.0000000000
63851  31.973  -9.175  44.376 0.0000000000
63852  31.407  -8.865  44.325 0.0000000000
63853  30.900  -8.769  44.282 0.0000000000
63854  30.402  -8.914  44.184 0.0000000000
63863  33.416  -9.789  43.600 0.0000000000
63864  33.007  -9.398  43.762 0.0000000000
63865  32.667  -9.101  43.840 0.0000000000
63866  32.137  -8.767  43.936 0.0000000000
63867  31.512  -8.655  43.890 0.0000000000
63868  30.890  -8.662  43.874 0.0000000000
63869  30.422  -8.846  43.838 0.0000000000
63876  41.050  -7.999  41.716 0.0000000000
63877  40.952  -8.278  41.908 0.0000000000
63878  40.882  -8.216  42.505 0.0000000000
63879  40.743  -7.820  42.537 0.0000000000
63880  33.695  -9.426  43.145 0.0000000000
63881  33.407  -8.982  43.312 0.0000000000
63882  32.906  -8.785  43.368 0.0000000000
63883  32.255  -8.642  43.375 0.0000000000
63884  31.519  -8.659  43.218 0.0000000000
63885  30.736  -8.780  43.514 0.0000000000
63886  30.444  -8.881  43.610 0.0000000000
63894  41.406  -7.959  41.556 0.0000000000
63895  41.535  -8.458  41.425 0.0000000000
63896  41.526  -8.757  41.239 0.0000000000
63897  40.565  -8.036  42.122 0.0000000000
63898  40.304  -7.889  41.431 0.0000000000
63899  34.154  -9.172  42.687 0.0000000000
63900  33.700  -8.777  42.890 0.0000000000
63901  33.119  -8.637  42.803 0.0000000000
63902  32.226  -8.616  42.868 0.0000000000
63903  31.838  -8.649  42.870 0.0000000000
63911  42.036  -7.921  41.245 0.0000000000
63912  41.876  -8.557  41.002 0.0000000000
63913  41.719  -8.809  41.089 0.0000000000
63914  39.890  -8.292  41.125 0.0000000000
63915  34.208  -9.229  42.311 0.0000000000
63916  33.813  -8.902  42.414 0.0000000000
63917  33.559  -8.797  42.445 0.0000000000
63926  42.230  -7.870  40.732 0.0000000000
63927  41.894  -8.185  40.172 0.0000000000
63928  41.573  -8.759  39.832 0.0000000000
63929  39.424  -8.443  40.553 0.0000000000
63930  38.785  -8.602  40.073 0.0000000000
63931  37.990  -9.077  39.824 0.0000000000
63932  37.139  -9.198  39.937 0.0000000000
63933  36.475  -9.210  40.112 0.0000000000
63943  41.994  -8.185  39.551 0.0000000000
63944  41.629  -8.698  39.283 0.0000000000
63945  38.336  -8.365  39.637 0.0000000000
63946  37.711  -8.434  39.439 0.0000000000
63947  36.958  -8.789  39.471 0.0000000000
63948  36.223  -9.035  39.651 0.0000000000
63958  42.147  -8.170  39.020 0.0000000000
63959  41.579  -8.361  38.585 0.0000000000
63960  37.317  -8.145  38.822 0.0000000000
63971  41.054  -8.170  37.623 0.0000000000
63972  40.538  -8.532  36.905 0.0000000000
63982  40.777  -7.954  36.837 0.0000000000
63983  40.446  -8.108  36.254 0.0000000000
63992  40.013  -8.167  35.394 0.0000000000
63993  39.579  -8.621  35.329 0.0000000000
64003  49.248  -7.741  33.891 0.0000000000
64004  48.846  -7.915  33.915 0.0000000000
64005  39.891  -7.864  34.717 0.0000000000
64006  39.350  -8.375  34.598 0.0000000000
64007  38.911  -8.894  34.551 0.0000000000
64017  49.214  -7.827  33.158 0.0000000000
64018  48.534  -8.092  33.309 0.0000000000
64019  47.941  -8.196  33.075 0.0000000000
64020  39.151  -8.193  33.411 0.0000000000
64021  38.760  -8.810  33.957 0.0000000000
64032  49.092  -7.771  32.752 0.0000000000
64033  48.595  -8.058  32.368 0.0000000000
64034  47.731  -8.362  32.382 0.0000000000
64035  47.181  -8.408  32.029 0.0000000000
64036  39.092  -8.104  32.839 0.0000000000
64037  38.622  -8.545  32.824 0.0000000000
64049  48.274  -8.077  31.374 0.0000000000
64050  47.723  -8.640  31.287 0.0000000000
64051  47.037  -8.912  31.258 0.0000000000
64052  46.606  -8.554  31.357 0.0000000000
64067  48.124  -7.999  30.909 0.0000000000
64068  47.710  -8.477  30.521 0.0000000000
64069  46.677  -9.214  30.622 0.0000000000
64087  47.262  -8.587  29.718 0.0000000000
65124  41.185  -7.658  41.665 0.0000000000
65125  40.801  -7.841  41.939 0.0000000000
65126  40.856  -7.634  42.546 0.0000000000
65127  40.789  -7.400  42.548 0.0000000000
65131  42.120  -6.795  41.171 0.0000000000
65132  41.903  -7.269  41.320 0.0000000000
65133  41.713  -8.588  41.246 0.0000000000
65134  41.921  -8.663  41.086 0.0000000000
65135  40.720  -7.605  42.447 0.0000000000
65136  40.459  -7.867  41.683 0.0000000000
65139  42.296  -6.854  41.003 0.0000000000
65140  42.372  -7.184  40.795 0.0000000000
65141  42.009  -8.256  41.292 0.0000000000
65142  42.002  -8.471  41.160 0.0000000000
65143  39.873  -7.732  41.266 0.0000000000
65150  42.468  -7.250  40.189 0.0000000000
65151  42.273  -7.648  39.761 0.0000000000
65152  39.668  -7.584  40.687 0.0000000000
65153  39.277  -7.941  40.151 0.0000000000
65160  42.613  -6.986  39.639 0.0000000000
65161  42.407  -7.449  39.214 0.0000000000
65162  39.401  -7.317  40.054 0.0000000000
65163  38.833  -7.639  39.589 0.0000000000
65164  38.267  -7.918  39.311 0.0000000000
65171  42.143  -7.514  38.637 0.0000000000
65172  41.586  -7.622  38.177 0.0000000000
65173  38.409  -7.414  39.101 0.0000000000
65174  37.968  -7.640  38.841 0.0000000000
65180  41.940  -6.990  38.077 0.0000000000
65181  41.564  -7.179  37.546 0.0000000000
65189  41.230  -7.373  36.867 0.0000000000
65190  40.785  -7.562  36.387 0.0000000000
65199  49.193  -6.646  35.162 0.0000000000
65200  48.912  -7.036  35.152 0.0000000000
65201  48.392  -7.306  34.951 0.0000000000
65202  40.981  -7.011  36.201 0.0000000000
65203  40.628  -7.349  35.629 0.0000000000
65213  49.831  -6.712  34.333 0.0000000000
65214  49.543  -6.918  34.562 0.0000000000
65215  48.863  -7.587  34.443 0.0000000000
65216  48.165  -7.579  34.366 0.0000000000
65217  47.576  -7.355  34.322 0.0000000000
65218  40.366  -7.290  34.614 0.0000000000
65219  39.848  -7.686  34.220 0.0000000000
65229  49.973  -6.776  34.132 0.0000000000
65230  49.727  -7.188  33.715 0.0000000000
65231  48.470  -7.845  33.926 0.0000000000
65232  47.823  -7.831  33.568 0.0000000000
65233  47.191  -7.338  33.813 0.0000000000
65234  40.134  -7.236  33.457 0.0000000000
65235  39.589  -7.798  33.660 0.0000000000
65252  49.387  -7.248  32.881 0.0000000000
65253  48.996  -7.660  32.546 0.0000000000
65254  47.645  -8.095  32.940 0.0000000000
65255  47.045  -7.786  32.715 0.0000000000
65256  46.428  -7.386  32.552 0.0000000000
65257  40.115  -7.098  32.722 0.0000000000
65258  39.485  -7.566  32.605 0.0000000000
65259  39.017  -8.053  32.568 0.0000000000
65274  49.272  -6.878  32.496 0.0000000000
65275  48.833  -7.323  32.100 0.0000000000
65276  46.837  -8.357  31.818 0.0000000000
65277  46.241  -7.800  31.726 0.0000000000
65287  48.336  -7.440  31.243 0.0000000000
65288  47.902  -7.611  30.647 0.0000000000
65303  47.487  -7.762  29.970 0.0000000000
66448  41.552  -7.132  41.491 0.0000000000
66449  41.276  -6.982  41.601 0.0000000000
66450  41.195  -6.867  41.849 0.0000000000
66451  41.021  -6.982  42.319 0.0000000000
66464  42.312  -6.474  40.964 0.0000000000
66465  41.879  -6.616  41.311 0.0000000000
66466  41.574  -6.486  41.412 0.0000000000
66467  40.849  -6.870  42.146 0.0000000000
66468  40.425  -7.323  41.649 0.0000000000
66485  42.519  -6.561  40.673 0.0000000000
66486  42.830  -6.500  40.343 0.0000000000
66487  43.342  -6.170  40.149 0.0000000000
66488  40.019  -7.165  41.362 0.0000000000
66505  43.225  -6.311  39.896 0.0000000000
66506  43.591  -6.109  39.985 0.0000000000
66507  39.964  -6.856  41.068 0.0000000000
66521  42.857  -6.256  39.060 0.0000000000
66522  42.458  -6.991  38.842 0.0000000000
66523  39.717  -6.697  40.326 0.0000000000
66524  39.292  -6.723  39.648 0.0000000000
66539  43.089  -5.835  38.029 0.0000000000
66540  42.473  -6.649  38.345 0.0000000000
66541  38.693  -6.716  38.934 0.0000000000
66542  38.323  -7.182  38.792 0.0000000000
66557  48.386  -5.794  36.734 0.0000000000
66558  48.230  -5.707  36.993 0.0000000000
66559  43.014  -5.560  37.469 0.0000000000
66560  42.253  -6.166  37.261 0.0000000000
66561  41.622  -6.832  37.051 0.0000000000
66562  38.521  -6.132  38.084 0.0000000000
66563  38.186  -6.927  38.327 0.0000000000
66578  49.031  -6.022  36.008 0.0000000000
66579  48.552  -6.030  36.289 0.0000000000
66580  47.865  -5.932  36.621 0.0000000000
66581  47.467  -5.775  36.696 0.0000000000
66582  42.011  -5.862  35.918 0.0000000000
66583  41.521  -6.598  36.469 0.0000000000
66598  49.276  -6.202  35.311 0.0000000000
66599  48.881  -6.432  35.610 0.0000000000
66600  48.111  -6.612  35.607 0.0000000000
66601  47.345  -6.025  36.125 0.0000000000
66602  42.019  -5.808  34.835 0.0000000000
66603  41.276  -6.514  35.354 0.0000000000
66604  40.826  -6.967  35.042 0.0000000000
66619  49.907  -6.406  34.371 0.0000000000
66620  49.584  -6.208  34.782 0.0000000000
66621  47.806  -7.252  34.926 0.0000000000
66622  46.945  -6.588  34.865 0.0000000000
66623  46.192  -6.053  34.744 0.0000000000
66624  42.047  -5.717  34.234 0.0000000000
66625  41.521  -6.074  34.101 0.0000000000
66626  40.989  -6.719  34.565 0.0000000000
66642  50.200  -6.362  33.942 0.0000000000
66643  50.022  -6.734  33.825 0.0000000000
66644  46.615  -6.987  33.544 0.0000000000
66645  45.986  -6.390  34.161 0.0000000000
66646  41.424  -6.306  33.085 0.0000000000
66647  40.866  -6.709  33.738 0.0000000000
66660  50.173  -6.219  33.722 0.0000000000
66661  49.949  -6.469  33.467 0.0000000000
66662  46.526  -7.194  32.900 0.0000000000
66663  45.925  -6.582  32.793 0.0000000000
66664  44.958  -5.948  32.191 0.0000000000
66665  44.063  -5.834  32.086 0.0000000000
66666  41.348  -6.236  32.444 0.0000000000
66667  40.719  -6.635  32.614 0.0000000000
66668  40.081  -6.943  32.222 0.0000000000
66682  49.608  -6.402  32.756 0.0000000000
66683  49.233  -6.418  32.175 0.0000000000
66684  45.405  -6.749  31.464 0.0000000000
66685  44.477  -6.197  31.351 0.0000000000
66686  43.321  -5.883  31.507 0.0000000000
66687  42.328  -5.994  31.314 0.0000000000
66688  41.414  -6.183  31.657 0.0000000000
66689  40.453  -6.624  31.546 0.0000000000
66699  48.670  -6.538  31.570 0.0000000000
66700  48.137  -6.711  30.905 0.0000000000
66703  42.883  -6.303  30.507 0.0000000000
66704  41.903  -6.386  30.587 0.0000000000
66714  47.541  -6.802  30.323 0.0000000000
67884  41.361  -6.389  41.467 0.0000000000
67885  41.082  -6.614  41.597 0.0000000000
67886  40.785  -6.857  41.902 0.0000000000
67906  42.608  -6.189  40.663 0.0000000000
67907  42.349  -5.922  40.912 0.0000000000
67908  41.747  -5.977  41.295 0.0000000000
67909  41.291  -5.980  41.395 0.0000000000
67910  40.894  -6.353  41.521 0.0000000000
67911  40.714  -6.811  41.641 0.0000000000
67925  42.779  -6.261  40.496 0.0000000000
67926  43.121  -5.838  40.382 0.0000000000
67927  43.381  -5.957  40.252 0.0000000000
67928  40.619  -5.706  41.062 0.0000000000
67929  40.416  -6.543  41.338 0.0000000000
67936  44.290  -5.008  39.506 0.0000000000
67937  43.867  -5.590  40.019 0.0000000000
67938  43.563  -5.923  40.128 0.0000000000
67939  40.585  -5.386  40.718 0.0000000000
67940  40.251  -5.932  40.583 0.0000000000
67947  44.486  -4.946  39.054 0.0000000000
67948  43.770  -5.479  39.433 0.0000000000
67949  39.751  -5.919  39.810 0.0000000000
67950  39.257  -6.114  39.220 0.0000000000
67957  47.621  -4.952  37.566 0.0000000000
67958  47.267  -4.871  37.687 0.0000000000
67959  46.466  -4.705  37.958 0.0000000000
67960  45.315  -4.605  38.400 0.0000000000
67961  43.966  -5.110  38.508 0.0000000000
67962  39.614  -5.513  39.043 0.0000000000
67963  39.046  -5.805  38.574 0.0000000000
67970  48.803  -5.255  36.707 0.0000000000
67971  48.543  -5.453  36.919 0.0000000000
67972  47.871  -5.271  37.340 0.0000000000
67973  47.050  -5.182  37.454 0.0000000000
67974  46.162  -4.859  37.511 0.0000000000
67975  44.967  -4.649  37.569 0.0000000000
67976  43.721  -5.018  37.430 0.0000000000
67977  43.025  -5.291  37.005 0.0000000000
67978  39.419  -5.137  38.350 0.0000000000
67979  38.972  -5.350  37.760 0.0000000000
67985  48.832  -5.566  36.495 0.0000000000
67986  48.597  -5.712  36.626 0.0000000000
67987  47.473  -5.568  37.036 0.0000000000
67988  46.888  -5.473  36.818 0.0000000000
67989  45.883  -5.039  36.703 0.0000000000
67990  44.748  -4.826  36.583 0.0000000000
67991  43.696  -4.933  36.396 0.0000000000
67992  42.793  -5.307  36.233 0.0000000000
67998  49.168  -5.613  35.919 0.0000000000
67999  46.514  -5.700  35.940 0.0000000000
68000  45.608  -5.274  35.800 0.0000000000
68001  44.564  -4.991  35.530 0.0000000000
68002  43.573  -4.967  35.426 0.0000000000
68003  42.692  -5.285  35.192 0.0000000000
68011  49.763  -5.891  34.602 0.0000000000
68012  49.408  -5.588  35.136 0.0000000000
68013  46.201  -5.786  35.218 0.0000000000
68014  45.503  -5.596  34.829 0.0000000000
68015  44.511  -5.167  34.588 0.0000000000
68016  43.600  -5.100  34.525 0.0000000000
68017  42.617  -5.452  34.191 0.0000000000
68018  42.137  -5.717  33.802 0.0000000000
68026  50.127  -5.798  34.250 0.0000000000
68027  45.262  -5.762  33.849 0.0000000000
68028  44.363  -5.374  33.702 0.0000000000
68029  43.440  -5.473  33.520 0.0000000000
68030  42.665  -5.691  33.324 0.0000000000
68031  42.028  -5.943  33.223 0.0000000000
68039  50.198  -5.744  33.687 0.0000000000
68040  49.976  -5.649  33.018 0.0000000000
68041  45.053  -5.671  33.024 0.0000000000
68042  44.194  -5.642  32.842 0.0000000000
68043  43.300  -5.723  32.589 0.0000000000
68044  42.540  -5.820  32.625 0.0000000000
68045  41.878  -5.977  32.410 0.0000000000
68054  49.651  -5.597  32.371 0.0000000000
68055  49.164  -5.601  31.744 0.0000000000
68056  42.910  -5.757  32.176 0.0000000000
68057  42.488  -5.812  31.972 0.0000000000
68058  42.008  -5.909  31.830 0.0000000000
68066  48.489  -5.621  31.063 0.0000000000
68067  47.836  -5.996  30.567 0.0000000000
68076  48.064  -5.225  30.398 0.0000000000
68077  47.375  -5.640  29.837 0.0000000000
69191  42.097  -5.384  41.069 0.0000000000
69192  41.578  -5.312  41.213 0.0000000000
69193  41.173  -5.437  41.283 0.0000000000
69194  40.921  -5.330  41.176 0.0000000000
69199  42.665  -5.181  40.627 0.0000000000
69200  42.027  -4.793  40.860 0.0000000000
69201  41.861  -4.501  40.553 0.0000000000
69202  40.797  -5.101  40.853 0.0000000000
69207  44.366  -4.690  39.653 0.0000000000
69208  43.638  -4.796  40.180 0.0000000000
69209  42.810  -4.503  40.293 0.0000000000
69210  42.241  -4.358  40.374 0.0000000000
69211  40.576  -5.009  40.239 0.0000000000
69212  40.200  -5.506  40.063 0.0000000000
69217  46.196  -4.156  38.480 0.0000000000
69218  45.688  -4.218  38.773 0.0000000000
69219  45.013  -4.505  39.132 0.0000000000
69220  40.601  -4.566  39.294 0.0000000000
69221  40.147  -5.224  39.552 0.0000000000
69226  48.114  -4.594  37.405 0.0000000000
69227  47.672  -4.664  37.602 0.0000000000
69228  46.846  -4.408  38.135 0.0000000000
69229  45.996  -4.369  38.391 0.0000000000
69230  45.523  -4.408  38.718 0.0000000000
69231  40.549  -4.264  38.380 0.0000000000
69232  40.042  -4.869  38.702 0.0000000000
69237  48.824  -5.023  36.802 0.0000000000
69238  48.418  -4.900  37.239 0.0000000000
69239  48.075  -4.857  37.436 0.0000000000
69240  40.574  -4.058  37.802 0.0000000000
69241  39.876  -4.508  37.510 0.0000000000
69242  39.252  -5.036  37.158 0.0000000000
69248  49.008  -5.202  36.399 0.0000000000
69249  39.850  -4.258  36.467 0.0000000000
69256  49.216  -5.033  35.904 0.0000000000
69257  44.094  -4.897  35.049 0.0000000000
69258  43.788  -4.931  34.938 0.0000000000
69266  49.772  -5.399  34.607 0.0000000000
69267  49.392  -4.788  35.035 0.0000000000
69268  43.968  -4.949  34.754 0.0000000000
69269  43.733  -5.019  34.712 0.0000000000
69275  50.059  -4.878  34.123 0.0000000000
69276  49.469  -4.160  34.411 0.0000000000
69284  50.054  -4.633  33.077 0.0000000000
69285  49.921  -4.914  32.559 0.0000000000
69295  49.963  -4.082  32.318 0.0000000000
69296  49.683  -4.497  31.829 0.0000000000
69297  49.044  -4.833  31.350 0.0000000000
69307  49.348  -4.139  31.153 0.0000000000
69308  48.729  -4.472  30.637 0.0000000000
69320  48.081  -4.505  29.770 0.0000000000
70559  41.327  -5.117  41.181 0.0000000000
70560  41.167  -4.987  41.125 0.0000000000
70561  41.056  -4.908  40.967 0.0000000000
70571  41.484  -4.936  41.067 0.0000000000
70572  41.466  -4.730  40.767 0.0000000000
70573  41.113  -4.664  40.528 0.0000000000
70584  44.947  -3.777  39.415 0.0000000000
70585  44.516  -3.971  39.636 0.0000000000
70586  43.585  -3.935  39.822 0.0000000000
70587  42.751  -3.973  39.955 0.0000000000
70588  41.860  -4.144  40.120 0.0000000000
70589  41.148  -4.248  39.767 0.0000000000
70598  45.940  -3.987  38.678 0.0000000000
70599  45.421  -3.868  39.153 0.0000000000
70600  44.850  -4.263  39.430 0.0000000000
70601  43.313  -3.566  39.589 0.0000000000
70602  42.742  -3.572  39.452 0.0000000000
70603  41.944  -3.678  39.099 0.0000000000
70604  41.154  -3.977  38.835 0.0000000000
70609  47.917  -4.368  37.494 0.0000000000
70610  47.516  -4.078  37.816 0.0000000000
70611  46.498  -3.795  38.400 0.0000000000
70612  45.878  -3.371  38.537 0.0000000000
70613  41.645  -3.457  38.314 0.0000000000
70614  41.013  -3.750  38.051 0.0000000000
70619  48.637  -4.724  37.010 0.0000000000
70620  48.245  -4.270  37.230 0.0000000000
70621  47.720  -3.678  37.458 0.0000000000
70622  41.520  -3.460  37.571 0.0000000000
70623  40.800  -3.801  37.256 0.0000000000
70624  40.332  -3.986  36.668 0.0000000000
70628  48.774  -4.679  36.600 0.0000000000
70629  48.403  -3.997  36.612 0.0000000000
70630  41.456  -3.538  36.851 0.0000000000
70631  40.915  -3.563  36.252 0.0000000000
70632  40.172  -3.871  35.927 0.0000000000
70638  48.823  -4.400  35.902 0.0000000000
70639  48.396  -3.690  35.964 0.0000000000
70640  40.756  -3.638  35.239 0.0000000000
70648  48.931  -3.953  35.167 0.0000000000
70649  48.344  -3.286  35.236 0.0000000000
70656  49.615  -3.699  33.387 0.0000000000
70657  48.672  -3.362  34.233 0.0000000000
70658  48.160  -2.920  34.704 0.0000000000
70666  50.651  -1.822  31.862 0.0000000000
70667  50.458  -2.150  32.051 0.0000000000
70668  50.084  -3.166  32.345 0.0000000000
70678  50.678  -1.948  31.664 0.0000000000
70679  50.514  -2.401  31.672 0.0000000000
70680  50.171  -3.183  31.565 0.0000000000
70681  49.763  -3.616  31.252 0.0000000000
70692  50.118  -3.088  30.931 0.0000000000
70693  49.545  -3.460  30.475 0.0000000000
70694  48.805  -3.830  29.961 0.0000000000
70706  49.236  -3.250  29.563 0.0000000000
70707  48.487  -3.671  29.234 0.0000000000
70717  48.961  -3.032  28.716 0.0000000000
71873  44.876  -3.522  39.349 0.0000000000
71874  44.213  -3.420  39.497 0.0000000000
71875  43.722  -3.438  39.554 0.0000000000
71888  45.306  -3.287  38.923 0.0000000000
71889  44.769  -2.992  39.087 0.0000000000
71890  43.747  -3.035  39.187 0.0000000000
71891  42.899  -3.230  38.739 0.0000000000
71892  42.300  -3.305  38.383 0.0000000000
71906  47.220  -3.484  37.866 0.0000000000
71907  46.654  -2.992  38.094 0.0000000000
71908  45.653  -2.750  38.367 0.0000000000
71909  44.688  -2.707  38.416 0.0000000000
71910  43.805  -2.916  38.188 0.0000000000
71911  42.995  -3.192  37.914 0.0000000000
71912  42.223  -3.258  37.747 0.0000000000
71922  48.008  -3.636  37.074 0.0000000000
71923  47.475  -3.029  37.360 0.0000000000
71924  46.909  -2.554  37.583 0.0000000000
71925  45.392  -2.387  37.885 0.0000000000
71926  44.762  -2.438  37.506 0.0000000000
71927  43.753  -2.681  37.325 0.0000000000
71928  42.962  -3.111  37.127 0.0000000000
71929  42.195  -3.435  36.974 0.0000000000
71936  47.993  -3.312  36.651 0.0000000000
71937  47.597  -2.622  36.688 0.0000000000
71938  44.599  -2.360  36.584 0.0000000000
71939  43.648  -2.627  36.505 0.0000000000
71940  42.854  -2.974  36.311 0.0000000000
71941  41.951  -3.367  36.119 0.0000000000
71942  41.388  -3.470  35.605 0.0000000000
71947  47.944  -2.985  36.001 0.0000000000
71948  47.485  -2.334  35.962 0.0000000000
71949  44.284  -2.473  35.960 0.0000000000
71950  43.652  -2.607  35.611 0.0000000000
71951  42.807  -3.009  35.476 0.0000000000
71952  42.094  -3.413  35.241 0.0000000000
71953  41.476  -3.526  34.999 0.0000000000
71957  47.835  -2.644  35.212 0.0000000000
71958  47.422  -1.964  35.141 0.0000000000
71959  43.483  -2.668  34.776 0.0000000000
71960  42.774  -3.047  34.628 0.0000000000
71961  42.009  -3.270  34.453 0.0000000000
71967  50.867  -1.125  31.837 0.0000000000
71968  50.750  -1.248  31.926 0.0000000000
71969  49.669  -2.862  32.729 0.0000000000
71970  48.962  -2.352  33.118 0.0000000000
71971  47.841  -2.274  34.202 0.0000000000
71972  47.452  -1.633  34.613 0.0000000000
71973  43.460  -2.754  33.964 0.0000000000
71974  42.729  -2.981  33.744 0.0000000000
71981  50.854  -1.435  31.737 0.0000000000
71982  50.562  -1.567  32.050 0.0000000000
71983  49.937  -1.992  32.425 0.0000000000
71984  49.413  -1.621  32.706 0.0000000000
71985  45.508  -2.276  32.586 0.0000000000
71986  44.937  -2.486  32.661 0.0000000000
71987  43.761  -2.696  32.945 0.0000000000
71995  50.872  -1.696  31.385 0.0000000000
71996  50.688  -2.142  31.138 0.0000000000
71997  50.390  -2.627  30.894 0.0000000000
71998  46.341  -2.137  31.463 0.0000000000
71999  45.747  -2.370  31.887 0.0000000000
72000  44.731  -2.874  31.815 0.0000000000
72006  50.659  -2.085  30.706 0.0000000000
72007  50.285  -2.476  30.332 0.0000000000
72008  49.780  -2.826  29.831 0.0000000000
72009  46.216  -2.391  31.149 0.0000000000
72010  45.675  -2.743  30.889 0.0000000000
72016  50.145  -2.286  29.553 0.0000000000
72017  49.616  -2.641  29.128 0.0000000000
72018  45.404  -2.783  29.936 0.0000000000
72023  50.070  -2.038  28.753 0.0000000000
72024  49.496  -2.443  28.253 0.0000000000
72034  50.065  -1.859  27.809 0.0000000000
72035  49.483  -2.339  27.302 0.0000000000
72047  50.098  -1.799  26.759 0.0000000000
72063  50.180  -1.877  25.459 0.0000000000
72080  50.218  -1.861  24.174 0.0000000000
72093  50.244  -1.811  23.178 0.0000000000
72111  50.236  -1.741  22.658 0.0000000000
73288  46.404  -2.480  37.860 0.0000000000
73289  46.002  -2.268  37.779 0.0000000000
73306  47.216  -2.392  37.177 0.0000000000
73307  46.612  -2.136  37.316 0.0000000000
73308  45.797  -2.050  37.219 0.0000000000
73309  45.306  -2.139  36.795 0.0000000000
73328  47.129  -2.091  36.657 0.0000000000
73329  46.503  -1.792  36.584 0.0000000000
73330  45.864  -1.709  36.421 0.0000000000
73331  45.356  -1.972  36.245 0.0000000000
73349  46.996  -1.833  35.861 0.0000000000
73350  46.467  -1.563  35.746 0.0000000000
73351  45.832  -1.640  35.673 0.0000000000
73352  45.082  -2.156  35.661 0.0000000000
73353  44.441  -2.368  35.369 0.0000000000
73369  47.076  -1.307  34.950 0.0000000000
73370  46.513  -1.360  34.858 0.0000000000
73371  45.756  -1.725  34.869 0.0000000000
73372  45.034  -2.221  34.791 0.0000000000
73373  44.212  -2.379  34.786 0.0000000000
73384  51.012  -0.937  31.821 0.0000000000
73385  50.783  -0.948  31.998 0.0000000000
73386  50.547  -0.910  32.179 0.0000000000
73387  49.004  -1.125  32.904 0.0000000000
73388  48.198  -1.321  33.414 0.0000000000
73389  47.541  -1.236  34.149 0.0000000000
73390  46.310  -1.221  34.096 0.0000000000
73391  45.575  -1.752  34.026 0.0000000000
73392  44.788  -2.233  34.043 0.0000000000
73393  44.048  -2.490  34.089 0.0000000000
73398  51.285  -0.936  31.458 0.0000000000
73399  50.604  -1.148  32.076 0.0000000000
73400  50.281  -1.055  32.290 0.0000000000
73401  49.678  -1.044  32.600 0.0000000000
73402  46.313  -1.570  33.124 0.0000000000
73403  45.363  -2.095  33.213 0.0000000000
73404  44.433  -2.354  33.401 0.0000000000
73405  43.914  -2.531  33.583 0.0000000000
73410  51.315  -1.232  30.808 0.0000000000
73411  50.910  -1.731  30.743 0.0000000000
73412  46.495  -1.737  31.952 0.0000000000
73413  45.932  -2.055  32.568 0.0000000000
73417  51.441  -0.957  30.300 0.0000000000
73418  51.009  -1.460  30.098 0.0000000000
73419  50.491  -1.969  29.858 0.0000000000
73420  46.611  -1.862  30.830 0.0000000000
73421  46.251  -2.345  30.702 0.0000000000
73430  51.207  -1.062  28.976 0.0000000000
73431  50.566  -1.685  29.295 0.0000000000
73432  46.670  -1.725  30.237 0.0000000000
73433  46.265  -2.136  30.076 0.0000000000
73444  51.407  -0.950  27.956 0.0000000000
73445  50.707  -1.517  28.363 0.0000000000
73446  45.756  -2.362  29.043 0.0000000000
73459  51.483  -0.897  26.931 0.0000000000
73460  50.789  -1.412  27.355 0.0000000000
73461  45.688  -2.057  28.007 0.0000000000
73475  51.522  -0.859  25.951 0.0000000000
73476  50.890  -1.411  26.314 0.0000000000
73477  45.630  -1.855  26.958 0.0000000000
73492  51.695  -1.025  25.074 0.0000000000
73493  51.093  -1.384  25.483 0.0000000000
73514  51.481  -0.882  24.205 0.0000000000
73515  50.954  -1.456  24.686 0.0000000000
73533  51.273  -0.801  23.352 0.0000000000
73534  50.824  -1.381  23.707 0.0000000000
73553  51.160  -0.710  22.868 0.0000000000
73554  50.692  -1.245  22.629 0.0000000000
73555  50.236  -1.678  22.391 0.0000000000
73556  48.432  -0.953  23.004 0.0000000000
73575  50.589  -1.204  22.082 0.0000000000
73576  50.218  -1.488  21.853 0.0000000000
73589  49.592  -1.401  21.011 0.0000000000
73607  49.267  -1.106  20.385 0.0000000000
74745  47.201  -0.809  34.301 0.0000000000
74746  46.923  -0.944  34.589 0.0000000000
74763  51.225  -0.537  31.815 0.0000000000
74764  50.961  -0.588  32.090 0.0000000000
74765  50.710  -0.722  32.175 0.0000000000
74766  49.328  -0.199  32.825 0.0000000000
74767  48.530  -0.391  33.106 0.0000000000
74768  47.653  -0.604  33.376 0.0000000000
74769  46.881  -0.737  34.165 0.0000000000
74775  51.469  -0.273  31.585 0.0000000000
74776  51.256  0.084  32.065 0.0000000000
74777  50.552  -0.361  32.347 0.0000000000
74778  49.945  -0.449  32.538 0.0000000000
74779  47.462  -0.256  32.618 0.0000000000
74780  46.938  -0.818  33.333 0.0000000000
74790  51.755  -0.179  31.018 0.0000000000
74791  51.636  0.216  31.500 0.0000000000
74792  47.284  -0.293  31.856 0.0000000000
74793  46.952  -0.912  32.395 0.0000000000
74805  51.842  -0.246  30.113 0.0000000000
74806  51.497  -0.822  30.028 0.0000000000
74807  47.494  -0.297  30.975 0.0000000000
74808  47.054  -1.043  31.325 0.0000000000
74823  53.243  0.649  28.622 0.0000000000
74824  52.673  0.112  29.160 0.0000000000
74825  51.697  -0.619  29.496 0.0000000000
74826  47.387  -0.144  30.267 0.0000000000
74827  46.959  -1.099  29.896 0.0000000000
74828  46.282  -1.737  29.412 0.0000000000
74840  53.270  0.749  28.278 0.0000000000
74841  52.814  0.396  28.107 0.0000000000
74842  52.048  -0.442  28.552 0.0000000000
74843  47.328  -0.608  28.168 0.0000000000
74844  46.836  -0.907  28.591 0.0000000000
74845  46.154  -1.471  28.795 0.0000000000
74851  52.773  0.261  27.044 0.0000000000
74852  52.139  -0.348  27.522 0.0000000000
74853  47.424  -0.447  27.457 0.0000000000
74854  46.950  -1.059  27.553 0.0000000000
74855  46.307  -1.504  27.766 0.0000000000
74861  52.720  0.295  26.048 0.0000000000
74862  52.140  -0.331  26.503 0.0000000000
74863  48.304  -0.229  26.282 0.0000000000
74864  47.688  -0.408  26.528 0.0000000000
74865  46.956  -0.879  26.609 0.0000000000
74866  46.345  -1.379  26.743 0.0000000000
74871  52.719  0.296  25.140 0.0000000000
74872  52.145  -0.318  25.542 0.0000000000
74873  49.281  -0.190  25.457 0.0000000000
74874  48.784  -0.292  25.823 0.0000000000
74875  48.108  -0.670  25.582 0.0000000000
74876  47.096  -1.021  25.420 0.0000000000
74877  46.376  -1.095  25.946 0.0000000000
74888  52.607  0.352  24.631 0.0000000000
74889  52.148  -0.229  24.648 0.0000000000
74890  49.561  -0.149  24.950 0.0000000000
74891  48.868  -0.581  24.873 0.0000000000
74892  47.873  -1.105  24.408 0.0000000000
74893  47.192  -1.316  24.579 0.0000000000
74902  52.426  0.373  24.207 0.0000000000
74903  51.870  -0.113  23.720 0.0000000000
74904  49.528  -0.193  24.154 0.0000000000
74905  48.674  -0.770  23.643 0.0000000000
74906  48.104  -1.158  23.670 0.0000000000
74916  51.534  -0.258  22.993 0.0000000000
74917  51.139  -0.432  22.487 0.0000000000
74918  49.403  -0.129  23.278 0.0000000000
74919  48.707  -0.443  22.596 0.0000000000
74934  50.708  -0.704  21.859 0.0000000000
74935  50.172  -0.921  21.293 0.0000000000
74950  50.327  -0.248  21.227 0.0000000000
74951  49.753  -0.508  20.666 0.0000000000
74966  49.257  -0.528  19.784 0.0000000000
76072  49.314  0.545  32.652 0.0000000000
76073  48.748  0.442  32.865 0.0000000000
76074  48.241  0.041  33.126 0.0000000000
76082  51.179  0.926  31.964 0.0000000000
76083  50.545  0.563  32.327 0.0000000000
76084  49.887  0.219  32.559 0.0000000000
76085  48.493  0.732  32.347 0.0000000000
76086  48.050  0.264  32.778 0.0000000000
76098  52.064  0.757  31.100 0.0000000000
76099  51.571  0.673  31.633 0.0000000000
76100  48.427  0.832  31.987 0.0000000000
76101  47.924  0.445  31.843 0.0000000000
76111  53.056  1.089  30.016 0.0000000000
76112  52.359  0.567  30.431 0.0000000000
76113  47.815  0.360  30.677 0.0000000000
76119  53.384  0.933  29.228 0.0000000000
76120  52.686  0.542  29.780 0.0000000000
76121  48.185  0.837  29.134 0.0000000000
76122  47.519  0.099  29.556 0.0000000000
76123  47.136  -0.512  29.182 0.0000000000
76129  53.483  1.129  28.182 0.0000000000
76130  53.260  0.788  28.034 0.0000000000
76131  48.338  0.683  28.172 0.0000000000
76132  47.780  0.018  28.406 0.0000000000
76133  47.330  -0.371  28.783 0.0000000000
76140  53.571  1.360  27.135 0.0000000000
76141  53.284  0.779  27.517 0.0000000000
76142  49.119  0.741  27.134 0.0000000000
76143  48.500  0.557  27.322 0.0000000000
76144  47.993  0.071  27.479 0.0000000000
76151  53.659  1.415  26.110 0.0000000000
76152  53.338  0.795  26.554 0.0000000000
76153  50.332  0.665  26.087 0.0000000000
76154  49.665  0.520  26.535 0.0000000000
76155  48.826  0.189  26.582 0.0000000000
76156  48.203  0.097  26.827 0.0000000000
76162  53.509  1.469  25.191 0.0000000000
76163  53.331  0.830  25.554 0.0000000000
76164  50.634  0.681  25.357 0.0000000000
76165  49.852  0.234  25.587 0.0000000000
76166  49.285  0.056  26.016 0.0000000000
76173  53.361  1.519  24.717 0.0000000000
76174  53.110  0.981  24.534 0.0000000000
76175  50.765  0.894  24.471 0.0000000000
76176  50.144  0.275  24.680 0.0000000000
76183  52.345  0.864  23.481 0.0000000000
76184  51.881  0.236  23.150 0.0000000000
76185  50.770  1.223  23.905 0.0000000000
76186  50.233  0.610  23.613 0.0000000000
76192  52.014  1.252  22.866 0.0000000000
76193  51.592  0.529  22.516 0.0000000000
76194  51.080  -0.050  22.100 0.0000000000
76195  49.531  0.518  22.598 0.0000000000
76196  48.778  0.299  22.054 0.0000000000
76205  51.389  1.078  21.863 0.0000000000
76206  50.919  0.446  21.527 0.0000000000
76207  49.030  0.987  21.890 0.0000000000
76222  50.318  0.387  20.606 0.0000000000
76223  49.838  0.030  19.996 0.0000000000
76238  50.119  0.630  19.763 0.0000000000
76239  49.518  0.324  19.269 0.0000000000
76408  68.497  1.202  5.472 0.0000000000
76409  68.106  1.040  5.462 0.0000000000
76416  69.141  1.150  5.044 0.0000000000
76417  68.851  0.903  5.168 0.0000000000
76418  68.436  0.823  5.177 0.0000000000
76429  69.235  1.059  4.766 0.0000000000
76430  69.048  0.787  4.833 0.0000000000
76431  68.726  0.693  4.951 0.0000000000
77328  49.304  0.789  32.528 0.0000000000
77329  49.092  0.775  32.635 0.0000000000
77340  51.077  1.263  31.666 0.0000000000
77341  50.573  1.264  31.950 0.0000000000
77342  49.601  0.990  32.366 0.0000000000
77343  48.930  0.931  32.498 0.0000000000
77354  52.271  1.455  30.783 0.0000000000
77355  51.609  1.291  31.286 0.0000000000
77356  50.916  1.488  31.291 0.0000000000
77357  49.934  1.583  31.244 0.0000000000
77358  48.826  1.190  31.855 0.0000000000
77359  48.403  0.857  31.744 0.0000000000
77364  53.024  1.638  30.119 0.0000000000
77365  52.635  1.244  30.505 0.0000000000
77366  49.589  1.769  30.231 0.0000000000
77367  48.891  1.445  30.790 0.0000000000
77368  48.354  0.903  31.207 0.0000000000
77372  53.304  1.614  29.589 0.0000000000
77373  50.363  1.705  29.060 0.0000000000
77374  49.524  1.653  29.365 0.0000000000
77375  48.810  1.430  29.757 0.0000000000
77376  48.268  0.872  30.191 0.0000000000
77381  53.501  1.704  28.755 0.0000000000
77382  51.542  1.750  27.872 0.0000000000
77383  50.583  1.489  28.175 0.0000000000
77384  49.651  1.420  28.470 0.0000000000
77385  48.803  1.350  28.770 0.0000000000
77389  53.640  1.884  27.751 0.0000000000
77390  51.749  1.771  26.805 0.0000000000
77391  50.895  1.304  27.233 0.0000000000
77392  49.876  1.060  27.466 0.0000000000
77393  49.002  1.010  27.892 0.0000000000
77399  53.656  1.997  26.702 0.0000000000
77400  51.826  1.872  25.763 0.0000000000
77401  51.057  1.174  26.168 0.0000000000
77402  50.377  0.903  26.721 0.0000000000
77408  53.604  2.054  25.701 0.0000000000
77409  51.785  2.058  24.828 0.0000000000
77410  51.291  1.317  25.133 0.0000000000
77415  53.340  2.005  24.786 0.0000000000
77416  53.251  1.603  24.507 0.0000000000
77417  51.570  2.250  24.040 0.0000000000
77418  51.222  1.578  24.254 0.0000000000
77425  53.014  2.258  24.450 0.0000000000
77426  52.862  1.862  24.083 0.0000000000
77427  51.396  2.438  23.631 0.0000000000
77428  50.774  1.902  23.347 0.0000000000
77429  50.119  1.154  22.940 0.0000000000
77435  52.178  1.874  23.245 0.0000000000
77436  51.663  1.732  22.351 0.0000000000
77437  50.380  2.300  22.687 0.0000000000
77438  49.805  1.735  22.297 0.0000000000
77446  51.248  1.614  21.126 0.0000000000
77447  50.778  0.952  20.845 0.0000000000
77458  51.050  1.969  20.376 0.0000000000
77459  50.663  1.343  20.090 0.0000000000
77468  49.899  1.307  19.008 0.0000000000
77593  60.724  2.342  10.055 0.0000000000
77604  61.832  2.221  9.350 0.0000000000
77605  61.147  2.237  9.603 0.0000000000
77611  65.192  2.101  8.121 0.0000000000
77612  64.742  2.000  8.202 0.0000000000
77613  63.715  1.904  8.389 0.0000000000
77614  62.327  1.986  8.824 0.0000000000
77615  61.010  1.727  8.616 0.0000000000
77621  68.300  2.527  7.193 0.0000000000
77622  68.124  2.339  7.270 0.0000000000
77623  67.512  2.091  7.349 0.0000000000
77624  66.615  2.018  7.413 0.0000000000
77625  65.487  2.020  7.689 0.0000000000
77626  64.377  1.758  7.552 0.0000000000
77627  63.199  1.676  7.622 0.0000000000
77628  61.971  1.579  7.645 0.0000000000
77629  60.771  1.471  7.549 0.0000000000
77638  68.372  2.346  6.854 0.0000000000
77639  68.057  1.840  6.747 0.0000000000
77640  67.287  1.721  6.712 0.0000000000
77641  66.302  1.768  6.720 0.0000000000
77642  65.199  1.703  6.698 0.0000000000
77643  64.041  1.600  6.646 0.0000000000
77644  62.867  1.522  6.621 0.0000000000
77645  61.697  1.367  6.567 0.0000000000
77653  68.808  2.045  5.449 0.0000000000
77654  68.588  1.879  5.888 0.0000000000
77655  67.946  1.439  5.930 0.0000000000
77656  67.133  1.539  5.935 0.0000000000
77657  66.123  1.707  5.820 0.0000000000
77658  64.963  1.610  5.727 0.0000000000
77659  63.784  1.516  5.649 0.0000000000
77660  62.617  1.408  5.574 0.0000000000
77668  68.976  1.832  5.077 0.0000000000
77669  68.829  1.344  5.305 0.0000000000
77670  67.873  1.024  5.391 0.0000000000
77671  67.117  1.274  5.121 0.0000000000
77672  65.998  1.585  4.864 0.0000000000
77673  64.776  1.582  4.707 0.0000000000
77674  63.571  1.484  4.603 0.0000000000
77683  69.196  1.476  4.791 0.0000000000
77684  69.203  1.140  4.416 0.0000000000
77685  68.380  0.566  4.619 0.0000000000
78591  52.360  1.694  30.605 0.0000000000
78592  52.128  1.761  30.739 0.0000000000
78593  51.510  1.787  30.791 0.0000000000
78594  50.831  1.763  30.760 0.0000000000
78598  52.980  1.871  30.159 0.0000000000
78599  52.641  1.822  30.346 0.0000000000
78600  52.126  2.128  30.326 0.0000000000
78601  51.358  2.133  30.267 0.0000000000
78602  50.471  1.975  30.319 0.0000000000
78605  53.123  1.974  29.957 0.0000000000
78606  52.754  2.227  29.807 0.0000000000
78607  52.074  2.303  29.631 0.0000000000
78608  51.097  2.098  29.528 0.0000000000
78609  50.176  1.925  29.739 0.0000000000
78614  53.241  2.093  29.279 0.0000000000
78615  52.801  2.338  28.969 0.0000000000
78616  52.057  2.219  28.623 0.0000000000
78617  51.164  1.830  28.716 0.0000000000
78622  53.320  2.196  28.343 0.0000000000
78623  52.887  2.451  27.923 0.0000000000
78624  52.384  2.217  27.406 0.0000000000
78630  53.325  2.308  27.294 0.0000000000
78631  52.926  2.595  26.831 0.0000000000
78632  52.418  2.380  26.319 0.0000000000
78637  53.314  2.491  26.275 0.0000000000
78638  52.843  2.823  25.853 0.0000000000
78639  52.313  2.482  25.374 0.0000000000
78643  53.183  2.480  25.382 0.0000000000
78644  52.677  2.545  25.043 0.0000000000
78645  52.116  2.619  24.565 0.0000000000
78655  52.998  2.409  24.763 0.0000000000
78656  52.570  2.476  24.324 0.0000000000
78657  51.889  2.695  23.784 0.0000000000
78658  51.383  2.587  23.293 0.0000000000
78670  52.287  2.439  23.661 0.0000000000
78671  51.821  2.900  22.953 0.0000000000
78672  50.850  2.901  22.732 0.0000000000
78673  50.192  2.561  22.268 0.0000000000
78683  51.556  2.757  21.791 0.0000000000
78684  50.383  3.043  22.018 0.0000000000
78685  49.769  2.679  21.438 0.0000000000
78693  51.403  2.743  20.419 0.0000000000
78694  50.907  2.161  19.865 0.0000000000
78701  51.104  2.676  19.061 0.0000000000
78702  50.585  1.938  19.298 0.0000000000
78710  51.109  2.710  17.815 0.0000000000
78711  50.460  2.136  18.414 0.0000000000
78793  59.731  2.961  12.125 0.0000000000
78819  62.152  2.888  11.059 0.0000000000
78820  61.406  2.869  11.218 0.0000000000
78821  60.415  2.786  11.506 0.0000000000
78843  65.500  2.931  9.959 0.0000000000
78844  64.721  2.838  10.188 0.0000000000
78845  63.751  2.810  10.350 0.0000000000
78846  62.723  2.774  10.524 0.0000000000
78847  61.781  2.644  10.515 0.0000000000
78848  60.868  2.508  10.491 0.0000000000
78862  67.654  3.007  8.823 0.0000000000
78863  67.164  2.829  9.151 0.0000000000
78864  66.121  2.758  9.397 0.0000000000
78865  65.026  2.563  9.449 0.0000000000
78866  64.053  2.459  9.663 0.0000000000
78867  63.107  2.523  9.769 0.0000000000
78868  62.114  2.431  9.717 0.0000000000
78869  61.460  2.471  10.067 0.0000000000
78877  68.245  3.258  7.880 0.0000000000
78878  68.025  3.149  8.291 0.0000000000
78879  67.415  2.701  8.465 0.0000000000
78880  66.566  2.505  8.606 0.0000000000
78881  65.449  2.310  8.489 0.0000000000
78882  64.365  2.266  8.878 0.0000000000
78883  63.362  2.261  9.123 0.0000000000
78884  62.713  2.315  9.333 0.0000000000
78888  68.360  2.889  7.432 0.0000000000
78889  67.775  2.590  7.805 0.0000000000
78890  66.998  2.411  7.924 0.0000000000
78891  66.105  2.312  8.005 0.0000000000
78892  65.654  2.219  8.055 0.0000000000
78897  68.611  2.748  6.427 0.0000000000
78900  68.887  2.096  5.236 0.0000000000
78901  68.809  2.517  5.488 0.0000000000
78910  69.019  2.109  4.943 0.0000000000
78911  68.966  2.664  4.928 0.0000000000
78920  69.272  1.892  4.496 0.0000000000
78921  69.339  1.887  3.962 0.0000000000
79953  52.293  4.096  22.442 0.0000000000
79954  52.021  3.697  22.430 0.0000000000
79955  51.493  3.629  22.511 0.0000000000
79967  52.361  4.068  21.939 0.0000000000
79968  51.938  3.495  21.315 0.0000000000
79969  50.770  3.725  22.162 0.0000000000
79970  50.299  3.378  21.487 0.0000000000
79981  52.406  4.111  20.873 0.0000000000
79982  51.983  3.572  20.358 0.0000000000
79983  50.535  4.001  21.284 0.0000000000
79984  49.981  3.526  20.585 0.0000000000
79990  52.474  4.060  19.763 0.0000000000
79991  51.762  3.495  19.397 0.0000000000
79999  52.472  4.007  18.596 0.0000000000
80000  51.753  3.388  18.189 0.0000000000
80007  55.023  4.097  17.276 0.0000000000
80008  54.569  3.849  17.196 0.0000000000
80009  53.876  3.611  17.138 0.0000000000
80010  52.824  3.660  17.349 0.0000000000
80011  51.772  3.178  17.056 0.0000000000
80019  55.167  3.988  16.765 0.0000000000
80020  54.512  3.634  16.491 0.0000000000
80021  53.608  3.356  16.373 0.0000000000
80035  56.845  4.176  15.340 0.0000000000
80036  56.359  3.975  15.349 0.0000000000
80037  55.455  3.819  15.724 0.0000000000
80038  54.376  3.464  15.531 0.0000000000
80053  57.804  4.026  14.450 0.0000000000
80054  57.151  3.951  14.710 0.0000000000
80055  56.187  3.642  14.702 0.0000000000
80069  60.686  4.162  13.242 0.0000000000
80070  59.973  3.911  13.234 0.0000000000
80071  59.111  3.569  13.298 0.0000000000
80072  58.034  3.673  13.815 0.0000000000
80073  56.926  3.479  13.836 0.0000000000
80092  62.609  3.973  12.358 0.0000000000
80093  61.644  3.797  12.436 0.0000000000
80094  60.695  3.710  12.645 0.0000000000
80095  59.851  3.418  12.670 0.0000000000
80096  59.246  3.164  12.615 0.0000000000
80097  58.519  3.186  12.831 0.0000000000
80115  66.034  4.157  11.248 0.0000000000
80116  65.087  3.897  11.445 0.0000000000
80117  64.070  3.772  11.562 0.0000000000
80118  63.098  3.609  11.674 0.0000000000
80119  62.094  3.392  11.673 0.0000000000
80120  61.093  3.321  11.920 0.0000000000
80121  60.354  3.231  12.171 0.0000000000
80130  67.357  4.050  10.202 0.0000000000
80131  66.505  3.785  10.499 0.0000000000
80132  65.501  3.448  10.609 0.0000000000
80133  64.440  3.319  10.858 0.0000000000
80134  63.468  3.217  11.023 0.0000000000
80135  62.709  3.148  11.194 0.0000000000
80146  68.191  4.195  8.763 0.0000000000
80147  67.763  3.544  9.215 0.0000000000
80148  66.885  3.349  9.779 0.0000000000
80149  66.108  3.262  10.043 0.0000000000
80162  68.320  3.731  7.896 0.0000000000
80163  68.130  3.651  8.565 0.0000000000
80183  68.579  3.569  6.853 0.0000000000
80203  68.715  3.395  5.894 0.0000000000
80204  63.975  3.837  6.070 0.0000000000
80205  63.247  3.815  6.049 0.0000000000
80206  62.398  3.763  6.063 0.0000000000
80207  61.510  3.676  6.152 0.0000000000
80223  68.875  3.249  5.096 0.0000000000
80224  65.264  3.952  5.515 0.0000000000
80225  64.587  3.784  5.629 0.0000000000
80226  63.717  3.607  5.441 0.0000000000
80227  62.850  3.495  5.381 0.0000000000
80228  61.910  3.424  5.383 0.0000000000
80243  69.133  2.426  4.631 0.0000000000
80244  69.057  2.957  4.539 0.0000000000
80245  65.620  4.019  5.164 0.0000000000
80246  65.069  3.719  4.990 0.0000000000
80247  64.289  3.565  4.821 0.0000000000
80248  63.403  3.450  4.677 0.0000000000
80249  62.454  3.326  4.616 0.0000000000
80250  61.401  3.198  4.589 0.0000000000
80258  69.250  2.445  4.291 0.0000000000
80259  69.156  2.989  3.886 0.0000000000
80260  65.641  3.926  4.550 0.0000000000
80261  64.943  3.617  4.242 0.0000000000
80262  64.080  3.475  3.974 0.0000000000
80263  63.089  3.475  3.844 0.0000000000
80264  62.087  3.259  3.777 0.0000000000
80275  65.606  3.885  3.824 0.0000000000
80276  64.924  3.690  3.363 0.0000000000
80277  63.855  3.573  2.990 0.0000000000
80278  62.758  3.527  3.024 0.0000000000
80279  61.777  3.380  2.932 0.0000000000
80289  63.291  3.718  2.389 0.0000000000
80290  62.503  3.712  2.239 0.0000000000
81300  53.243  5.064  23.753 0.0000000000
81301  52.994  4.814  23.772 0.0000000000
81302  52.396  4.553  23.689 0.0000000000
81317  53.280  5.054  23.341 0.0000000000
81318  52.578  4.522  22.787 0.0000000000
81319  51.949  4.402  22.975 0.0000000000
81320  51.386  4.183  22.437 0.0000000000
81332  53.448  5.125  22.262 0.0000000000
81333  52.919  4.602  21.542 0.0000000000
81334  51.646  4.671  22.537 0.0000000000
81335  51.062  4.525  21.902 0.0000000000
81347  53.746  5.126  21.008 0.0000000000
81348  53.123  4.629  20.305 0.0000000000
81349  50.796  4.634  20.983 0.0000000000
81350  50.451  4.208  20.531 0.0000000000
81361  57.654  5.473  19.251 0.0000000000
81362  57.282  5.333  19.283 0.0000000000
81363  56.444  5.127  19.312 0.0000000000
81364  55.467  5.090  19.313 0.0000000000
81365  54.271  5.065  19.643 0.0000000000
81366  53.217  4.540  19.074 0.0000000000
81367  50.658  4.769  20.146 0.0000000000
81368  50.134  4.279  19.783 0.0000000000
81373  58.314  5.469  18.691 0.0000000000
81374  57.784  5.325  18.805 0.0000000000
81375  57.024  4.884  18.603 0.0000000000
81376  56.101  4.645  18.511 0.0000000000
81377  55.069  4.592  18.504 0.0000000000
81378  54.102  4.473  18.396 0.0000000000
81379  53.330  4.173  18.039 0.0000000000
81380  50.484  4.976  19.288 0.0000000000
81386  58.382  5.238  18.183 0.0000000000
81387  57.672  4.844  17.901 0.0000000000
81388  56.794  4.578  17.676 0.0000000000
81389  55.685  4.294  17.452 0.0000000000
81390  54.745  4.207  17.731 0.0000000000
81391  54.031  4.022  17.638 0.0000000000
81392  53.525  3.853  17.515 0.0000000000
81399  58.385  5.074  17.152 0.0000000000
81400  57.590  4.641  16.824 0.0000000000
81401  56.645  4.406  16.636 0.0000000000
81402  55.893  4.184  16.377 0.0000000000
81412  59.298  4.967  15.560 0.0000000000
81413  58.603  4.823  15.857 0.0000000000
81414  57.406  4.409  15.555 0.0000000000
81415  56.503  4.277  15.831 0.0000000000
81416  56.040  4.066  15.821 0.0000000000
81432  62.164  5.419  14.566 0.0000000000
81433  61.511  5.219  14.437 0.0000000000
81434  60.579  4.962  14.431 0.0000000000
81435  59.539  4.769  14.830 0.0000000000
81436  58.373  4.279  14.597 0.0000000000
81437  57.667  4.206  14.791 0.0000000000
81452  64.183  5.437  13.584 0.0000000000
81453  63.477  5.198  13.605 0.0000000000
81454  62.460  5.075  13.892 0.0000000000
81455  61.271  4.596  13.687 0.0000000000
81456  60.214  4.458  13.833 0.0000000000
81457  59.309  4.158  13.906 0.0000000000
81458  58.715  3.891  13.891 0.0000000000
81473  65.814  5.323  12.434 0.0000000000
81474  65.095  5.065  12.654 0.0000000000
81475  64.140  4.927  12.922 0.0000000000
81476  63.071  4.630  13.003 0.0000000000
81477  62.073  4.326  13.072 0.0000000000
81478  61.280  4.114  12.995 0.0000000000
81494  66.792  5.271  11.261 0.0000000000
81495  66.306  4.920  11.702 0.0000000000
81496  65.555  4.618  11.965 0.0000000000
81497  64.630  4.406  12.145 0.0000000000
81498  63.613  4.230  12.262 0.0000000000
81508  67.359  4.922  10.488 0.0000000000
81509  66.797  4.525  10.923 0.0000000000
81524  68.097  4.992  8.948 0.0000000000
81525  67.851  4.533  9.612 0.0000000000
81542  68.271  4.680  8.096 0.0000000000
81543  63.038  4.754  7.987 0.0000000000
81544  62.201  4.593  8.076 0.0000000000
81564  68.443  4.421  7.140 0.0000000000
81565  65.831  4.969  7.108 0.0000000000
81566  65.090  4.748  7.160 0.0000000000
81567  64.238  4.547  7.238 0.0000000000
81568  63.386  4.424  7.329 0.0000000000
81569  62.547  4.312  7.401 0.0000000000
81570  61.703  4.173  7.455 0.0000000000
81584  68.589  4.197  6.172 0.0000000000
81585  66.313  4.921  6.543 0.0000000000
81586  65.498  4.517  6.526 0.0000000000
81587  64.620  4.180  6.491 0.0000000000
81588  63.724  4.109  6.661 0.0000000000
81589  62.890  4.051  6.718 0.0000000000
81590  62.056  3.969  6.776 0.0000000000
81591  61.321  3.830  6.860 0.0000000000
81603  68.745  3.997  5.299 0.0000000000
81604  67.454  5.082  5.278 0.0000000000
81605  66.803  4.903  5.683 0.0000000000
81606  65.853  4.383  5.773 0.0000000000
81607  65.177  4.101  6.003 0.0000000000
81620  68.884  3.770  4.474 0.0000000000
81621  67.723  5.004  4.609 0.0000000000
81622  66.969  4.755  4.735 0.0000000000
81623  66.225  4.348  5.001 0.0000000000
81630  68.748  4.120  3.604 0.0000000000
81631  68.083  4.774  3.748 0.0000000000
81632  67.133  4.652  3.803 0.0000000000
81633  66.311  4.264  4.126 0.0000000000
81640  67.380  4.685  2.764 0.0000000000
81641  66.103  4.254  2.934 0.0000000000
81642  64.842  3.958  2.409 0.0000000000
81643  63.976  3.869  2.168 0.0000000000
81651  65.559  4.548  1.655 0.0000000000
81652  64.483  4.292  1.631 0.0000000000
81653  63.383  4.131  1.657 0.0000000000
81654  62.272  4.246  1.562 0.0000000000
81666  64.987  4.630  1.064 0.0000000000
81667  64.146  4.613  0.923 0.0000000000
81668  63.029  4.648  0.881 0.0000000000
82647  54.082  6.155  23.312 0.0000000000
82648  53.385  5.518  23.765 0.0000000000
82649  52.547  5.276  23.897 0.0000000000
82650  52.100  4.795  23.643 0.0000000000
82665  55.624  6.624  22.115 0.0000000000
82666  54.789  6.343  22.549 0.0000000000
82667  53.901  5.651  22.923 0.0000000000
82668  52.372  5.584  23.594 0.0000000000
82669  51.980  5.193  23.218 0.0000000000
82684  56.674  6.663  21.247 0.0000000000
82685  56.262  6.549  21.490 0.0000000000
82686  55.464  6.138  21.680 0.0000000000
82687  54.464  5.638  21.748 0.0000000000
82688  51.667  5.194  22.145 0.0000000000
82689  51.203  5.031  21.391 0.0000000000
82702  58.754  6.668  20.137 0.0000000000
82703  58.284  6.551  20.237 0.0000000000
82704  57.103  6.452  20.758 0.0000000000
82705  56.198  5.899  20.928 0.0000000000
82706  55.260  5.688  20.855 0.0000000000
82707  54.534  5.398  20.560 0.0000000000
82708  51.626  5.520  21.243 0.0000000000
82709  51.089  5.205  20.638 0.0000000000
82722  59.668  6.630  19.510 0.0000000000
82723  59.108  6.510  19.773 0.0000000000
82724  57.952  5.777  19.626 0.0000000000
82725  56.813  5.684  20.005 0.0000000000
82726  55.889  5.439  20.108 0.0000000000
82727  55.007  5.307  20.092 0.0000000000
82728  54.596  5.267  20.080 0.0000000000
82729  51.571  5.718  20.314 0.0000000000
82730  51.015  5.373  19.756 0.0000000000
82736  60.389  6.604  18.806 0.0000000000
82737  60.007  6.449  19.102 0.0000000000
82738  58.932  5.734  18.818 0.0000000000
82739  58.224  5.603  18.984 0.0000000000
82740  51.498  5.916  19.375 0.0000000000
82741  50.909  5.608  18.868 0.0000000000
82747  60.518  6.539  18.368 0.0000000000
82748  59.966  6.026  18.034 0.0000000000
82749  59.175  5.416  17.632 0.0000000000
82750  51.535  6.078  18.378 0.0000000000
82756  61.723  6.435  16.829 0.0000000000
82757  61.088  6.331  17.226 0.0000000000
82758  60.076  5.605  16.898 0.0000000000
82759  59.187  5.263  16.516 0.0000000000
82760  57.456  6.091  16.199 0.0000000000
82761  57.182  6.018  16.211 0.0000000000
82762  56.598  5.881  16.197 0.0000000000
82763  53.654  5.990  16.282 0.0000000000
82764  53.146  5.966  16.427 0.0000000000
82771  63.577  6.466  15.186 0.0000000000
82772  63.149  6.384  15.385 0.0000000000
82773  62.087  6.268  16.137 0.0000000000
82774  60.967  5.737  16.055 0.0000000000
82775  59.870  5.323  15.697 0.0000000000
82776  59.209  5.107  15.888 0.0000000000
82777  57.502  6.042  15.890 0.0000000000
82778  57.025  5.763  15.640 0.0000000000
82779  56.153  5.643  15.599 0.0000000000
82780  55.206  5.569  15.433 0.0000000000
82791  64.344  6.311  14.339 0.0000000000
82792  63.877  6.268  14.751 0.0000000000
82793  62.840  5.722  14.804 0.0000000000
82794  61.746  5.650  15.171 0.0000000000
82795  60.785  5.452  15.068 0.0000000000
82796  60.154  5.216  14.945 0.0000000000
82797  57.536  6.013  15.244 0.0000000000
82798  56.973  5.801  14.702 0.0000000000
82799  55.895  5.547  14.569 0.0000000000
82812  65.731  6.192  13.152 0.0000000000
82813  65.453  6.149  13.355 0.0000000000
82814  64.627  6.047  13.887 0.0000000000
82815  63.741  5.642  14.162 0.0000000000
82816  63.149  5.424  14.106 0.0000000000
82817  56.583  5.931  13.668 0.0000000000
82831  65.885  5.965  12.927 0.0000000000
82832  65.362  5.651  13.132 0.0000000000
82833  64.733  5.429  13.249 0.0000000000
82834  56.978  6.187  12.276 0.0000000000
82835  56.380  6.038  12.626 0.0000000000
82849  66.605  5.808  11.434 0.0000000000
82850  66.252  5.719  12.029 0.0000000000
82851  61.966  5.680  10.694 0.0000000000
82852  61.251  5.615  11.073 0.0000000000
82853  60.188  5.712  11.256 0.0000000000
82854  59.124  5.812  11.360 0.0000000000
82855  58.092  5.885  11.445 0.0000000000
82864  66.971  5.692  10.809 0.0000000000
82865  62.929  5.775  9.882 0.0000000000
82866  62.148  5.519  10.032 0.0000000000
82867  61.384  5.295  10.274 0.0000000000
82868  60.501  5.205  10.509 0.0000000000
82878  67.837  5.402  8.942 0.0000000000
82879  67.490  5.462  9.673 0.0000000000
82880  63.981  5.789  9.059 0.0000000000
82881  63.171  5.610  9.146 0.0000000000
82882  62.385  5.375  9.305 0.0000000000
82883  61.597  5.092  9.510 0.0000000000
82890  67.974  5.336  8.332 0.0000000000
82891  67.556  5.759  8.786 0.0000000000
82892  66.001  5.879  8.305 0.0000000000
82893  65.141  5.657  8.365 0.0000000000
82894  64.329  5.429  8.438 0.0000000000
82895  63.512  5.272  8.524 0.0000000000
82896  62.685  5.114  8.618 0.0000000000
82897  61.872  4.871  8.770 0.0000000000
82904  68.149  5.155  7.380 0.0000000000
82905  67.463  5.725  7.723 0.0000000000
82906  66.476  5.530  7.449 0.0000000000
82907  65.555  5.356  7.680 0.0000000000
82908  64.700  5.138  7.775 0.0000000000
82909  63.873  4.904  7.898 0.0000000000
82915  68.303  4.896  6.370 0.0000000000
82916  67.851  5.350  6.582 0.0000000000
82917  67.107  5.372  6.624 0.0000000000
82924  68.437  4.634  5.454 0.0000000000
82925  68.032  5.151  5.536 0.0000000000
82926  67.504  5.200  5.932 0.0000000000
82935  68.595  4.378  4.720 0.0000000000
82936  68.256  4.814  4.700 0.0000000000
82943  68.683  4.242  4.243 0.0000000000
82944  68.478  4.509  4.200 0.0000000000
83923  53.680  6.321  23.529 0.0000000000
83924  52.983  6.176  24.037 0.0000000000
83925  52.572  5.795  23.808 0.0000000000
83936  55.450  6.895  22.501 0.0000000000
83937  54.516  6.878  23.065 0.0000000000
83938  53.554  6.912  23.172 0.0000000000
83939  52.484  6.045  23.169 0.0000000000
83940  52.023  5.596  22.679 0.0000000000
83954  56.643  6.914  21.390 0.0000000000
83955  56.041  6.870  21.965 0.0000000000
83956  53.557  7.097  22.361 0.0000000000
83957  52.885  6.636  21.934 0.0000000000
83958  52.083  5.904  22.049 0.0000000000
83973  58.751  6.921  20.247 0.0000000000
83974  57.807  6.901  20.614 0.0000000000
83975  57.158  6.900  20.941 0.0000000000
83976  53.317  6.842  20.244 0.0000000000
83977  52.677  6.605  20.646 0.0000000000
83978  52.061  6.194  21.031 0.0000000000
84000  60.340  7.020  19.174 0.0000000000
84001  59.804  6.876  19.552 0.0000000000
84002  59.299  6.922  19.986 0.0000000000
84003  54.043  6.994  19.100 0.0000000000
84004  53.385  6.713  19.341 0.0000000000
84005  52.733  6.481  19.652 0.0000000000
84006  52.054  6.253  19.994 0.0000000000
84018  61.109  7.092  18.157 0.0000000000
84019  60.565  6.829  18.743 0.0000000000
84020  60.227  6.806  19.213 0.0000000000
84021  58.089  7.093  18.359 0.0000000000
84022  57.081  7.339  18.414 0.0000000000
84023  56.495  7.455  18.399 0.0000000000
84024  54.903  7.138  18.110 0.0000000000
84025  54.186  6.853  18.263 0.0000000000
84026  53.503  6.615  18.500 0.0000000000
84027  52.826  6.427  18.748 0.0000000000
84028  52.133  6.252  19.025 0.0000000000
84034  62.088  7.153  17.229 0.0000000000
84035  61.576  6.981  17.649 0.0000000000
84036  61.060  6.782  17.988 0.0000000000
84037  59.345  7.021  17.044 0.0000000000
84038  58.418  6.696  17.357 0.0000000000
84039  57.409  6.665  17.600 0.0000000000
84040  56.313  6.954  17.709 0.0000000000
84041  55.284  6.787  17.415 0.0000000000
84042  54.434  6.631  17.472 0.0000000000
84043  53.651  6.471  17.674 0.0000000000
84044  52.959  6.353  17.954 0.0000000000
84045  52.292  6.263  18.105 0.0000000000
84051  63.081  7.143  16.132 0.0000000000
84052  62.544  6.955  16.707 0.0000000000
84053  61.923  6.677  17.043 0.0000000000
84054  61.433  6.711  17.517 0.0000000000
84055  59.420  7.170  16.005 0.0000000000
84056  58.712  6.605  16.290 0.0000000000
84057  57.720  6.236  16.521 0.0000000000
84058  56.830  6.266  16.827 0.0000000000
84059  55.790  6.118  16.606 0.0000000000
84060  54.771  6.287  16.765 0.0000000000
84061  53.863  6.205  16.716 0.0000000000
84062  52.982  6.282  17.205 0.0000000000
84063  52.516  6.264  17.563 0.0000000000
84071  64.190  6.959  15.030 0.0000000000
84072  63.594  6.756  15.384 0.0000000000
84073  62.813  6.727  16.053 0.0000000000
84074  62.378  6.657  16.527 0.0000000000
84075  59.436  7.296  15.418 0.0000000000
84076  58.883  6.950  15.191 0.0000000000
84077  58.106  6.284  15.586 0.0000000000
84078  55.513  5.775  15.944 0.0000000000
84079  54.933  5.960  16.107 0.0000000000
84080  54.377  6.072  16.314 0.0000000000
84088  64.693  6.834  14.117 0.0000000000
84089  64.462  6.597  14.373 0.0000000000
84090  64.092  6.650  14.925 0.0000000000
84091  58.768  7.008  14.347 0.0000000000
84092  58.006  6.463  14.481 0.0000000000
84093  57.274  6.235  13.916 0.0000000000
84102  65.650  6.432  13.196 0.0000000000
84103  64.974  6.573  13.761 0.0000000000
84104  64.677  6.437  13.984 0.0000000000
84105  60.332  7.033  13.401 0.0000000000
84106  59.785  6.994  13.411 0.0000000000
84107  58.768  6.958  13.597 0.0000000000
84108  57.761  6.537  13.437 0.0000000000
84109  57.122  6.303  13.345 0.0000000000
84121  65.969  6.348  12.625 0.0000000000
84122  63.517  7.005  12.388 0.0000000000
84123  62.976  6.749  12.483 0.0000000000
84124  61.740  6.553  12.649 0.0000000000
84125  60.438  6.693  12.889 0.0000000000
84126  59.268  6.735  12.707 0.0000000000
84127  58.259  6.561  12.721 0.0000000000
84128  57.279  6.338  12.693 0.0000000000
84129  56.801  6.253  13.076 0.0000000000
84141  66.650  6.008  11.275 0.0000000000
84142  66.223  6.324  11.753 0.0000000000
84143  64.402  7.172  11.621 0.0000000000
84144  63.816  6.921  11.879 0.0000000000
84145  62.399  6.142  11.528 0.0000000000
84146  60.966  6.069  11.957 0.0000000000
84147  59.763  6.280  11.998 0.0000000000
84148  58.704  6.355  11.996 0.0000000000
84149  57.763  6.278  12.086 0.0000000000
84150  57.257  6.221  12.167 0.0000000000
84156  66.631  6.176  11.060 0.0000000000
84157  66.217  6.634  11.041 0.0000000000
84158  65.684  6.900  10.803 0.0000000000
84159  64.735  7.074  11.035 0.0000000000
84160  63.579  6.251  10.634 0.0000000000
84161  62.627  5.837  10.565 0.0000000000
84167  66.818  6.131  10.347 0.0000000000
84168  66.349  6.582  10.083 0.0000000000
84169  65.556  6.676  9.935 0.0000000000
84170  64.533  6.351  9.726 0.0000000000
84171  63.643  5.982  9.673 0.0000000000
84176  67.048  6.174  9.423 0.0000000000
84177  66.371  6.305  9.068 0.0000000000
84178  65.424  6.183  9.047 0.0000000000
84179  64.702  5.887  8.935 0.0000000000
84187  67.107  6.126  8.614 0.0000000000
84188  66.746  6.015  8.214 0.0000000000
85110  55.241  7.170  22.550 0.0000000000
85111  54.753  7.280  22.733 0.0000000000
85112  54.304  7.236  22.994 0.0000000000
85128  56.568  7.152  21.389 0.0000000000
85129  56.085  7.200  21.842 0.0000000000
85130  55.285  7.404  22.055 0.0000000000
85131  54.278  7.352  22.261 0.0000000000
85132  53.580  7.123  21.741 0.0000000000
85152  58.757  7.159  20.174 0.0000000000
85153  58.284  7.183  20.308 0.0000000000
85154  57.043  7.237  20.864 0.0000000000
85155  56.097  7.643  21.149 0.0000000000
85156  55.071  7.591  21.142 0.0000000000
85157  54.014  7.230  20.912 0.0000000000
85158  53.220  7.028  21.089 0.0000000000
85183  60.382  7.213  19.021 0.0000000000
85184  60.132  7.214  19.232 0.0000000000
85185  59.155  7.221  19.781 0.0000000000
85186  58.030  7.545  19.998 0.0000000000
85187  56.917  7.788  20.189 0.0000000000
85188  55.841  7.739  20.132 0.0000000000
85189  54.721  7.378  19.863 0.0000000000
85190  53.898  7.030  19.887 0.0000000000
85213  61.068  7.316  18.056 0.0000000000
85214  60.660  7.234  18.534 0.0000000000
85215  60.035  7.442  18.793 0.0000000000
85216  58.899  7.437  18.973 0.0000000000
85217  57.612  7.575  19.272 0.0000000000
85218  56.517  7.681  19.124 0.0000000000
85219  55.476  7.463  18.931 0.0000000000
85220  54.666  7.173  18.844 0.0000000000
85235  62.068  7.392  17.218 0.0000000000
85236  61.586  7.409  17.572 0.0000000000
85237  60.921  7.572  17.723 0.0000000000
85238  59.969  7.459  17.815 0.0000000000
85239  58.981  7.216  17.973 0.0000000000
85240  56.071  7.501  18.398 0.0000000000
85241  55.592  7.267  18.059 0.0000000000
85249  63.107  7.473  16.155 0.0000000000
85250  62.489  7.475  16.745 0.0000000000
85251  62.120  7.818  16.963 0.0000000000
85252  60.829  7.861  16.971 0.0000000000
85253  60.116  7.519  16.581 0.0000000000
85262  64.151  7.207  15.019 0.0000000000
85263  63.595  7.370  15.404 0.0000000000
85264  60.827  7.908  16.018 0.0000000000
85265  60.017  7.602  15.508 0.0000000000
85266  59.474  7.386  15.028 0.0000000000
85273  64.841  6.919  13.923 0.0000000000
85274  64.439  7.137  14.460 0.0000000000
85275  63.738  7.696  14.814 0.0000000000
85276  63.039  7.775  14.798 0.0000000000
85277  62.116  7.832  14.798 0.0000000000
85278  61.030  7.956  14.980 0.0000000000
85279  59.944  7.530  14.615 0.0000000000
85280  59.251  7.265  14.509 0.0000000000
85287  65.772  6.683  13.031 0.0000000000
85288  65.276  6.970  13.486 0.0000000000
85289  64.535  7.332  13.718 0.0000000000
85290  63.775  7.494  13.876 0.0000000000
85291  62.784  7.507  13.951 0.0000000000
85292  61.644  7.534  14.015 0.0000000000
85293  60.489  7.373  13.859 0.0000000000
85294  59.516  7.283  13.982 0.0000000000
85295  59.056  7.169  14.079 0.0000000000
85305  65.771  6.816  12.651 0.0000000000
85306  65.299  7.354  12.832 0.0000000000
85307  64.549  7.487  12.876 0.0000000000
85308  63.638  7.247  12.775 0.0000000000
85309  62.352  7.084  13.254 0.0000000000
85310  61.192  7.105  13.331 0.0000000000
85311  60.616  7.063  13.377 0.0000000000
85327  65.685  6.992  11.895 0.0000000000
85328  65.109  7.430  12.098 0.0000000000
85329  64.471  7.302  11.992 0.0000000000
85330  64.048  7.229  12.244 0.0000000000
85341  65.732  6.938  11.305 0.0000000000
85342  65.350  7.219  11.451 0.0000000000
85343  64.958  7.399  11.619 0.0000000000
86338  61.635  7.804  17.194 0.0000000000
86339  61.408  7.971  17.018 0.0000000000
86349  63.088  7.727  16.160 0.0000000000
86350  62.651  7.972  16.411 0.0000000000
86351  62.019  8.099  16.588 0.0000000000
86352  61.446  8.091  16.386 0.0000000000
86358  63.184  7.940  15.732 0.0000000000
86359  62.627  8.230  15.962 0.0000000000
86360  61.974  8.275  15.927 0.0000000000
86361  61.415  8.083  15.677 0.0000000000
86368  63.056  8.007  15.402 0.0000000000
86369  62.454  8.085  15.434 0.0000000000
86370  61.731  8.062  15.386 0.0000000000
86371  61.386  8.015  15.352 0.0000000000
135575  29.496  -11.378  45.382 0.0000000000
135576  29.206  -11.906  45.613 0.0000000000
135577  30.094  -11.828  44.965 0.0000000000
135578  29.854  -11.231  45.178 0.0000000000
135579  29.517  -11.051  45.289 0.0000000000
135580  30.082  -11.337  45.003 0.0000000000
135581  30.649  -10.858  44.511 0.0000000000
135582  30.250  -10.990  44.837 0.0000000000
135583  29.004  -11.469  45.673 0.0000000000
135584  29.655  -10.807  45.277 0.0000000000
135585  30.031  -12.364  44.439 0.0000000000
135586  29.852  -10.769  45.119 0.0000000000
135587  29.603  -10.574  45.355 0.0000000000
135588  29.957  -10.567  45.011 0.0000000000
135589  29.462  -10.859  45.374 0.0000000000
135590  29.512  -10.708  45.178 0.0000000000
135591  30.437  -9.118  44.373 0.0000000000
