#!ascii label  , from subject Broad_82_YZ vox2ras=TkReg
891
128286  35.162  59.828  -23.124 0.0000000000
128287  34.785  59.832  -23.195 0.0000000000
128293  38.775  59.787  -24.162 0.0000000000
128294  38.390  59.763  -24.098 0.0000000000
128295  37.585  59.730  -23.971 0.0000000000
128296  36.681  59.708  -23.843 0.0000000000
128297  35.452  59.636  -23.613 0.0000000000
128298  34.152  59.540  -23.737 0.0000000000
128299  33.192  59.514  -23.953 0.0000000000
128300  32.312  59.631  -23.955 0.0000000000
128301  31.390  59.846  -23.927 0.0000000000
128302  30.470  60.079  -23.869 0.0000000000
128303  29.654  60.242  -23.857 0.0000000000
128314  39.610  59.444  -24.991 0.0000000000
128315  38.822  59.523  -24.623 0.0000000000
128316  37.881  59.526  -24.682 0.0000000000
128317  37.029  59.676  -24.641 0.0000000000
128318  36.136  59.623  -24.606 0.0000000000
128319  35.364  59.562  -24.753 0.0000000000
128320  34.562  59.504  -24.658 0.0000000000
128321  33.556  59.448  -24.705 0.0000000000
128322  32.605  59.359  -24.704 0.0000000000
128323  31.669  59.430  -24.653 0.0000000000
128324  30.759  59.680  -24.600 0.0000000000
128325  29.881  59.947  -24.551 0.0000000000
128340  40.823  59.352  -26.008 0.0000000000
128341  40.065  59.263  -25.698 0.0000000000
128342  39.034  59.175  -25.641 0.0000000000
128343  38.121  59.336  -25.515 0.0000000000
128344  37.347  59.675  -25.403 0.0000000000
128345  36.505  59.924  -25.437 0.0000000000
128346  35.707  59.866  -25.369 0.0000000000
128347  34.892  59.815  -25.485 0.0000000000
128348  33.899  59.714  -25.705 0.0000000000
128349  32.922  59.458  -25.556 0.0000000000
128350  31.978  59.352  -25.499 0.0000000000
128351  31.082  59.545  -25.408 0.0000000000
128352  30.208  59.811  -25.393 0.0000000000
128363  41.277  59.260  -26.634 0.0000000000
128364  40.274  58.962  -26.683 0.0000000000
128365  39.318  59.117  -26.658 0.0000000000
128366  38.331  59.504  -26.591 0.0000000000
128367  37.579  59.807  -26.220 0.0000000000
128368  37.023  60.161  -25.966 0.0000000000
128369  33.657  59.975  -26.226 0.0000000000
128370  33.173  59.887  -26.258 0.0000000000
128371  32.282  59.766  -26.246 0.0000000000
128372  31.383  59.753  -26.125 0.0000000000
128373  30.630  59.851  -26.021 0.0000000000
128866  37.082  60.683  -22.794 0.0000000000
128867  36.192  60.572  -22.662 0.0000000000
128868  35.211  60.260  -22.805 0.0000000000
128869  33.951  60.305  -23.083 0.0000000000
128870  32.815  60.753  -23.118 0.0000000000
128871  31.828  60.978  -23.022 0.0000000000
128872  30.933  61.202  -23.067 0.0000000000
128873  30.414  61.332  -23.064 0.0000000000
128879  40.208  60.554  -24.031 0.0000000000
128880  39.090  60.213  -23.815 0.0000000000
128881  38.139  60.290  -23.557 0.0000000000
128882  37.300  60.175  -23.384 0.0000000000
128883  36.448  60.059  -23.150 0.0000000000
128884  35.848  60.021  -22.958 0.0000000000
128885  33.572  59.775  -23.523 0.0000000000
128886  32.988  59.977  -23.473 0.0000000000
128887  32.075  60.224  -23.425 0.0000000000
128888  31.137  60.513  -23.443 0.0000000000
128889  30.103  60.804  -23.318 0.0000000000
128890  28.909  60.678  -23.565 0.0000000000
128891  27.861  60.963  -23.632 0.0000000000
128892  27.017  61.144  -23.703 0.0000000000
128893  26.548  61.283  -23.850 0.0000000000
128907  41.290  60.362  -25.041 0.0000000000
128908  40.423  59.907  -24.793 0.0000000000
128909  39.648  59.870  -24.409 0.0000000000
128910  29.035  60.252  -24.433 0.0000000000
128911  28.179  60.558  -24.333 0.0000000000
128912  27.340  60.784  -24.313 0.0000000000
128913  26.643  61.056  -24.305 0.0000000000
128926  42.325  60.353  -25.962 0.0000000000
128927  41.548  59.844  -25.768 0.0000000000
128928  40.854  59.702  -25.425 0.0000000000
128929  35.949  60.296  -25.815 0.0000000000
128930  35.346  60.385  -26.088 0.0000000000
128931  34.437  60.311  -26.304 0.0000000000
128932  33.911  60.060  -26.234 0.0000000000
128933  29.317  60.138  -25.343 0.0000000000
128934  28.416  60.429  -25.191 0.0000000000
128935  27.612  60.673  -25.073 0.0000000000
128936  26.866  60.884  -25.090 0.0000000000
128942  41.993  59.714  -26.371 0.0000000000
128943  37.819  60.220  -26.832 0.0000000000
128944  37.281  60.780  -26.746 0.0000000000
128945  36.371  60.561  -26.269 0.0000000000
128946  35.807  60.562  -26.199 0.0000000000
128947  34.120  60.684  -26.775 0.0000000000
128948  33.616  60.417  -26.619 0.0000000000
128949  32.606  60.541  -26.874 0.0000000000
128950  31.635  60.346  -26.651 0.0000000000
128951  30.806  60.305  -26.462 0.0000000000
128952  29.852  60.429  -26.312 0.0000000000
128953  28.718  60.521  -26.055 0.0000000000
128954  27.706  60.667  -25.872 0.0000000000
128955  27.150  60.801  -25.613 0.0000000000
128968  38.219  60.495  -27.453 0.0000000000
128969  37.798  60.764  -27.144 0.0000000000
128970  32.320  61.061  -27.265 0.0000000000
128971  31.789  60.944  -27.169 0.0000000000
128972  30.967  60.856  -26.915 0.0000000000
128973  30.401  60.722  -26.685 0.0000000000
129445  38.358  61.818  -22.733 0.0000000000
129446  37.759  61.541  -22.676 0.0000000000
129447  36.717  61.469  -22.509 0.0000000000
129448  35.685  61.368  -22.469 0.0000000000
129449  34.582  61.334  -22.583 0.0000000000
129450  33.499  61.479  -22.809 0.0000000000
129451  32.492  61.688  -22.905 0.0000000000
129452  31.531  61.853  -22.894 0.0000000000
129453  30.584  61.930  -22.898 0.0000000000
129454  29.737  62.096  -22.840 0.0000000000
129455  28.887  62.105  -22.798 0.0000000000
129456  28.111  62.139  -22.857 0.0000000000
129471  39.834  61.379  -23.358 0.0000000000
129472  38.620  61.301  -23.084 0.0000000000
129473  37.792  60.782  -23.092 0.0000000000
129474  30.038  61.495  -23.045 0.0000000000
129475  29.347  61.410  -23.110 0.0000000000
129476  28.423  61.477  -23.185 0.0000000000
129477  27.434  61.723  -23.175 0.0000000000
129478  26.491  61.704  -23.471 0.0000000000
129479  25.778  61.953  -23.741 0.0000000000
129495  40.978  60.752  -24.441 0.0000000000
129496  26.111  61.412  -24.079 0.0000000000
129497  25.396  61.786  -24.444 0.0000000000
129498  24.819  61.983  -24.916 0.0000000000
129506  41.948  60.641  -25.351 0.0000000000
129507  35.325  60.675  -26.426 0.0000000000
129508  35.057  60.675  -26.487 0.0000000000
129509  26.080  61.175  -24.940 0.0000000000
129510  25.411  61.629  -25.384 0.0000000000
129511  24.676  62.101  -25.546 0.0000000000
129521  37.223  61.766  -27.229 0.0000000000
129522  36.531  61.478  -26.943 0.0000000000
129523  35.562  61.033  -26.681 0.0000000000
129524  34.614  61.025  -26.938 0.0000000000
129525  33.808  61.066  -27.174 0.0000000000
129526  33.235  60.870  -27.130 0.0000000000
129527  29.671  60.900  -26.669 0.0000000000
129528  29.170  60.984  -26.638 0.0000000000
129529  28.090  61.175  -26.494 0.0000000000
129530  26.578  61.383  -26.221 0.0000000000
129531  25.190  61.926  -26.160 0.0000000000
129532  24.590  62.238  -26.069 0.0000000000
129544  37.912  61.638  -27.559 0.0000000000
129545  33.330  61.247  -27.316 0.0000000000
129546  32.815  61.304  -27.352 0.0000000000
129547  32.089  61.575  -27.413 0.0000000000
129548  31.204  61.582  -27.357 0.0000000000
129549  30.015  61.346  -27.011 0.0000000000
129550  28.785  61.724  -27.101 0.0000000000
129551  27.696  61.963  -26.960 0.0000000000
129552  26.948  62.244  -26.975 0.0000000000
130020  38.762  62.786  -22.660 0.0000000000
130021  38.317  62.468  -22.586 0.0000000000
130022  37.240  62.418  -22.451 0.0000000000
130023  36.195  62.384  -22.477 0.0000000000
130024  35.137  62.396  -22.591 0.0000000000
130025  34.079  62.419  -22.772 0.0000000000
130026  33.090  62.524  -23.011 0.0000000000
130027  32.131  62.671  -22.979 0.0000000000
130028  31.149  62.736  -22.813 0.0000000000
130029  30.215  62.842  -22.710 0.0000000000
130030  29.293  62.871  -22.598 0.0000000000
130031  28.383  62.835  -22.575 0.0000000000
130032  27.429  62.704  -22.713 0.0000000000
130033  26.648  62.944  -22.892 0.0000000000
130047  39.212  62.520  -22.864 0.0000000000
130048  38.651  62.013  -22.768 0.0000000000
130049  32.689  63.095  -23.191 0.0000000000
130050  32.243  63.398  -23.186 0.0000000000
130051  26.793  62.308  -23.066 0.0000000000
130052  26.027  62.628  -23.290 0.0000000000
130053  25.145  62.610  -23.837 0.0000000000
130054  24.432  62.876  -24.216 0.0000000000
130063  24.770  62.328  -24.434 0.0000000000
130064  24.175  62.625  -24.916 0.0000000000
130065  23.691  63.030  -25.356 0.0000000000
130075  24.055  62.578  -25.853 0.0000000000
130076  23.430  63.247  -25.942 0.0000000000
130086  37.507  62.376  -27.559 0.0000000000
130087  36.839  62.531  -27.437 0.0000000000
130088  35.920  62.220  -27.270 0.0000000000
130089  35.034  61.912  -27.358 0.0000000000
130090  34.221  61.745  -27.444 0.0000000000
130091  26.323  62.268  -26.980 0.0000000000
130092  25.601  62.268  -26.787 0.0000000000
130093  24.571  62.605  -26.656 0.0000000000
130094  23.812  62.972  -26.445 0.0000000000
130103  38.014  62.881  -27.916 0.0000000000
130104  37.455  63.030  -27.724 0.0000000000
130105  33.472  61.809  -27.502 0.0000000000
130106  32.685  62.194  -27.579 0.0000000000
130107  31.763  62.410  -27.635 0.0000000000
130108  30.688  62.514  -27.636 0.0000000000
130109  29.502  62.569  -27.551 0.0000000000
130110  28.402  62.663  -27.427 0.0000000000
130111  27.477  62.774  -27.367 0.0000000000
130112  26.670  62.848  -27.385 0.0000000000
130113  25.882  62.823  -27.360 0.0000000000
130114  25.153  62.817  -27.257 0.0000000000
130578  38.711  63.385  -22.606 0.0000000000
130579  37.667  63.355  -22.494 0.0000000000
130580  36.637  63.359  -22.482 0.0000000000
130581  35.637  63.355  -22.618 0.0000000000
130582  34.587  63.549  -22.946 0.0000000000
130583  33.578  63.235  -23.142 0.0000000000
130584  33.063  63.144  -23.237 0.0000000000
130585  31.589  63.434  -23.007 0.0000000000
130586  30.713  63.706  -22.778 0.0000000000
130587  29.700  63.732  -22.626 0.0000000000
130588  28.739  63.705  -22.549 0.0000000000
130589  27.809  63.646  -22.580 0.0000000000
130590  26.935  63.627  -22.706 0.0000000000
130591  26.157  63.594  -23.036 0.0000000000
130600  39.333  63.322  -22.739 0.0000000000
130601  34.320  64.252  -23.305 0.0000000000
130602  33.750  64.044  -23.372 0.0000000000
130603  32.822  63.792  -23.356 0.0000000000
130604  31.900  64.030  -23.278 0.0000000000
130605  31.285  64.084  -23.038 0.0000000000
130606  25.361  63.526  -23.425 0.0000000000
130607  24.556  63.539  -23.848 0.0000000000
130608  23.821  63.579  -24.479 0.0000000000
130609  23.331  64.108  -24.775 0.0000000000
130620  23.698  63.194  -24.951 0.0000000000
130621  23.247  63.712  -25.243 0.0000000000
130630  22.784  63.965  -26.086 0.0000000000
130631  22.427  64.486  -26.443 0.0000000000
130637  36.224  63.248  -27.597 0.0000000000
130638  35.335  63.096  -27.613 0.0000000000
130639  34.444  62.599  -27.627 0.0000000000
130640  33.920  62.260  -27.629 0.0000000000
130641  23.909  63.156  -26.998 0.0000000000
130642  23.298  63.585  -26.738 0.0000000000
130643  22.642  64.254  -26.875 0.0000000000
130650  37.778  63.733  -28.068 0.0000000000
130651  37.036  63.568  -27.772 0.0000000000
130652  35.220  63.657  -27.837 0.0000000000
130653  34.624  63.642  -27.951 0.0000000000
130654  33.551  62.924  -27.819 0.0000000000
130655  32.454  63.106  -27.887 0.0000000000
130656  31.493  63.491  -27.962 0.0000000000
130657  30.208  63.806  -28.006 0.0000000000
130658  28.996  63.540  -27.796 0.0000000000
130659  28.029  63.531  -27.607 0.0000000000
130660  27.160  63.538  -27.634 0.0000000000
130661  26.268  63.634  -27.768 0.0000000000
130662  25.379  63.433  -27.691 0.0000000000
130663  24.485  63.346  -27.510 0.0000000000
130664  23.630  63.688  -27.489 0.0000000000
130665  23.009  64.021  -27.395 0.0000000000
130673  34.365  64.208  -28.252 0.0000000000
130674  33.848  64.002  -28.185 0.0000000000
130675  32.999  63.820  -28.179 0.0000000000
130676  32.269  63.826  -28.146 0.0000000000
130677  29.959  64.585  -28.249 0.0000000000
130678  29.388  64.426  -28.142 0.0000000000
130679  28.505  64.329  -27.941 0.0000000000
130680  27.638  64.275  -27.852 0.0000000000
130681  26.901  64.202  -27.914 0.0000000000
131100  37.029  64.210  -22.591 0.0000000000
131101  35.976  64.398  -22.707 0.0000000000
131102  35.266  64.007  -22.791 0.0000000000
131103  30.811  64.452  -22.947 0.0000000000
131104  30.078  64.675  -22.685 0.0000000000
131105  29.066  64.624  -22.558 0.0000000000
131106  28.116  64.565  -22.618 0.0000000000
131107  27.230  64.509  -22.681 0.0000000000
131108  26.407  64.476  -22.879 0.0000000000
131119  35.584  65.033  -23.155 0.0000000000
131120  34.917  64.635  -23.253 0.0000000000
131121  33.961  64.812  -23.482 0.0000000000
131122  33.081  64.780  -23.437 0.0000000000
131123  32.167  64.771  -23.402 0.0000000000
131124  31.286  64.789  -23.251 0.0000000000
131125  30.616  65.022  -23.000 0.0000000000
131126  25.612  64.462  -23.244 0.0000000000
131127  24.793  64.453  -23.643 0.0000000000
131128  24.077  64.406  -24.063 0.0000000000
131129  23.523  64.544  -24.504 0.0000000000
131138  22.887  64.724  -25.120 0.0000000000
131139  22.422  65.270  -25.547 0.0000000000
131144  22.779  64.267  -25.579 0.0000000000
131145  22.310  64.805  -25.955 0.0000000000
131148  35.786  63.710  -27.772 0.0000000000
131149  35.466  63.673  -27.799 0.0000000000
131150  21.923  64.918  -26.911 0.0000000000
131151  21.443  65.472  -27.372 0.0000000000
131154  38.078  64.551  -28.611 0.0000000000
131155  37.371  64.448  -28.219 0.0000000000
131156  36.444  64.255  -28.001 0.0000000000
131157  35.471  64.199  -28.097 0.0000000000
131158  34.784  64.463  -28.352 0.0000000000
131159  31.208  64.489  -28.315 0.0000000000
131160  30.478  64.899  -28.370 0.0000000000
131161  25.639  64.062  -28.091 0.0000000000
131162  24.903  64.027  -28.117 0.0000000000
131163  24.039  64.085  -28.149 0.0000000000
131164  23.178  64.215  -28.093 0.0000000000
131165  22.346  64.511  -27.779 0.0000000000
131166  21.525  65.138  -27.865 0.0000000000
131169  34.217  64.792  -28.500 0.0000000000
131170  33.358  64.681  -28.446 0.0000000000
131171  32.547  64.503  -28.377 0.0000000000
131172  31.892  64.266  -28.269 0.0000000000
131173  29.789  65.273  -28.365 0.0000000000
131174  28.931  65.147  -28.238 0.0000000000
131175  28.067  65.068  -28.140 0.0000000000
131176  27.190  64.954  -28.130 0.0000000000
131177  26.276  64.637  -28.264 0.0000000000
131178  25.378  64.678  -28.545 0.0000000000
131179  24.550  64.652  -28.689 0.0000000000
131180  23.630  64.746  -28.934 0.0000000000
131181  22.618  64.612  -28.711 0.0000000000
131182  21.774  64.852  -28.650 0.0000000000
131187  23.426  64.957  -29.884 0.0000000000
131188  22.811  64.757  -29.472 0.0000000000
131189  22.095  64.767  -29.423 0.0000000000
131200  23.190  65.162  -30.317 0.0000000000
131201  22.748  64.899  -30.119 0.0000000000
131202  22.372  64.791  -29.850 0.0000000000
131578  36.631  64.779  -22.791 0.0000000000
131579  30.112  65.608  -22.851 0.0000000000
131580  29.302  65.575  -22.640 0.0000000000
131581  28.353  65.511  -22.624 0.0000000000
131582  27.454  65.428  -22.682 0.0000000000
131583  26.651  65.367  -22.812 0.0000000000
131593  35.170  65.613  -23.450 0.0000000000
131594  34.243  65.617  -23.525 0.0000000000
131595  33.318  65.661  -23.475 0.0000000000
131596  32.402  65.662  -23.450 0.0000000000
131597  31.507  65.644  -23.400 0.0000000000
131598  30.747  65.619  -23.218 0.0000000000
131599  25.888  65.374  -23.110 0.0000000000
131600  25.089  65.416  -23.517 0.0000000000
131601  24.198  65.470  -24.082 0.0000000000
131602  23.783  64.984  -24.288 0.0000000000
131607  23.764  66.041  -24.425 0.0000000000
131608  23.353  65.578  -24.619 0.0000000000
131609  22.585  65.761  -25.254 0.0000000000
131612  21.912  65.830  -25.914 0.0000000000
131613  21.634  66.349  -26.401 0.0000000000
131616  21.864  65.344  -26.379 0.0000000000
131617  21.469  65.928  -26.858 0.0000000000
131620  37.692  65.148  -28.701 0.0000000000
131621  37.017  65.229  -28.505 0.0000000000
131622  36.123  65.168  -28.498 0.0000000000
131623  35.266  65.085  -28.592 0.0000000000
131624  34.742  64.992  -28.591 0.0000000000
131625  31.232  65.478  -28.657 0.0000000000
131626  30.493  65.815  -28.583 0.0000000000
131627  20.876  65.972  -27.891 0.0000000000
131628  20.403  66.436  -28.414 0.0000000000
131633  36.677  65.970  -29.094 0.0000000000
131634  35.718  66.055  -29.120 0.0000000000
131635  34.701  65.699  -28.870 0.0000000000
131636  33.747  65.615  -28.766 0.0000000000
131637  32.827  65.423  -28.679 0.0000000000
131638  31.969  65.053  -28.559 0.0000000000
131639  29.966  66.145  -28.515 0.0000000000
131640  29.338  65.968  -28.405 0.0000000000
131641  28.530  65.893  -28.380 0.0000000000
131642  27.631  65.830  -28.437 0.0000000000
131643  26.697  65.652  -28.515 0.0000000000
131644  25.855  65.423  -28.749 0.0000000000
131645  25.041  65.396  -29.229 0.0000000000
131646  24.357  64.985  -29.144 0.0000000000
131647  20.981  65.414  -28.667 0.0000000000
131648  20.384  66.075  -28.747 0.0000000000
131654  24.663  65.964  -30.030 0.0000000000
131655  24.182  65.231  -29.664 0.0000000000
131656  21.247  65.107  -29.480 0.0000000000
131657  20.316  65.731  -29.468 0.0000000000
131658  19.935  65.741  -30.024 0.0000000000
131666  24.354  66.312  -30.414 0.0000000000
131667  23.732  65.738  -30.486 0.0000000000
131668  22.810  65.316  -30.641 0.0000000000
131669  21.888  65.004  -30.348 0.0000000000
131670  20.629  65.426  -30.313 0.0000000000
131671  19.826  65.815  -30.510 0.0000000000
131688  23.028  65.887  -31.079 0.0000000000
131689  22.241  65.649  -31.222 0.0000000000
131690  21.201  65.583  -31.187 0.0000000000
131691  20.235  65.747  -31.075 0.0000000000
131692  19.723  65.879  -30.978 0.0000000000
132036  30.248  66.214  -23.098 0.0000000000
132037  29.555  66.538  -22.783 0.0000000000
132038  28.558  66.494  -22.561 0.0000000000
132039  27.582  66.404  -22.582 0.0000000000
132040  26.800  66.246  -22.740 0.0000000000
132048  34.477  66.529  -23.576 0.0000000000
132049  33.551  66.554  -23.541 0.0000000000
132050  32.636  66.577  -23.500 0.0000000000
132051  31.706  66.572  -23.467 0.0000000000
132052  30.783  66.517  -23.342 0.0000000000
132053  30.094  66.815  -23.143 0.0000000000
132054  26.168  66.225  -23.004 0.0000000000
132055  25.438  66.341  -23.362 0.0000000000
132056  24.671  66.422  -23.817 0.0000000000
132060  24.041  66.554  -24.327 0.0000000000
132061  23.460  66.594  -24.649 0.0000000000
132062  22.883  66.574  -25.049 0.0000000000
132065  22.297  66.652  -25.586 0.0000000000
132066  21.822  66.811  -26.164 0.0000000000
132069  21.468  66.892  -26.773 0.0000000000
132072  31.164  66.501  -28.810 0.0000000000
132073  30.362  66.669  -28.636 0.0000000000
132074  30.117  67.002  -28.613 0.0000000000
132075  21.000  66.859  -27.443 0.0000000000
132076  20.431  66.916  -28.121 0.0000000000
132082  35.054  66.789  -29.339 0.0000000000
132083  34.175  66.640  -29.195 0.0000000000
132084  33.228  66.470  -29.104 0.0000000000
132085  32.138  66.246  -28.956 0.0000000000
132086  30.037  66.498  -28.558 0.0000000000
132087  29.789  66.696  -28.558 0.0000000000
132088  29.035  66.678  -28.537 0.0000000000
132089  28.202  66.689  -28.670 0.0000000000
132090  27.149  66.768  -28.828 0.0000000000
132091  26.186  66.261  -28.932 0.0000000000
132092  25.650  65.913  -29.114 0.0000000000
132093  19.838  66.809  -28.852 0.0000000000
132094  19.302  67.154  -29.309 0.0000000000
132099  26.935  67.265  -29.200 0.0000000000
132100  26.479  67.011  -29.313 0.0000000000
132101  25.594  66.534  -29.672 0.0000000000
132102  19.953  66.255  -29.243 0.0000000000
132103  19.275  66.478  -29.919 0.0000000000
132104  18.525  66.860  -30.578 0.0000000000
132109  24.842  66.877  -30.365 0.0000000000
132110  24.183  66.716  -30.755 0.0000000000
132111  19.401  66.095  -30.754 0.0000000000
132112  18.859  66.452  -30.932 0.0000000000
132130  23.512  66.572  -31.161 0.0000000000
132131  22.716  66.483  -31.566 0.0000000000
132132  21.718  66.382  -31.893 0.0000000000
132133  20.647  66.198  -31.735 0.0000000000
132134  19.607  66.258  -31.495 0.0000000000
132135  18.738  66.652  -31.749 0.0000000000
132144  21.018  66.745  -32.321 0.0000000000
132145  20.189  66.779  -32.274 0.0000000000
132146  19.286  66.808  -32.292 0.0000000000
132147  18.731  66.910  -32.253 0.0000000000
132451  30.299  67.910  -23.143 0.0000000000
132452  29.743  67.581  -22.821 0.0000000000
132453  28.801  67.510  -22.476 0.0000000000
132454  27.727  67.462  -22.418 0.0000000000
132455  26.681  67.329  -22.712 0.0000000000
132456  26.197  67.836  -23.054 0.0000000000
132464  33.780  67.467  -23.671 0.0000000000
132465  32.888  67.512  -23.643 0.0000000000
132466  31.975  67.526  -23.596 0.0000000000
132467  30.988  67.549  -23.446 0.0000000000
132468  30.347  67.267  -23.242 0.0000000000
132469  26.384  66.766  -22.915 0.0000000000
132470  25.890  67.293  -23.211 0.0000000000
132471  25.050  67.314  -23.632 0.0000000000
132479  24.353  67.431  -24.180 0.0000000000
132480  23.687  67.406  -24.598 0.0000000000
132481  23.154  67.422  -24.992 0.0000000000
132484  22.636  67.457  -25.432 0.0000000000
132485  22.178  67.531  -25.949 0.0000000000
132487  21.683  67.700  -26.538 0.0000000000
132489  30.964  67.405  -28.820 0.0000000000
132490  30.372  67.357  -28.671 0.0000000000
132491  29.959  67.317  -28.611 0.0000000000
132492  21.167  67.752  -27.200 0.0000000000
132493  20.600  67.773  -27.821 0.0000000000
132499  33.718  67.544  -29.490 0.0000000000
132500  32.798  67.489  -29.367 0.0000000000
132501  31.828  67.484  -29.078 0.0000000000
132502  29.517  67.342  -28.645 0.0000000000
132503  28.867  67.472  -28.792 0.0000000000
132504  28.028  67.544  -29.053 0.0000000000
132505  27.331  67.610  -29.270 0.0000000000
132506  19.994  67.770  -28.415 0.0000000000
132507  19.408  67.793  -28.990 0.0000000000
132513  26.859  67.648  -29.519 0.0000000000
132514  26.267  67.549  -29.945 0.0000000000
132515  25.512  67.490  -30.303 0.0000000000
132516  18.786  67.674  -29.509 0.0000000000
132517  17.937  67.551  -30.290 0.0000000000
132518  17.146  67.965  -30.509 0.0000000000
132523  25.041  67.668  -30.588 0.0000000000
132524  24.595  67.493  -30.842 0.0000000000
132525  18.064  67.059  -31.203 0.0000000000
132526  16.968  67.715  -31.022 0.0000000000
132527  16.466  68.143  -31.388 0.0000000000
132541  24.062  67.370  -31.266 0.0000000000
132542  23.307  67.370  -31.714 0.0000000000
132543  22.464  67.228  -32.169 0.0000000000
132544  18.231  67.116  -32.109 0.0000000000
132545  17.461  67.486  -31.872 0.0000000000
132546  16.722  67.878  -31.849 0.0000000000
132558  21.693  67.319  -32.478 0.0000000000
132559  20.843  67.506  -32.644 0.0000000000
132560  19.831  67.605  -32.745 0.0000000000
132561  18.805  67.376  -32.680 0.0000000000
132562  17.874  67.666  -32.742 0.0000000000
132563  17.133  67.810  -32.445 0.0000000000
132567  19.766  68.101  -33.020 0.0000000000
132568  19.307  68.023  -33.092 0.0000000000
132569  18.565  67.974  -33.149 0.0000000000
132820  30.613  68.590  -23.278 0.0000000000
132821  29.943  68.591  -22.766 0.0000000000
132822  29.098  68.528  -22.417 0.0000000000
132823  28.052  68.525  -22.305 0.0000000000
132824  26.820  68.584  -22.553 0.0000000000
132825  26.368  68.097  -22.892 0.0000000000
132833  33.171  68.482  -23.894 0.0000000000
132834  32.300  68.491  -23.810 0.0000000000
132835  31.421  68.515  -23.593 0.0000000000
132836  26.280  69.265  -22.877 0.0000000000
132837  25.817  68.643  -23.276 0.0000000000
132838  25.381  67.920  -23.529 0.0000000000
132850  25.267  69.144  -23.926 0.0000000000
132851  24.855  68.456  -24.013 0.0000000000
132852  23.849  68.466  -24.644 0.0000000000
132853  23.381  67.964  -24.883 0.0000000000
132857  23.507  69.098  -25.056 0.0000000000
132858  22.915  68.565  -25.359 0.0000000000
132859  22.454  68.034  -25.731 0.0000000000
132862  22.433  69.156  -25.867 0.0000000000
132863  22.104  68.607  -26.190 0.0000000000
132866  30.677  67.941  -28.786 0.0000000000
132867  30.165  67.854  -28.673 0.0000000000
132868  29.820  67.686  -28.644 0.0000000000
132869  21.399  68.647  -26.961 0.0000000000
132870  20.874  68.687  -27.645 0.0000000000
132874  33.390  68.497  -29.774 0.0000000000
132875  32.522  68.779  -29.497 0.0000000000
132876  31.373  68.526  -29.041 0.0000000000
132877  30.523  68.591  -28.814 0.0000000000
132878  29.667  68.246  -28.743 0.0000000000
132879  28.767  68.400  -29.045 0.0000000000
132880  27.791  68.485  -29.405 0.0000000000
132881  27.225  68.047  -29.518 0.0000000000
132882  20.302  68.717  -28.231 0.0000000000
132883  19.592  68.718  -28.656 0.0000000000
132889  33.189  69.454  -30.191 0.0000000000
132890  27.474  68.985  -29.682 0.0000000000
132891  26.905  68.505  -29.825 0.0000000000
132892  25.871  68.464  -30.434 0.0000000000
132893  25.345  68.015  -30.566 0.0000000000
132894  18.862  68.668  -29.094 0.0000000000
132895  18.035  68.584  -29.581 0.0000000000
132896  17.012  68.603  -30.161 0.0000000000
132897  16.347  69.079  -30.280 0.0000000000
132904  25.510  68.953  -30.743 0.0000000000
132905  24.985  68.464  -30.959 0.0000000000
132906  24.468  67.900  -31.208 0.0000000000
132907  16.767  68.187  -30.639 0.0000000000
132908  16.047  68.643  -30.935 0.0000000000
132909  15.349  69.150  -31.415 0.0000000000
132922  24.641  68.907  -31.424 0.0000000000
132923  24.101  68.367  -31.666 0.0000000000
132924  22.941  68.296  -32.378 0.0000000000
132925  22.236  67.824  -32.504 0.0000000000
132926  16.111  68.345  -31.863 0.0000000000
132927  15.486  68.866  -31.849 0.0000000000
132941  22.634  68.850  -32.650 0.0000000000
132942  21.824  68.531  -32.861 0.0000000000
132943  20.564  68.237  -32.973 0.0000000000
132944  20.017  68.146  -32.993 0.0000000000
132945  17.251  68.083  -33.022 0.0000000000
132946  16.555  68.274  -32.678 0.0000000000
132947  15.782  68.772  -32.626 0.0000000000
132955  21.525  69.246  -33.200 0.0000000000
132956  20.960  69.047  -33.244 0.0000000000
132957  19.969  68.640  -33.346 0.0000000000
132958  18.978  68.590  -33.530 0.0000000000
132959  17.946  68.456  -33.458 0.0000000000
132960  16.954  68.634  -33.499 0.0000000000
132961  16.216  68.848  -33.285 0.0000000000
133235  30.997  69.495  -23.464 0.0000000000
133236  30.282  69.511  -22.917 0.0000000000
133237  29.472  69.513  -22.423 0.0000000000
133238  28.491  69.532  -22.160 0.0000000000
133239  27.477  69.578  -22.290 0.0000000000
133248  31.800  69.477  -23.832 0.0000000000
133249  26.654  69.799  -22.665 0.0000000000
133250  26.082  70.007  -23.308 0.0000000000
133262  25.559  69.792  -23.947 0.0000000000
133263  24.910  69.692  -24.486 0.0000000000
133264  24.384  69.081  -24.484 0.0000000000
133273  24.607  70.232  -24.935 0.0000000000
133274  24.056  69.685  -24.922 0.0000000000
133275  23.321  69.695  -25.353 0.0000000000
133279  22.708  69.740  -25.773 0.0000000000
133280  22.197  69.704  -26.289 0.0000000000
133283  21.645  69.576  -26.816 0.0000000000
133284  21.184  69.591  -27.485 0.0000000000
133286  32.066  69.816  -29.204 0.0000000000
133287  31.066  69.716  -28.865 0.0000000000
133288  30.229  69.289  -28.798 0.0000000000
133289  29.531  69.342  -28.916 0.0000000000
133290  28.676  69.379  -29.260 0.0000000000
133291  27.900  69.492  -29.564 0.0000000000
133292  20.693  69.698  -28.135 0.0000000000
133293  19.945  69.730  -28.554 0.0000000000
133296  32.712  70.101  -29.954 0.0000000000
133297  30.900  70.192  -28.692 0.0000000000
133298  30.553  69.999  -28.769 0.0000000000
133299  30.074  69.808  -28.835 0.0000000000
133300  27.243  69.495  -29.867 0.0000000000
133301  26.514  69.409  -30.310 0.0000000000
133302  25.838  69.429  -30.667 0.0000000000
133303  19.119  69.685  -28.838 0.0000000000
133304  18.312  69.618  -29.186 0.0000000000
133305  17.478  69.584  -29.600 0.0000000000
133306  16.640  69.643  -29.931 0.0000000000
133309  25.380  69.441  -30.979 0.0000000000
133310  24.946  69.427  -31.330 0.0000000000
133311  15.859  69.643  -30.340 0.0000000000
133312  15.016  69.755  -31.105 0.0000000000
133313  14.412  70.381  -31.459 0.0000000000
133322  24.471  69.391  -31.737 0.0000000000
133323  23.655  69.415  -32.330 0.0000000000
133324  23.013  69.023  -32.560 0.0000000000
133325  14.882  69.433  -31.861 0.0000000000
133326  14.298  70.099  -31.876 0.0000000000
133336  23.365  69.987  -32.654 0.0000000000
133337  22.786  69.543  -32.815 0.0000000000
133338  21.987  69.632  -33.222 0.0000000000
133339  15.155  69.355  -32.568 0.0000000000
133340  14.489  69.941  -32.603 0.0000000000
133346  21.351  69.789  -33.406 0.0000000000
133347  20.575  69.848  -33.720 0.0000000000
133348  19.570  69.364  -33.989 0.0000000000
133349  18.554  69.210  -34.087 0.0000000000
133350  17.548  69.251  -34.031 0.0000000000
133351  16.559  69.575  -33.865 0.0000000000
133352  15.601  69.503  -33.376 0.0000000000
133353  14.862  69.869  -33.205 0.0000000000
133362  20.500  70.445  -34.016 0.0000000000
133363  20.023  70.242  -34.215 0.0000000000
133364  19.130  70.068  -34.396 0.0000000000
133365  18.145  69.969  -34.472 0.0000000000
133366  17.284  70.010  -34.362 0.0000000000
133629  30.665  70.459  -23.194 0.0000000000
133630  29.943  70.464  -22.528 0.0000000000
133631  29.044  70.493  -21.956 0.0000000000
133632  27.895  70.622  -21.910 0.0000000000
133633  27.096  70.410  -22.383 0.0000000000
133648  27.182  71.130  -22.362 0.0000000000
133649  26.503  70.913  -22.919 0.0000000000
133650  26.143  70.759  -23.489 0.0000000000
133666  26.214  71.270  -23.595 0.0000000000
133667  25.883  70.871  -24.077 0.0000000000
133668  25.414  70.435  -24.493 0.0000000000
133682  25.538  71.117  -24.706 0.0000000000
133683  25.081  70.778  -25.019 0.0000000000
133684  24.386  70.746  -25.334 0.0000000000
133685  23.750  70.378  -25.388 0.0000000000
133692  23.885  71.029  -25.657 0.0000000000
133693  23.238  70.684  -25.811 0.0000000000
133694  22.535  70.579  -26.290 0.0000000000
133700  21.908  70.611  -26.833 0.0000000000
133701  21.458  70.295  -27.303 0.0000000000
133704  31.737  70.697  -28.818 0.0000000000
133705  31.139  70.509  -28.684 0.0000000000
133706  30.072  70.547  -29.342 0.0000000000
133707  29.557  70.259  -29.272 0.0000000000
133708  28.516  70.316  -29.488 0.0000000000
133709  27.680  70.307  -29.758 0.0000000000
133710  21.587  71.020  -27.439 0.0000000000
133711  21.165  70.701  -27.943 0.0000000000
133712  20.360  70.907  -28.500 0.0000000000
133715  32.581  71.020  -29.339 0.0000000000
133716  30.787  70.544  -28.782 0.0000000000
133717  30.256  70.403  -29.054 0.0000000000
133718  29.853  69.956  -28.972 0.0000000000
133719  26.984  70.264  -30.233 0.0000000000
133720  26.128  70.354  -30.722 0.0000000000
133721  25.669  69.919  -30.914 0.0000000000
133722  19.507  70.728  -28.854 0.0000000000
133723  18.714  70.641  -29.173 0.0000000000
133724  17.883  70.581  -29.380 0.0000000000
133725  17.065  70.552  -29.650 0.0000000000
133728  25.860  70.922  -31.091 0.0000000000
133729  25.363  70.414  -31.376 0.0000000000
133730  24.832  69.904  -31.601 0.0000000000
133731  16.230  70.564  -29.960 0.0000000000
133732  15.389  70.610  -30.451 0.0000000000
133733  14.574  70.783  -31.023 0.0000000000
133741  25.061  70.827  -31.870 0.0000000000
133742  24.593  70.315  -32.088 0.0000000000
133743  23.781  70.414  -32.558 0.0000000000
133744  13.668  70.943  -31.771 0.0000000000
133745  12.955  71.542  -32.072 0.0000000000
133754  23.189  70.466  -32.878 0.0000000000
133755  22.522  70.363  -33.253 0.0000000000
133756  21.821  70.372  -33.452 0.0000000000
133757  13.739  70.627  -32.728 0.0000000000
133758  12.657  71.340  -32.929 0.0000000000
133759  12.080  71.709  -33.734 0.0000000000
133768  21.275  70.521  -33.618 0.0000000000
133769  20.851  70.750  -33.875 0.0000000000
133770  15.832  70.187  -34.036 0.0000000000
133771  15.027  70.264  -33.923 0.0000000000
133772  14.169  70.517  -33.583 0.0000000000
133773  13.177  70.996  -33.737 0.0000000000
133774  12.425  71.535  -34.120 0.0000000000
133783  20.438  70.925  -34.198 0.0000000000
133784  19.693  70.988  -34.429 0.0000000000
133785  18.703  70.856  -34.664 0.0000000000
133786  17.678  70.695  -34.788 0.0000000000
133787  16.565  70.670  -34.519 0.0000000000
133788  15.451  70.977  -34.509 0.0000000000
133789  14.474  71.014  -34.497 0.0000000000
133790  13.593  71.164  -34.439 0.0000000000
134027  29.653  71.423  -22.170 0.0000000000
134028  28.691  71.551  -21.818 0.0000000000
134029  27.718  71.767  -22.112 0.0000000000
134047  26.902  71.906  -22.604 0.0000000000
134048  26.425  71.949  -23.294 0.0000000000
134067  26.193  71.896  -24.073 0.0000000000
134087  24.311  71.473  -25.726 0.0000000000
134100  23.809  71.814  -26.119 0.0000000000
134101  22.940  71.470  -26.345 0.0000000000
134102  22.364  71.313  -26.675 0.0000000000
134111  23.223  72.275  -26.477 0.0000000000
134112  22.615  72.142  -26.758 0.0000000000
134113  22.032  71.746  -27.242 0.0000000000
134116  32.109  71.641  -28.697 0.0000000000
134117  31.107  71.315  -28.762 0.0000000000
134118  30.269  71.046  -29.497 0.0000000000
134119  29.187  71.159  -29.623 0.0000000000
134120  28.173  71.239  -29.855 0.0000000000
134121  27.441  70.911  -30.157 0.0000000000
134122  21.507  71.769  -27.827 0.0000000000
134123  20.939  71.840  -28.326 0.0000000000
134124  20.433  71.963  -28.739 0.0000000000
134127  32.580  71.859  -29.143 0.0000000000
134128  30.600  70.825  -29.058 0.0000000000
134129  30.406  70.757  -29.255 0.0000000000
134130  27.517  71.615  -30.452 0.0000000000
134131  26.789  71.154  -30.553 0.0000000000
134132  26.165  71.200  -30.895 0.0000000000
134133  19.900  71.738  -29.001 0.0000000000
134134  19.150  71.677  -29.271 0.0000000000
134135  18.305  71.600  -29.424 0.0000000000
134136  17.497  71.493  -29.570 0.0000000000
134140  32.693  71.800  -30.004 0.0000000000
134141  26.949  71.868  -30.690 0.0000000000
134142  26.419  71.790  -30.907 0.0000000000
134143  25.863  71.616  -31.375 0.0000000000
134144  25.365  71.220  -31.804 0.0000000000
134145  16.736  71.488  -29.788 0.0000000000
134146  15.932  71.553  -30.158 0.0000000000
134147  15.033  71.604  -30.575 0.0000000000
134153  25.743  71.857  -32.031 0.0000000000
134154  25.084  71.127  -32.326 0.0000000000
134155  24.271  70.983  -32.645 0.0000000000
134156  23.604  70.990  -32.828 0.0000000000
134157  14.146  71.671  -31.086 0.0000000000
134158  13.294  71.908  -31.563 0.0000000000
134167  23.837  71.343  -33.043 0.0000000000
134168  23.035  71.047  -33.299 0.0000000000
134169  22.147  70.944  -33.539 0.0000000000
134170  21.662  70.822  -33.601 0.0000000000
134171  12.465  72.223  -32.238 0.0000000000
134172  11.704  71.966  -33.250 0.0000000000
134184  22.376  71.394  -33.764 0.0000000000
134185  21.419  71.244  -33.841 0.0000000000
134186  20.845  71.227  -34.088 0.0000000000
134196  21.604  71.582  -34.278 0.0000000000
134197  20.547  71.785  -34.492 0.0000000000
134198  19.304  71.894  -34.797 0.0000000000
134199  18.263  71.513  -35.104 0.0000000000
134200  17.167  71.432  -35.233 0.0000000000
134201  16.015  71.642  -35.164 0.0000000000
134202  14.888  71.756  -35.181 0.0000000000
134210  21.091  72.050  -34.728 0.0000000000
134211  19.150  72.293  -35.066 0.0000000000
134212  18.760  72.248  -35.257 0.0000000000
134213  17.852  72.158  -35.588 0.0000000000
134214  16.722  72.284  -35.685 0.0000000000
134481  32.208  72.133  -28.933 0.0000000000
134482  31.592  72.253  -28.967 0.0000000000
134483  30.548  72.285  -29.323 0.0000000000
134484  29.624  72.201  -29.653 0.0000000000
134485  28.888  71.886  -29.981 0.0000000000
134489  20.264  72.468  -29.119 0.0000000000
134491  32.120  72.210  -29.578 0.0000000000
134492  31.184  72.519  -30.106 0.0000000000
134493  30.556  72.650  -29.808 0.0000000000
134494  28.846  72.629  -29.796 0.0000000000
134495  28.226  72.211  -30.456 0.0000000000
134497  19.674  72.764  -29.355 0.0000000000
134498  18.740  72.688  -29.503 0.0000000000
134499  17.861  72.541  -29.686 0.0000000000
134500  17.199  72.191  -29.760 0.0000000000
134505  27.302  72.367  -30.639 0.0000000000
134506  26.681  72.372  -30.797 0.0000000000
134507  26.308  72.337  -31.169 0.0000000000
134508  17.345  72.847  -29.906 0.0000000000
134509  16.658  72.547  -30.094 0.0000000000
134510  15.679  72.547  -30.420 0.0000000000
134511  14.618  72.613  -30.682 0.0000000000
134512  13.854  73.067  -30.846 0.0000000000
134516  26.865  72.759  -30.630 0.0000000000
134517  26.543  72.890  -30.993 0.0000000000
134518  26.208  72.728  -31.645 0.0000000000
134519  13.756  72.398  -31.056 0.0000000000
134520  12.973  72.936  -31.402 0.0000000000
134521  12.328  73.397  -31.950 0.0000000000
134527  12.370  72.912  -32.041 0.0000000000
134528  11.783  73.049  -32.417 0.0000000000
134540  20.337  72.278  -34.807 0.0000000000
134541  20.012  72.314  -34.851 0.0000000000
134543  20.399  72.511  -35.264 0.0000000000
134544  19.390  72.643  -35.330 0.0000000000
134545  18.551  72.911  -35.865 0.0000000000
134546  17.577  72.675  -36.138 0.0000000000
134552  18.171  73.295  -36.429 0.0000000000
134776  30.145  72.889  -29.605 0.0000000000
134777  29.922  72.715  -29.482 0.0000000000
134784  30.310  73.174  -30.209 0.0000000000
134785  29.379  73.169  -29.815 0.0000000000
134786  28.361  73.051  -30.247 0.0000000000
134787  28.109  73.258  -30.633 0.0000000000
134789  19.257  73.737  -29.694 0.0000000000
134790  18.327  73.698  -29.963 0.0000000000
134791  17.717  73.208  -29.921 0.0000000000
134796  29.516  73.442  -30.620 0.0000000000
134797  27.602  72.850  -30.573 0.0000000000
134798  27.567  73.422  -30.734 0.0000000000
134799  27.151  73.908  -30.927 0.0000000000
134800  18.029  74.273  -30.260 0.0000000000
134801  17.399  73.668  -30.250 0.0000000000
134802  16.364  73.517  -30.455 0.0000000000
134803  15.400  73.536  -30.567 0.0000000000
134804  14.474  73.670  -30.671 0.0000000000
134805  13.553  73.851  -30.871 0.0000000000
134810  27.149  72.814  -30.542 0.0000000000
134811  26.967  73.136  -30.647 0.0000000000
134812  26.654  73.607  -31.211 0.0000000000
134813  12.678  73.988  -31.432 0.0000000000
134814  11.964  74.008  -32.164 0.0000000000
134819  27.818  73.824  -32.526 0.0000000000
134820  27.297  74.026  -32.781 0.0000000000
134821  26.419  73.545  -32.215 0.0000000000
134827  27.219  73.762  -33.090 0.0000000000
134828  26.623  73.548  -33.063 0.0000000000
134834  20.132  73.461  -35.975 0.0000000000
134835  19.636  73.448  -35.817 0.0000000000
134836  19.127  73.302  -35.840 0.0000000000
134838  19.627  74.119  -36.304 0.0000000000
134839  18.819  74.021  -36.268 0.0000000000
134840  18.006  74.069  -36.738 0.0000000000
135031  28.814  73.286  -30.216 0.0000000000
135032  28.468  73.380  -30.549 0.0000000000
135033  28.066  73.516  -30.788 0.0000000000
135039  28.942  73.464  -30.500 0.0000000000
135040  28.427  73.725  -30.865 0.0000000000
135041  27.701  73.948  -30.981 0.0000000000
135042  27.058  74.076  -31.236 0.0000000000
135046  16.869  74.458  -30.465 0.0000000000
135047  16.026  74.398  -30.655 0.0000000000
135048  15.124  74.473  -30.735 0.0000000000
135049  14.263  74.479  -30.817 0.0000000000
135051  28.991  73.901  -31.007 0.0000000000
135052  28.283  74.039  -31.315 0.0000000000
135053  27.500  74.081  -31.602 0.0000000000
135054  26.746  74.086  -31.865 0.0000000000
135059  13.467  74.922  -31.175 0.0000000000
135060  12.308  74.795  -31.624 0.0000000000
135062  28.855  74.060  -31.596 0.0000000000
135063  28.141  74.065  -31.951 0.0000000000
135064  27.249  74.079  -32.336 0.0000000000
135065  26.617  74.068  -32.685 0.0000000000
135068  26.974  74.098  -32.895 0.0000000000
135069  26.756  74.017  -33.105 0.0000000000
135070  19.608  74.333  -36.658 0.0000000000
135071  19.218  74.639  -36.717 0.0000000000
135072  18.418  74.800  -36.889 0.0000000000
135073  17.901  74.508  -37.143 0.0000000000
135074  19.554  74.382  -36.948 0.0000000000
135075  19.031  74.571  -37.294 0.0000000000
135076  18.279  74.439  -37.392 0.0000000000
