#!ascii label  , from subject Broad_82_YZ vox2ras=TkReg
1270
86597  48.589  8.700  -8.927 0.0000000000
86610  49.659  8.582  -9.694 0.0000000000
86611  48.756  9.044  -10.195 0.0000000000
86623  50.443  8.584  -10.432 0.0000000000
86624  49.456  8.881  -10.792 0.0000000000
86625  48.717  9.143  -11.247 0.0000000000
86636  51.053  8.698  -11.167 0.0000000000
86637  50.117  8.935  -11.340 0.0000000000
86638  49.267  8.934  -11.736 0.0000000000
86639  48.727  9.179  -12.066 0.0000000000
86646  49.092  9.070  -12.245 0.0000000000
86647  48.953  9.297  -12.431 0.0000000000
87607  48.159  9.382  -9.697 0.0000000000
87620  48.257  9.730  -10.646 0.0000000000
87621  48.080  9.883  -9.924 0.0000000000
87632  51.566  9.057  -11.769 0.0000000000
87633  50.680  9.061  -11.893 0.0000000000
87634  49.857  9.074  -12.066 0.0000000000
87635  49.393  9.058  -12.187 0.0000000000
87636  48.461  9.702  -11.745 0.0000000000
87647  51.896  9.389  -12.304 0.0000000000
87648  51.169  9.285  -12.425 0.0000000000
87649  50.339  9.334  -12.539 0.0000000000
87650  49.447  9.371  -12.589 0.0000000000
87651  48.831  9.787  -12.631 0.0000000000
87661  51.576  9.476  -12.857 0.0000000000
87662  50.902  9.476  -13.107 0.0000000000
87663  50.022  9.660  -13.169 0.0000000000
87664  49.305  9.844  -13.201 0.0000000000
87665  48.970  10.108  -13.230 0.0000000000
88614  48.174  10.337  -10.677 0.0000000000
88624  48.307  10.471  -11.283 0.0000000000
88625  48.147  10.796  -10.656 0.0000000000
88635  52.078  9.608  -12.747 0.0000000000
88636  48.599  10.489  -12.282 0.0000000000
88647  51.732  9.893  -13.527 0.0000000000
88648  50.553  9.878  -13.761 0.0000000000
88649  49.702  10.045  -13.785 0.0000000000
88650  49.111  10.241  -13.693 0.0000000000
88651  48.726  10.612  -13.375 0.0000000000
88662  52.580  10.888  -14.409 0.0000000000
88663  51.922  10.631  -14.602 0.0000000000
88664  50.949  10.185  -14.450 0.0000000000
88665  50.085  10.272  -14.352 0.0000000000
88666  49.329  10.514  -14.420 0.0000000000
88667  48.893  10.529  -14.036 0.0000000000
88678  51.575  10.842  -15.240 0.0000000000
88679  51.070  10.537  -15.174 0.0000000000
88680  50.296  10.490  -14.947 0.0000000000
88681  49.798  10.524  -14.736 0.0000000000
89644  48.473  11.285  -11.843 0.0000000000
89645  48.076  11.377  -11.011 0.0000000000
89653  48.373  11.343  -12.805 0.0000000000
89654  48.129  11.768  -12.915 0.0000000000
89665  48.321  11.582  -13.735 0.0000000000
89666  48.110  11.837  -13.144 0.0000000000
89674  54.811  11.426  -15.114 0.0000000000
89675  54.034  11.424  -14.973 0.0000000000
89676  53.101  11.201  -14.610 0.0000000000
89677  52.422  11.009  -14.756 0.0000000000
89678  49.109  10.885  -14.899 0.0000000000
89679  48.707  11.103  -14.508 0.0000000000
89689  55.471  11.545  -15.717 0.0000000000
89690  54.252  11.736  -15.809 0.0000000000
89691  53.232  11.581  -15.681 0.0000000000
89692  52.156  11.205  -15.453 0.0000000000
89693  51.186  11.023  -15.726 0.0000000000
89694  50.371  10.860  -15.600 0.0000000000
89695  49.558  10.814  -15.246 0.0000000000
89696  48.910  11.189  -15.414 0.0000000000
89705  56.431  12.051  -16.914 0.0000000000
89706  55.533  12.148  -16.767 0.0000000000
89707  54.506  12.198  -16.679 0.0000000000
89708  53.448  12.064  -16.636 0.0000000000
89709  52.414  11.826  -16.504 0.0000000000
89710  51.411  11.567  -16.422 0.0000000000
89711  50.486  11.379  -16.292 0.0000000000
89712  49.662  11.178  -16.060 0.0000000000
89713  49.187  11.114  -15.818 0.0000000000
90669  53.895  12.620  -10.332 0.0000000000
90684  54.932  12.702  -11.572 0.0000000000
90685  54.076  12.540  -11.262 0.0000000000
90686  53.249  12.507  -10.919 0.0000000000
90697  55.108  12.760  -12.559 0.0000000000
90698  54.279  12.603  -12.235 0.0000000000
90699  53.421  12.560  -11.876 0.0000000000
90700  52.619  12.622  -11.552 0.0000000000
90701  51.880  12.828  -11.258 0.0000000000
90702  48.277  11.757  -12.302 0.0000000000
90703  47.969  12.185  -11.549 0.0000000000
90710  55.161  12.909  -13.137 0.0000000000
90711  54.518  12.878  -13.298 0.0000000000
90712  53.551  12.655  -12.882 0.0000000000
90713  52.760  12.656  -12.477 0.0000000000
90714  52.084  12.822  -12.241 0.0000000000
90715  48.199  11.757  -12.685 0.0000000000
90716  47.945  12.276  -12.629 0.0000000000
90725  54.300  13.120  -13.926 0.0000000000
90726  53.635  13.025  -13.887 0.0000000000
90727  52.709  12.825  -13.478 0.0000000000
90728  52.293  12.787  -12.881 0.0000000000
90729  48.218  12.152  -14.069 0.0000000000
90730  47.959  12.487  -13.578 0.0000000000
90739  53.200  13.132  -14.313 0.0000000000
90740  53.016  12.972  -14.050 0.0000000000
90741  48.339  11.968  -14.535 0.0000000000
90742  48.023  12.627  -14.420 0.0000000000
90748  48.385  12.080  -15.459 0.0000000000
90749  48.137  12.431  -14.938 0.0000000000
90758  56.551  12.919  -17.190 0.0000000000
90759  55.628  12.729  -17.321 0.0000000000
90760  54.682  12.694  -17.420 0.0000000000
90761  53.670  12.633  -17.446 0.0000000000
90762  52.625  12.491  -17.269 0.0000000000
90763  51.572  12.295  -17.103 0.0000000000
90764  50.589  12.038  -16.996 0.0000000000
90765  49.709  11.812  -16.727 0.0000000000
90766  48.885  11.594  -16.310 0.0000000000
90772  56.113  13.286  -17.219 0.0000000000
90773  55.690  13.259  -17.310 0.0000000000
90774  54.873  13.240  -17.551 0.0000000000
90775  53.933  13.161  -17.805 0.0000000000
90776  52.875  13.040  -17.780 0.0000000000
90777  51.723  12.976  -17.438 0.0000000000
90778  50.625  12.847  -17.368 0.0000000000
90779  49.730  12.629  -17.279 0.0000000000
90780  49.038  12.359  -16.992 0.0000000000
91893  41.751  14.280  -8.782 0.0000000000
91910  43.463  13.806  -9.547 0.0000000000
91911  42.459  14.229  -9.600 0.0000000000
91912  41.803  14.570  -9.319 0.0000000000
91922  55.531  13.173  -10.731 0.0000000000
91923  54.611  12.777  -10.735 0.0000000000
91929  44.312  13.840  -10.459 0.0000000000
91930  43.168  14.096  -10.604 0.0000000000
91931  42.502  14.465  -10.349 0.0000000000
91943  55.852  12.922  -12.008 0.0000000000
91945  50.794  13.747  -11.537 0.0000000000
91948  45.228  13.896  -11.313 0.0000000000
91949  44.034  14.143  -11.514 0.0000000000
91950  43.247  14.394  -11.388 0.0000000000
91960  56.718  13.362  -12.704 0.0000000000
91961  55.791  13.036  -13.147 0.0000000000
91962  55.223  13.008  -13.590 0.0000000000
91963  51.407  13.222  -11.988 0.0000000000
91964  50.820  13.686  -12.678 0.0000000000
91965  47.326  13.134  -11.860 0.0000000000
91966  46.238  13.940  -12.257 0.0000000000
91967  44.901  14.247  -12.269 0.0000000000
91968  44.119  14.434  -12.349 0.0000000000
91978  56.717  13.196  -13.906 0.0000000000
91979  55.780  13.116  -14.190 0.0000000000
91980  54.866  13.205  -14.218 0.0000000000
91981  54.192  13.276  -14.380 0.0000000000
91982  52.303  12.976  -13.768 0.0000000000
91983  51.767  13.133  -13.341 0.0000000000
91984  50.854  13.865  -13.858 0.0000000000
91985  47.380  13.372  -12.947 0.0000000000
91986  46.519  14.110  -13.443 0.0000000000
91996  56.489  13.567  -14.998 0.0000000000
91997  55.490  13.486  -15.107 0.0000000000
91998  54.563  13.469  -15.105 0.0000000000
91999  53.618  13.376  -14.847 0.0000000000
92000  52.548  13.189  -14.469 0.0000000000
92001  51.436  13.589  -14.700 0.0000000000
92002  50.618  14.082  -14.955 0.0000000000
92003  47.402  13.529  -14.118 0.0000000000
92004  46.538  14.234  -14.284 0.0000000000
92010  57.274  13.616  -15.900 0.0000000000
92011  56.137  13.556  -16.040 0.0000000000
92012  55.109  13.613  -16.063 0.0000000000
92013  54.122  13.643  -15.986 0.0000000000
92014  53.094  13.531  -15.828 0.0000000000
92015  52.012  13.573  -15.748 0.0000000000
92016  51.067  13.925  -15.810 0.0000000000
92017  50.460  14.535  -15.867 0.0000000000
92018  48.084  12.866  -15.888 0.0000000000
92019  47.739  13.156  -15.253 0.0000000000
92027  56.762  13.472  -16.909 0.0000000000
92028  55.647  13.702  -16.867 0.0000000000
92029  54.678  13.800  -16.912 0.0000000000
92030  53.676  13.677  -16.869 0.0000000000
92031  52.598  13.550  -16.760 0.0000000000
92032  51.432  13.683  -16.678 0.0000000000
92033  50.472  14.193  -16.667 0.0000000000
92034  48.389  12.754  -16.530 0.0000000000
92035  47.743  13.489  -16.247 0.0000000000
92039  56.329  13.348  -17.129 0.0000000000
92040  55.936  13.470  -17.128 0.0000000000
92041  55.171  13.587  -17.294 0.0000000000
92042  54.268  13.543  -17.463 0.0000000000
92043  53.265  13.389  -17.503 0.0000000000
92044  52.071  13.263  -17.287 0.0000000000
92045  50.356  13.808  -17.235 0.0000000000
92046  49.687  13.514  -17.431 0.0000000000
92047  48.797  13.535  -17.422 0.0000000000
92048  47.960  13.650  -17.013 0.0000000000
92052  49.759  14.544  -17.934 0.0000000000
92053  49.489  14.268  -17.767 0.0000000000
92054  49.177  13.976  -17.665 0.0000000000
93120  40.966  14.474  -8.305 0.0000000000
93121  40.257  14.860  -7.860 0.0000000000
93122  39.789  15.020  -7.283 0.0000000000
93136  41.227  14.690  -8.944 0.0000000000
93137  40.684  14.969  -8.565 0.0000000000
93149  42.111  14.699  -9.836 0.0000000000
93150  41.573  14.931  -9.390 0.0000000000
93151  41.049  15.041  -9.005 0.0000000000
93160  42.670  14.513  -11.039 0.0000000000
93161  42.255  14.840  -10.516 0.0000000000
93162  41.982  14.985  -9.870 0.0000000000
93171  50.523  14.434  -12.137 0.0000000000
93172  43.582  14.610  -12.009 0.0000000000
93173  42.987  14.739  -11.677 0.0000000000
93174  42.522  14.914  -11.320 0.0000000000
93185  50.371  14.447  -13.220 0.0000000000
93186  45.444  14.416  -13.141 0.0000000000
93187  44.453  14.531  -13.057 0.0000000000
93188  43.756  14.670  -12.824 0.0000000000
93189  43.292  14.910  -12.356 0.0000000000
93190  42.905  14.992  -11.837 0.0000000000
93200  50.407  14.629  -14.272 0.0000000000
93201  45.747  14.603  -14.022 0.0000000000
93202  44.809  14.689  -13.840 0.0000000000
93203  43.953  14.792  -13.750 0.0000000000
93204  43.478  14.908  -13.114 0.0000000000
93211  50.255  14.794  -15.142 0.0000000000
93212  50.145  14.966  -15.150 0.0000000000
93213  46.875  14.104  -14.989 0.0000000000
93214  45.993  14.579  -14.803 0.0000000000
93215  45.078  14.844  -14.628 0.0000000000
93216  44.477  14.868  -14.206 0.0000000000
93221  50.334  15.268  -15.769 0.0000000000
93222  50.241  15.084  -15.324 0.0000000000
93223  47.068  14.083  -15.860 0.0000000000
93224  46.212  14.701  -15.557 0.0000000000
93225  45.624  14.796  -15.102 0.0000000000
93229  50.168  15.150  -16.668 0.0000000000
93230  47.147  14.401  -16.822 0.0000000000
93231  46.673  14.575  -16.169 0.0000000000
93236  50.109  14.968  -17.567 0.0000000000
93237  48.429  14.167  -17.883 0.0000000000
93238  47.936  14.254  -17.716 0.0000000000
93242  49.836  14.990  -18.218 0.0000000000
93243  49.350  14.903  -18.448 0.0000000000
93244  48.778  14.419  -18.156 0.0000000000
93245  48.281  14.416  -18.103 0.0000000000
94180  39.593  15.504  -6.883 0.0000000000
94190  40.496  15.476  -8.027 0.0000000000
94191  40.092  15.502  -7.389 0.0000000000
94203  41.450  15.594  -8.939 0.0000000000
94204  40.984  15.477  -8.632 0.0000000000
94214  42.267  15.457  -9.943 0.0000000000
94215  41.826  15.373  -9.479 0.0000000000
94216  41.342  15.246  -9.099 0.0000000000
94225  42.404  15.357  -10.720 0.0000000000
94226  42.153  15.147  -10.107 0.0000000000
94233  50.563  15.280  -11.678 0.0000000000
94234  43.219  15.395  -12.045 0.0000000000
94235  42.807  15.303  -11.615 0.0000000000
94243  50.470  15.281  -12.694 0.0000000000
94244  43.376  15.299  -12.692 0.0000000000
94245  43.152  15.134  -12.099 0.0000000000
94252  50.473  15.396  -13.724 0.0000000000
94253  43.877  15.274  -14.019 0.0000000000
94254  43.616  15.222  -13.523 0.0000000000
94258  50.364  15.538  -14.779 0.0000000000
94259  50.196  15.182  -15.058 0.0000000000
94260  44.844  15.246  -14.830 0.0000000000
94261  44.332  15.141  -14.409 0.0000000000
94264  50.413  15.945  -15.575 0.0000000000
94265  50.279  15.320  -15.270 0.0000000000
94266  45.960  15.275  -15.675 0.0000000000
94267  45.434  15.131  -15.227 0.0000000000
94271  50.305  16.071  -16.471 0.0000000000
94272  46.811  15.341  -16.964 0.0000000000
94273  46.380  15.111  -16.316 0.0000000000
94277  50.139  16.039  -17.540 0.0000000000
94278  47.425  15.148  -17.610 0.0000000000
94281  49.980  15.858  -18.523 0.0000000000
94282  49.493  15.774  -19.241 0.0000000000
94283  48.792  15.331  -19.003 0.0000000000
94284  48.133  14.922  -18.376 0.0000000000
94288  49.347  16.131  -19.802 0.0000000000
94289  49.036  15.874  -19.693 0.0000000000
95158  39.657  16.840  -6.059 0.0000000000
95172  41.704  17.016  -6.970 0.0000000000
95173  41.180  16.821  -6.976 0.0000000000
95174  40.112  16.347  -6.739 0.0000000000
95175  39.426  15.932  -6.512 0.0000000000
95185  42.680  16.992  -7.746 0.0000000000
95186  41.976  16.820  -7.658 0.0000000000
95187  40.947  16.180  -7.955 0.0000000000
95188  40.410  15.865  -7.521 0.0000000000
95200  42.995  16.674  -8.511 0.0000000000
95201  41.862  16.079  -8.877 0.0000000000
95202  41.292  15.837  -8.604 0.0000000000
95213  43.729  16.532  -9.603 0.0000000000
95214  42.749  15.942  -9.900 0.0000000000
95215  42.180  15.691  -9.541 0.0000000000
95224  44.415  16.797  -10.324 0.0000000000
95225  43.599  16.341  -10.827 0.0000000000
95226  42.895  15.843  -11.225 0.0000000000
95233  51.321  16.795  -10.950 0.0000000000
95234  50.819  16.107  -11.293 0.0000000000
95235  45.495  16.887  -11.824 0.0000000000
95236  44.709  16.655  -11.582 0.0000000000
95237  43.587  15.888  -12.085 0.0000000000
95238  43.104  15.589  -11.752 0.0000000000
95245  51.374  16.703  -11.878 0.0000000000
95246  50.868  16.038  -12.260 0.0000000000
95247  46.320  17.019  -12.898 0.0000000000
95248  45.638  16.738  -12.640 0.0000000000
95249  44.467  16.194  -12.996 0.0000000000
95250  43.718  15.699  -13.297 0.0000000000
95254  51.453  16.676  -12.812 0.0000000000
95255  50.932  16.080  -13.225 0.0000000000
95256  47.096  16.973  -13.953 0.0000000000
95257  46.443  16.786  -13.639 0.0000000000
95258  45.209  16.430  -13.974 0.0000000000
95259  44.231  15.779  -14.149 0.0000000000
95260  43.786  15.498  -13.814 0.0000000000
95263  51.420  16.798  -13.660 0.0000000000
95264  50.898  16.450  -14.249 0.0000000000
95265  46.984  16.784  -14.572 0.0000000000
95266  46.133  16.313  -14.771 0.0000000000
95267  45.218  15.716  -14.887 0.0000000000
95268  44.597  15.472  -14.609 0.0000000000
95271  50.700  16.579  -15.143 0.0000000000
95272  46.902  16.541  -15.602 0.0000000000
95273  46.186  15.831  -15.828 0.0000000000
95274  45.685  15.501  -15.399 0.0000000000
95278  50.543  16.946  -16.069 0.0000000000
95279  48.174  16.895  -17.164 0.0000000000
95280  47.330  16.220  -16.871 0.0000000000
95281  46.618  15.652  -16.537 0.0000000000
95284  50.399  17.097  -17.203 0.0000000000
95285  48.297  16.700  -17.989 0.0000000000
95286  48.017  15.799  -18.187 0.0000000000
95289  50.201  17.114  -18.570 0.0000000000
95290  50.014  16.417  -19.339 0.0000000000
95291  48.624  16.288  -19.235 0.0000000000
95292  48.364  15.570  -18.776 0.0000000000
95297  50.148  17.091  -19.631 0.0000000000
95298  49.688  16.632  -19.860 0.0000000000
95299  49.213  16.390  -19.826 0.0000000000
96132  41.529  17.460  -6.545 0.0000000000
96133  40.712  17.410  -6.242 0.0000000000
96134  40.004  17.169  -6.056 0.0000000000
96147  42.046  17.219  -6.914 0.0000000000
96174  52.474  17.756  -11.195 0.0000000000
96183  52.520  17.733  -12.069 0.0000000000
96184  51.910  17.291  -11.522 0.0000000000
96185  47.121  17.706  -11.807 0.0000000000
96186  46.472  17.389  -11.494 0.0000000000
96187  45.706  17.136  -11.186 0.0000000000
96188  45.078  17.091  -10.649 0.0000000000
96191  53.418  18.089  -13.738 0.0000000000
96192  52.831  17.705  -13.001 0.0000000000
96193  51.995  17.267  -12.447 0.0000000000
96194  47.864  17.617  -13.070 0.0000000000
96195  47.327  17.548  -12.625 0.0000000000
96196  46.511  17.236  -12.327 0.0000000000
96197  45.982  17.028  -11.879 0.0000000000
96201  53.563  18.280  -14.674 0.0000000000
96202  52.807  17.811  -14.170 0.0000000000
96203  52.043  17.294  -13.445 0.0000000000
96204  48.074  17.676  -13.762 0.0000000000
96205  47.321  17.256  -13.441 0.0000000000
96206  46.764  17.200  -12.982 0.0000000000
96210  53.654  18.544  -15.306 0.0000000000
96211  52.975  18.439  -15.438 0.0000000000
96212  51.820  17.436  -14.667 0.0000000000
96213  51.089  17.042  -14.842 0.0000000000
96214  48.249  17.699  -14.697 0.0000000000
96215  47.589  17.225  -14.262 0.0000000000
96219  52.649  19.001  -16.061 0.0000000000
96220  51.883  18.518  -15.882 0.0000000000
96221  51.168  17.474  -15.531 0.0000000000
96222  48.306  17.758  -15.517 0.0000000000
96223  47.686  17.141  -15.285 0.0000000000
96228  51.779  18.834  -16.725 0.0000000000
96229  51.140  18.139  -16.795 0.0000000000
96230  48.155  17.363  -16.394 0.0000000000
96231  47.492  16.817  -16.042 0.0000000000
96236  50.806  17.982  -17.889 0.0000000000
96237  48.560  17.596  -17.535 0.0000000000
96242  50.812  18.083  -18.738 0.0000000000
96243  48.957  17.604  -18.761 0.0000000000
96248  50.505  17.919  -19.457 0.0000000000
96249  50.114  17.659  -20.028 0.0000000000
96250  49.402  17.309  -19.816 0.0000000000
97108  53.389  18.785  -9.788 0.0000000000
97117  54.185  19.126  -10.716 0.0000000000
97118  53.674  18.795  -10.472 0.0000000000
97119  53.000  18.263  -10.838 0.0000000000
97126  54.343  18.989  -11.310 0.0000000000
97127  53.726  18.545  -11.602 0.0000000000
97128  53.041  18.155  -11.829 0.0000000000
97131  47.859  18.037  -12.183 0.0000000000
97135  54.579  18.731  -12.383 0.0000000000
97136  53.725  18.241  -12.816 0.0000000000
97137  53.006  18.003  -12.434 0.0000000000
97138  49.296  18.670  -12.817 0.0000000000
97139  48.502  18.157  -13.029 0.0000000000
97140  47.900  17.803  -12.692 0.0000000000
97144  54.764  18.671  -13.533 0.0000000000
97145  54.147  18.385  -14.093 0.0000000000
97146  49.391  18.748  -13.769 0.0000000000
97147  48.692  18.317  -14.230 0.0000000000
97151  54.826  18.883  -14.585 0.0000000000
97152  54.206  18.707  -15.171 0.0000000000
97153  53.748  18.865  -15.728 0.0000000000
97154  49.423  18.916  -14.951 0.0000000000
97155  48.761  18.346  -15.254 0.0000000000
97160  54.769  19.210  -15.355 0.0000000000
97161  54.304  19.337  -15.919 0.0000000000
97162  53.317  19.421  -16.090 0.0000000000
97163  52.107  19.247  -16.426 0.0000000000
97164  49.251  19.052  -16.175 0.0000000000
97165  48.548  18.290  -16.032 0.0000000000
97170  51.824  19.046  -17.646 0.0000000000
97171  51.345  18.469  -17.691 0.0000000000
97172  49.365  19.338  -17.446 0.0000000000
97173  48.821  18.396  -16.910 0.0000000000
97178  51.808  19.219  -18.854 0.0000000000
97179  51.415  18.574  -18.378 0.0000000000
97180  49.466  19.369  -18.543 0.0000000000
97181  48.969  18.567  -18.029 0.0000000000
97185  51.566  19.244  -19.675 0.0000000000
97186  51.249  18.621  -19.250 0.0000000000
97187  49.678  19.053  -19.448 0.0000000000
97188  49.273  18.597  -18.903 0.0000000000
97194  51.288  19.359  -20.047 0.0000000000
97195  50.791  18.778  -19.940 0.0000000000
97196  50.015  18.504  -19.982 0.0000000000
97197  49.402  18.239  -19.558 0.0000000000
98118  54.511  20.218  -8.732 0.0000000000
98129  55.359  20.313  -9.988 0.0000000000
98130  54.804  19.969  -9.518 0.0000000000
98131  53.876  19.187  -9.671 0.0000000000
98139  55.468  20.096  -10.602 0.0000000000
98140  54.705  19.453  -10.730 0.0000000000
98141  54.118  19.123  -10.376 0.0000000000
98149  55.689  19.860  -11.689 0.0000000000
98150  55.160  19.263  -12.002 0.0000000000
98158  55.739  19.888  -12.781 0.0000000000
98159  55.238  19.284  -13.143 0.0000000000
98160  51.785  20.107  -12.909 0.0000000000
98161  51.037  19.828  -12.595 0.0000000000
98162  50.104  19.165  -13.106 0.0000000000
98166  55.616  19.886  -13.860 0.0000000000
98167  55.352  19.281  -14.193 0.0000000000
98168  51.907  20.041  -13.600 0.0000000000
98169  51.173  19.718  -14.021 0.0000000000
98170  50.248  19.375  -14.506 0.0000000000
98173  55.589  19.824  -14.796 0.0000000000
98174  55.228  19.476  -15.051 0.0000000000
98175  53.347  20.309  -15.213 0.0000000000
98176  52.473  20.016  -14.866 0.0000000000
98177  51.249  19.794  -15.352 0.0000000000
98178  50.234  19.520  -15.768 0.0000000000
98182  55.412  19.868  -15.384 0.0000000000
98183  55.018  19.748  -15.772 0.0000000000
98184  54.356  20.020  -16.279 0.0000000000
98185  53.484  20.144  -15.779 0.0000000000
98186  52.222  19.564  -16.020 0.0000000000
98187  51.094  19.751  -16.568 0.0000000000
98188  50.165  19.738  -16.972 0.0000000000
98192  51.566  19.505  -17.253 0.0000000000
98193  51.012  20.055  -17.735 0.0000000000
98194  50.141  19.957  -18.108 0.0000000000
98199  51.858  19.999  -18.509 0.0000000000
98200  51.006  20.235  -18.873 0.0000000000
98201  50.185  19.790  -19.118 0.0000000000
98206  51.938  19.803  -19.357 0.0000000000
98207  50.789  20.073  -19.701 0.0000000000
98208  50.362  19.379  -19.796 0.0000000000
98213  51.601  19.749  -19.973 0.0000000000
98214  50.985  19.641  -20.125 0.0000000000
98215  50.552  19.072  -20.002 0.0000000000
99111  54.576  20.934  -7.867 0.0000000000
99121  55.545  20.937  -9.397 0.0000000000
99122  54.949  20.724  -8.779 0.0000000000
99123  54.376  20.450  -8.278 0.0000000000
99130  56.789  20.768  -11.179 0.0000000000
99131  55.957  20.679  -10.262 0.0000000000
99132  55.304  20.510  -9.579 0.0000000000
99137  57.055  20.651  -12.126 0.0000000000
99138  56.304  20.333  -11.415 0.0000000000
99139  52.861  21.066  -11.109 0.0000000000
99148  57.032  20.746  -12.990 0.0000000000
99149  56.443  20.298  -12.458 0.0000000000
99150  54.685  21.068  -12.543 0.0000000000
99151  53.588  20.866  -11.870 0.0000000000
99152  52.478  20.665  -11.649 0.0000000000
99159  56.900  20.862  -13.216 0.0000000000
99160  55.983  20.554  -13.314 0.0000000000
99161  55.003  20.715  -13.412 0.0000000000
99162  53.960  20.710  -13.027 0.0000000000
99163  52.915  20.500  -12.581 0.0000000000
99164  51.882  20.315  -12.285 0.0000000000
99169  55.523  20.222  -14.538 0.0000000000
99170  55.101  20.560  -14.335 0.0000000000
99171  54.226  20.670  -14.054 0.0000000000
99172  53.266  20.455  -13.582 0.0000000000
99173  52.381  20.273  -13.158 0.0000000000
99177  55.420  20.096  -15.295 0.0000000000
99178  55.056  20.400  -15.175 0.0000000000
99179  54.390  20.640  -14.959 0.0000000000
99180  53.465  20.454  -14.623 0.0000000000
99181  52.685  20.248  -13.980 0.0000000000
99184  55.317  19.998  -15.630 0.0000000000
99185  55.004  20.146  -15.731 0.0000000000
99186  54.389  20.354  -15.649 0.0000000000
99187  53.827  20.496  -15.341 0.0000000000
99195  51.947  20.176  -19.183 0.0000000000
99196  51.645  20.292  -19.181 0.0000000000
99203  51.760  20.198  -19.627 0.0000000000
99204  51.282  20.322  -19.635 0.0000000000
99210  51.386  20.149  -20.069 0.0000000000
99211  51.062  20.204  -20.057 0.0000000000
100094  55.178  22.007  -7.164 0.0000000000
100107  55.343  21.764  -7.862 0.0000000000
100108  54.873  21.459  -7.405 0.0000000000
100121  56.357  21.649  -9.363 0.0000000000
100122  55.622  21.534  -8.770 0.0000000000
100123  55.029  21.304  -8.139 0.0000000000
100136  57.745  21.478  -10.935 0.0000000000
100137  56.849  21.365  -10.327 0.0000000000
100138  56.058  21.217  -9.604 0.0000000000
100146  58.778  21.899  -12.011 0.0000000000
100147  58.181  21.602  -11.720 0.0000000000
100148  57.418  21.144  -11.563 0.0000000000
100149  55.640  21.965  -11.672 0.0000000000
100150  54.718  21.862  -11.291 0.0000000000
100151  53.598  21.576  -10.952 0.0000000000
100160  58.834  22.085  -12.168 0.0000000000
100161  58.313  21.892  -12.181 0.0000000000
100162  57.391  21.340  -12.491 0.0000000000
100163  56.399  21.585  -12.383 0.0000000000
100164  55.276  21.526  -12.131 0.0000000000
100165  54.378  21.364  -11.736 0.0000000000
100170  57.169  21.007  -13.143 0.0000000000
100171  56.768  21.088  -13.135 0.0000000000
100172  55.746  21.122  -12.892 0.0000000000
101053  55.393  22.889  -5.828 0.0000000000
101059  56.054  23.097  -6.689 0.0000000000
101060  55.479  22.616  -6.460 0.0000000000
101068  56.189  22.875  -7.332 0.0000000000
101069  55.696  22.291  -7.606 0.0000000000
101080  57.184  22.685  -9.139 0.0000000000
101081  56.456  22.368  -8.691 0.0000000000
101082  55.748  21.999  -8.216 0.0000000000
101098  58.426  22.511  -10.262 0.0000000000
101099  57.633  22.215  -10.024 0.0000000000
101100  56.827  21.868  -9.570 0.0000000000
101118  60.397  22.899  -10.965 0.0000000000
101119  59.929  22.616  -11.124 0.0000000000
101120  58.949  22.174  -11.116 0.0000000000
101121  58.207  21.726  -10.967 0.0000000000
101122  56.972  22.600  -11.612 0.0000000000
101123  56.471  22.376  -11.608 0.0000000000
101124  55.283  22.436  -10.935 0.0000000000
101125  54.114  22.449  -10.640 0.0000000000
101126  52.796  22.462  -10.245 0.0000000000
101138  60.496  22.824  -11.457 0.0000000000
101139  59.922  22.435  -11.764 0.0000000000
101140  59.343  22.280  -12.156 0.0000000000
101141  58.729  22.396  -12.158 0.0000000000
101142  57.601  22.377  -11.937 0.0000000000
101143  57.033  21.890  -12.226 0.0000000000
101145  42.970  22.614  -11.808 0.0000000000
101146  41.998  22.456  -11.749 0.0000000000
101147  41.120  22.694  -11.663 0.0000000000
101148  40.550  23.090  -11.374 0.0000000000
101153  60.451  22.717  -12.061 0.0000000000
101154  59.956  22.514  -12.212 0.0000000000
101155  59.694  22.566  -12.287 0.0000000000
101156  43.511  22.692  -12.934 0.0000000000
101157  42.509  22.495  -12.722 0.0000000000
101158  41.738  22.648  -12.469 0.0000000000
101159  41.261  22.953  -12.271 0.0000000000
101163  43.617  22.741  -13.997 0.0000000000
101164  42.916  22.584  -13.631 0.0000000000
101165  42.169  22.774  -13.312 0.0000000000
101166  41.585  23.000  -12.774 0.0000000000
101171  43.673  22.935  -14.497 0.0000000000
101172  43.246  22.881  -14.294 0.0000000000
101173  42.697  22.859  -13.970 0.0000000000
102000  55.580  23.546  -5.304 0.0000000000
102001  55.072  23.292  -5.115 0.0000000000
102004  56.402  23.571  -6.000 0.0000000000
102005  55.864  23.369  -5.752 0.0000000000
102006  55.299  23.036  -5.574 0.0000000000
102008  57.474  23.821  -6.909 0.0000000000
102009  56.757  23.524  -6.615 0.0000000000
102010  56.009  23.169  -6.364 0.0000000000
102012  58.593  24.006  -7.963 0.0000000000
102013  57.896  23.875  -7.631 0.0000000000
102014  56.919  23.232  -8.039 0.0000000000
102022  59.729  24.110  -8.865 0.0000000000
102023  58.934  23.818  -8.644 0.0000000000
102024  57.798  23.116  -9.035 0.0000000000
102025  57.016  22.924  -8.753 0.0000000000
102033  60.561  24.031  -10.039 0.0000000000
102034  59.976  23.816  -9.682 0.0000000000
102035  58.971  22.975  -9.996 0.0000000000
102036  58.203  22.689  -9.817 0.0000000000
102052  60.717  23.494  -10.724 0.0000000000
102053  60.025  22.970  -10.502 0.0000000000
102054  59.510  22.625  -10.696 0.0000000000
102055  56.825  23.126  -11.259 0.0000000000
102056  55.839  23.139  -10.767 0.0000000000
102057  54.717  23.255  -10.538 0.0000000000
102058  53.527  23.397  -10.417 0.0000000000
102059  52.251  23.497  -10.172 0.0000000000
102075  60.803  23.322  -11.750 0.0000000000
102076  60.368  23.341  -12.130 0.0000000000
102077  59.535  23.031  -12.294 0.0000000000
102078  58.460  23.205  -11.787 0.0000000000
102079  57.602  23.416  -11.442 0.0000000000
102084  40.873  23.168  -11.860 0.0000000000
102091  60.579  22.985  -12.195 0.0000000000
102092  60.185  22.830  -12.292 0.0000000000
102093  59.877  22.710  -12.330 0.0000000000
102096  44.387  23.254  -12.630 0.0000000000
102097  41.259  23.595  -12.294 0.0000000000
102098  40.933  24.086  -11.912 0.0000000000
102102  44.830  23.600  -13.190 0.0000000000
102103  44.225  23.025  -13.620 0.0000000000
102104  42.448  23.329  -13.780 0.0000000000
102105  41.864  23.436  -13.127 0.0000000000
102110  44.827  23.389  -14.118 0.0000000000
102111  44.189  23.033  -14.571 0.0000000000
102112  43.661  23.268  -14.973 0.0000000000
102113  42.946  23.287  -14.418 0.0000000000
102117  44.885  23.309  -14.967 0.0000000000
102118  44.414  23.426  -15.333 0.0000000000
102119  44.043  23.549  -15.528 0.0000000000
102832  57.616  24.876  -5.056 0.0000000000
102833  56.800  24.637  -5.160 0.0000000000
102834  55.826  24.014  -5.069 0.0000000000
102838  59.407  24.957  -6.113 0.0000000000
102839  58.413  24.736  -5.964 0.0000000000
102840  57.464  24.493  -5.726 0.0000000000
102841  56.539  23.915  -5.734 0.0000000000
102842  56.085  23.750  -5.495 0.0000000000
102844  60.651  24.949  -7.063 0.0000000000
102845  59.717  24.708  -6.925 0.0000000000
102846  58.750  24.547  -6.727 0.0000000000
102847  57.763  24.150  -6.589 0.0000000000
102848  57.142  23.985  -6.133 0.0000000000
102850  60.816  24.971  -8.017 0.0000000000
102851  60.060  24.594  -7.780 0.0000000000
102852  58.992  24.238  -7.623 0.0000000000
102853  58.334  24.213  -7.128 0.0000000000
102859  61.113  24.734  -9.018 0.0000000000
102860  60.361  24.405  -8.760 0.0000000000
102861  59.631  24.239  -8.327 0.0000000000
102868  60.805  24.528  -10.125 0.0000000000
102869  60.627  24.293  -9.531 0.0000000000
102874  60.982  24.243  -11.132 0.0000000000
102875  56.189  23.865  -10.838 0.0000000000
102876  55.288  24.008  -10.740 0.0000000000
102877  54.207  24.146  -10.813 0.0000000000
102878  53.065  24.359  -10.843 0.0000000000
102879  51.848  24.502  -10.893 0.0000000000
102891  60.595  24.123  -11.681 0.0000000000
102892  59.876  24.117  -11.847 0.0000000000
102893  58.959  24.154  -11.694 0.0000000000
102894  58.005  24.261  -11.420 0.0000000000
102895  56.936  24.306  -11.249 0.0000000000
102896  55.855  24.619  -11.286 0.0000000000
102897  54.856  24.745  -11.358 0.0000000000
102898  53.848  24.895  -11.512 0.0000000000
102899  52.710  25.100  -12.046 0.0000000000
102900  51.273  24.944  -11.967 0.0000000000
102906  40.907  25.000  -11.605 0.0000000000
102912  52.681  25.263  -12.995 0.0000000000
102913  51.905  25.200  -13.248 0.0000000000
102914  50.602  24.949  -13.101 0.0000000000
102915  49.337  24.876  -13.063 0.0000000000
102920  41.964  24.717  -12.711 0.0000000000
102921  41.341  24.601  -12.148 0.0000000000
102922  40.787  24.443  -11.654 0.0000000000
102926  51.771  25.257  -14.078 0.0000000000
102927  51.119  25.196  -14.047 0.0000000000
102928  49.955  25.023  -14.482 0.0000000000
102929  48.538  24.785  -14.228 0.0000000000
102930  47.308  24.520  -13.972 0.0000000000
102931  46.241  24.207  -13.716 0.0000000000
102932  45.418  23.867  -13.510 0.0000000000
102933  42.900  24.479  -14.079 0.0000000000
102934  42.368  24.263  -13.408 0.0000000000
102935  41.743  24.092  -12.761 0.0000000000
102940  49.764  25.114  -15.431 0.0000000000
102941  48.943  24.960  -15.718 0.0000000000
102942  47.568  24.713  -15.343 0.0000000000
102943  46.382  24.292  -14.973 0.0000000000
102944  45.508  23.737  -14.571 0.0000000000
102945  43.249  24.105  -14.753 0.0000000000
102946  42.766  23.842  -14.133 0.0000000000
102950  48.747  24.926  -16.672 0.0000000000
102951  47.907  24.800  -16.837 0.0000000000
102952  46.601  24.320  -16.355 0.0000000000
102953  45.350  23.838  -15.820 0.0000000000
102954  44.436  24.025  -15.839 0.0000000000
102955  43.829  24.004  -15.451 0.0000000000
102959  47.579  24.919  -17.831 0.0000000000
102960  46.828  24.640  -17.371 0.0000000000
102961  45.788  24.409  -17.122 0.0000000000
102962  44.946  24.348  -16.554 0.0000000000
102966  47.470  25.167  -18.019 0.0000000000
102967  46.986  24.991  -17.849 0.0000000000
102968  46.349  24.817  -17.669 0.0000000000
103692  61.010  26.075  -4.106 0.0000000000
103693  60.273  25.877  -3.783 0.0000000000
103694  59.086  25.729  -3.781 0.0000000000
103695  57.894  25.621  -3.833 0.0000000000
103696  56.803  25.541  -3.897 0.0000000000
103697  55.786  25.445  -3.964 0.0000000000
103709  61.590  25.947  -4.859 0.0000000000
103710  61.436  25.968  -4.714 0.0000000000
103711  60.751  25.672  -4.570 0.0000000000
103712  59.679  25.406  -4.528 0.0000000000
103713  58.403  25.204  -4.590 0.0000000000
103714  57.288  25.159  -4.523 0.0000000000
103715  56.299  24.977  -4.552 0.0000000000
103716  55.456  24.748  -4.390 0.0000000000
103718  61.627  25.950  -5.072 0.0000000000
103719  61.245  25.709  -5.248 0.0000000000
103720  60.259  25.312  -5.443 0.0000000000
103721  59.068  25.046  -5.291 0.0000000000
103722  58.184  24.867  -5.308 0.0000000000
103724  61.590  25.903  -5.743 0.0000000000
103725  61.049  25.503  -6.237 0.0000000000
103726  60.256  25.088  -6.346 0.0000000000
103728  61.597  25.840  -6.624 0.0000000000
103729  61.279  25.412  -7.243 0.0000000000
103731  61.496  25.826  -7.362 0.0000000000
103732  61.205  25.538  -8.242 0.0000000000
103739  61.136  25.401  -9.548 0.0000000000
103746  60.929  25.185  -10.624 0.0000000000
103752  60.732  24.961  -11.342 0.0000000000
103753  60.170  24.978  -11.610 0.0000000000
103754  59.208  25.239  -11.657 0.0000000000
103755  58.352  25.155  -11.709 0.0000000000
103756  57.438  25.227  -11.783 0.0000000000
103757  56.439  25.309  -11.902 0.0000000000
103758  55.459  25.300  -12.024 0.0000000000
103759  54.557  25.237  -12.187 0.0000000000
103760  53.762  25.216  -12.381 0.0000000000
103761  41.223  25.560  -11.890 0.0000000000
103765  58.462  25.779  -12.071 0.0000000000
103766  57.861  25.821  -12.227 0.0000000000
103767  56.958  25.900  -12.716 0.0000000000
103768  56.011  25.708  -12.856 0.0000000000
103769  55.177  25.453  -12.960 0.0000000000
103770  54.352  25.347  -13.079 0.0000000000
103771  53.405  25.312  -13.174 0.0000000000
103772  52.754  25.318  -13.595 0.0000000000
103773  42.376  25.294  -12.956 0.0000000000
103774  41.785  25.439  -12.422 0.0000000000
103777  56.322  25.944  -13.666 0.0000000000
103778  55.683  25.751  -13.655 0.0000000000
103779  54.984  25.644  -13.715 0.0000000000
103780  54.214  25.577  -13.893 0.0000000000
103781  53.371  25.539  -14.181 0.0000000000
103782  52.422  25.426  -14.353 0.0000000000
103783  51.646  25.387  -14.697 0.0000000000
103784  50.914  25.263  -14.859 0.0000000000
103785  43.283  25.121  -14.366 0.0000000000
103786  42.848  25.192  -13.622 0.0000000000
103790  55.930  25.910  -14.083 0.0000000000
103791  55.511  25.860  -14.155 0.0000000000
103792  54.928  25.871  -14.308 0.0000000000
103793  54.155  25.896  -14.600 0.0000000000
103794  53.141  25.899  -15.100 0.0000000000
103795  52.230  25.689  -15.341 0.0000000000
103796  51.396  25.523  -15.532 0.0000000000
103797  50.450  25.289  -15.611 0.0000000000
103798  49.747  25.196  -16.027 0.0000000000
103799  44.192  25.592  -15.651 0.0000000000
103800  43.817  25.032  -15.273 0.0000000000
103804  52.610  25.932  -15.876 0.0000000000
103805  51.914  25.883  -16.173 0.0000000000
103806  51.070  25.622  -16.376 0.0000000000
103807  50.239  25.403  -16.622 0.0000000000
103808  49.405  25.074  -16.837 0.0000000000
103809  48.761  24.930  -17.249 0.0000000000
103810  44.403  25.038  -16.180 0.0000000000
103811  44.110  24.490  -15.719 0.0000000000
103815  51.394  25.906  -16.762 0.0000000000
103816  50.685  25.737  -17.179 0.0000000000
103817  50.050  25.245  -17.567 0.0000000000
103818  49.313  25.048  -17.803 0.0000000000
103819  48.446  25.000  -17.852 0.0000000000
103820  45.833  25.206  -17.565 0.0000000000
103821  45.077  25.086  -17.075 0.0000000000
103825  50.327  25.526  -18.041 0.0000000000
103826  49.854  25.241  -18.267 0.0000000000
103827  49.186  25.455  -18.383 0.0000000000
103828  48.061  25.444  -18.238 0.0000000000
103829  47.340  25.453  -17.844 0.0000000000
103830  46.590  25.344  -17.691 0.0000000000
103837  50.087  25.396  -18.381 0.0000000000
103838  49.757  25.478  -18.451 0.0000000000
103839  49.542  25.585  -18.525 0.0000000000
104511  59.773  27.079  -1.484 0.0000000000
104512  59.426  26.967  -1.718 0.0000000000
104520  60.576  27.089  -2.406 0.0000000000
104521  60.090  26.884  -2.096 0.0000000000
104522  59.002  26.705  -2.274 0.0000000000
104523  57.874  26.600  -2.497 0.0000000000
104524  56.790  26.555  -2.631 0.0000000000
104525  55.765  26.624  -2.779 0.0000000000
104526  54.751  26.643  -2.816 0.0000000000
104537  60.661  26.682  -3.235 0.0000000000
104538  59.654  26.358  -3.045 0.0000000000
104539  58.483  26.146  -3.083 0.0000000000
104540  57.342  26.056  -3.200 0.0000000000
104541  56.275  26.045  -3.334 0.0000000000
104542  55.245  25.992  -3.403 0.0000000000
104552  61.610  26.105  -4.870 0.0000000000
104553  61.214  26.461  -4.568 0.0000000000
104555  61.589  26.145  -5.303 0.0000000000
104556  61.259  26.564  -5.630 0.0000000000
104558  61.597  26.176  -6.154 0.0000000000
104559  61.185  26.544  -6.650 0.0000000000
104560  60.685  26.696  -7.235 0.0000000000
104562  61.576  26.167  -7.037 0.0000000000
104563  61.125  26.428  -7.617 0.0000000000
104564  60.313  26.743  -8.112 0.0000000000
104566  61.370  26.055  -7.804 0.0000000000
104567  60.920  26.231  -8.883 0.0000000000
104568  59.925  26.774  -9.235 0.0000000000
104569  59.374  26.999  -9.677 0.0000000000
104575  60.994  26.092  -10.291 0.0000000000
104576  60.430  26.674  -10.081 0.0000000000
104577  59.701  26.950  -10.183 0.0000000000
104584  60.586  25.712  -11.101 0.0000000000
104585  60.121  26.471  -10.984 0.0000000000
104586  59.944  26.832  -10.613 0.0000000000
104591  60.366  25.410  -11.427 0.0000000000
104592  59.819  25.932  -11.578 0.0000000000
104593  58.589  26.214  -12.112 0.0000000000
104594  57.536  26.585  -12.530 0.0000000000
104595  57.114  26.773  -12.959 0.0000000000
104600  58.164  26.095  -12.317 0.0000000000
104601  57.613  26.282  -12.542 0.0000000000
104602  56.660  26.492  -13.372 0.0000000000
104603  55.713  26.573  -13.780 0.0000000000
104604  55.168  26.545  -13.838 0.0000000000
104605  42.212  26.295  -12.639 0.0000000000
104606  41.573  26.169  -12.168 0.0000000000
104609  56.034  26.125  -14.103 0.0000000000
104610  55.655  26.236  -14.147 0.0000000000
104611  54.846  26.388  -14.258 0.0000000000
104612  54.274  26.542  -14.566 0.0000000000
104613  43.245  26.132  -13.805 0.0000000000
104614  42.711  25.951  -13.222 0.0000000000
104617  55.797  25.967  -14.289 0.0000000000
104618  55.536  26.006  -14.380 0.0000000000
104619  54.924  26.112  -14.581 0.0000000000
104620  53.988  26.372  -14.839 0.0000000000
104621  52.768  26.358  -15.678 0.0000000000
104622  52.248  26.645  -15.971 0.0000000000
104623  44.117  26.209  -15.122 0.0000000000
104624  43.653  25.869  -14.576 0.0000000000
104628  52.415  26.089  -16.280 0.0000000000
104629  51.697  26.321  -16.489 0.0000000000
104630  50.499  26.506  -16.748 0.0000000000
104631  49.429  26.762  -16.730 0.0000000000
104632  48.360  26.730  -16.463 0.0000000000
104633  47.768  26.736  -16.305 0.0000000000
104634  44.405  26.138  -15.957 0.0000000000
104638  51.061  26.071  -16.979 0.0000000000
104639  50.568  26.073  -17.609 0.0000000000
104640  49.689  26.468  -17.755 0.0000000000
104641  48.632  26.487  -17.484 0.0000000000
104642  47.547  26.494  -16.901 0.0000000000
104643  46.461  26.499  -16.998 0.0000000000
104644  45.495  26.159  -17.081 0.0000000000
104645  44.800  25.870  -16.603 0.0000000000
104650  50.097  25.712  -18.313 0.0000000000
104651  49.782  26.056  -18.353 0.0000000000
104652  48.911  26.118  -18.414 0.0000000000
104653  47.881  26.060  -17.885 0.0000000000
104654  47.001  25.908  -17.433 0.0000000000
104655  46.230  25.839  -17.461 0.0000000000
104661  49.949  25.583  -18.458 0.0000000000
104662  49.742  25.705  -18.503 0.0000000000
104663  49.435  25.809  -18.586 0.0000000000
105185  46.941  27.721  3.436 0.0000000000
105193  48.019  27.722  2.991 0.0000000000
105194  47.439  27.531  2.969 0.0000000000
105211  49.039  28.008  2.265 0.0000000000
105212  48.386  27.737  2.345 0.0000000000
105231  59.134  28.262  0.655 0.0000000000
105232  58.871  28.062  0.524 0.0000000000
105233  51.040  28.363  0.984 0.0000000000
105234  50.433  28.171  0.984 0.0000000000
105235  49.370  27.896  1.399 0.0000000000
105240  60.928  28.267  -0.969 0.0000000000
105241  60.614  27.993  -0.507 0.0000000000
105242  59.596  27.890  0.038 0.0000000000
105243  58.430  27.775  -0.087 0.0000000000
105244  57.228  27.820  -0.368 0.0000000000
105245  55.994  27.901  -0.682 0.0000000000
105246  55.330  28.105  -0.684 0.0000000000
105247  52.393  28.327  -0.412 0.0000000000
105248  51.248  28.177  0.134 0.0000000000
105254  60.895  27.771  -1.493 0.0000000000
105255  60.207  27.364  -1.148 0.0000000000
105256  59.103  27.294  -1.105 0.0000000000
105257  57.850  27.416  -1.102 0.0000000000
105258  56.728  27.480  -1.302 0.0000000000
105259  55.844  27.549  -1.548 0.0000000000
105260  55.002  27.851  -1.302 0.0000000000
105261  53.860  27.873  -1.422 0.0000000000
105262  52.781  27.959  -1.397 0.0000000000
105268  60.725  27.484  -2.510 0.0000000000
105269  60.579  27.303  -1.898 0.0000000000
105270  58.982  26.992  -1.718 0.0000000000
105271  58.352  27.029  -1.785 0.0000000000
105272  57.304  27.067  -1.935 0.0000000000
105273  56.285  27.153  -2.125 0.0000000000
105274  55.318  27.293  -2.218 0.0000000000
105275  54.303  27.352  -2.202 0.0000000000
105281  60.615  27.503  -3.690 0.0000000000
105282  60.060  28.040  -3.826 0.0000000000
105285  60.602  27.126  -5.038 0.0000000000
105286  59.589  27.877  -4.533 0.0000000000
105287  58.781  28.236  -4.761 0.0000000000
105289  60.620  26.966  -6.144 0.0000000000
105290  59.591  27.419  -5.764 0.0000000000
105291  58.295  27.932  -5.351 0.0000000000
105292  57.499  28.223  -5.604 0.0000000000
105294  60.630  26.766  -6.753 0.0000000000
105295  59.785  26.916  -7.034 0.0000000000
105296  58.396  27.417  -6.570 0.0000000000
105300  59.460  26.948  -8.120 0.0000000000
105301  58.564  27.200  -7.828 0.0000000000
105307  59.665  26.864  -8.624 0.0000000000
105308  58.938  27.140  -9.063 0.0000000000
105309  57.572  27.324  -8.790 0.0000000000
105320  58.917  27.107  -10.230 0.0000000000
105321  57.869  27.248  -10.053 0.0000000000
105322  56.600  27.311  -9.842 0.0000000000
105336  59.632  26.631  -11.306 0.0000000000
105337  59.354  26.988  -11.099 0.0000000000
105338  58.188  27.226  -11.216 0.0000000000
105339  56.985  27.377  -11.156 0.0000000000
105340  55.712  27.404  -10.946 0.0000000000
105341  54.440  27.467  -10.740 0.0000000000
105351  59.716  26.427  -11.400 0.0000000000
105352  59.288  26.538  -11.620 0.0000000000
105353  58.403  26.787  -11.889 0.0000000000
105354  57.260  26.962  -12.395 0.0000000000
105355  56.089  27.138  -12.219 0.0000000000
105356  54.846  27.372  -12.055 0.0000000000
105357  53.592  27.387  -11.831 0.0000000000
105366  56.948  26.848  -13.143 0.0000000000
105367  56.411  26.880  -13.195 0.0000000000
105368  55.179  26.834  -13.318 0.0000000000
105369  53.989  27.199  -13.124 0.0000000000
105370  52.765  27.334  -12.925 0.0000000000
105381  54.826  26.573  -13.901 0.0000000000
105382  54.248  26.775  -14.204 0.0000000000
105383  53.176  27.185  -14.174 0.0000000000
105384  51.944  27.321  -14.020 0.0000000000
105385  50.667  27.314  -13.740 0.0000000000
105391  42.839  26.819  -13.124 0.0000000000
105395  54.031  26.627  -14.693 0.0000000000
105396  53.490  26.747  -14.917 0.0000000000
105397  52.299  26.923  -15.296 0.0000000000
105398  51.093  27.190  -14.999 0.0000000000
105399  49.857  27.293  -14.757 0.0000000000
105400  48.622  27.419  -14.589 0.0000000000
105403  44.081  26.921  -14.911 0.0000000000
105404  43.677  26.907  -14.396 0.0000000000
105408  51.964  26.763  -16.028 0.0000000000
105409  51.364  26.896  -16.007 0.0000000000
105410  50.247  27.049  -15.885 0.0000000000
105411  49.047  26.965  -15.657 0.0000000000
105412  47.739  27.068  -15.636 0.0000000000
105415  44.374  27.109  -15.409 0.0000000000
105421  47.464  26.788  -16.271 0.0000000000
105422  46.878  26.952  -16.252 0.0000000000
105423  45.724  27.359  -16.274 0.0000000000
105424  44.856  26.957  -16.251 0.0000000000
105948  50.821  29.528  3.462 0.0000000000
105949  50.121  29.295  3.513 0.0000000000
105950  49.249  29.008  3.679 0.0000000000
105951  48.348  28.658  3.560 0.0000000000
105952  47.464  28.129  3.542 0.0000000000
105953  46.509  28.078  3.507 0.0000000000
105960  57.282  29.625  2.782 0.0000000000
105961  56.314  29.552  2.993 0.0000000000
105962  55.748  29.529  3.034 0.0000000000
105963  52.913  29.353  3.047 0.0000000000
105964  51.928  29.222  3.045 0.0000000000
105965  50.906  29.019  3.145 0.0000000000
105966  49.925  28.674  3.175 0.0000000000
105967  49.103  28.317  3.245 0.0000000000
105968  48.341  27.954  3.197 0.0000000000
105969  47.837  27.811  3.219 0.0000000000
105978  58.676  29.267  1.526 0.0000000000
105979  57.969  29.079  2.117 0.0000000000
105980  56.906  28.959  2.444 0.0000000000
105981  55.647  29.159  2.527 0.0000000000
105982  54.449  29.151  2.266 0.0000000000
105983  53.368  29.102  2.205 0.0000000000
105984  52.342  28.928  2.238 0.0000000000
105985  51.365  28.777  2.338 0.0000000000
105986  50.442  28.607  2.455 0.0000000000
105987  49.555  28.259  2.463 0.0000000000
105988  48.925  27.967  2.789 0.0000000000
106005  59.998  29.206  0.333 0.0000000000
106006  59.368  28.735  0.718 0.0000000000
106007  58.521  28.510  1.089 0.0000000000
106008  57.393  28.548  1.437 0.0000000000
106009  56.162  28.624  1.419 0.0000000000
106010  54.928  28.744  1.315 0.0000000000
106011  53.799  28.779  1.287 0.0000000000
106012  52.758  28.709  1.316 0.0000000000
106013  51.687  28.556  1.299 0.0000000000
106014  50.827  28.513  1.621 0.0000000000
106015  50.095  28.357  1.764 0.0000000000
106024  60.797  28.536  -1.072 0.0000000000
106025  60.540  28.803  -0.541 0.0000000000
106026  60.167  28.494  0.145 0.0000000000
106027  58.441  28.113  0.556 0.0000000000
106028  57.797  28.163  0.536 0.0000000000
106029  56.652  28.266  0.396 0.0000000000
106030  55.334  28.367  0.062 0.0000000000
106031  54.174  28.544  0.268 0.0000000000
106032  53.124  28.540  0.374 0.0000000000
106033  52.231  28.476  0.519 0.0000000000
106035  60.841  28.317  -1.526 0.0000000000
106036  60.513  28.806  -1.399 0.0000000000
106037  55.021  28.187  -0.683 0.0000000000
106038  54.462  28.261  -0.659 0.0000000000
106039  53.450  28.363  -0.604 0.0000000000
106041  60.827  28.085  -2.285 0.0000000000
106042  60.409  28.589  -2.136 0.0000000000
106044  60.656  27.865  -2.870 0.0000000000
106045  60.007  28.405  -3.149 0.0000000000
106046  59.318  29.024  -3.467 0.0000000000
106049  59.696  28.302  -3.956 0.0000000000
106050  58.889  28.746  -4.249 0.0000000000
106051  58.191  29.229  -4.634 0.0000000000
106053  58.395  28.421  -4.895 0.0000000000
106054  57.685  28.821  -5.213 0.0000000000
106688  54.564  30.106  3.538 0.0000000000
106689  53.715  30.031  3.796 0.0000000000
106690  52.793  30.004  3.959 0.0000000000
106691  51.892  29.938  3.873 0.0000000000
106692  51.125  29.878  3.645 0.0000000000
106693  50.300  29.896  3.434 0.0000000000
106694  49.355  29.904  3.494 0.0000000000
106695  48.322  29.730  3.445 0.0000000000
106696  47.458  29.140  3.408 0.0000000000
106697  46.658  28.760  3.338 0.0000000000
106698  46.138  28.518  3.287 0.0000000000
106704  57.244  30.218  2.736 0.0000000000
106705  56.443  30.078  3.183 0.0000000000
106706  55.435  29.829  3.301 0.0000000000
106707  54.364  29.817  3.548 0.0000000000
106708  53.390  29.750  3.662 0.0000000000
106709  52.431  29.657  3.643 0.0000000000
106710  51.544  29.578  3.504 0.0000000000
106711  49.949  30.150  3.208 0.0000000000
106712  49.742  30.106  3.341 0.0000000000
106713  47.812  30.237  3.113 0.0000000000
106714  47.339  29.950  3.076 0.0000000000
106715  46.589  29.598  2.999 0.0000000000
106724  58.639  29.673  1.586 0.0000000000
106725  58.167  29.846  2.148 0.0000000000
106726  55.464  29.511  3.051 0.0000000000
106727  54.928  29.489  3.092 0.0000000000
106728  53.930  29.468  3.049 0.0000000000
106740  59.688  29.672  0.187 0.0000000000
106741  58.985  29.732  0.741 0.0000000000
106742  58.532  29.882  1.489 0.0000000000
106759  60.004  29.592  -0.366 0.0000000000
106760  59.347  30.026  -0.297 0.0000000000
106776  60.104  29.397  -1.219 0.0000000000
106777  59.501  29.956  -1.177 0.0000000000
106792  59.981  29.113  -1.997 0.0000000000
106793  59.574  29.791  -1.997 0.0000000000
106808  59.935  28.839  -2.507 0.0000000000
106809  59.478  29.422  -2.843 0.0000000000
106821  59.033  29.610  -3.744 0.0000000000
106822  58.487  29.704  -4.341 0.0000000000
106832  57.914  29.759  -4.846 0.0000000000
106833  57.435  29.800  -5.368 0.0000000000
107465  54.529  30.302  3.332 0.0000000000
107466  53.911  30.254  3.441 0.0000000000
107467  53.037  30.309  3.586 0.0000000000
107468  52.134  30.261  3.587 0.0000000000
107469  51.301  30.148  3.509 0.0000000000
107470  50.797  30.069  3.477 0.0000000000
107471  48.935  30.305  3.279 0.0000000000
107472  48.726  30.156  3.378 0.0000000000
107477  56.928  30.386  2.385 0.0000000000
107478  56.390  30.405  2.663 0.0000000000
107479  55.270  30.410  3.070 0.0000000000
107480  54.169  30.452  2.839 0.0000000000
107481  53.228  30.544  2.854 0.0000000000
107482  52.288  30.595  2.916 0.0000000000
107483  51.358  30.476  2.922 0.0000000000
107484  50.393  30.283  3.004 0.0000000000
107485  49.349  30.448  3.042 0.0000000000
107486  48.300  30.496  2.989 0.0000000000
107487  47.354  30.406  2.630 0.0000000000
107488  46.558  30.264  2.553 0.0000000000
107494  57.363  30.371  1.961 0.0000000000
107495  56.484  30.484  1.850 0.0000000000
107496  55.534  30.559  1.958 0.0000000000
107497  54.476  30.585  1.982 0.0000000000
107498  53.438  30.595  1.931 0.0000000000
107499  52.449  30.660  1.950 0.0000000000
107500  51.480  30.644  1.984 0.0000000000
107501  50.509  30.572  2.021 0.0000000000
107502  49.518  30.582  2.077 0.0000000000
107503  48.509  30.633  2.101 0.0000000000
107504  47.521  30.634  2.038 0.0000000000
107505  46.599  30.614  1.984 0.0000000000
107513  58.368  30.247  0.342 0.0000000000
107514  57.920  30.222  0.973 0.0000000000
107515  56.744  30.439  0.929 0.0000000000
107516  55.712  30.480  0.901 0.0000000000
107517  54.684  30.495  0.910 0.0000000000
107518  53.646  30.495  0.900 0.0000000000
107519  52.626  30.511  0.896 0.0000000000
107520  51.634  30.558  0.909 0.0000000000
107521  50.649  30.556  0.940 0.0000000000
107522  49.660  30.521  0.995 0.0000000000
107523  48.675  30.442  1.074 0.0000000000
107524  47.707  30.379  1.131 0.0000000000
107537  58.591  30.297  -0.277 0.0000000000
107538  57.826  30.447  -0.223 0.0000000000
107539  56.938  30.523  -0.109 0.0000000000
107540  55.913  30.393  -0.126 0.0000000000
107541  54.889  30.346  -0.144 0.0000000000
107542  53.859  30.351  -0.156 0.0000000000
107543  52.829  30.396  -0.165 0.0000000000
107544  51.820  30.450  -0.174 0.0000000000
107545  50.835  30.389  -0.181 0.0000000000
107546  49.826  30.238  -0.135 0.0000000000
107562  58.805  30.339  -1.202 0.0000000000
107563  57.996  30.512  -1.194 0.0000000000
107564  57.103  30.570  -1.145 0.0000000000
107565  56.143  30.554  -1.123 0.0000000000
107566  55.138  30.506  -1.144 0.0000000000
107567  54.124  30.394  -1.173 0.0000000000
107568  53.091  30.329  -1.187 0.0000000000
107569  52.046  30.244  -1.184 0.0000000000
107570  51.063  30.041  -1.183 0.0000000000
107581  59.049  30.490  -2.095 0.0000000000
107582  58.312  30.796  -2.161 0.0000000000
107583  57.390  30.743  -2.053 0.0000000000
107584  56.451  30.666  -2.059 0.0000000000
107585  55.484  30.555  -2.086 0.0000000000
107586  54.490  30.438  -2.136 0.0000000000
107587  53.459  30.345  -2.172 0.0000000000
107588  52.392  30.249  -2.181 0.0000000000
107589  51.221  29.981  -2.137 0.0000000000
107598  59.231  30.286  -2.663 0.0000000000
107599  58.235  31.244  -2.648 0.0000000000
107600  57.757  31.209  -2.669 0.0000000000
107601  56.869  30.997  -2.898 0.0000000000
107602  55.910  30.756  -2.911 0.0000000000
107603  54.967  30.607  -3.011 0.0000000000
107604  53.946  30.505  -3.104 0.0000000000
107605  52.889  30.383  -3.151 0.0000000000
107606  51.821  30.194  -3.178 0.0000000000
107614  59.105  30.491  -3.448 0.0000000000
107615  58.841  30.295  -4.088 0.0000000000
107616  56.307  31.086  -3.503 0.0000000000
107617  55.572  30.917  -3.740 0.0000000000
107618  54.581  30.794  -3.915 0.0000000000
107619  53.472  30.788  -4.091 0.0000000000
107620  52.390  30.560  -4.045 0.0000000000
107621  51.380  30.376  -4.152 0.0000000000
107633  58.958  30.926  -4.138 0.0000000000
107634  58.339  30.664  -4.640 0.0000000000
107635  57.803  30.410  -5.149 0.0000000000
107636  52.848  30.995  -4.688 0.0000000000
107637  52.056  30.848  -4.891 0.0000000000
107638  51.026  30.745  -5.044 0.0000000000
107650  57.994  31.027  -5.201 0.0000000000
107651  57.521  30.729  -5.674 0.0000000000
108369  58.753  30.932  -2.493 0.0000000000
108370  58.552  31.191  -2.671 0.0000000000
108376  59.023  31.138  -2.941 0.0000000000
108377  58.301  31.542  -3.099 0.0000000000
108378  57.517  31.496  -3.290 0.0000000000
108379  56.870  31.409  -3.565 0.0000000000
108382  58.950  31.336  -3.768 0.0000000000
108383  57.952  31.853  -3.586 0.0000000000
108384  57.362  31.833  -3.870 0.0000000000
108385  56.380  31.659  -4.147 0.0000000000
108386  55.284  31.423  -4.415 0.0000000000
108387  54.314  31.339  -4.639 0.0000000000
108388  53.503  31.311  -4.852 0.0000000000
108393  58.611  31.548  -4.463 0.0000000000
108394  58.352  31.423  -5.001 0.0000000000
108395  55.865  32.055  -4.698 0.0000000000
108396  55.097  31.992  -5.039 0.0000000000
108397  54.107  31.824  -5.343 0.0000000000
108398  52.913  31.620  -5.449 0.0000000000
108399  51.764  31.341  -5.626 0.0000000000
108400  50.794  31.190  -5.857 0.0000000000
108408  58.587  31.945  -5.102 0.0000000000
108409  58.219  31.670  -5.619 0.0000000000
108410  57.530  31.554  -6.286 0.0000000000
108412  52.340  31.904  -6.115 0.0000000000
108413  51.523  31.810  -6.374 0.0000000000
108427  57.060  31.929  -6.739 0.0000000000
109207  58.693  31.582  -3.520 0.0000000000
109208  58.357  31.822  -3.686 0.0000000000
109211  58.618  31.862  -4.042 0.0000000000
109212  58.101  32.190  -4.118 0.0000000000
109213  57.305  32.326  -4.400 0.0000000000
109214  56.570  32.362  -4.673 0.0000000000
109217  58.490  32.296  -4.761 0.0000000000
109218  58.061  32.759  -4.729 0.0000000000
109219  57.242  32.874  -4.946 0.0000000000
109220  56.136  32.681  -5.241 0.0000000000
109221  54.977  32.655  -5.743 0.0000000000
109222  53.850  32.335  -5.979 0.0000000000
109223  53.012  32.308  -6.158 0.0000000000
109227  58.551  32.550  -5.605 0.0000000000
109228  58.271  32.308  -6.286 0.0000000000
109229  57.722  32.248  -6.716 0.0000000000
109230  54.428  33.012  -6.280 0.0000000000
109231  53.613  32.900  -6.561 0.0000000000
109232  52.430  32.667  -6.813 0.0000000000
109233  51.203  32.396  -7.058 0.0000000000
109241  58.629  32.937  -6.363 0.0000000000
109242  58.328  32.798  -7.057 0.0000000000
109243  57.256  32.431  -7.340 0.0000000000
109258  57.839  33.095  -7.841 0.0000000000
109259  57.050  32.778  -8.226 0.0000000000
109264  57.649  33.231  -8.613 0.0000000000
110025  58.438  32.913  -5.246 0.0000000000
110026  58.041  33.305  -5.311 0.0000000000
110027  57.129  33.398  -5.566 0.0000000000
110028  56.064  33.389  -5.919 0.0000000000
110029  55.179  33.390  -6.264 0.0000000000
110032  58.546  33.349  -5.958 0.0000000000
110033  57.996  33.842  -5.952 0.0000000000
110034  57.049  33.937  -6.259 0.0000000000
110035  55.935  33.977  -6.660 0.0000000000
110036  54.581  33.671  -6.949 0.0000000000
110037  53.391  33.402  -7.218 0.0000000000
110043  58.676  33.558  -6.927 0.0000000000
110044  58.425  33.444  -7.585 0.0000000000
110060  58.672  33.911  -7.882 0.0000000000
110061  58.253  33.595  -8.357 0.0000000000
110825  58.514  33.970  -6.490 0.0000000000
110826  57.926  34.319  -6.666 0.0000000000
110827  56.987  34.424  -6.970 0.0000000000
110828  56.207  34.454  -7.261 0.0000000000
110829  55.447  34.282  -7.266 0.0000000000
110834  58.500  34.225  -7.261 0.0000000000
110835  57.773  34.580  -7.562 0.0000000000
