#!ascii label  , from subject Broad_82_YZ vox2ras=TkReg
1191
130977  29.562  64.798  -10.809 0.0000000000
130986  29.466  64.931  -11.947 0.0000000000
130995  29.697  65.019  -12.738 0.0000000000
131003  29.475  64.929  -13.390 0.0000000000
131424  28.356  65.954  -9.094 0.0000000000
131425  27.882  65.889  -8.996 0.0000000000
131426  26.926  65.924  -8.853 0.0000000000
131427  26.020  66.029  -8.728 0.0000000000
131433  30.231  66.038  -9.302 0.0000000000
131434  29.537  65.417  -9.848 0.0000000000
131435  28.560  65.688  -9.546 0.0000000000
131436  27.290  65.527  -9.601 0.0000000000
131437  26.228  65.633  -9.500 0.0000000000
131438  25.167  65.936  -9.321 0.0000000000
131439  24.585  65.961  -9.662 0.0000000000
131444  29.241  65.065  -11.327 0.0000000000
131445  28.608  65.211  -10.873 0.0000000000
131446  27.598  65.381  -10.595 0.0000000000
131447  26.556  65.494  -10.421 0.0000000000
131448  25.554  65.593  -10.303 0.0000000000
131449  24.562  65.790  -10.286 0.0000000000
131450  24.060  65.914  -10.749 0.0000000000
131456  29.263  65.323  -12.218 0.0000000000
131457  28.717  65.365  -11.994 0.0000000000
131458  27.780  65.605  -11.808 0.0000000000
131459  26.851  65.731  -11.310 0.0000000000
131460  25.938  65.731  -11.162 0.0000000000
131461  25.055  65.789  -11.083 0.0000000000
131462  24.384  65.874  -11.058 0.0000000000
131468  29.556  65.655  -12.694 0.0000000000
131469  29.073  65.868  -12.585 0.0000000000
131470  28.383  65.965  -12.485 0.0000000000
131476  29.688  65.759  -13.123 0.0000000000
131477  29.166  65.661  -13.575 0.0000000000
131483  28.431  65.602  -14.061 0.0000000000
131882  26.720  67.030  -7.935 0.0000000000
131883  26.347  67.019  -7.833 0.0000000000
131891  30.220  66.798  -8.807 0.0000000000
131892  29.522  66.778  -8.808 0.0000000000
131893  28.546  66.406  -8.792 0.0000000000
131894  27.545  66.463  -8.547 0.0000000000
131895  26.653  66.646  -8.230 0.0000000000
131896  25.292  66.676  -8.257 0.0000000000
131897  24.134  67.091  -8.620 0.0000000000
131898  23.608  67.330  -8.793 0.0000000000
131902  30.033  66.133  -9.425 0.0000000000
131903  29.622  66.178  -9.335 0.0000000000
131904  29.121  66.239  -9.148 0.0000000000
131905  24.932  66.259  -8.909 0.0000000000
131906  24.397  66.332  -9.242 0.0000000000
131907  23.341  66.960  -9.304 0.0000000000
131908  22.678  67.182  -9.632 0.0000000000
131913  24.272  65.999  -9.847 0.0000000000
131914  23.675  66.196  -10.242 0.0000000000
131915  22.692  66.812  -10.175 0.0000000000
131921  27.067  66.237  -11.974 0.0000000000
131922  26.315  66.303  -11.814 0.0000000000
131923  25.445  66.240  -11.778 0.0000000000
131924  24.592  66.191  -11.679 0.0000000000
131925  23.788  66.187  -11.336 0.0000000000
131926  22.859  66.567  -11.159 0.0000000000
131932  29.368  66.246  -12.895 0.0000000000
131933  28.664  66.726  -12.876 0.0000000000
131934  27.714  66.690  -12.517 0.0000000000
131935  26.784  66.967  -12.323 0.0000000000
131936  25.878  66.991  -12.314 0.0000000000
131937  24.942  66.806  -12.370 0.0000000000
131938  24.021  66.648  -12.206 0.0000000000
131939  23.247  66.681  -11.932 0.0000000000
131947  29.621  66.158  -12.972 0.0000000000
131948  28.958  66.608  -13.242 0.0000000000
131949  28.436  67.222  -13.488 0.0000000000
131959  28.741  66.153  -13.679 0.0000000000
131960  28.142  66.729  -13.989 0.0000000000
131961  26.949  66.765  -14.533 0.0000000000
132312  30.836  67.702  -8.230 0.0000000000
132313  29.006  68.135  -8.080 0.0000000000
132314  28.428  67.959  -7.930 0.0000000000
132315  27.154  67.515  -7.799 0.0000000000
132316  25.971  67.689  -7.522 0.0000000000
132317  25.244  68.059  -7.495 0.0000000000
132323  30.704  68.083  -8.406 0.0000000000
132324  30.058  67.776  -8.612 0.0000000000
132325  29.105  67.617  -8.391 0.0000000000
132326  28.010  67.130  -8.275 0.0000000000
132327  27.327  66.923  -8.206 0.0000000000
132328  25.247  67.476  -7.727 0.0000000000
132329  24.606  67.709  -7.915 0.0000000000
132330  23.741  67.820  -8.405 0.0000000000
132331  23.121  68.073  -8.625 0.0000000000
132333  23.272  67.555  -8.854 0.0000000000
132334  22.631  67.734  -9.179 0.0000000000
132335  21.925  67.951  -9.522 0.0000000000
132337  22.134  67.377  -9.891 0.0000000000
132338  21.402  67.871  -10.137 0.0000000000
132339  20.917  68.176  -10.450 0.0000000000
132342  21.900  67.274  -10.937 0.0000000000
132343  20.941  67.976  -11.044 0.0000000000
132344  20.683  68.251  -10.728 0.0000000000
132350  28.112  67.793  -12.789 0.0000000000
132351  27.345  67.823  -12.474 0.0000000000
132352  26.419  67.884  -12.484 0.0000000000
132353  25.360  67.906  -12.785 0.0000000000
132354  24.312  67.379  -12.825 0.0000000000
132355  23.349  67.201  -12.623 0.0000000000
132356  22.364  67.169  -12.128 0.0000000000
132357  21.309  67.758  -11.935 0.0000000000
132364  28.421  67.743  -13.113 0.0000000000
132365  28.367  67.717  -13.319 0.0000000000
132366  25.050  68.470  -13.123 0.0000000000
132367  24.538  68.179  -13.252 0.0000000000
132368  23.617  67.885  -13.307 0.0000000000
132369  22.587  67.735  -13.111 0.0000000000
132370  21.695  67.842  -12.759 0.0000000000
132377  28.069  67.752  -13.640 0.0000000000
132378  27.280  67.745  -14.113 0.0000000000
132387  26.484  67.766  -14.816 0.0000000000
132397  26.241  67.779  -15.844 0.0000000000
132709  29.731  69.116  -8.137 0.0000000000
132710  29.168  68.788  -7.862 0.0000000000
132711  28.046  68.779  -7.498 0.0000000000
132712  26.853  68.811  -7.410 0.0000000000
132713  25.779  68.862  -7.257 0.0000000000
132714  24.750  68.790  -7.427 0.0000000000
132715  23.982  69.055  -7.602 0.0000000000
132722  30.583  68.703  -8.412 0.0000000000
132723  29.802  68.617  -8.361 0.0000000000
132724  29.288  68.271  -8.187 0.0000000000
132725  24.073  68.383  -7.856 0.0000000000
132726  23.406  68.712  -8.116 0.0000000000
132727  22.615  68.658  -8.597 0.0000000000
132728  21.959  68.903  -8.778 0.0000000000
132731  22.115  68.353  -9.093 0.0000000000
132732  21.436  68.564  -9.348 0.0000000000
132733  20.754  68.718  -9.615 0.0000000000
132734  20.255  68.860  -9.813 0.0000000000
132736  21.002  68.336  -9.965 0.0000000000
132737  20.539  68.473  -10.285 0.0000000000
132738  19.930  68.832  -10.372 0.0000000000
132741  20.663  68.250  -11.285 0.0000000000
132742  20.349  68.453  -11.067 0.0000000000
132743  19.641  68.997  -11.096 0.0000000000
132745  27.823  68.781  -12.565 0.0000000000
132746  26.991  68.799  -12.388 0.0000000000
132747  26.116  68.847  -12.548 0.0000000000
132748  25.419  68.942  -12.942 0.0000000000
132749  20.674  68.337  -11.683 0.0000000000
132750  19.984  68.983  -11.910 0.0000000000
132751  19.462  69.313  -11.579 0.0000000000
132754  28.353  68.775  -12.861 0.0000000000
132755  28.397  68.744  -13.116 0.0000000000
132756  28.146  69.010  -13.321 0.0000000000
132757  24.802  68.931  -13.406 0.0000000000
132758  23.931  68.767  -13.616 0.0000000000
132759  22.898  68.552  -13.709 0.0000000000
132760  21.764  68.432  -13.546 0.0000000000
132761  20.707  68.581  -12.747 0.0000000000
132762  20.103  69.130  -12.533 0.0000000000
132765  28.176  68.382  -13.343 0.0000000000
132766  27.632  68.702  -13.695 0.0000000000
132771  26.752  68.786  -14.335 0.0000000000
132775  26.335  68.848  -15.340 0.0000000000
132779  26.861  68.640  -17.256 0.0000000000
132780  26.448  68.816  -16.453 0.0000000000
132786  28.850  68.610  -18.510 0.0000000000
132787  27.996  68.600  -18.219 0.0000000000
132788  27.410  68.563  -17.718 0.0000000000
133084  26.423  70.704  -6.630 0.0000000000
133085  26.012  70.588  -6.683 0.0000000000
133094  29.922  69.855  -7.867 0.0000000000
133095  28.799  69.930  -7.525 0.0000000000
133096  27.694  69.967  -7.265 0.0000000000
133097  26.569  70.062  -6.852 0.0000000000
133098  25.376  69.939  -6.996 0.0000000000
133099  24.396  69.812  -7.354 0.0000000000
133100  23.516  69.794  -7.705 0.0000000000
133101  22.881  70.114  -8.027 0.0000000000
133108  30.402  69.327  -8.247 0.0000000000
133109  29.971  69.230  -8.242 0.0000000000
133110  22.939  69.382  -8.183 0.0000000000
133111  22.292  69.661  -8.391 0.0000000000
133112  21.437  69.466  -8.661 0.0000000000
133113  20.690  69.644  -8.732 0.0000000000
133114  20.002  69.656  -8.848 0.0000000000
133115  19.330  69.690  -8.950 0.0000000000
133118  20.932  69.078  -9.088 0.0000000000
133119  20.386  69.172  -9.254 0.0000000000
133120  19.708  69.269  -9.581 0.0000000000
133121  18.804  69.614  -9.574 0.0000000000
133122  18.190  69.897  -9.940 0.0000000000
133125  19.270  69.271  -10.384 0.0000000000
133126  18.550  69.646  -10.499 0.0000000000
133127  17.900  70.031  -10.558 0.0000000000
133130  19.055  69.491  -11.177 0.0000000000
133131  18.284  70.037  -11.320 0.0000000000
133132  17.677  70.223  -11.050 0.0000000000
133135  28.156  69.691  -12.682 0.0000000000
133136  27.486  69.694  -12.462 0.0000000000
133137  26.671  69.708  -12.457 0.0000000000
133138  25.898  69.751  -12.717 0.0000000000
133139  19.781  69.373  -12.404 0.0000000000
133140  19.148  69.827  -12.103 0.0000000000
133141  18.512  70.284  -11.788 0.0000000000
133143  28.434  69.686  -12.938 0.0000000000
133144  28.284  69.752  -13.209 0.0000000000
133145  27.845  69.470  -13.503 0.0000000000
133146  25.212  69.747  -13.308 0.0000000000
133147  24.357  69.643  -13.722 0.0000000000
133148  23.319  69.564  -14.091 0.0000000000
133149  22.176  69.269  -14.130 0.0000000000
133150  21.026  69.542  -13.776 0.0000000000
133151  19.894  69.619  -13.015 0.0000000000
133152  19.370  70.133  -12.768 0.0000000000
133155  27.807  70.112  -13.537 0.0000000000
133156  27.240  69.776  -13.955 0.0000000000
133157  22.519  70.038  -14.342 0.0000000000
133158  21.691  70.052  -14.246 0.0000000000
133159  21.202  70.132  -14.069 0.0000000000
133164  26.730  69.850  -14.853 0.0000000000
133167  26.587  69.939  -15.938 0.0000000000
133171  27.246  69.181  -17.565 0.0000000000
133172  26.999  69.743  -17.103 0.0000000000
133177  30.551  69.352  -18.914 0.0000000000
133178  29.457  69.587  -19.035 0.0000000000
133179  28.434  69.521  -18.655 0.0000000000
133180  27.544  69.544  -18.047 0.0000000000
133181  27.114  69.963  -17.700 0.0000000000
133182  24.455  70.101  -19.298 0.0000000000
133183  23.997  69.874  -19.113 0.0000000000
133184  23.230  69.609  -18.968 0.0000000000
133185  22.464  69.587  -18.936 0.0000000000
133190  31.060  69.965  -19.337 0.0000000000
133191  30.218  69.958  -19.406 0.0000000000
133192  29.728  70.053  -19.430 0.0000000000
133193  24.331  70.000  -19.815 0.0000000000
133194  23.668  69.624  -19.751 0.0000000000
133195  22.877  69.391  -19.665 0.0000000000
133196  21.993  69.524  -19.533 0.0000000000
133204  24.125  69.845  -20.545 0.0000000000
133205  23.398  69.458  -20.516 0.0000000000
133206  22.520  69.345  -20.479 0.0000000000
133207  21.565  69.618  -20.414 0.0000000000
133208  21.039  69.926  -20.691 0.0000000000
133223  23.833  69.716  -21.165 0.0000000000
133224  23.171  69.465  -21.446 0.0000000000
133225  22.180  69.417  -21.315 0.0000000000
133226  21.350  69.755  -21.365 0.0000000000
133227  20.883  70.056  -21.044 0.0000000000
133240  22.659  69.521  -22.048 0.0000000000
133241  21.929  69.601  -22.010 0.0000000000
133242  21.515  69.799  -21.940 0.0000000000
133453  27.044  70.697  -5.032 0.0000000000
133465  28.610  70.757  -5.555 0.0000000000
133466  27.747  70.672  -5.392 0.0000000000
133471  26.939  71.624  -6.540 0.0000000000
133472  26.272  71.334  -6.604 0.0000000000
133473  25.465  71.057  -6.825 0.0000000000
133482  30.634  71.224  -7.610 0.0000000000
133483  29.488  71.174  -7.479 0.0000000000
133484  28.406  71.122  -7.309 0.0000000000
133485  27.481  71.127  -6.797 0.0000000000
133486  26.770  70.942  -6.592 0.0000000000
133487  24.802  70.658  -7.156 0.0000000000
133488  24.071  70.786  -7.444 0.0000000000
133489  23.228  70.872  -7.690 0.0000000000
133490  22.375  70.810  -7.966 0.0000000000
133491  21.635  71.007  -8.081 0.0000000000
133494  21.780  70.293  -8.340 0.0000000000
133495  21.077  70.458  -8.391 0.0000000000
133496  20.357  70.301  -8.498 0.0000000000
133497  19.614  70.288  -8.552 0.0000000000
133498  18.690  70.227  -8.725 0.0000000000
133499  17.729  70.516  -8.873 0.0000000000
133500  16.961  70.740  -9.191 0.0000000000
133502  18.179  70.056  -9.339 0.0000000000
133503  17.565  70.312  -9.769 0.0000000000
133504  16.772  70.809  -9.975 0.0000000000
133507  17.292  70.420  -10.641 0.0000000000
133508  16.714  70.904  -10.847 0.0000000000
133511  18.178  70.482  -11.666 0.0000000000
133512  17.486  70.840  -11.494 0.0000000000
133513  16.774  71.214  -11.292 0.0000000000
133516  28.307  70.531  -12.827 0.0000000000
133517  27.841  70.575  -12.552 0.0000000000
133518  27.123  70.536  -12.451 0.0000000000
133519  26.421  70.556  -12.616 0.0000000000
133520  19.013  70.625  -12.689 0.0000000000
133521  18.382  70.831  -12.093 0.0000000000
133522  17.851  71.330  -11.944 0.0000000000
133525  28.414  70.519  -13.054 0.0000000000
133526  28.101  70.662  -13.321 0.0000000000
133527  25.700  70.633  -13.092 0.0000000000
133528  24.749  70.651  -13.619 0.0000000000
133529  23.993  70.282  -14.088 0.0000000000
133530  20.928  70.252  -13.959 0.0000000000
133531  20.342  70.645  -13.698 0.0000000000
133532  19.479  70.566  -13.168 0.0000000000
133535  27.502  70.842  -13.821 0.0000000000
133536  27.141  70.563  -14.481 0.0000000000
133537  24.090  70.992  -14.160 0.0000000000
133538  23.236  70.690  -14.421 0.0000000000
133539  22.162  70.789  -14.470 0.0000000000
133540  21.157  70.781  -14.258 0.0000000000
133541  20.645  71.220  -14.053 0.0000000000
133546  27.317  71.265  -14.508 0.0000000000
133547  27.097  70.940  -15.291 0.0000000000
133550  26.765  70.804  -16.239 0.0000000000
133551  26.331  70.905  -16.590 0.0000000000
133552  25.654  70.912  -16.753 0.0000000000
133557  26.721  70.267  -17.220 0.0000000000
133558  26.111  70.478  -17.442 0.0000000000
133559  25.052  70.594  -17.420 0.0000000000
133560  23.998  70.505  -17.654 0.0000000000
133561  23.050  70.530  -17.716 0.0000000000
133562  22.250  70.580  -17.844 0.0000000000
133568  29.417  70.280  -19.557 0.0000000000
133569  28.720  70.287  -19.464 0.0000000000
133570  27.857  70.190  -18.965 0.0000000000
133571  26.899  70.215  -18.396 0.0000000000
133572  25.813  70.344  -18.503 0.0000000000
133573  24.686  70.212  -18.662 0.0000000000
133574  23.603  70.055  -18.368 0.0000000000
133575  22.696  70.007  -18.339 0.0000000000
133576  21.684  70.202  -18.536 0.0000000000
133577  20.970  70.607  -18.940 0.0000000000
133584  31.841  70.727  -19.346 0.0000000000
133585  30.698  70.596  -19.793 0.0000000000
133586  29.898  70.423  -19.755 0.0000000000
133587  27.998  70.591  -19.921 0.0000000000
133588  27.229  70.596  -19.699 0.0000000000
133589  26.412  70.631  -19.529 0.0000000000
133590  25.594  70.605  -19.679 0.0000000000
133591  24.862  70.340  -19.698 0.0000000000
133592  21.248  70.008  -19.485 0.0000000000
133593  20.780  70.629  -19.640 0.0000000000
133600  25.248  70.841  -20.242 0.0000000000
133601  24.737  70.554  -20.536 0.0000000000
133602  21.005  70.072  -20.134 0.0000000000
133603  20.666  70.495  -20.541 0.0000000000
133616  24.330  70.417  -21.401 0.0000000000
133617  23.785  69.973  -21.751 0.0000000000
133618  21.269  69.939  -21.855 0.0000000000
133619  20.748  70.343  -21.582 0.0000000000
133634  24.016  70.504  -22.120 0.0000000000
133635  23.401  70.078  -22.499 0.0000000000
133636  22.486  69.734  -22.725 0.0000000000
133637  21.456  69.917  -22.526 0.0000000000
133638  20.588  70.560  -22.611 0.0000000000
133646  32.070  70.425  -24.235 0.0000000000
133647  31.413  70.437  -23.710 0.0000000000
133651  23.038  70.170  -23.361 0.0000000000
133652  22.239  70.032  -23.543 0.0000000000
133653  21.235  70.375  -23.668 0.0000000000
133654  20.425  70.807  -23.383 0.0000000000
133655  16.442  70.773  -24.082 0.0000000000
133656  16.028  70.829  -23.986 0.0000000000
133669  20.680  70.787  -24.058 0.0000000000
133670  20.287  70.993  -23.821 0.0000000000
133671  16.936  70.581  -25.104 0.0000000000
133672  16.432  70.633  -24.641 0.0000000000
133673  15.535  70.876  -24.424 0.0000000000
133686  16.585  70.568  -25.384 0.0000000000
133687  15.809  70.689  -25.361 0.0000000000
133688  15.051  71.019  -24.985 0.0000000000
133695  15.181  71.119  -25.574 0.0000000000
133696  14.792  71.269  -25.336 0.0000000000
133861  27.577  71.989  -5.080 0.0000000000
133862  26.963  71.722  -4.762 0.0000000000
133863  26.153  71.814  -4.362 0.0000000000
133873  29.947  71.978  -5.741 0.0000000000
133874  29.067  71.739  -5.555 0.0000000000
133875  28.152  71.670  -5.358 0.0000000000
133876  27.451  71.361  -5.158 0.0000000000
133883  28.185  72.781  -6.897 0.0000000000
133884  27.455  72.394  -6.656 0.0000000000
133885  26.557  72.340  -6.638 0.0000000000
133886  25.701  72.120  -6.833 0.0000000000
133897  30.115  72.393  -7.284 0.0000000000
133898  28.930  72.391  -7.183 0.0000000000
133899  28.122  71.985  -6.974 0.0000000000
133900  24.754  71.764  -7.210 0.0000000000
133901  23.752  71.851  -7.497 0.0000000000
133902  22.842  71.866  -7.647 0.0000000000
133903  21.939  71.817  -7.704 0.0000000000
133904  20.890  71.555  -7.877 0.0000000000
133905  19.786  71.814  -7.736 0.0000000000
133906  18.741  71.868  -7.730 0.0000000000
133907  17.721  71.889  -7.846 0.0000000000
133908  17.166  71.929  -8.002 0.0000000000
133911  20.623  70.834  -8.265 0.0000000000
133912  20.096  70.974  -8.189 0.0000000000
133913  19.202  71.029  -8.171 0.0000000000
133914  18.201  71.122  -8.267 0.0000000000
133915  17.076  71.355  -8.420 0.0000000000
133916  16.004  71.385  -9.224 0.0000000000
133917  15.215  71.883  -9.401 0.0000000000
133920  16.137  71.354  -10.316 0.0000000000
133921  15.386  71.780  -10.010 0.0000000000
133924  16.282  71.498  -11.098 0.0000000000
133925  15.634  71.952  -10.843 0.0000000000
133929  17.417  71.862  -11.949 0.0000000000
133930  16.708  71.833  -11.596 0.0000000000
133931  16.001  72.176  -11.393 0.0000000000
133934  28.383  71.220  -12.945 0.0000000000
133935  28.127  71.355  -12.713 0.0000000000
133936  27.389  71.508  -12.600 0.0000000000
133937  26.821  71.065  -12.541 0.0000000000
133938  19.100  71.042  -13.078 0.0000000000
133939  18.697  71.500  -12.817 0.0000000000
133940  18.041  71.831  -12.316 0.0000000000
133943  28.283  71.135  -13.122 0.0000000000
133944  27.953  71.478  -13.419 0.0000000000
133945  27.015  72.227  -12.850 0.0000000000
133946  26.381  71.561  -12.939 0.0000000000
133947  25.409  71.539  -13.410 0.0000000000
133948  20.257  71.771  -13.841 0.0000000000
133949  19.408  71.619  -13.368 0.0000000000
133950  18.823  72.108  -13.118 0.0000000000
133953  27.491  71.845  -14.013 0.0000000000
133954  24.550  71.695  -13.878 0.0000000000
133955  23.681  71.714  -14.363 0.0000000000
133956  22.694  71.665  -14.557 0.0000000000
133957  21.705  71.677  -14.522 0.0000000000
133958  20.878  71.770  -14.294 0.0000000000
133964  27.437  71.940  -14.899 0.0000000000
133965  27.046  71.826  -15.591 0.0000000000
133969  26.486  71.626  -16.034 0.0000000000
133970  25.849  71.532  -16.294 0.0000000000
133971  24.912  71.513  -16.504 0.0000000000
133972  23.851  71.824  -16.622 0.0000000000
133973  22.972  71.875  -16.784 0.0000000000
133976  24.226  71.072  -17.013 0.0000000000
133977  23.414  71.179  -17.180 0.0000000000
133978  22.433  71.376  -17.328 0.0000000000
133979  21.636  71.217  -17.767 0.0000000000
133983  29.579  70.628  -19.895 0.0000000000
133984  29.227  70.701  -19.911 0.0000000000
133985  21.064  71.250  -18.376 0.0000000000
133986  20.618  71.356  -19.003 0.0000000000
133991  32.274  71.886  -19.644 0.0000000000
133992  31.167  71.652  -19.974 0.0000000000
133993  29.861  71.248  -20.194 0.0000000000
133994  28.660  71.248  -20.250 0.0000000000
133995  27.623  71.415  -20.315 0.0000000000
133996  26.747  71.505  -20.230 0.0000000000
133997  26.114  71.256  -20.087 0.0000000000
133998  20.435  71.491  -19.896 0.0000000000
134004  26.207  71.940  -20.326 0.0000000000
134005  25.654  71.644  -20.440 0.0000000000
134006  25.148  71.281  -20.684 0.0000000000
134007  20.243  71.345  -20.877 0.0000000000
134016  25.262  71.905  -20.940 0.0000000000
134017  24.850  71.471  -21.294 0.0000000000
134018  20.094  71.303  -21.796 0.0000000000
134019  19.642  71.792  -22.113 0.0000000000
134020  15.482  72.490  -22.083 0.0000000000
134021  15.115  72.449  -21.924 0.0000000000
134026  30.444  71.403  -22.769 0.0000000000
134030  24.418  71.370  -22.157 0.0000000000
134031  23.966  70.905  -22.660 0.0000000000
134032  19.986  71.224  -22.664 0.0000000000
134033  19.289  71.766  -22.672 0.0000000000
134034  18.584  71.913  -22.881 0.0000000000
134035  17.793  71.986  -22.867 0.0000000000
134036  16.845  71.922  -22.694 0.0000000000
134037  15.708  71.996  -22.430 0.0000000000
134038  14.482  72.184  -22.327 0.0000000000
134044  32.945  72.032  -23.916 0.0000000000
134045  31.697  71.315  -24.136 0.0000000000
134046  31.138  71.410  -23.481 0.0000000000
134049  24.218  71.606  -22.929 0.0000000000
134050  23.680  71.108  -23.516 0.0000000000
134051  22.962  70.550  -24.140 0.0000000000
134052  22.117  70.500  -24.297 0.0000000000
134053  19.878  71.211  -23.420 0.0000000000
134054  19.244  71.436  -23.584 0.0000000000
134055  18.468  71.477  -23.649 0.0000000000
134056  17.586  71.337  -23.603 0.0000000000
134057  16.511  71.092  -23.540 0.0000000000
134058  15.272  71.325  -23.414 0.0000000000
134059  14.077  71.857  -23.321 0.0000000000
134066  32.294  71.324  -24.428 0.0000000000
134068  25.818  71.789  -24.648 0.0000000000
134069  23.278  71.428  -24.392 0.0000000000
134070  22.571  71.205  -24.720 0.0000000000
134071  21.441  71.064  -24.814 0.0000000000
134072  20.155  71.146  -24.426 0.0000000000
134073  19.204  71.281  -24.546 0.0000000000
134074  18.355  71.144  -24.599 0.0000000000
134075  17.328  70.779  -24.615 0.0000000000
134076  16.715  70.758  -24.202 0.0000000000
134077  14.665  71.297  -24.207 0.0000000000
134078  13.716  71.783  -24.197 0.0000000000
134085  25.474  71.709  -25.144 0.0000000000
134086  24.930  71.691  -25.578 0.0000000000
134088  20.796  71.569  -25.415 0.0000000000
134089  19.942  71.532  -25.471 0.0000000000
134090  19.079  71.457  -25.504 0.0000000000
134091  18.253  71.166  -25.770 0.0000000000
134092  17.234  70.673  -25.775 0.0000000000
134093  16.422  70.649  -25.970 0.0000000000
134094  14.363  71.427  -24.945 0.0000000000
134095  13.531  72.057  -25.098 0.0000000000
134099  24.499  72.072  -25.915 0.0000000000
134103  17.723  71.213  -26.561 0.0000000000
134104  16.808  71.085  -26.606 0.0000000000
134105  15.682  71.154  -26.268 0.0000000000
134106  14.503  71.663  -25.792 0.0000000000
134107  13.848  72.217  -25.690 0.0000000000
134264  27.319  72.493  -5.030 0.0000000000
134265  26.731  72.830  -4.776 0.0000000000
134273  29.409  72.594  -5.672 0.0000000000
134274  28.733  72.493  -5.523 0.0000000000
134275  27.973  72.678  -5.403 0.0000000000
134276  27.390  73.178  -5.268 0.0000000000
134283  30.882  72.857  -6.267 0.0000000000
134284  30.126  72.888  -6.026 0.0000000000
134285  28.583  73.345  -6.765 0.0000000000
134286  27.725  73.391  -6.597 0.0000000000
134287  26.876  73.284  -6.613 0.0000000000
134288  26.047  73.132  -6.914 0.0000000000
134296  30.371  73.048  -6.722 0.0000000000
134297  29.516  73.298  -6.989 0.0000000000
134298  25.195  72.960  -7.222 0.0000000000
134299  24.260  72.869  -7.385 0.0000000000
134300  23.331  72.880  -7.555 0.0000000000
134301  22.406  72.873  -7.667 0.0000000000
134302  21.431  72.820  -7.611 0.0000000000
134303  20.385  72.815  -7.524 0.0000000000
134304  19.297  72.844  -7.469 0.0000000000
134305  18.179  72.792  -7.520 0.0000000000
134306  16.914  72.558  -7.609 0.0000000000
134307  15.481  72.838  -7.654 0.0000000000
134308  14.318  73.280  -7.934 0.0000000000
134309  13.689  73.538  -8.034 0.0000000000
134311  16.853  71.936  -8.076 0.0000000000
134312  16.168  71.963  -8.217 0.0000000000
134313  14.888  72.418  -8.748 0.0000000000
134314  13.657  73.405  -8.633 0.0000000000
134315  13.114  73.763  -8.996 0.0000000000
134317  14.683  72.333  -9.781 0.0000000000
134318  13.877  73.125  -9.591 0.0000000000
134319  13.309  73.628  -9.319 0.0000000000
134321  14.986  72.523  -10.590 0.0000000000
134322  14.277  73.142  -10.427 0.0000000000
134325  16.894  72.554  -11.992 0.0000000000
134326  16.154  72.913  -11.848 0.0000000000
134327  15.404  72.934  -11.344 0.0000000000
134328  14.732  73.352  -11.019 0.0000000000
134331  28.238  71.845  -12.930 0.0000000000
134332  27.852  72.120  -12.816 0.0000000000
134333  27.468  72.203  -12.805 0.0000000000
134334  18.388  72.657  -12.742 0.0000000000
134335  17.476  72.901  -12.341 0.0000000000
134336  16.700  73.321  -12.176 0.0000000000
134339  28.271  71.681  -13.119 0.0000000000
134340  27.668  72.444  -13.440 0.0000000000
134341  27.266  72.745  -13.214 0.0000000000
134342  26.287  72.756  -13.433 0.0000000000
134343  25.843  72.106  -13.381 0.0000000000
134344  20.530  72.701  -14.011 0.0000000000
134345  19.781  72.756  -13.540 0.0000000000
134346  19.008  72.743  -13.224 0.0000000000
134349  27.536  72.733  -14.396 0.0000000000
134350  25.637  73.154  -13.674 0.0000000000
134351  25.242  72.619  -13.732 0.0000000000
134352  24.185  72.671  -14.244 0.0000000000
134353  23.156  72.627  -14.465 0.0000000000
134354  22.173  72.587  -14.551 0.0000000000
134355  21.285  72.596  -14.401 0.0000000000
134361  27.295  72.743  -15.088 0.0000000000
134362  26.343  72.633  -15.530 0.0000000000
134363  25.313  73.115  -15.650 0.0000000000
134364  24.794  73.402  -15.762 0.0000000000
134367  26.071  72.016  -15.970 0.0000000000
134368  25.494  72.270  -16.021 0.0000000000
134369  24.465  72.807  -16.158 0.0000000000
134370  23.279  72.732  -16.495 0.0000000000
134371  22.129  72.570  -16.904 0.0000000000
134372  21.566  73.133  -17.208 0.0000000000
134373  19.267  72.847  -16.082 0.0000000000
134374  21.780  71.883  -17.388 0.0000000000
134375  21.128  72.506  -17.831 0.0000000000
134376  20.623  73.195  -18.384 0.0000000000
134377  19.527  72.857  -16.911 0.0000000000
134378  20.721  71.887  -18.501 0.0000000000
134379  20.429  72.582  -19.023 0.0000000000
134380  19.442  72.901  -17.818 0.0000000000
134381  19.030  72.868  -18.535 0.0000000000
134382  32.613  72.949  -20.126 0.0000000000
134383  32.366  72.978  -19.856 0.0000000000
134384  31.554  72.905  -19.884 0.0000000000
134385  30.410  72.652  -20.277 0.0000000000
134386  29.194  72.476  -20.452 0.0000000000
134387  28.076  72.441  -20.457 0.0000000000
134388  27.197  72.409  -20.397 0.0000000000
134389  19.908  72.620  -20.361 0.0000000000
134390  19.632  73.260  -20.833 0.0000000000
134394  32.582  72.814  -21.183 0.0000000000
134395  26.592  72.519  -20.421 0.0000000000
134396  26.050  72.652  -20.571 0.0000000000
134397  19.952  72.032  -21.177 0.0000000000
134398  19.639  72.757  -21.200 0.0000000000
134404  32.498  72.582  -22.217 0.0000000000
134405  25.588  72.599  -20.989 0.0000000000
134406  25.201  72.437  -21.445 0.0000000000
134407  19.698  72.099  -21.622 0.0000000000
134408  19.181  72.698  -21.855 0.0000000000
134409  18.353  73.113  -21.936 0.0000000000
134410  17.635  73.208  -21.935 0.0000000000
134411  15.799  73.127  -21.820 0.0000000000
134412  15.425  72.965  -21.786 0.0000000000
134416  32.376  72.663  -23.010 0.0000000000
134417  30.205  72.205  -22.391 0.0000000000
134418  29.436  72.426  -21.979 0.0000000000
134419  28.399  72.587  -21.936 0.0000000000
134420  27.458  72.737  -22.343 0.0000000000
134421  24.821  72.362  -21.941 0.0000000000
134422  18.700  72.389  -22.319 0.0000000000
134423  18.049  72.563  -22.349 0.0000000000
134424  17.136  72.764  -22.209 0.0000000000
134425  16.154  72.841  -22.077 0.0000000000
134426  15.711  72.580  -22.116 0.0000000000
134430  32.317  72.487  -23.832 0.0000000000
134431  31.675  72.274  -23.898 0.0000000000
134432  30.907  72.432  -23.026 0.0000000000
134433  26.700  72.836  -22.920 0.0000000000
134434  26.396  72.823  -23.793 0.0000000000
134435  24.563  72.417  -22.699 0.0000000000
134436  24.186  72.351  -23.479 0.0000000000
134439  32.241  72.012  -24.382 0.0000000000
134440  31.930  71.806  -24.365 0.0000000000
134441  26.072  72.747  -24.648 0.0000000000
134442  25.731  72.362  -25.053 0.0000000000
134443  23.668  72.301  -24.212 0.0000000000
134444  23.066  72.241  -24.988 0.0000000000
134445  22.316  71.772  -25.284 0.0000000000
134449  25.765  72.934  -25.173 0.0000000000
134450  25.425  72.607  -25.473 0.0000000000
134451  24.914  72.668  -25.857 0.0000000000
134452  22.500  72.548  -25.531 0.0000000000
134453  21.660  72.219  -25.698 0.0000000000
134454  20.648  72.370  -26.128 0.0000000000
134455  19.670  72.087  -26.168 0.0000000000
134456  18.939  71.887  -26.196 0.0000000000
134457  13.525  72.456  -25.578 0.0000000000
134461  24.410  72.735  -26.163 0.0000000000
134462  23.772  72.907  -26.448 0.0000000000
134463  20.028  72.927  -26.574 0.0000000000
134464  19.250  72.593  -26.705 0.0000000000
134465  18.414  72.009  -26.808 0.0000000000
134466  17.436  71.881  -27.266 0.0000000000
134467  16.233  71.697  -27.155 0.0000000000
134468  15.076  72.023  -26.780 0.0000000000
134469  13.830  72.784  -26.225 0.0000000000
134470  12.977  73.265  -25.849 0.0000000000
134473  23.024  73.026  -26.727 0.0000000000
134474  22.412  72.904  -27.329 0.0000000000
134475  21.899  72.487  -27.728 0.0000000000
134476  16.728  72.260  -27.806 0.0000000000
134477  15.697  72.393  -27.671 0.0000000000
134478  14.686  72.834  -27.247 0.0000000000
134479  14.188  73.245  -26.889 0.0000000000
134486  22.060  73.168  -27.900 0.0000000000
134487  21.534  72.805  -28.280 0.0000000000
134488  20.858  72.819  -28.903 0.0000000000
134496  20.354  73.149  -29.295 0.0000000000
134582  26.346  73.366  -4.848 0.0000000000
134583  25.842  73.589  -4.927 0.0000000000
134588  29.073  72.921  -5.664 0.0000000000
134589  28.724  73.174  -5.709 0.0000000000
134590  28.022  73.570  -5.721 0.0000000000
134591  26.877  73.990  -5.477 0.0000000000
134592  25.735  74.128  -5.514 0.0000000000
134604  29.381  73.177  -5.894 0.0000000000
134605  28.987  73.501  -6.307 0.0000000000
134606  27.933  73.848  -6.237 0.0000000000
134607  27.035  74.065  -6.372 0.0000000000
134608  26.286  73.896  -6.731 0.0000000000
134618  29.719  73.276  -6.340 0.0000000000
134619  29.662  73.352  -6.621 0.0000000000
134620  25.527  73.834  -7.125 0.0000000000
134621  24.701  73.786  -7.350 0.0000000000
134622  23.808  73.779  -7.456 0.0000000000
134623  22.879  73.784  -7.517 0.0000000000
134634  13.383  73.690  -8.157 0.0000000000
134635  12.925  73.853  -8.494 0.0000000000
134637  13.240  73.781  -9.882 0.0000000000
134638  12.843  73.944  -9.562 0.0000000000
134639  12.509  73.709  -9.228 0.0000000000
134640  13.558  73.785  -10.426 0.0000000000
134641  13.023  74.441  -10.511 0.0000000000
134642  12.559  74.184  -10.419 0.0000000000
134643  15.575  73.657  -11.851 0.0000000000
134644  14.891  74.040  -11.767 0.0000000000
134645  14.050  74.057  -11.086 0.0000000000
134646  13.444  74.374  -10.810 0.0000000000
134647  12.434  74.228  -11.260 0.0000000000
134648  17.997  74.038  -12.561 0.0000000000
134649  16.994  74.126  -12.361 0.0000000000
134650  16.071  74.060  -12.162 0.0000000000
134651  15.429  74.164  -12.088 0.0000000000
134654  27.284  73.728  -13.633 0.0000000000
134655  26.706  73.783  -13.499 0.0000000000
134656  25.673  73.890  -13.689 0.0000000000
134657  25.045  74.346  -13.821 0.0000000000
134658  21.196  74.247  -13.912 0.0000000000
134659  20.218  73.929  -13.574 0.0000000000
134660  19.220  73.806  -13.242 0.0000000000
134661  18.656  73.537  -12.904 0.0000000000
134662  16.696  74.393  -13.583 0.0000000000
134663  15.812  74.254  -13.405 0.0000000000
134667  27.473  73.711  -14.148 0.0000000000
134668  27.171  74.167  -14.358 0.0000000000
134669  25.322  73.348  -13.808 0.0000000000
134670  24.728  73.739  -14.091 0.0000000000
134671  23.569  73.625  -14.340 0.0000000000
134672  22.566  73.514  -14.423 0.0000000000
134673  21.674  73.448  -14.363 0.0000000000
134674  20.944  73.402  -14.131 0.0000000000
134675  18.065  73.751  -14.634 0.0000000000
134676  17.192  73.568  -14.124 0.0000000000
134680  27.412  73.261  -14.634 0.0000000000
134681  26.880  73.682  -14.772 0.0000000000
134682  25.858  73.777  -15.240 0.0000000000
134683  25.067  73.890  -15.556 0.0000000000
134684  19.122  73.850  -15.656 0.0000000000
134685  18.612  73.413  -15.179 0.0000000000
134686  24.435  73.797  -15.819 0.0000000000
134687  23.682  73.721  -16.183 0.0000000000
134688  22.692  73.687  -16.475 0.0000000000
134689  21.862  73.750  -16.866 0.0000000000
134690  19.456  73.899  -16.560 0.0000000000
134691  21.314  73.801  -17.447 0.0000000000
134692  20.784  73.866  -18.064 0.0000000000
134693  19.522  73.935  -17.517 0.0000000000
134694  20.404  73.904  -18.798 0.0000000000
134695  19.228  73.934  -18.362 0.0000000000
134696  18.598  73.887  -18.982 0.0000000000
134697  32.418  74.043  -19.869 0.0000000000
134698  31.832  73.998  -19.761 0.0000000000
134699  30.828  73.872  -20.156 0.0000000000
134700  29.655  73.718  -20.381 0.0000000000
134701  28.525  73.588  -20.428 0.0000000000
134702  27.396  73.533  -20.411 0.0000000000
134703  26.908  73.011  -20.400 0.0000000000
134704  20.058  73.826  -19.692 0.0000000000
134705  19.639  73.885  -20.513 0.0000000000
134706  18.014  73.824  -19.624 0.0000000000
134707  17.266  73.724  -19.937 0.0000000000
134709  32.445  73.732  -20.617 0.0000000000
134710  26.937  74.076  -20.472 0.0000000000
134711  26.568  73.537  -20.578 0.0000000000
134712  25.924  73.514  -21.034 0.0000000000
134713  19.304  73.750  -21.208 0.0000000000
134718  32.326  73.468  -21.884 0.0000000000
134719  25.401  73.379  -21.595 0.0000000000
134720  25.100  72.919  -21.831 0.0000000000
134721  18.600  73.827  -21.530 0.0000000000
134722  17.774  73.917  -21.581 0.0000000000
134723  16.797  73.630  -21.602 0.0000000000
134724  15.804  73.531  -21.572 0.0000000000
134728  31.876  73.396  -22.836 0.0000000000
134729  31.177  73.732  -22.775 0.0000000000
134730  30.333  73.324  -22.388 0.0000000000
134731  29.126  73.467  -21.829 0.0000000000
134732  28.013  73.580  -21.921 0.0000000000
134733  27.223  73.694  -22.621 0.0000000000
134734  25.270  74.046  -21.942 0.0000000000
134735  24.951  73.459  -22.339 0.0000000000
134736  16.608  73.144  -21.925 0.0000000000
134737  16.336  73.296  -21.787 0.0000000000
134738  31.879  72.871  -23.526 0.0000000000
134739  31.451  73.004  -23.192 0.0000000000
134740  30.956  73.171  -22.937 0.0000000000
134741  26.667  73.735  -23.419 0.0000000000
134742  26.350  73.715  -24.290 0.0000000000
134743  24.487  73.399  -23.253 0.0000000000
134744  24.053  73.361  -24.035 0.0000000000
134745  25.802  73.717  -25.060 0.0000000000
134746  25.503  74.185  -25.376 0.0000000000
134747  23.498  73.337  -24.723 0.0000000000
134748  22.951  73.337  -25.407 0.0000000000
134749  25.567  73.237  -25.380 0.0000000000
134750  25.222  73.681  -25.753 0.0000000000
134751  24.785  73.217  -26.052 0.0000000000
134752  22.222  73.286  -25.870 0.0000000000
134753  21.445  73.226  -26.281 0.0000000000
134754  20.696  73.415  -26.528 0.0000000000
134757  24.902  74.159  -26.098 0.0000000000
134758  24.488  73.735  -26.354 0.0000000000
134759  23.599  73.805  -26.736 0.0000000000
134760  20.173  73.696  -26.716 0.0000000000
134761  19.576  73.519  -26.921 0.0000000000
134762  18.740  73.146  -27.402 0.0000000000
134763  18.116  72.469  -27.400 0.0000000000
134764  13.761  73.583  -26.754 0.0000000000
134765  12.926  73.864  -26.323 0.0000000000
134767  22.931  73.809  -27.200 0.0000000000
134768  22.419  73.809  -27.739 0.0000000000
134769  18.425  73.524  -27.965 0.0000000000
134770  17.710  72.957  -28.008 0.0000000000
134771  16.398  72.934  -28.367 0.0000000000
134772  15.235  73.217  -28.093 0.0000000000
134773  14.275  73.709  -27.467 0.0000000000
134774  13.503  74.204  -27.032 0.0000000000
134778  21.963  73.768  -28.259 0.0000000000
134779  21.419  73.739  -28.784 0.0000000000
134780  20.792  73.833  -29.274 0.0000000000
134782  12.177  74.492  -28.985 0.0000000000
134788  20.079  73.842  -29.571 0.0000000000
134854  26.672  74.331  -6.052 0.0000000000
134855  26.172  74.399  -5.997 0.0000000000
134856  25.424  74.362  -6.106 0.0000000000
134866  26.395  74.268  -6.375 0.0000000000
134867  25.684  74.354  -6.658 0.0000000000
134868  24.725  74.549  -6.633 0.0000000000
134880  25.013  74.333  -7.134 0.0000000000
134881  24.249  74.417  -7.203 0.0000000000
134894  13.084  74.775  -10.857 0.0000000000
134895  12.872  74.751  -10.835 0.0000000000
134896  14.829  74.629  -11.979 0.0000000000
134897  14.410  74.710  -11.757 0.0000000000
134898  13.340  74.760  -11.269 0.0000000000
134899  12.734  74.747  -11.272 0.0000000000
134900  18.751  75.647  -12.590 0.0000000000
134901  18.359  75.307  -12.556 0.0000000000
134902  17.398  75.141  -12.509 0.0000000000
134903  16.441  74.966  -12.513 0.0000000000
134904  15.323  74.675  -12.383 0.0000000000
134905  14.271  75.031  -12.109 0.0000000000
134906  13.234  74.954  -12.097 0.0000000000
134907  12.708  74.509  -11.781 0.0000000000
134908  27.197  74.154  -13.679 0.0000000000
134909  26.988  74.404  -13.694 0.0000000000
134910  26.188  74.679  -13.683 0.0000000000
134911  25.151  74.991  -13.700 0.0000000000
134912  24.108  75.333  -13.717 0.0000000000
134913  23.050  75.319  -13.709 0.0000000000
134914  21.851  75.130  -13.700 0.0000000000
134915  20.563  75.216  -13.455 0.0000000000
134916  19.298  75.282  -12.853 0.0000000000
134917  18.703  74.422  -12.778 0.0000000000
134918  16.909  75.100  -13.399 0.0000000000
134919  16.301  75.147  -13.205 0.0000000000
134920  15.471  74.863  -12.656 0.0000000000
134921  14.119  74.706  -12.722 0.0000000000
134923  27.326  74.225  -13.883 0.0000000000
134924  27.067  74.588  -14.082 0.0000000000
134925  26.562  74.806  -14.273 0.0000000000
134926  24.578  74.627  -13.818 0.0000000000
134927  23.831  74.565  -14.008 0.0000000000
134928  22.826  74.462  -14.159 0.0000000000
134929  22.008  74.221  -14.241 0.0000000000
134930  18.928  75.355  -14.750 0.0000000000
134931  18.523  75.002  -14.548 0.0000000000
134932  17.585  74.876  -13.787 0.0000000000
134933  26.820  74.391  -14.417 0.0000000000
134934  26.139  74.532  -14.662 0.0000000000
134935  25.319  74.699  -15.246 0.0000000000
134936  24.521  75.104  -15.485 0.0000000000
134937  23.792  75.189  -15.678 0.0000000000
134938  19.129  75.056  -15.163 0.0000000000
134939  18.716  74.194  -15.044 0.0000000000
134940  24.683  74.426  -15.594 0.0000000000
134941  24.041  74.507  -15.800 0.0000000000
134942  23.137  74.731  -16.049 0.0000000000
134943  22.231  74.704  -16.542 0.0000000000
134944  19.515  75.003  -16.117 0.0000000000
134945  21.570  74.758  -17.070 0.0000000000
134946  21.022  74.883  -17.705 0.0000000000
134947  19.573  75.045  -17.143 0.0000000000
134948  20.494  74.990  -18.426 0.0000000000
134949  19.359  75.057  -18.112 0.0000000000
134950  18.733  75.006  -18.794 0.0000000000
134951  32.341  74.472  -19.856 0.0000000000
134952  32.039  74.719  -19.869 0.0000000000
134953  31.081  74.798  -20.130 0.0000000000
134954  29.988  74.839  -20.251 0.0000000000
134955  28.939  74.697  -20.262 0.0000000000
134956  27.974  74.552  -20.402 0.0000000000
134957  20.135  75.002  -19.296 0.0000000000
134958  19.712  74.946  -20.122 0.0000000000
134959  18.088  74.935  -19.417 0.0000000000
134960  17.382  74.838  -19.896 0.0000000000
134961  16.903  74.358  -20.254 0.0000000000
134962  32.361  74.479  -20.139 0.0000000000
134963  31.759  74.846  -20.625 0.0000000000
134964  27.234  74.551  -20.496 0.0000000000
134965  26.710  74.613  -20.689 0.0000000000
134966  26.231  74.270  -20.981 0.0000000000
134967  19.237  74.841  -20.801 0.0000000000
134968  17.116  74.981  -20.445 0.0000000000
134969  16.214  74.293  -20.590 0.0000000000
134972  32.070  74.287  -21.099 0.0000000000
134973  31.672  74.875  -21.565 0.0000000000
134974  26.316  74.997  -21.140 0.0000000000
134975  25.701  74.545  -21.572 0.0000000000
134976  18.720  74.684  -21.199 0.0000000000
134977  18.078  74.682  -21.321 0.0000000000
134978  17.174  74.831  -21.052 0.0000000000
134979  15.958  74.320  -21.143 0.0000000000
134982  32.014  74.252  -22.060 0.0000000000
134983  31.426  74.565  -22.345 0.0000000000
134984  30.731  74.537  -22.453 0.0000000000
134985  29.816  74.436  -21.911 0.0000000000
134986  28.668  74.462  -21.685 0.0000000000
134987  27.605  74.555  -22.114 0.0000000000
134988  25.258  74.598  -22.423 0.0000000000
134989  24.795  74.347  -23.141 0.0000000000
134990  26.927  74.589  -23.000 0.0000000000
134991  26.500  74.562  -23.805 0.0000000000
134992  24.240  74.334  -23.795 0.0000000000
134993  23.721  74.334  -24.427 0.0000000000
134994  26.086  74.554  -24.524 0.0000000000
134995  25.633  74.608  -25.051 0.0000000000
134996  23.233  74.287  -25.098 0.0000000000
134997  22.633  74.235  -25.679 0.0000000000
134998  25.276  74.690  -25.545 0.0000000000
134999  24.964  74.954  -25.889 0.0000000000
135000  21.972  74.143  -26.302 0.0000000000
135001  21.176  74.103  -26.539 0.0000000000
135002  20.571  74.227  -26.723 0.0000000000
135003  25.038  74.458  -25.917 0.0000000000
135004  24.659  74.685  -26.245 0.0000000000
135005  23.994  74.566  -26.627 0.0000000000
135006  19.982  74.314  -26.972 0.0000000000
135007  19.357  74.240  -27.481 0.0000000000
135008  18.778  73.937  -27.857 0.0000000000
135009  12.400  74.277  -26.538 0.0000000000
135010  12.127  74.449  -26.791 0.0000000000
135011  23.328  74.544  -27.063 0.0000000000
135012  22.766  74.519  -27.532 0.0000000000
135013  18.911  74.578  -27.956 0.0000000000
135014  18.291  74.180  -28.471 0.0000000000
135015  17.080  73.821  -28.703 0.0000000000
135016  15.882  73.866  -28.709 0.0000000000
135017  14.826  74.218  -28.332 0.0000000000
135018  13.808  74.842  -27.811 0.0000000000
135019  12.764  74.830  -27.059 0.0000000000
135020  12.206  74.914  -27.628 0.0000000000
135021  22.272  74.487  -28.010 0.0000000000
135022  21.788  74.476  -28.464 0.0000000000
135023  21.167  74.609  -28.945 0.0000000000
135024  17.486  74.642  -29.087 0.0000000000
135025  16.470  74.548  -29.291 0.0000000000
135026  15.350  74.747  -29.123 0.0000000000
135027  14.441  75.101  -28.641 0.0000000000
135028  13.969  75.344  -28.310 0.0000000000
135029  12.150  75.062  -28.840 0.0000000000
135030  12.017  74.720  -29.402 0.0000000000
135034  20.459  74.679  -29.444 0.0000000000
135035  19.738  74.739  -29.903 0.0000000000
135036  19.069  74.442  -30.114 0.0000000000
135037  11.947  75.192  -29.621 0.0000000000
135038  11.650  74.757  -30.083 0.0000000000
135043  19.244  75.072  -30.224 0.0000000000
135044  18.604  74.809  -30.296 0.0000000000
135045  17.727  74.848  -30.358 0.0000000000
135055  17.090  75.163  -30.427 0.0000000000
135056  16.550  74.996  -30.632 0.0000000000
135057  15.740  75.222  -30.864 0.0000000000
135058  14.691  75.263  -31.000 0.0000000000
135102  18.634  76.160  -12.633 0.0000000000
135103  17.808  75.954  -12.561 0.0000000000
135104  17.025  75.724  -12.699 0.0000000000
135105  16.206  75.244  -12.652 0.0000000000
135106  15.894  75.022  -12.587 0.0000000000
135107  26.504  75.028  -13.869 0.0000000000
135108  25.663  75.446  -13.861 0.0000000000
135109  24.535  76.036  -13.757 0.0000000000
135110  23.365  76.057  -13.605 0.0000000000
135111  22.210  76.085  -13.568 0.0000000000
135112  21.021  76.159  -13.500 0.0000000000
135113  19.941  76.255  -13.075 0.0000000000
135114  19.270  76.277  -12.781 0.0000000000
135115  17.901  76.208  -13.237 0.0000000000
135116  17.064  75.760  -13.177 0.0000000000
135117  16.312  75.447  -12.756 0.0000000000
135118  16.025  75.234  -12.722 0.0000000000
135119  26.589  74.989  -14.098 0.0000000000
135120  25.967  75.280  -14.273 0.0000000000
135121  25.186  76.001  -14.186 0.0000000000
135122  19.082  76.031  -14.544 0.0000000000
135123  18.307  75.730  -13.777 0.0000000000
135124  17.714  75.703  -13.452 0.0000000000
135125  25.603  75.069  -14.742 0.0000000000
135126  25.019  75.647  -14.856 0.0000000000
135127  24.009  75.778  -15.314 0.0000000000
135128  23.178  75.680  -15.678 0.0000000000
135129  19.550  76.129  -15.644 0.0000000000
135130  22.462  75.676  -16.181 0.0000000000
135131  21.758  75.693  -16.633 0.0000000000
135132  19.559  76.187  -16.737 0.0000000000
135133  21.232  75.811  -17.226 0.0000000000
135134  20.795  76.084  -18.026 0.0000000000
135135  19.247  76.163  -17.715 0.0000000000
135136  20.268  76.159  -18.905 0.0000000000
135137  18.769  76.100  -18.527 0.0000000000
135138  18.190  75.996  -19.226 0.0000000000
135139  31.152  75.238  -20.441 0.0000000000
135140  30.114  75.766  -20.279 0.0000000000
135141  29.174  75.656  -20.026 0.0000000000
135142  28.323  75.445  -20.320 0.0000000000
135143  27.485  75.357  -20.549 0.0000000000
135144  27.255  75.705  -20.683 0.0000000000
135145  19.653  76.055  -19.686 0.0000000000
135146  19.134  75.841  -20.384 0.0000000000
135147  17.620  75.825  -19.742 0.0000000000
135148  17.308  75.724  -20.164 0.0000000000
135149  31.237  75.421  -21.137 0.0000000000
135150  30.598  75.866  -20.831 0.0000000000
135151  27.045  75.060  -20.616 0.0000000000
135152  26.869  75.570  -20.839 0.0000000000
135153  18.499  75.619  -20.865 0.0000000000
135154  17.796  75.911  -20.860 0.0000000000
135155  17.434  75.604  -20.674 0.0000000000
135156  31.208  75.375  -21.930 0.0000000000
135157  30.702  75.722  -21.415 0.0000000000
135158  26.252  75.624  -21.778 0.0000000000
135159  25.577  75.177  -22.104 0.0000000000
135160  18.310  75.125  -21.152 0.0000000000
135161  17.877  75.361  -21.096 0.0000000000
135162  17.553  75.519  -20.951 0.0000000000
135163  31.030  75.129  -22.359 0.0000000000
135164  30.423  75.368  -21.905 0.0000000000
135165  29.340  75.312  -21.609 0.0000000000
135166  28.194  75.370  -21.641 0.0000000000
135167  27.040  75.481  -22.517 0.0000000000
135168  26.238  75.673  -22.830 0.0000000000
135169  25.521  75.312  -22.875 0.0000000000
135170  25.143  74.869  -23.137 0.0000000000
135171  26.605  75.060  -23.324 0.0000000000
135172  26.126  75.295  -23.881 0.0000000000
135173  25.372  75.535  -23.924 0.0000000000
135174  24.553  75.212  -23.818 0.0000000000
135175  23.978  74.890  -24.220 0.0000000000
135176  25.777  75.015  -24.640 0.0000000000
135177  25.309  75.348  -24.998 0.0000000000
135178  24.459  75.572  -24.933 0.0000000000
135179  23.521  75.172  -24.914 0.0000000000
135180  22.982  74.814  -25.442 0.0000000000
135181  25.034  75.183  -25.613 0.0000000000
135182  24.513  75.400  -25.918 0.0000000000
135183  23.494  75.494  -25.923 0.0000000000
135184  22.520  75.066  -26.118 0.0000000000
135185  21.430  74.838  -26.642 0.0000000000
135186  20.910  74.612  -26.709 0.0000000000
135187  24.210  75.080  -26.437 0.0000000000
135188  23.444  75.157  -26.718 0.0000000000
135189  22.482  75.379  -26.866 0.0000000000
135190  21.487  75.418  -27.041 0.0000000000
135191  20.525  74.991  -27.136 0.0000000000
135192  19.849  74.755  -27.366 0.0000000000
135193  23.067  74.951  -27.333 0.0000000000
135194  22.428  75.083  -27.620 0.0000000000
135195  21.506  75.345  -27.758 0.0000000000
135196  20.526  75.420  -27.938 0.0000000000
135197  19.462  75.192  -27.951 0.0000000000
135198  18.782  74.924  -28.331 0.0000000000
135199  13.609  75.523  -28.186 0.0000000000
135200  13.088  75.526  -27.803 0.0000000000
135201  12.641  75.282  -27.694 0.0000000000
135202  22.057  74.861  -28.147 0.0000000000
135203  21.618  75.050  -28.334 0.0000000000
135204  20.560  75.316  -28.871 0.0000000000
135205  19.508  75.601  -28.927 0.0000000000
135206  18.356  75.336  -29.032 0.0000000000
135207  17.032  75.215  -29.717 0.0000000000
135208  15.894  75.397  -29.679 0.0000000000
135209  14.798  75.766  -29.413 0.0000000000
135210  13.952  75.748  -28.769 0.0000000000
135211  13.268  75.862  -28.489 0.0000000000
135212  12.653  75.662  -28.531 0.0000000000
135213  20.091  75.196  -29.577 0.0000000000
135214  19.480  75.552  -29.858 0.0000000000
135215  18.486  75.715  -29.782 0.0000000000
135216  17.370  75.744  -29.945 0.0000000000
135217  16.059  75.859  -29.988 0.0000000000
135218  15.444  76.103  -29.903 0.0000000000
135219  12.029  75.847  -29.744 0.0000000000
135220  11.759  75.339  -29.990 0.0000000000
135221  19.023  75.359  -30.277 0.0000000000
135222  18.522  75.491  -30.252 0.0000000000
135223  17.409  75.635  -30.307 0.0000000000
135224  16.427  75.917  -30.383 0.0000000000
135225  15.595  76.108  -30.341 0.0000000000
135226  11.679  75.995  -30.780 0.0000000000
135227  11.461  75.380  -30.462 0.0000000000
135228  17.028  75.448  -30.580 0.0000000000
135229  16.428  75.608  -30.585 0.0000000000
135230  15.311  75.951  -30.815 0.0000000000
135231  14.006  75.958  -31.240 0.0000000000
135232  12.807  75.718  -31.337 0.0000000000
135233  11.658  75.401  -31.516 0.0000000000
135234  10.992  75.364  -31.195 0.0000000000
135251  18.515  76.581  -12.834 0.0000000000
135252  18.045  76.368  -12.712 0.0000000000
135253  17.652  76.116  -12.679 0.0000000000
135254  24.120  76.424  -13.980 0.0000000000
135255  23.548  76.432  -13.891 0.0000000000
135256  22.513  76.564  -13.801 0.0000000000
135257  21.338  76.892  -13.555 0.0000000000
135258  20.404  76.975  -13.214 0.0000000000
135259  19.277  76.932  -13.145 0.0000000000
135260  18.292  76.599  -12.969 0.0000000000
135261  17.618  76.260  -12.840 0.0000000000
135262  24.469  76.278  -14.206 0.0000000000
135263  23.727  76.464  -14.319 0.0000000000
135264  22.782  76.707  -14.209 0.0000000000
135265  21.810  77.056  -13.953 0.0000000000
135266  19.432  77.145  -14.134 0.0000000000
135267  18.765  76.455  -13.492 0.0000000000
135268  24.763  76.112  -14.492 0.0000000000
135269  24.216  76.199  -14.735 0.0000000000
135270  23.024  76.383  -15.074 0.0000000000
135271  21.887  76.927  -14.674 0.0000000000
135272  19.633  77.135  -15.231 0.0000000000
135273  22.586  76.162  -15.724 0.0000000000
135274  21.627  76.738  -15.908 0.0000000000
135275  20.738  77.424  -16.329 0.0000000000
135276  19.549  77.278  -16.346 0.0000000000
135277  21.344  76.344  -16.723 0.0000000000
135278  20.743  76.980  -17.120 0.0000000000
135279  19.352  77.187  -17.403 0.0000000000
135280  20.345  77.180  -18.371 0.0000000000
135281  18.877  77.043  -18.271 0.0000000000
135282  18.312  76.916  -18.952 0.0000000000
135283  29.601  76.252  -20.428 0.0000000000
135284  29.196  76.267  -20.247 0.0000000000
135285  28.486  76.119  -20.321 0.0000000000
135286  27.834  75.892  -20.533 0.0000000000
135287  27.487  75.770  -20.623 0.0000000000
135288  19.736  77.120  -19.228 0.0000000000
135289  18.877  76.890  -19.987 0.0000000000
135290  17.941  76.666  -19.805 0.0000000000
135291  17.492  76.224  -20.021 0.0000000000
135292  29.889  76.241  -20.724 0.0000000000
135293  29.240  76.498  -20.684 0.0000000000
135294  28.540  76.446  -20.674 0.0000000000
135295  27.860  76.283  -20.739 0.0000000000
135296  27.388  75.979  -20.740 0.0000000000
135297  18.650  76.248  -20.440 0.0000000000
135298  18.186  76.362  -20.451 0.0000000000
135299  17.634  76.174  -20.364 0.0000000000
135300  30.175  76.098  -21.178 0.0000000000
135301  29.474  76.345  -21.137 0.0000000000
135302  28.656  76.461  -21.127 0.0000000000
135303  27.845  76.410  -21.163 0.0000000000
135304  27.161  76.200  -21.155 0.0000000000
135305  30.298  75.798  -21.476 0.0000000000
135306  29.803  75.894  -21.460 0.0000000000
135307  28.915  76.023  -21.424 0.0000000000
135308  27.924  76.073  -21.538 0.0000000000
135309  27.072  76.089  -21.819 0.0000000000
135310  14.471  76.281  -29.643 0.0000000000
135311  14.094  76.225  -29.385 0.0000000000
135312  13.474  76.181  -29.088 0.0000000000
135313  13.031  76.106  -28.859 0.0000000000
135314  14.783  76.379  -29.861 0.0000000000
135315  14.190  76.553  -29.834 0.0000000000
135316  13.641  76.497  -29.608 0.0000000000
135317  12.924  76.346  -29.491 0.0000000000
135318  15.082  76.348  -30.194 0.0000000000
135319  14.491  76.532  -30.270 0.0000000000
135320  13.582  76.700  -30.253 0.0000000000
135321  12.504  76.542  -30.449 0.0000000000
135322  14.960  76.303  -30.528 0.0000000000
135323  14.280  76.455  -30.803 0.0000000000
135324  13.206  76.518  -31.024 0.0000000000
135325  12.276  76.268  -31.122 0.0000000000
135326  20.992  77.145  -13.546 0.0000000000
135327  20.711  77.264  -13.517 0.0000000000
135328  20.141  77.461  -13.402 0.0000000000
135329  21.082  77.297  -13.721 0.0000000000
135330  20.553  77.612  -13.804 0.0000000000
135331  19.883  77.697  -13.892 0.0000000000
135332  21.159  77.438  -14.220 0.0000000000
135333  20.486  77.736  -14.519 0.0000000000
135334  19.931  77.681  -14.859 0.0000000000
135335  21.128  77.393  -14.970 0.0000000000
135336  20.509  77.663  -15.603 0.0000000000
135337  19.869  77.840  -15.987 0.0000000000
135338  20.236  77.890  -16.667 0.0000000000
135339  19.738  77.844  -17.085 0.0000000000
135340  20.057  77.869  -17.730 0.0000000000
135341  19.337  77.682  -18.171 0.0000000000
135342  18.738  77.466  -18.787 0.0000000000
135343  19.714  77.583  -18.555 0.0000000000
135344  19.146  77.566  -19.114 0.0000000000
135345  18.543  77.259  -19.363 0.0000000000
