#!ascii label  , from subject Broad_82_YZ vox2ras=TkReg
285
38563  5.403  -30.573  -4.919 0.0000000000
38564  5.142  -31.229  -4.666 0.0000000000
38565  4.806  -31.259  -4.435 0.0000000000
38574  5.204  -30.304  -5.394 0.0000000000
38575  5.035  -30.714  -5.164 0.0000000000
38576  4.936  -31.067  -4.903 0.0000000000
39708  6.029  -29.101  1.071 0.0000000000
39709  5.304  -29.573  0.210 0.0000000000
39710  4.576  -30.028  -0.594 0.0000000000
39725  4.910  -29.337  -0.775 0.0000000000
39726  4.433  -29.967  -1.482 0.0000000000
39740  4.384  -30.191  -2.540 0.0000000000
39751  4.456  -30.173  -3.354 0.0000000000
39760  6.104  -30.021  -4.346 0.0000000000
39761  4.599  -30.492  -4.154 0.0000000000
39772  5.714  -29.646  -5.422 0.0000000000
39773  5.298  -29.758  -5.141 0.0000000000
39774  4.794  -30.613  -4.914 0.0000000000
39784  5.916  -29.030  -6.162 0.0000000000
39785  5.402  -29.236  -6.031 0.0000000000
39794  5.860  -28.762  -6.248 0.0000000000
39795  5.629  -28.955  -6.211 0.0000000000
41001  6.092  -28.291  0.215 0.0000000000
41002  5.422  -28.927  -0.386 0.0000000000
41014  5.818  -27.850  -0.459 0.0000000000
41015  5.254  -28.415  -0.986 0.0000000000
41016  4.780  -29.219  -1.303 0.0000000000
41030  5.030  -28.405  -2.115 0.0000000000
41031  4.677  -29.224  -1.890 0.0000000000
41041  8.546  -28.257  -2.671 0.0000000000
41042  7.519  -28.536  -2.487 0.0000000000
41044  4.792  -28.469  -3.084 0.0000000000
41045  4.477  -29.281  -2.799 0.0000000000
41053  9.636  -28.727  -3.678 0.0000000000
41054  8.674  -28.333  -3.657 0.0000000000
41055  7.716  -28.362  -3.713 0.0000000000
41056  6.788  -29.173  -3.432 0.0000000000
41057  4.758  -28.698  -4.092 0.0000000000
41058  4.462  -29.468  -3.734 0.0000000000
41067  9.858  -29.007  -4.557 0.0000000000
41068  8.751  -28.476  -4.547 0.0000000000
41069  7.692  -28.509  -4.803 0.0000000000
41070  6.745  -29.077  -4.626 0.0000000000
41071  4.878  -28.926  -5.059 0.0000000000
41072  4.614  -29.721  -4.677 0.0000000000
41083  10.134  -28.856  -5.249 0.0000000000
41084  9.179  -28.616  -5.476 0.0000000000
41085  8.079  -28.536  -5.664 0.0000000000
41086  6.836  -28.829  -5.771 0.0000000000
41087  5.133  -28.864  -5.811 0.0000000000
41098  10.331  -28.437  -5.707 0.0000000000
41099  9.590  -28.425  -6.060 0.0000000000
41100  8.544  -28.450  -6.462 0.0000000000
41101  7.535  -28.451  -6.544 0.0000000000
41102  6.500  -28.302  -6.556 0.0000000000
41103  5.666  -28.610  -6.186 0.0000000000
41115  8.018  -28.342  -7.114 0.0000000000
41116  7.385  -28.070  -7.190 0.0000000000
41117  6.967  -27.801  -7.100 0.0000000000
42243  6.545  -27.203  0.457 0.0000000000
42249  6.189  -27.346  -0.200 0.0000000000
42250  5.833  -27.410  -0.751 0.0000000000
42256  5.566  -27.495  -1.459 0.0000000000
42261  5.377  -27.570  -2.366 0.0000000000
42266  8.375  -28.227  -3.896 0.0000000000
42267  8.192  -28.203  -3.848 0.0000000000
42268  5.691  -27.372  -3.947 0.0000000000
42269  5.364  -27.666  -3.373 0.0000000000
42279  8.515  -28.303  -4.090 0.0000000000
42280  8.209  -28.244  -4.168 0.0000000000
42281  5.667  -27.452  -4.699 0.0000000000
42282  5.224  -28.060  -4.425 0.0000000000
42297  11.322  -28.157  -5.554 0.0000000000
42298  10.716  -28.259  -5.673 0.0000000000
42299  5.796  -27.491  -5.524 0.0000000000
42300  5.238  -28.156  -5.317 0.0000000000
42312  11.742  -27.474  -6.056 0.0000000000
42313  10.377  -27.581  -6.383 0.0000000000
42314  9.058  -27.943  -6.812 0.0000000000
42315  8.442  -28.179  -7.043 0.0000000000
42316  6.125  -27.628  -6.297 0.0000000000
42317  5.450  -28.153  -5.944 0.0000000000
42330  10.000  -26.903  -7.190 0.0000000000
42331  9.346  -27.239  -7.362 0.0000000000
42332  8.283  -27.615  -7.503 0.0000000000
42333  7.421  -27.305  -7.389 0.0000000000
42334  6.751  -27.361  -7.016 0.0000000000
42365  13.271  -27.018  -10.454 0.0000000000
42378  13.136  -27.019  -11.372 0.0000000000
42389  13.620  -27.208  -11.885 0.0000000000
42390  12.996  -26.961  -12.229 0.0000000000
42397  14.041  -26.960  -12.353 0.0000000000
42398  13.454  -26.886  -12.559 0.0000000000
42399  13.040  -26.818  -12.683 0.0000000000
43351  6.383  -26.392  0.176 0.0000000000
43352  6.288  -25.998  -0.201 0.0000000000
43355  6.164  -26.915  -0.436 0.0000000000
43356  6.134  -26.574  -0.765 0.0000000000
43358  5.903  -26.727  -1.665 0.0000000000
43362  5.729  -26.733  -2.489 0.0000000000
43371  6.044  -26.828  -4.086 0.0000000000
43372  5.841  -26.580  -3.314 0.0000000000
43385  6.209  -26.692  -4.831 0.0000000000
43397  6.403  -26.663  -5.786 0.0000000000
43404  12.766  -27.088  -6.722 0.0000000000
43405  12.214  -27.002  -6.667 0.0000000000
43406  11.370  -26.926  -6.677 0.0000000000
43407  6.747  -26.565  -6.669 0.0000000000
43416  12.740  -26.891  -7.260 0.0000000000
43417  11.907  -26.571  -7.341 0.0000000000
43418  10.753  -26.521  -7.346 0.0000000000
43419  9.803  -26.558  -7.904 0.0000000000
43420  8.921  -26.656  -8.161 0.0000000000
43421  8.121  -26.365  -7.970 0.0000000000
43422  7.281  -26.346  -7.424 0.0000000000
43433  12.741  -26.566  -8.281 0.0000000000
43434  11.611  -26.121  -8.130 0.0000000000
43435  10.556  -25.977  -8.469 0.0000000000
43436  9.558  -26.096  -8.806 0.0000000000
43437  8.731  -25.844  -9.064 0.0000000000
43438  8.181  -25.495  -8.686 0.0000000000
43456  13.352  -26.752  -8.988 0.0000000000
43457  12.811  -26.432  -9.551 0.0000000000
43458  10.139  -25.658  -9.183 0.0000000000
43459  9.492  -25.489  -9.553 0.0000000000
43460  8.919  -25.199  -9.803 0.0000000000
43477  12.704  -26.356  -10.775 0.0000000000
43490  12.617  -26.385  -11.812 0.0000000000
43498  14.070  -26.390  -13.083 0.0000000000
43499  13.196  -26.611  -13.044 0.0000000000
43500  12.742  -26.382  -12.748 0.0000000000
43508  13.829  -26.063  -13.669 0.0000000000
43509  13.332  -26.174  -13.523 0.0000000000
43510  12.903  -26.227  -13.265 0.0000000000
44341  6.419  -25.481  0.286 0.0000000000
44342  6.331  -25.693  -0.431 0.0000000000
44348  6.303  -25.985  -1.063 0.0000000000
44355  6.438  -25.595  -2.067 0.0000000000
44356  6.247  -26.006  -1.766 0.0000000000
44364  6.477  -25.469  -2.730 0.0000000000
44365  6.082  -26.034  -2.552 0.0000000000
44381  6.293  -25.706  -3.852 0.0000000000
44382  6.105  -25.919  -3.087 0.0000000000
44399  6.555  -25.644  -5.161 0.0000000000
44410  6.845  -25.703  -6.185 0.0000000000
44417  7.587  -25.237  -7.388 0.0000000000
44418  7.360  -25.583  -7.077 0.0000000000
44426  7.671  -25.324  -7.880 0.0000000000
44427  7.446  -25.777  -7.471 0.0000000000
44436  12.206  -26.005  -8.801 0.0000000000
44437  11.449  -25.747  -8.908 0.0000000000
44438  10.786  -25.554  -9.189 0.0000000000
44439  8.441  -24.898  -9.464 0.0000000000
44440  8.157  -24.852  -8.704 0.0000000000
44451  12.063  -25.753  -9.386 0.0000000000
44452  11.382  -25.401  -9.661 0.0000000000
44453  10.410  -25.151  -9.835 0.0000000000
44454  9.484  -24.769  -10.293 0.0000000000
44455  8.819  -24.638  -10.102 0.0000000000
44469  12.136  -25.656  -10.188 0.0000000000
44470  11.238  -24.918  -10.644 0.0000000000
44471  10.278  -24.694  -10.563 0.0000000000
44472  9.789  -24.456  -10.726 0.0000000000
44484  12.177  -25.555  -11.251 0.0000000000
44485  11.495  -24.939  -11.822 0.0000000000
44496  12.222  -25.613  -12.355 0.0000000000
44497  11.770  -24.903  -12.839 0.0000000000
44505  14.336  -25.715  -13.908 0.0000000000
44506  13.542  -25.752  -14.067 0.0000000000
44507  12.564  -25.434  -13.609 0.0000000000
44508  11.972  -24.851  -13.407 0.0000000000
44518  14.765  -25.194  -14.384 0.0000000000
44519  14.060  -25.220  -14.694 0.0000000000
44520  13.195  -25.217  -14.481 0.0000000000
44521  12.717  -24.963  -14.367 0.0000000000
44531  14.669  -24.924  -14.799 0.0000000000
44532  14.429  -24.802  -15.015 0.0000000000
45384  7.338  -24.545  -0.151 0.0000000000
45385  6.572  -24.896  -0.051 0.0000000000
45386  6.381  -25.447  -0.664 0.0000000000
45396  7.732  -24.650  -0.927 0.0000000000
45397  6.795  -24.886  -0.927 0.0000000000
45398  6.424  -25.390  -1.009 0.0000000000
45410  7.066  -25.097  -1.847 0.0000000000
45411  6.525  -25.364  -1.515 0.0000000000
45431  7.471  -24.831  -3.072 0.0000000000
45456  7.298  -24.858  -4.508 0.0000000000
45481  7.319  -24.964  -5.653 0.0000000000
45491  8.156  -24.635  -6.148 0.0000000000
45492  7.474  -25.143  -6.526 0.0000000000
45499  7.901  -24.745  -7.096 0.0000000000
45500  7.568  -25.197  -6.908 0.0000000000
45507  7.991  -24.458  -7.782 0.0000000000
45516  8.468  -24.057  -9.025 0.0000000000
45517  8.162  -24.353  -8.290 0.0000000000
45529  9.023  -24.289  -10.403 0.0000000000
45530  8.755  -23.845  -10.015 0.0000000000
45545  10.610  -24.586  -10.890 0.0000000000
45546  10.128  -24.339  -11.031 0.0000000000
45547  9.444  -23.818  -10.793 0.0000000000
45548  9.150  -23.392  -10.359 0.0000000000
45556  10.740  -24.454  -11.388 0.0000000000
45557  10.229  -23.735  -11.464 0.0000000000
45558  9.830  -23.387  -11.135 0.0000000000
45561  10.942  -24.089  -12.359 0.0000000000
45562  10.479  -23.516  -12.012 0.0000000000
45567  12.043  -24.659  -13.753 0.0000000000
45568  11.637  -24.262  -13.336 0.0000000000
45572  15.141  -24.863  -14.621 0.0000000000
45573  13.491  -24.793  -14.958 0.0000000000
45574  12.922  -24.649  -14.802 0.0000000000
45575  12.331  -24.317  -14.383 0.0000000000
45576  11.879  -24.243  -13.886 0.0000000000
45578  15.940  -24.564  -15.511 0.0000000000
45579  14.964  -24.512  -15.254 0.0000000000
45580  14.048  -24.579  -15.330 0.0000000000
45581  13.259  -24.136  -15.375 0.0000000000
45582  12.719  -24.201  -15.012 0.0000000000
45593  16.422  -24.538  -16.199 0.0000000000
45594  15.346  -24.073  -16.312 0.0000000000
45595  14.369  -24.022  -15.888 0.0000000000
45596  13.806  -24.073  -15.688 0.0000000000
45613  16.620  -23.998  -16.805 0.0000000000
45614  16.000  -24.083  -16.665 0.0000000000
46476  7.143  -24.452  0.422 0.0000000000
46577  8.497  -23.960  -7.524 0.0000000000
46587  8.273  -23.992  -7.960 0.0000000000
46607  9.397  -23.050  -10.501 0.0000000000
46620  10.044  -23.159  -11.284 0.0000000000
46621  9.990  -22.844  -10.693 0.0000000000
46622  9.751  -22.799  -10.218 0.0000000000
46630  10.729  -23.105  -12.356 0.0000000000
46631  10.379  -23.011  -11.627 0.0000000000
46632  10.250  -22.869  -11.149 0.0000000000
46637  11.281  -23.356  -13.051 0.0000000000
46641  12.157  -23.314  -14.548 0.0000000000
46642  11.759  -23.560  -13.895 0.0000000000
46645  13.119  -23.551  -15.587 0.0000000000
46646  12.624  -23.496  -15.213 0.0000000000
46653  15.050  -23.674  -16.932 0.0000000000
46654  14.482  -23.467  -16.679 0.0000000000
46655  13.624  -23.439  -16.012 0.0000000000
46656  13.006  -23.139  -15.749 0.0000000000
46671  16.807  -23.448  -17.537 0.0000000000
46672  15.671  -23.544  -17.209 0.0000000000
46673  14.874  -23.254  -17.183 0.0000000000
46694  17.235  -23.128  -18.065 0.0000000000
47713  11.419  -22.468  -12.549 0.0000000000
47714  11.130  -22.482  -11.650 0.0000000000
47715  10.840  -22.569  -10.794 0.0000000000
47725  11.640  -22.583  -13.468 0.0000000000
47736  12.335  -22.486  -14.883 0.0000000000
47737  11.939  -22.654  -14.217 0.0000000000
47749  12.791  -22.558  -15.557 0.0000000000
47764  14.505  -22.939  -17.146 0.0000000000
47765  13.977  -22.492  -16.831 0.0000000000
47766  13.218  -22.554  -16.087 0.0000000000
47782  16.757  -22.968  -18.069 0.0000000000
47783  16.102  -22.805  -17.922 0.0000000000
47784  14.815  -22.449  -17.738 0.0000000000
47785  14.165  -21.983  -17.436 0.0000000000
47806  16.905  -22.465  -18.756 0.0000000000
47807  15.647  -22.207  -18.459 0.0000000000
47808  15.040  -21.976  -18.401 0.0000000000
47836  17.113  -21.916  -19.406 0.0000000000
48861  12.823  -21.482  -13.138 0.0000000000
48862  12.235  -21.757  -12.850 0.0000000000
48863  12.052  -21.902  -11.626 0.0000000000
48868  11.948  -21.929  -13.933 0.0000000000
48871  12.387  -21.737  -14.522 0.0000000000
48872  12.071  -22.151  -14.424 0.0000000000
48876  13.322  -21.455  -15.731 0.0000000000
48877  12.973  -21.678  -15.359 0.0000000000
48885  13.458  -21.648  -16.180 0.0000000000
48886  13.029  -22.081  -15.828 0.0000000000
48896  14.268  -21.502  -17.808 0.0000000000
48897  14.043  -21.477  -17.123 0.0000000000
48908  15.965  -21.795  -18.996 0.0000000000
48909  15.273  -21.630  -18.783 0.0000000000
48910  14.706  -21.452  -18.368 0.0000000000
49995  13.329  -21.210  -13.443 0.0000000000
49999  13.135  -21.238  -14.515 0.0000000000
50003  13.599  -21.050  -15.731 0.0000000000
50004  13.315  -21.197  -15.142 0.0000000000
50009  14.080  -20.701  -16.747 0.0000000000
