#!ascii label  , from subject Broad_82_YZ vox2ras=TkReg
1489
49183  10.936  -20.156  47.773 0.0000000000
49184  10.771  -20.121  47.953 0.0000000000
49190  10.780  -20.336  47.207 0.0000000000
49199  10.801  -20.420  46.364 0.0000000000
49207  10.836  -20.407  45.361 0.0000000000
49214  10.958  -20.379  44.303 0.0000000000
50299  14.260  -17.147  50.508 0.0000000000
50300  13.907  -17.281  50.574 0.0000000000
50301  13.410  -17.616  50.529 0.0000000000
50302  12.856  -18.001  50.553 0.0000000000
50303  14.829  -17.581  50.306 0.0000000000
50304  14.422  -17.563  50.449 0.0000000000
50305  13.902  -17.939  50.486 0.0000000000
50306  13.146  -18.008  50.311 0.0000000000
50307  12.983  -17.872  50.465 0.0000000000
50308  14.915  -17.723  50.202 0.0000000000
50309  14.495  -18.015  50.273 0.0000000000
50310  13.807  -18.205  50.276 0.0000000000
50311  13.408  -18.174  50.204 0.0000000000
50315  12.823  -18.563  49.334 0.0000000000
50316  12.519  -18.686  49.173 0.0000000000
50317  12.058  -18.984  48.967 0.0000000000
50325  12.814  -18.770  49.067 0.0000000000
50326  12.304  -19.108  48.739 0.0000000000
50327  11.470  -19.586  48.350 0.0000000000
50328  10.566  -19.828  47.980 0.0000000000
50338  12.770  -18.900  48.591 0.0000000000
50339  12.284  -19.372  48.129 0.0000000000
50340  11.444  -19.842  47.713 0.0000000000
50350  11.964  -19.467  47.497 0.0000000000
50351  11.319  -19.824  46.972 0.0000000000
50361  11.792  -19.244  46.798 0.0000000000
50362  11.377  -19.598  45.977 0.0000000000
50372  11.257  -19.675  44.858 0.0000000000
50382  11.367  -19.636  43.786 0.0000000000
50390  12.043  -19.364  42.065 0.0000000000
50391  11.589  -19.733  42.761 0.0000000000
51464  15.036  -17.134  50.223 0.0000000000
51465  14.526  -17.068  50.418 0.0000000000
51466  13.968  -16.869  50.554 0.0000000000
51467  13.466  -16.993  50.651 0.0000000000
51468  12.964  -17.429  50.510 0.0000000000
51469  17.602  -17.387  48.941 0.0000000000
51470  14.792  -17.337  50.341 0.0000000000
51471  12.924  -17.910  50.199 0.0000000000
51472  12.845  -17.594  50.332 0.0000000000
51478  18.912  -17.056  48.552 0.0000000000
51479  18.161  -17.303  48.712 0.0000000000
51480  14.443  -18.283  49.911 0.0000000000
51481  13.650  -18.352  49.951 0.0000000000
51482  13.126  -18.172  50.029 0.0000000000
51483  12.787  -17.859  49.974 0.0000000000
51484  12.525  -17.774  49.728 0.0000000000
51491  19.410  -16.875  48.234 0.0000000000
51492  18.542  -17.151  48.276 0.0000000000
51493  15.156  -18.239  49.278 0.0000000000
51494  14.038  -18.480  49.423 0.0000000000
51495  13.219  -18.498  49.509 0.0000000000
51496  12.818  -18.332  49.578 0.0000000000
51497  12.357  -18.243  49.334 0.0000000000
51508  19.061  -16.948  47.910 0.0000000000
51509  18.320  -17.181  47.936 0.0000000000
51510  17.267  -17.439  48.141 0.0000000000
51511  15.738  -18.022  48.498 0.0000000000
51512  14.422  -18.408  48.705 0.0000000000
51513  13.413  -18.651  48.909 0.0000000000
51514  11.716  -18.781  48.817 0.0000000000
51515  11.058  -19.041  48.458 0.0000000000
51516  10.442  -18.962  48.075 0.0000000000
51527  16.700  -17.588  47.537 0.0000000000
51528  16.025  -17.827  47.732 0.0000000000
51529  14.845  -18.128  47.930 0.0000000000
51530  13.291  -18.522  47.908 0.0000000000
51531  12.451  -19.109  47.767 0.0000000000
51540  12.829  -18.181  46.753 0.0000000000
51541  12.341  -18.802  47.214 0.0000000000
51551  12.686  -18.081  46.235 0.0000000000
51552  12.192  -18.533  46.094 0.0000000000
51553  11.626  -19.031  45.292 0.0000000000
51562  11.927  -18.368  45.023 0.0000000000
51563  11.616  -19.017  44.437 0.0000000000
51571  11.964  -18.375  44.024 0.0000000000
51572  11.639  -18.982  43.656 0.0000000000
51580  11.820  -18.647  42.832 0.0000000000
51581  11.555  -19.253  43.237 0.0000000000
51589  12.860  -18.344  41.252 0.0000000000
51590  12.489  -18.716  41.624 0.0000000000
52656  13.109  -15.925  50.893 0.0000000000
52657  13.036  -16.138  50.837 0.0000000000
52658  12.888  -16.328  50.796 0.0000000000
52659  14.978  -16.867  50.138 0.0000000000
52660  14.391  -16.408  50.202 0.0000000000
52661  13.427  -16.316  50.628 0.0000000000
52662  13.093  -16.702  50.721 0.0000000000
52663  12.752  -16.823  50.614 0.0000000000
52664  12.314  -16.667  50.452 0.0000000000
52665  11.921  -16.575  50.336 0.0000000000
52668  18.617  -16.828  49.149 0.0000000000
52669  17.575  -17.063  49.153 0.0000000000
52670  14.652  -15.903  49.824 0.0000000000
52671  12.635  -17.283  50.272 0.0000000000
52672  12.126  -16.985  49.993 0.0000000000
52673  11.791  -16.751  50.005 0.0000000000
52674  11.257  -16.408  49.985 0.0000000000
52675  10.744  -16.184  49.930 0.0000000000
52681  20.251  -16.669  48.823 0.0000000000
52682  19.047  -16.912  49.027 0.0000000000
52683  18.129  -17.249  49.037 0.0000000000
52684  12.516  -17.498  49.951 0.0000000000
52685  12.149  -17.413  49.590 0.0000000000
52686  11.603  -16.813  49.587 0.0000000000
52687  11.000  -16.443  49.616 0.0000000000
52688  10.431  -16.223  49.692 0.0000000000
52693  19.826  -16.784  48.456 0.0000000000
52694  19.302  -16.911  48.527 0.0000000000
52695  11.821  -17.944  48.990 0.0000000000
52696  11.365  -17.843  48.692 0.0000000000
52707  17.951  -17.310  47.605 0.0000000000
52708  11.401  -18.414  48.663 0.0000000000
52709  10.849  -18.142  48.430 0.0000000000
52710  10.201  -17.942  48.046 0.0000000000
52723  17.270  -17.446  47.184 0.0000000000
52724  16.294  -17.633  47.036 0.0000000000
52725  15.254  -17.723  47.171 0.0000000000
52726  14.232  -17.816  47.400 0.0000000000
52727  9.724  -17.593  47.735 0.0000000000
52739  16.813  -17.340  46.405 0.0000000000
52740  15.692  -17.239  46.274 0.0000000000
52741  14.403  -17.412  46.565 0.0000000000
52742  13.538  -17.825  46.959 0.0000000000
52754  15.801  -16.751  45.528 0.0000000000
52755  14.653  -16.722  45.359 0.0000000000
52756  13.173  -17.670  45.844 0.0000000000
52757  12.354  -17.969  45.467 0.0000000000
52770  14.350  -16.537  44.454 0.0000000000
52771  13.468  -16.891  44.256 0.0000000000
52772  12.479  -17.714  44.708 0.0000000000
52780  13.185  -17.168  42.893 0.0000000000
52781  12.492  -17.681  43.507 0.0000000000
52790  13.118  -17.456  41.928 0.0000000000
52791  12.581  -17.896  42.370 0.0000000000
52800  12.809  -18.038  41.630 0.0000000000
53969  13.200  -15.664  50.998 0.0000000000
53970  13.036  -15.599  51.164 0.0000000000
53971  12.733  -15.719  51.077 0.0000000000
53972  12.394  -15.707  51.026 0.0000000000
53973  14.089  -15.543  50.119 0.0000000000
53974  13.633  -15.674  50.543 0.0000000000
53975  12.679  -16.096  50.818 0.0000000000
53976  12.336  -16.128  50.755 0.0000000000
53977  11.812  -16.028  50.690 0.0000000000
53978  11.213  -15.750  50.549 0.0000000000
53979  10.827  -15.765  50.315 0.0000000000
53983  20.440  -16.224  49.380 0.0000000000
53984  19.165  -16.475  49.265 0.0000000000
53985  14.462  -15.374  49.918 0.0000000000
53986  11.484  -16.271  50.334 0.0000000000
53987  10.923  -16.038  50.200 0.0000000000
53988  10.267  -15.875  49.900 0.0000000000
53989  9.675  -15.938  49.723 0.0000000000
53995  19.868  -16.581  49.129 0.0000000000
53996  19.394  -16.693  49.156 0.0000000000
53997  11.758  -17.270  49.207 0.0000000000
53998  11.313  -16.849  49.147 0.0000000000
53999  10.592  -16.513  49.250 0.0000000000
54000  9.807  -16.170  49.486 0.0000000000
54001  9.201  -15.800  49.406 0.0000000000
54006  15.337  -15.687  48.705 0.0000000000
54007  11.516  -17.407  48.892 0.0000000000
54008  10.938  -17.180  48.711 0.0000000000
54009  10.067  -16.642  48.859 0.0000000000
54010  9.210  -16.099  48.983 0.0000000000
54011  8.988  -15.544  49.031 0.0000000000
54020  10.349  -17.333  48.449 0.0000000000
54021  9.626  -16.867  48.307 0.0000000000
54022  8.799  -16.052  48.333 0.0000000000
54029  9.169  -16.760  47.662 0.0000000000
54030  8.597  -15.817  47.467 0.0000000000
54036  9.010  -16.652  46.803 0.0000000000
54037  8.317  -15.615  46.421 0.0000000000
54038  7.732  -15.247  45.835 0.0000000000
54046  15.632  -16.517  44.936 0.0000000000
54047  8.932  -16.569  45.893 0.0000000000
54048  8.116  -15.734  45.453 0.0000000000
54049  7.574  -15.224  45.330 0.0000000000
54059  15.101  -16.428  44.225 0.0000000000
54060  14.295  -16.448  43.865 0.0000000000
54061  8.987  -16.519  44.998 0.0000000000
54062  8.263  -15.829  44.559 0.0000000000
54075  13.919  -16.528  43.114 0.0000000000
54076  8.997  -16.492  44.009 0.0000000000
54077  8.194  -15.802  43.617 0.0000000000
54092  9.031  -16.359  42.731 0.0000000000
54093  7.932  -15.697  42.722 0.0000000000
54103  9.249  -16.395  41.409 0.0000000000
54104  8.129  -15.858  41.789 0.0000000000
54105  7.692  -15.529  42.203 0.0000000000
54117  8.126  -15.957  40.685 0.0000000000
54118  7.601  -15.703  40.476 0.0000000000
54130  7.505  -15.713  39.995 0.0000000000
54131  7.153  -15.399  39.909 0.0000000000
54142  7.215  -15.462  39.427 0.0000000000
55369  13.403  -15.122  50.985 0.0000000000
55370  13.169  -15.006  51.331 0.0000000000
55371  12.820  -14.999  51.468 0.0000000000
55372  12.305  -15.069  51.422 0.0000000000
55373  11.805  -14.881  51.362 0.0000000000
55374  14.080  -14.987  50.088 0.0000000000
55375  13.687  -14.848  50.538 0.0000000000
55376  11.980  -15.510  51.110 0.0000000000
55377  11.432  -15.235  51.026 0.0000000000
55378  10.998  -15.297  50.686 0.0000000000
55379  10.338  -15.356  50.128 0.0000000000
55380  10.064  -15.278  50.011 0.0000000000
55384  20.163  -15.677  49.482 0.0000000000
55385  19.202  -15.567  49.353 0.0000000000
55386  18.696  -15.349  48.987 0.0000000000
55387  14.455  -14.842  49.843 0.0000000000
55388  10.037  -15.599  49.906 0.0000000000
55389  9.511  -15.381  49.726 0.0000000000
55392  14.642  -14.868  49.182 0.0000000000
55393  9.223  -15.197  49.404 0.0000000000
55397  18.159  -15.054  48.284 0.0000000000
55398  17.590  -15.197  47.956 0.0000000000
55399  16.454  -15.466  48.047 0.0000000000
55400  15.269  -14.765  48.444 0.0000000000
55401  8.854  -15.435  48.806 0.0000000000
55402  9.087  -14.994  48.962 0.0000000000
55410  16.900  -15.011  47.681 0.0000000000
55411  16.100  -14.748  47.784 0.0000000000
55412  15.590  -14.297  48.160 0.0000000000
55413  8.523  -15.209  48.160 0.0000000000
55419  8.257  -15.028  47.182 0.0000000000
55424  7.931  -14.945  46.235 0.0000000000
55425  7.557  -14.963  45.506 0.0000000000
55431  7.680  -15.403  44.902 0.0000000000
55432  7.349  -15.064  44.780 0.0000000000
55439  7.595  -15.375  44.214 0.0000000000
55440  7.248  -15.062  43.901 0.0000000000
55448  7.484  -15.347  43.376 0.0000000000
55449  7.174  -15.066  43.114 0.0000000000
55458  7.437  -15.295  42.597 0.0000000000
55459  7.272  -15.074  42.405 0.0000000000
55468  7.699  -15.650  41.093 0.0000000000
55469  7.447  -15.330  41.705 0.0000000000
55470  7.268  -15.064  41.846 0.0000000000
55479  7.644  -15.697  40.711 0.0000000000
55480  7.310  -15.436  40.660 0.0000000000
55481  7.037  -15.092  41.146 0.0000000000
55484  7.179  -15.397  40.155 0.0000000000
55485  6.991  -15.146  40.153 0.0000000000
55489  7.009  -15.053  39.154 0.0000000000
56747  13.336  -14.330  51.180 0.0000000000
56748  13.015  -14.198  51.527 0.0000000000
56749  12.533  -14.185  51.494 0.0000000000
56750  12.021  -14.196  51.402 0.0000000000
56751  11.542  -14.365  51.208 0.0000000000
56752  13.919  -14.169  50.251 0.0000000000
56753  13.544  -14.056  50.807 0.0000000000
56754  11.134  -14.862  50.986 0.0000000000
56755  10.640  -14.896  50.358 0.0000000000
56756  10.146  -15.048  49.958 0.0000000000
56757  9.827  -15.121  49.932 0.0000000000
56761  20.007  -14.934  49.491 0.0000000000
56762  19.333  -14.743  49.259 0.0000000000
56763  18.924  -14.904  49.043 0.0000000000
56764  14.450  -14.067  49.815 0.0000000000
56765  9.633  -14.984  49.746 0.0000000000
56766  9.396  -15.034  49.608 0.0000000000
56769  19.163  -14.503  48.997 0.0000000000
56770  18.708  -14.753  48.610 0.0000000000
56771  14.710  -13.908  49.095 0.0000000000
56772  9.286  -14.863  49.754 0.0000000000
56773  9.281  -14.835  49.393 0.0000000000
56775  18.189  -14.534  47.971 0.0000000000
56776  17.470  -14.714  47.732 0.0000000000
56777  15.174  -13.895  48.602 0.0000000000
56778  11.725  -14.054  48.882 0.0000000000
56779  11.278  -14.420  48.928 0.0000000000
56780  10.351  -14.703  48.844 0.0000000000
56781  9.261  -14.819  48.749 0.0000000000
56782  9.277  -14.777  49.106 0.0000000000
56788  17.613  -14.210  47.617 0.0000000000
56789  16.869  -14.350  47.541 0.0000000000
56790  16.088  -14.059  47.689 0.0000000000
56791  15.554  -13.836  48.196 0.0000000000
56792  11.641  -14.288  48.448 0.0000000000
56793  10.863  -14.823  48.266 0.0000000000
56794  9.705  -14.740  48.067 0.0000000000
56795  8.696  -14.595  47.767 0.0000000000
56802  16.631  -14.048  47.536 0.0000000000
56803  16.456  -13.878  47.578 0.0000000000
56804  12.389  -14.063  47.119 0.0000000000
56805  11.765  -14.516  47.530 0.0000000000
56806  10.428  -14.870  47.314 0.0000000000
56807  9.240  -14.530  47.090 0.0000000000
56808  8.398  -14.651  46.706 0.0000000000
56814  12.217  -14.332  46.586 0.0000000000
56815  11.240  -14.761  46.489 0.0000000000
56816  10.017  -14.710  46.305 0.0000000000
56817  8.890  -14.561  46.058 0.0000000000
56818  7.957  -14.639  45.657 0.0000000000
56819  7.537  -14.834  45.009 0.0000000000
56826  11.942  -14.403  45.725 0.0000000000
56827  10.876  -14.608  45.505 0.0000000000
56828  9.718  -14.697  45.272 0.0000000000
56829  8.652  -14.599  45.008 0.0000000000
56830  7.835  -14.586  44.668 0.0000000000
56831  7.415  -14.856  44.294 0.0000000000
56839  11.717  -14.396  44.771 0.0000000000
56840  10.596  -14.527  44.491 0.0000000000
56841  9.449  -14.445  44.272 0.0000000000
56842  8.424  -14.378  44.061 0.0000000000
56843  7.688  -14.573  43.806 0.0000000000
56844  7.303  -14.864  43.499 0.0000000000
56850  11.495  -14.456  43.708 0.0000000000
56851  10.280  -14.407  43.448 0.0000000000
56852  9.128  -14.354  43.313 0.0000000000
56853  8.182  -14.420  43.179 0.0000000000
56854  7.537  -14.640  43.010 0.0000000000
56855  7.245  -14.899  42.781 0.0000000000
56862  11.180  -14.435  42.451 0.0000000000
56863  9.814  -14.357  42.442 0.0000000000
56864  8.734  -14.373  42.410 0.0000000000
56865  7.904  -14.523  42.357 0.0000000000
56866  7.437  -14.803  42.292 0.0000000000
56867  7.286  -14.971  42.192 0.0000000000
56875  10.323  -14.459  41.455 0.0000000000
56876  9.220  -14.400  41.534 0.0000000000
56877  8.266  -14.483  41.565 0.0000000000
56878  7.572  -14.708  41.589 0.0000000000
56879  7.263  -14.948  41.635 0.0000000000
56890  9.577  -14.496  40.618 0.0000000000
56891  8.577  -14.503  40.710 0.0000000000
56892  7.720  -14.611  40.778 0.0000000000
56893  7.154  -14.854  40.883 0.0000000000
56904  8.824  -14.539  39.849 0.0000000000
56905  7.897  -14.532  39.963 0.0000000000
56906  7.226  -14.768  40.025 0.0000000000
56917  8.081  -14.607  39.173 0.0000000000
56918  7.430  -14.731  39.374 0.0000000000
57995  13.422  -13.725  51.143 0.0000000000
57996  13.273  -13.268  51.401 0.0000000000
57997  12.762  -13.301  51.557 0.0000000000
57998  12.237  -13.320  51.445 0.0000000000
57999  11.777  -13.428  51.252 0.0000000000
58000  14.155  -13.279  50.316 0.0000000000
58001  13.641  -13.231  50.912 0.0000000000
58002  13.452  -12.742  51.240 0.0000000000
58003  11.375  -13.778  50.910 0.0000000000
58004  11.051  -14.454  50.425 0.0000000000
58005  10.600  -14.756  50.119 0.0000000000
58009  19.894  -14.247  49.383 0.0000000000
58010  14.741  -13.244  49.906 0.0000000000
58011  11.294  -13.947  50.531 0.0000000000
58012  10.920  -14.477  50.085 0.0000000000
58013  10.134  -14.931  49.736 0.0000000000
58017  20.098  -13.526  49.376 0.0000000000
58018  19.458  -13.744  48.986 0.0000000000
58019  19.142  -14.211  48.745 0.0000000000
58020  14.985  -13.081  49.108 0.0000000000
58021  11.604  -13.444  49.722 0.0000000000
58022  11.134  -14.245  49.770 0.0000000000
58023  10.403  -14.721  49.577 0.0000000000
58024  9.554  -14.903  49.518 0.0000000000
58025  9.251  -14.622  49.759 0.0000000000
58027  19.258  -13.197  48.616 0.0000000000
58028  18.939  -13.724  48.277 0.0000000000
58029  15.402  -13.318  48.417 0.0000000000
58030  11.860  -13.594  49.129 0.0000000000
58031  11.218  -14.378  49.358 0.0000000000
58032  10.271  -14.727  49.213 0.0000000000
58033  9.557  -14.861  49.167 0.0000000000
58034  9.306  -14.691  49.543 0.0000000000
58039  18.141  -13.640  47.686 0.0000000000
58040  17.168  -13.612  47.486 0.0000000000
58041  16.356  -13.524  47.623 0.0000000000
58042  15.749  -13.542  47.932 0.0000000000
58043  12.309  -13.065  48.282 0.0000000000
58044  12.000  -13.625  48.677 0.0000000000
58051  16.910  -13.979  47.469 0.0000000000
58052  16.729  -13.813  47.514 0.0000000000
58053  12.459  -13.468  47.511 0.0000000000
58054  12.082  -13.820  48.119 0.0000000000
58060  13.257  -13.209  46.156 0.0000000000
58061  12.708  -13.622  46.692 0.0000000000
58070  13.212  -13.488  45.474 0.0000000000
58071  12.724  -13.901  45.956 0.0000000000
58080  13.271  -13.453  44.633 0.0000000000
58081  12.671  -14.082  45.108 0.0000000000
58089  13.211  -13.492  43.555 0.0000000000
58090  12.557  -14.139  44.117 0.0000000000
58098  13.164  -13.525  42.481 0.0000000000
58099  12.371  -14.080  43.020 0.0000000000
59202  13.338  -12.283  51.228 0.0000000000
59203  12.957  -12.426  51.431 0.0000000000
59204  12.428  -12.452  51.370 0.0000000000
59205  11.968  -12.474  51.280 0.0000000000
59206  14.455  -12.678  50.307 0.0000000000
59207  13.956  -12.346  50.646 0.0000000000
59208  13.545  -12.424  51.083 0.0000000000
59209  11.703  -12.628  51.063 0.0000000000
59210  14.911  -12.308  49.931 0.0000000000
59211  14.434  -12.229  50.345 0.0000000000
59212  11.581  -13.103  50.553 0.0000000000
59213  11.334  -13.897  50.291 0.0000000000
59217  20.290  -12.712  49.319 0.0000000000
59218  19.531  -12.562  49.068 0.0000000000
59219  19.091  -12.033  48.873 0.0000000000
59220  14.873  -12.242  48.889 0.0000000000
59221  11.797  -12.451  49.915 0.0000000000
59222  11.613  -13.195  50.118 0.0000000000
59223  11.335  -13.981  50.011 0.0000000000
59226  19.350  -12.967  48.812 0.0000000000
59227  18.896  -12.422  48.396 0.0000000000
59228  18.180  -11.918  48.133 0.0000000000
59229  15.410  -12.570  48.420 0.0000000000
59230  11.925  -12.608  49.487 0.0000000000
59236  18.598  -13.062  47.851 0.0000000000
59237  17.823  -12.581  47.730 0.0000000000
59238  16.659  -12.798  47.642 0.0000000000
59239  15.821  -12.982  47.900 0.0000000000
59240  12.337  -12.202  48.497 0.0000000000
59241  12.145  -12.779  48.911 0.0000000000
59250  12.598  -12.455  47.806 0.0000000000
59257  13.413  -12.699  46.221 0.0000000000
59258  12.968  -12.633  46.801 0.0000000000
59267  13.602  -12.516  45.508 0.0000000000
59268  13.399  -12.347  46.263 0.0000000000
59275  13.617  -12.548  44.113 0.0000000000
59282  13.763  -12.763  43.020 0.0000000000
60276  13.317  -11.830  51.058 0.0000000000
60277  13.066  -11.758  51.079 0.0000000000
60278  12.550  -11.675  51.170 0.0000000000
60279  12.062  -11.625  51.267 0.0000000000
60280  13.873  -11.712  50.694 0.0000000000
60281  13.483  -11.767  50.901 0.0000000000
60282  11.740  -11.582  51.091 0.0000000000
60283  14.835  -11.850  49.944 0.0000000000
60284  14.424  -11.631  50.200 0.0000000000
60285  11.584  -11.558  50.808 0.0000000000
60286  11.306  -10.938  50.718 0.0000000000
60290  19.747  -11.762  49.141 0.0000000000
60291  19.079  -11.471  48.988 0.0000000000
60292  18.448  -11.019  49.079 0.0000000000
60293  14.773  -11.642  49.250 0.0000000000
60294  14.542  -11.006  49.351 0.0000000000
60295  11.779  -11.993  50.063 0.0000000000
60296  11.668  -11.776  50.303 0.0000000000
60297  11.253  -10.592  50.354 0.0000000000
60299  18.769  -11.589  48.822 0.0000000000
60300  18.061  -11.301  48.655 0.0000000000
60301  17.100  -11.210  48.402 0.0000000000
60302  15.799  -11.490  48.387 0.0000000000
60303  11.776  -11.842  49.775 0.0000000000
60304  11.426  -10.913  49.688 0.0000000000
60305  11.117  -10.208  49.900 0.0000000000
60307  17.633  -11.718  48.097 0.0000000000
60308  16.836  -11.931  47.868 0.0000000000
60309  16.051  -12.319  47.958 0.0000000000
60310  12.225  -11.784  48.565 0.0000000000
60311  11.940  -11.558  48.908 0.0000000000
60312  11.394  -10.604  48.993 0.0000000000
60318  12.341  -11.666  48.181 0.0000000000
60319  11.977  -11.086  48.194 0.0000000000
60325  12.739  -11.699  47.366 0.0000000000
60333  13.698  -11.488  45.557 0.0000000000
60334  13.265  -11.605  46.392 0.0000000000
60343  13.940  -11.580  44.670 0.0000000000
60353  14.284  -11.031  42.931 0.0000000000
60354  14.065  -11.597  43.381 0.0000000000
60367  14.403  -11.355  42.302 0.0000000000
60368  14.179  -12.206  42.497 0.0000000000
61369  13.140  -11.366  50.842 0.0000000000
61370  12.590  -10.952  50.960 0.0000000000
61371  12.144  -10.903  51.281 0.0000000000
61372  11.702  -10.861  51.286 0.0000000000
61373  13.804  -11.172  50.593 0.0000000000
61374  13.224  -10.814  50.643 0.0000000000
61375  12.756  -10.661  50.745 0.0000000000
61376  11.331  -10.685  51.008 0.0000000000
61377  11.123  -10.235  50.989 0.0000000000
61378  18.938  -10.620  49.148 0.0000000000
61379  18.637  -10.308  49.211 0.0000000000
61380  18.180  -10.036  49.694 0.0000000000
61381  17.788  -9.770  49.823 0.0000000000
61382  14.084  -10.598  49.843 0.0000000000
61383  13.584  -10.499  50.350 0.0000000000
61384  11.178  -10.720  50.828 0.0000000000
61385  11.119  -10.287  50.759 0.0000000000
61388  19.825  -11.235  49.154 0.0000000000
61389  19.141  -10.966  48.998 0.0000000000
61390  18.500  -10.667  49.236 0.0000000000
61391  17.664  -10.324  49.366 0.0000000000
61392  17.016  -10.012  49.055 0.0000000000
61393  15.173  -10.672  48.634 0.0000000000
61394  14.437  -10.366  48.823 0.0000000000
61395  10.958  -9.884  50.215 0.0000000000
61396  10.778  -9.720  49.977 0.0000000000
61399  17.407  -10.823  48.894 0.0000000000
61400  16.757  -10.469  48.779 0.0000000000
61401  15.982  -10.538  48.568 0.0000000000
61402  11.128  -10.126  49.331 0.0000000000
61403  10.918  -9.767  49.634 0.0000000000
61404  10.812  -9.481  49.817 0.0000000000
61407  11.588  -10.604  48.405 0.0000000000
61408  11.177  -9.908  48.588 0.0000000000
61409  10.815  -9.555  48.988 0.0000000000
61410  10.702  -9.346  49.327 0.0000000000
61415  12.302  -11.139  47.729 0.0000000000
61416  11.919  -10.527  47.740 0.0000000000
61417  11.413  -9.979  47.964 0.0000000000
61426  12.567  -10.812  47.086 0.0000000000
61427  12.174  -10.110  47.250 0.0000000000
61435  13.460  -10.944  45.858 0.0000000000
61436  13.017  -10.552  46.312 0.0000000000
61448  13.907  -10.759  45.247 0.0000000000
61460  14.229  -10.745  43.327 0.0000000000
61461  14.054  -10.539  44.162 0.0000000000
61476  14.330  -10.441  42.699 0.0000000000
61494  14.503  -10.515  41.699 0.0000000000
62563  12.185  -10.317  51.172 0.0000000000
62564  11.856  -10.176  51.279 0.0000000000
62565  11.470  -10.278  51.181 0.0000000000
62566  12.640  -9.996  50.668 0.0000000000
62567  12.321  -10.006  50.961 0.0000000000
62568  12.077  -9.768  51.216 0.0000000000
62569  11.218  -10.092  51.049 0.0000000000
62570  11.164  -9.822  50.975 0.0000000000
62571  18.839  -9.958  49.086 0.0000000000
62572  18.418  -9.636  49.474 0.0000000000
62573  18.022  -9.297  49.774 0.0000000000
62574  17.327  -9.277  49.623 0.0000000000
62575  16.860  -8.743  49.443 0.0000000000
62576  13.585  -10.019  49.830 0.0000000000
62577  13.087  -9.831  50.230 0.0000000000
62578  10.964  -9.486  50.492 0.0000000000
62579  10.810  -9.034  50.282 0.0000000000
62580  19.967  -10.727  48.709 0.0000000000
62581  19.369  -10.339  48.739 0.0000000000
62582  17.124  -9.780  49.393 0.0000000000
62583  16.552  -9.378  48.909 0.0000000000
62584  15.177  -9.515  48.454 0.0000000000
62585  13.943  -9.598  48.906 0.0000000000
62586  13.385  -9.350  49.536 0.0000000000
62587  10.898  -9.589  50.227 0.0000000000
62588  10.749  -9.184  50.017 0.0000000000
62590  19.742  -10.420  48.508 0.0000000000
62591  16.307  -10.081  48.683 0.0000000000
62592  15.853  -10.018  48.542 0.0000000000
62593  10.536  -8.927  49.423 0.0000000000
62596  11.042  -9.519  47.975 0.0000000000
62597  10.733  -9.243  48.236 0.0000000000
62598  10.422  -8.847  48.697 0.0000000000
62602  11.733  -9.876  47.507 0.0000000000
62603  11.308  -9.426  47.503 0.0000000000
62604  10.759  -9.069  47.522 0.0000000000
62605  10.261  -8.606  47.640 0.0000000000
62613  12.505  -10.091  46.710 0.0000000000
62614  11.923  -9.414  46.871 0.0000000000
62615  11.099  -8.909  46.957 0.0000000000
62616  10.392  -8.700  46.877 0.0000000000
62617  9.825  -8.469  46.836 0.0000000000
62627  13.402  -10.313  45.730 0.0000000000
62628  12.775  -9.607  45.951 0.0000000000
62629  12.090  -8.950  46.151 0.0000000000
62640  13.618  -9.832  45.057 0.0000000000
62641  13.124  -8.975  45.032 0.0000000000
62653  14.173  -10.109  43.438 0.0000000000
62654  13.578  -9.372  43.882 0.0000000000
62655  12.896  -8.818  44.301 0.0000000000
62670  14.112  -9.697  43.003 0.0000000000
62671  13.668  -9.198  42.747 0.0000000000
62686  14.183  -9.749  42.191 0.0000000000
62687  13.746  -9.170  41.781 0.0000000000
62702  14.415  -9.668  41.220 0.0000000000
62703  13.894  -9.081  40.830 0.0000000000
62704  10.499  -8.848  39.975 0.0000000000
62705  10.010  -8.922  39.699 0.0000000000
62706  9.441  -8.960  39.361 0.0000000000
62716  13.896  -9.118  40.282 0.0000000000
62717  11.708  -9.122  39.363 0.0000000000
62718  10.981  -9.117  39.378 0.0000000000
62719  10.060  -9.249  38.934 0.0000000000
62720  9.182  -9.149  38.714 0.0000000000
62721  8.732  -8.934  38.239 0.0000000000
62732  12.042  -9.159  38.681 0.0000000000
62733  10.894  -9.378  38.334 0.0000000000
62734  9.945  -9.350  38.054 0.0000000000
62735  9.183  -9.201  37.786 0.0000000000
62736  8.631  -8.898  37.504 0.0000000000
62749  11.626  -9.194  37.554 0.0000000000
62750  10.633  -9.436  37.321 0.0000000000
62751  9.713  -9.364  37.123 0.0000000000
62752  8.993  -9.158  36.918 0.0000000000
62753  8.444  -8.894  36.719 0.0000000000
62764  11.339  -9.142  36.398 0.0000000000
62765  10.190  -9.407  36.323 0.0000000000
62766  9.302  -9.396  36.229 0.0000000000
62767  8.611  -9.205  36.125 0.0000000000
62768  8.132  -8.866  36.058 0.0000000000
62769  7.979  -8.613  35.832 0.0000000000
62780  11.486  -9.184  35.185 0.0000000000
62781  10.563  -9.391  35.362 0.0000000000
62782  9.617  -9.498  35.417 0.0000000000
62783  8.801  -9.432  35.422 0.0000000000
62784  8.176  -9.205  35.414 0.0000000000
62785  7.848  -8.830  35.421 0.0000000000
62796  11.662  -9.187  34.179 0.0000000000
62797  10.800  -9.478  34.358 0.0000000000
62798  9.890  -9.542  34.509 0.0000000000
62799  9.030  -9.532  34.615 0.0000000000
62800  8.307  -9.383  34.675 0.0000000000
62801  7.771  -9.079  34.731 0.0000000000
62813  11.828  -9.136  33.180 0.0000000000
62814  10.967  -9.478  33.377 0.0000000000
62815  10.071  -9.577  33.567 0.0000000000
62816  9.220  -9.571  33.748 0.0000000000
62817  8.491  -9.461  33.897 0.0000000000
62818  7.925  -9.202  33.928 0.0000000000
62830  12.014  -9.215  32.176 0.0000000000
62831  11.088  -9.367  32.392 0.0000000000
62832  10.180  -9.522  32.612 0.0000000000
62833  9.302  -9.615  32.838 0.0000000000
62834  8.586  -9.480  33.104 0.0000000000
62835  8.127  -9.274  33.317 0.0000000000
62848  11.218  -9.340  31.394 0.0000000000
62849  10.263  -9.435  31.631 0.0000000000
62850  9.362  -9.502  31.911 0.0000000000
62851  8.484  -9.408  32.186 0.0000000000
62852  8.065  -9.241  32.705 0.0000000000
62871  11.381  -9.401  30.379 0.0000000000
62872  10.387  -9.410  30.645 0.0000000000
62873  9.360  -9.416  30.895 0.0000000000
62874  8.680  -9.384  31.403 0.0000000000
62899  10.467  -9.318  29.613 0.0000000000
62900  9.697  -9.280  30.102 0.0000000000
62927  10.887  -9.197  28.815 0.0000000000
63803  11.606  -9.849  51.197 0.0000000000
63804  11.388  -9.942  51.128 0.0000000000
63805  12.320  -9.396  50.913 0.0000000000
63806  12.155  -9.179  51.083 0.0000000000
63807  11.885  -9.395  51.203 0.0000000000
63808  11.419  -9.440  51.044 0.0000000000
63809  11.177  -9.042  50.773 0.0000000000
63810  18.628  -9.381  49.251 0.0000000000
63811  18.295  -8.830  49.532 0.0000000000
63812  17.638  -8.525  49.627 0.0000000000
63813  17.021  -8.186  49.567 0.0000000000
63814  16.476  -8.089  49.383 0.0000000000
63815  12.545  -9.218  50.555 0.0000000000
63816  12.289  -8.920  50.868 0.0000000000
63817  10.892  -8.761  50.425 0.0000000000
63818  10.705  -8.586  50.055 0.0000000000
63819  18.907  -9.594  48.890 0.0000000000
63820  18.650  -8.981  49.164 0.0000000000
63821  15.759  -8.254  48.848 0.0000000000
63822  14.727  -8.398  48.587 0.0000000000
63823  13.795  -8.477  49.034 0.0000000000
63824  12.918  -8.717  49.709 0.0000000000
63825  10.457  -8.429  49.592 0.0000000000
63826  19.947  -10.113  48.163 0.0000000000
63827  19.265  -9.896  48.434 0.0000000000
63828  10.035  -8.227  49.048 0.0000000000
63829  19.946  -10.077  48.002 0.0000000000
63830  19.353  -9.783  48.135 0.0000000000
63831  9.985  -8.060  48.190 0.0000000000
63832  9.793  -7.781  47.658 0.0000000000
63836  9.642  -8.162  47.292 0.0000000000
63837  9.340  -7.716  47.098 0.0000000000
63844  11.501  -8.801  46.420 0.0000000000
63845  10.834  -8.573  46.261 0.0000000000
63846  10.047  -8.443  46.168 0.0000000000
63847  9.354  -8.028  46.348 0.0000000000
63848  9.011  -7.559  46.529 0.0000000000
63858  12.410  -8.888  45.564 0.0000000000
63859  11.580  -8.622  45.632 0.0000000000
63860  10.628  -8.480  45.422 0.0000000000
63861  9.786  -8.096  45.343 0.0000000000
63862  9.165  -7.740  45.597 0.0000000000
63872  12.316  -8.652  44.877 0.0000000000
63873  11.370  -8.610  44.674 0.0000000000
63874  10.412  -8.462  44.507 0.0000000000
63875  9.609  -8.126  44.337 0.0000000000
63888  12.976  -8.836  43.848 0.0000000000
63889  12.250  -8.700  43.945 0.0000000000
63890  11.203  -8.609  43.734 0.0000000000
63891  10.159  -8.530  43.550 0.0000000000
63892  9.171  -8.195  43.334 0.0000000000
63893  8.718  -8.151  42.595 0.0000000000
63905  13.002  -8.758  43.296 0.0000000000
63906  12.106  -8.556  43.000 0.0000000000
63907  11.070  -8.621  42.742 0.0000000000
63908  10.036  -8.596  42.502 0.0000000000
63909  9.146  -8.485  42.185 0.0000000000
63910  8.674  -8.229  41.795 0.0000000000
63920  12.967  -8.761  42.340 0.0000000000
63921  12.054  -8.607  41.976 0.0000000000
63922  11.031  -8.655  41.653 0.0000000000
63923  10.001  -8.694  41.432 0.0000000000
63924  9.181  -8.547  41.195 0.0000000000
63925  8.660  -8.222  40.837 0.0000000000
63936  13.066  -8.673  41.327 0.0000000000
63937  12.120  -8.661  40.855 0.0000000000
63938  11.034  -8.861  40.401 0.0000000000
63939  9.947  -8.778  40.504 0.0000000000
63940  9.212  -8.608  40.131 0.0000000000
63941  8.492  -8.256  39.837 0.0000000000
63942  8.081  -8.089  39.359 0.0000000000
63951  13.902  -9.152  40.063 0.0000000000
63952  13.305  -8.881  40.249 0.0000000000
63953  12.232  -8.986  39.704 0.0000000000
63954  11.496  -9.015  39.681 0.0000000000
63955  8.918  -8.752  39.405 0.0000000000
63956  8.460  -8.579  38.947 0.0000000000
63957  8.017  -8.035  38.740 0.0000000000
63967  13.361  -8.928  39.344 0.0000000000
63968  12.732  -8.961  39.051 0.0000000000
63969  8.380  -8.467  38.103 0.0000000000
63970  8.145  -7.944  37.888 0.0000000000
63980  8.195  -8.453  37.176 0.0000000000
63981  7.950  -7.962  37.118 0.0000000000
63990  8.188  -8.643  36.564 0.0000000000
63991  7.985  -8.314  36.347 0.0000000000
64002  7.890  -8.363  35.559 0.0000000000
64016  7.742  -8.476  34.870 0.0000000000
64031  7.828  -8.565  33.987 0.0000000000
64048  7.789  -8.747  32.968 0.0000000000
64065  8.091  -9.146  31.465 0.0000000000
64066  7.733  -8.949  32.025 0.0000000000
64081  8.998  -9.094  30.145 0.0000000000
64082  8.358  -9.025  30.711 0.0000000000
64083  7.763  -8.543  31.175 0.0000000000
64104  10.137  -8.959  28.979 0.0000000000
64105  9.437  -8.705  29.472 0.0000000000
64106  8.504  -8.462  29.959 0.0000000000
64107  7.967  -8.292  30.457 0.0000000000
64129  10.398  -8.499  28.672 0.0000000000
64130  9.829  -8.439  28.917 0.0000000000
65070  16.415  -6.525  49.952 0.0000000000
65071  16.192  -6.528  49.976 0.0000000000
65072  12.031  -8.877  51.123 0.0000000000
65073  11.794  -8.744  51.000 0.0000000000
65074  11.396  -8.563  50.803 0.0000000000
65075  11.091  -8.417  50.575 0.0000000000
65076  17.914  -7.970  49.546 0.0000000000
65077  17.280  -7.476  49.572 0.0000000000
65078  16.608  -6.937  49.702 0.0000000000
65079  15.949  -7.021  49.504 0.0000000000
65080  15.372  -6.794  49.173 0.0000000000
65081  14.817  -6.783  48.908 0.0000000000
65082  12.439  -8.602  50.419 0.0000000000
65083  12.115  -8.337  50.714 0.0000000000
65084  11.657  -8.031  50.708 0.0000000000
65085  11.268  -7.905  50.512 0.0000000000
65086  10.833  -7.978  50.151 0.0000000000
65087  10.510  -8.114  49.754 0.0000000000
65088  18.792  -9.112  48.835 0.0000000000
65089  18.454  -8.152  49.164 0.0000000000
65090  15.344  -7.476  48.831 0.0000000000
65091  14.623  -7.468  48.796 0.0000000000
65092  13.800  -7.471  49.090 0.0000000000
65093  12.705  -7.776  49.663 0.0000000000
65094  12.254  -7.497  50.004 0.0000000000
65095  10.545  -7.613  49.627 0.0000000000
65096  10.136  -7.636  49.361 0.0000000000
65097  18.736  -8.990  48.539 0.0000000000
65098  18.505  -7.918  48.715 0.0000000000
65099  9.896  -7.444  48.764 0.0000000000
65100  10.139  -7.263  48.319 0.0000000000
65101  18.644  -8.906  48.280 0.0000000000
65103  10.031  -7.563  48.137 0.0000000000
65104  9.867  -7.372  47.588 0.0000000000
65108  9.239  -7.190  46.895 0.0000000000
65109  8.984  -6.915  46.589 0.0000000000
65112  8.908  -7.565  46.004 0.0000000000
65113  8.746  -7.146  46.264 0.0000000000
65114  8.817  -6.771  46.313 0.0000000000
65117  9.311  -7.712  44.980 0.0000000000
65118  8.758  -7.224  45.302 0.0000000000
65119  8.698  -6.734  45.979 0.0000000000
65120  8.808  -6.599  46.130 0.0000000000
65122  9.100  -7.670  44.305 0.0000000000
65123  8.872  -7.265  44.207 0.0000000000
65129  8.938  -7.692  43.770 0.0000000000
65130  8.805  -7.626  43.240 0.0000000000
65138  8.559  -7.835  42.287 0.0000000000
65149  8.426  -7.894  41.417 0.0000000000
65158  8.329  -7.796  40.406 0.0000000000
65159  8.103  -7.868  39.766 0.0000000000
65169  8.100  -7.584  39.828 0.0000000000
65170  7.933  -7.640  39.346 0.0000000000
65178  8.269  -7.111  38.575 0.0000000000
65179  8.060  -7.402  38.597 0.0000000000
65187  8.418  -7.274  38.002 0.0000000000
65188  8.198  -7.563  37.536 0.0000000000
65196  8.934  -7.074  36.594 0.0000000000
65197  8.510  -7.149  36.976 0.0000000000
65198  8.107  -7.684  36.636 0.0000000000
65210  8.787  -7.213  36.392 0.0000000000
65211  8.535  -7.493  36.030 0.0000000000
65212  8.082  -7.906  35.789 0.0000000000
65227  8.322  -7.631  35.051 0.0000000000
65228  7.921  -8.029  35.125 0.0000000000
65250  8.490  -7.562  33.944 0.0000000000
65251  8.015  -7.989  34.343 0.0000000000
65272  8.578  -7.392  33.139 0.0000000000
65273  8.038  -7.797  33.027 0.0000000000
65286  7.568  -7.975  31.812 0.0000000000
65299  7.746  -7.691  30.711 0.0000000000
65320  9.392  -7.936  29.012 0.0000000000
65321  8.727  -7.772  29.401 0.0000000000
65322  8.030  -7.614  29.899 0.0000000000
65339  10.576  -7.692  28.498 0.0000000000
65340  9.901  -7.858  28.716 0.0000000000
66396  16.900  -5.693  50.251 0.0000000000
66397  16.496  -6.134  50.191 0.0000000000
66398  15.920  -6.098  50.169 0.0000000000
66399  15.611  -5.940  49.980 0.0000000000
66400  17.684  -6.912  49.454 0.0000000000
66401  16.954  -6.341  49.971 0.0000000000
66402  16.679  -6.457  49.939 0.0000000000
66403  15.665  -6.397  49.779 0.0000000000
66404  15.294  -6.194  49.509 0.0000000000
66405  14.621  -6.410  49.027 0.0000000000
66406  11.897  -7.600  50.410 0.0000000000
66407  11.574  -7.455  50.276 0.0000000000
66408  11.170  -7.419  50.029 0.0000000000
66409  10.814  -7.392  49.707 0.0000000000
66410  18.206  -6.908  49.084 0.0000000000
66411  13.743  -6.723  49.039 0.0000000000
66412  12.907  -6.847  49.181 0.0000000000
66413  12.164  -7.089  49.624 0.0000000000
66414  11.592  -7.058  49.546 0.0000000000
66415  11.101  -7.013  49.364 0.0000000000
66416  10.497  -7.060  49.216 0.0000000000
66417  9.943  -7.011  49.086 0.0000000000
66418  18.229  -6.999  48.720 0.0000000000
66419  10.282  -6.855  48.846 0.0000000000
66420  10.118  -6.981  48.724 0.0000000000
66421  10.277  -7.064  48.365 0.0000000000
66424  10.209  -7.164  47.828 0.0000000000
66428  9.747  -6.809  47.247 0.0000000000
66429  9.310  -6.807  46.824 0.0000000000
66433  9.506  -6.505  46.737 0.0000000000
66434  9.113  -6.660  46.511 0.0000000000
66437  8.908  -6.393  45.615 0.0000000000
66438  9.110  -6.394  46.254 0.0000000000
66439  8.960  -6.587  46.308 0.0000000000
66447  8.912  -6.577  44.794 0.0000000000
66462  9.463  -6.418  43.607 0.0000000000
66463  9.076  -6.740  43.786 0.0000000000
66482  9.683  -6.471  42.666 0.0000000000
66483  9.359  -6.604  42.919 0.0000000000
66484  8.832  -7.265  42.678 0.0000000000
66502  9.635  -6.620  42.062 0.0000000000
66503  8.911  -7.060  41.951 0.0000000000
66504  8.623  -7.556  41.890 0.0000000000
66518  9.802  -6.517  40.932 0.0000000000
66519  8.942  -6.902  41.022 0.0000000000
66520  8.596  -7.463  41.107 0.0000000000
66535  10.000  -6.554  39.841 0.0000000000
66536  9.011  -6.816  40.013 0.0000000000
66537  8.351  -7.260  40.044 0.0000000000
66538  8.040  -7.418  39.641 0.0000000000
66553  10.081  -6.529  38.789 0.0000000000
66554  9.177  -6.790  39.064 0.0000000000
66555  8.324  -6.950  39.162 0.0000000000
66556  8.029  -7.277  39.371 0.0000000000
66574  10.840  -6.327  37.380 0.0000000000
66575  10.224  -6.523  37.771 0.0000000000
66576  9.339  -6.807  38.133 0.0000000000
66577  8.633  -6.977  38.445 0.0000000000
66594  11.162  -6.210  36.732 0.0000000000
66595  10.319  -6.649  36.738 0.0000000000
66596  9.279  -6.833  37.098 0.0000000000
66597  8.781  -6.992  37.714 0.0000000000
66615  11.399  -5.992  36.166 0.0000000000
66616  10.854  -6.444  35.582 0.0000000000
66617  9.384  -7.172  35.903 0.0000000000
66618  8.726  -7.373  35.409 0.0000000000
66639  10.879  -6.261  34.237 0.0000000000
66640  9.937  -6.852  34.509 0.0000000000
66641  8.962  -7.291  34.702 0.0000000000
66657  11.098  -5.971  33.376 0.0000000000
66658  10.369  -6.504  33.316 0.0000000000
66659  9.271  -7.095  33.394 0.0000000000
66678  10.793  -5.744  32.580 0.0000000000
66679  9.855  -6.285  32.127 0.0000000000
66680  8.791  -7.059  32.192 0.0000000000
66681  8.056  -7.303  31.769 0.0000000000
66696  9.225  -6.285  31.270 0.0000000000
66697  8.500  -6.539  30.928 0.0000000000
66698  7.799  -7.046  30.927 0.0000000000
66712  8.112  -6.323  30.285 0.0000000000
66713  7.886  -6.690  29.977 0.0000000000
66725  9.540  -7.482  28.836 0.0000000000
66726  9.116  -7.155  29.052 0.0000000000
66727  8.226  -6.617  29.178 0.0000000000
66738  9.780  -6.927  28.623 0.0000000000
66739  8.843  -6.404  28.657 0.0000000000
66740  8.288  -6.090  28.629 0.0000000000
67819  17.212  -5.124  50.145 0.0000000000
67820  16.715  -5.118  50.389 0.0000000000
67821  16.143  -5.191  50.427 0.0000000000
67822  15.591  -5.172  50.117 0.0000000000
67823  15.304  -4.681  49.921 0.0000000000
67824  17.468  -5.828  49.234 0.0000000000
67825  17.296  -5.776  49.673 0.0000000000
67826  15.435  -5.677  49.829 0.0000000000
67827  15.037  -5.301  49.450 0.0000000000
67828  14.687  -4.866  49.186 0.0000000000
67829  17.684  -6.128  48.983 0.0000000000
67830  14.450  -6.022  49.044 0.0000000000
67831  14.115  -5.640  48.797 0.0000000000
67832  12.991  -6.048  48.850 0.0000000000
67833  12.289  -6.561  48.827 0.0000000000
67834  11.673  -6.650  48.611 0.0000000000
67835  10.978  -6.820  49.008 0.0000000000
67837  11.733  -6.132  48.083 0.0000000000
67838  11.075  -6.658  48.462 0.0000000000
67839  10.641  -6.818  48.331 0.0000000000
67840  10.422  -6.918  48.499 0.0000000000
67843  10.760  -6.722  48.106 0.0000000000
67844  10.565  -6.899  47.989 0.0000000000
67847  10.672  -5.506  46.696 0.0000000000
67848  10.463  -5.966  46.997 0.0000000000
67849  10.306  -6.592  47.481 0.0000000000
67852  10.242  -5.559  46.271 0.0000000000
67853  10.108  -5.891  46.612 0.0000000000
67854  9.979  -6.299  46.966 0.0000000000
67862  10.089  -5.492  45.735 0.0000000000
67863  9.555  -5.877  46.075 0.0000000000
67864  9.668  -6.171  46.538 0.0000000000
67881  10.384  -5.401  44.569 0.0000000000
67882  9.992  -5.551  45.002 0.0000000000
67883  9.343  -5.915  45.298 0.0000000000
67902  10.795  -5.333  43.471 0.0000000000
67903  10.382  -5.523  43.924 0.0000000000
67904  9.763  -6.033  44.166 0.0000000000
67905  9.336  -6.144  44.612 0.0000000000
67922  11.017  -5.370  42.730 0.0000000000
67923  10.168  -6.084  42.935 0.0000000000
67924  9.818  -6.190  43.537 0.0000000000
67934  11.186  -5.259  41.754 0.0000000000
67935  10.493  -6.032  41.877 0.0000000000
67945  11.477  -5.135  40.974 0.0000000000
67946  10.889  -5.992  40.722 0.0000000000
67955  11.287  -5.241  40.087 0.0000000000
67956  10.777  -6.025  39.483 0.0000000000
67968  11.206  -5.311  39.015 0.0000000000
67969  10.795  -6.100  38.456 0.0000000000
67983  11.326  -5.653  37.796 0.0000000000
67984  10.844  -6.212  37.857 0.0000000000
67997  11.528  -5.435  36.705 0.0000000000
68009  11.527  -5.361  35.665 0.0000000000
68010  11.353  -5.783  34.808 0.0000000000
68024  11.564  -4.893  34.677 0.0000000000
68025  11.361  -5.499  33.977 0.0000000000
68037  11.450  -4.589  33.800 0.0000000000
68038  11.338  -5.197  33.110 0.0000000000
68051  11.203  -4.270  33.063 0.0000000000
68052  10.910  -4.728  32.431 0.0000000000
68053  10.332  -5.112  31.823 0.0000000000
68064  9.725  -5.368  30.934 0.0000000000
68065  9.036  -5.785  30.580 0.0000000000
68073  9.114  -5.070  30.254 0.0000000000
68074  8.454  -5.465  29.962 0.0000000000
68075  7.960  -5.855  29.725 0.0000000000
68086  7.825  -5.156  29.495 0.0000000000
68087  7.709  -5.596  29.201 0.0000000000
68102  10.042  -6.260  28.322 0.0000000000
68103  9.405  -5.985  28.319 0.0000000000
68104  8.548  -5.572  28.270 0.0000000000
68105  7.954  -5.658  28.602 0.0000000000
69119  17.110  -4.165  49.896 0.0000000000
69120  16.886  -4.235  50.202 0.0000000000
69121  16.396  -4.266  50.387 0.0000000000
69122  15.860  -4.254  50.430 0.0000000000
69123  15.424  -4.143  50.181 0.0000000000
69124  17.240  -5.042  49.237 0.0000000000
69125  17.173  -4.677  49.500 0.0000000000
69126  15.099  -4.202  49.887 0.0000000000
69127  14.798  -4.263  49.566 0.0000000000
69128  17.259  -5.236  49.080 0.0000000000
69129  16.899  -4.491  48.981 0.0000000000
69130  14.447  -4.384  49.034 0.0000000000
69131  13.671  -4.643  48.503 0.0000000000
69132  12.753  -5.508  48.499 0.0000000000
69133  12.265  -6.067  48.427 0.0000000000
69134  17.278  -5.599  48.773 0.0000000000
69135  16.781  -4.671  48.658 0.0000000000
69136  13.398  -4.045  48.515 0.0000000000
69137  13.017  -4.500  48.423 0.0000000000
69138  12.367  -5.259  48.134 0.0000000000
69139  11.778  -5.426  47.748 0.0000000000
69140  11.223  -6.366  47.990 0.0000000000
69143  11.496  -4.903  47.311 0.0000000000
69144  11.134  -6.127  47.668 0.0000000000
69145  10.779  -6.550  47.790 0.0000000000
69148  11.174  -4.284  46.451 0.0000000000
69149  11.187  -4.709  46.831 0.0000000000
69150  10.972  -5.629  47.195 0.0000000000
69151  10.719  -6.335  47.544 0.0000000000
69156  11.084  -4.290  45.992 0.0000000000
69157  10.819  -5.050  46.207 0.0000000000
69167  11.145  -4.361  45.393 0.0000000000
69168  10.713  -5.047  45.572 0.0000000000
69181  11.141  -4.214  44.156 0.0000000000
69182  11.020  -4.620  44.618 0.0000000000
69183  10.735  -5.088  45.050 0.0000000000
69189  11.207  -4.449  43.468 0.0000000000
69190  10.875  -4.833  43.968 0.0000000000
69198  11.350  -4.404  42.506 0.0000000000
69206  11.434  -4.375  41.584 0.0000000000
69216  11.493  -4.378  40.666 0.0000000000
69225  11.360  -4.392  39.697 0.0000000000
69235  11.264  -4.298  38.582 0.0000000000
69236  11.013  -3.647  38.456 0.0000000000
69246  11.453  -4.543  37.417 0.0000000000
69247  11.039  -3.737  37.910 0.0000000000
69254  11.492  -4.463  36.409 0.0000000000
69255  11.083  -3.757  37.000 0.0000000000
69264  11.407  -4.133  35.449 0.0000000000
69265  10.999  -3.468  35.066 0.0000000000
69273  11.341  -3.966  34.494 0.0000000000
69274  10.797  -3.225  34.398 0.0000000000
69282  11.161  -3.770  33.701 0.0000000000
69283  10.695  -3.136  33.456 0.0000000000
69292  10.964  -3.706  33.159 0.0000000000
69293  10.766  -3.722  32.519 0.0000000000
69294  10.573  -4.292  31.892 0.0000000000
69305  10.496  -3.733  31.744 0.0000000000
70491  16.864  -3.437  49.878 0.0000000000
70492  16.625  -3.442  50.239 0.0000000000
70493  16.159  -3.420  50.513 0.0000000000
70494  15.605  -3.407  50.482 0.0000000000
70495  15.068  -3.346  50.202 0.0000000000
70496  14.827  -2.916  50.142 0.0000000000
70497  16.725  -3.541  49.363 0.0000000000
70498  14.886  -3.733  49.875 0.0000000000
70499  14.558  -3.319  49.613 0.0000000000
70500  14.178  -2.838  49.396 0.0000000000
70501  16.641  -3.600  48.832 0.0000000000
70502  14.208  -3.854  48.897 0.0000000000
70503  13.711  -3.345  48.778 0.0000000000
70504  13.045  -2.927  48.455 0.0000000000
70505  12.734  -2.666  48.340 0.0000000000
70506  16.585  -3.596  48.381 0.0000000000
70507  13.236  -3.869  48.482 0.0000000000
70508  12.948  -3.859  48.386 0.0000000000
70509  12.496  -3.527  48.026 0.0000000000
70510  12.019  -3.724  47.528 0.0000000000
70511  16.561  -3.692  48.010 0.0000000000
70512  11.494  -3.222  46.877 0.0000000000
70513  11.607  -3.616  47.164 0.0000000000
70516  11.270  -3.471  46.434 0.0000000000
70517  11.339  -3.845  46.772 0.0000000000
70524  11.180  -3.423  45.830 0.0000000000
70533  11.588  -3.072  44.542 0.0000000000
70534  11.539  -3.436  45.100 0.0000000000
70546  11.333  -3.415  43.981 0.0000000000
70547  11.372  -3.757  44.519 0.0000000000
70558  11.472  -3.438  43.084 0.0000000000
70569  11.212  -3.457  42.199 0.0000000000
70570  10.833  -3.017  41.816 0.0000000000
70582  11.244  -3.590  41.301 0.0000000000
70583  10.734  -2.936  41.118 0.0000000000
70596  11.190  -3.607  40.403 0.0000000000
70597  10.619  -2.992  40.180 0.0000000000
70607  11.049  -3.633  39.501 0.0000000000
70608  10.539  -3.072  39.322 0.0000000000
70616  10.908  -3.555  38.863 0.0000000000
70617  10.478  -3.161  38.463 0.0000000000
70618  9.880  -2.831  37.999 0.0000000000
70626  10.431  -3.225  37.520 0.0000000000
70627  9.743  -2.617  37.254 0.0000000000
70635  11.166  -3.713  36.209 0.0000000000
70636  10.485  -3.099  36.473 0.0000000000
70637  9.657  -2.296  36.259 0.0000000000
70645  10.948  -3.382  35.704 0.0000000000
70646  10.374  -2.799  35.354 0.0000000000
71782  16.656  -2.881  49.903 0.0000000000
71783  16.374  -2.680  50.167 0.0000000000
71784  15.917  -2.721  50.501 0.0000000000
71785  15.391  -2.717  50.511 0.0000000000
71786  14.975  -2.613  50.388 0.0000000000
71787  14.725  -2.551  50.087 0.0000000000
71788  16.515  -2.666  49.298 0.0000000000
71789  16.433  -2.414  49.633 0.0000000000
71790  14.399  -2.491  49.714 0.0000000000
71791  13.881  -2.449  49.320 0.0000000000
71792  16.597  -2.683  48.697 0.0000000000
71793  13.402  -2.407  48.823 0.0000000000
71794  12.972  -2.248  48.530 0.0000000000
71795  12.548  -2.302  48.342 0.0000000000
71796  17.316  -1.941  47.650 0.0000000000
71797  16.832  -2.550  48.144 0.0000000000
71798  12.196  -2.510  48.004 0.0000000000
71799  11.913  -2.611  47.628 0.0000000000
71801  17.606  -1.843  47.234 0.0000000000
71802  16.875  -2.597  47.745 0.0000000000
71803  11.457  -2.787  46.735 0.0000000000
71804  11.668  -2.589  47.201 0.0000000000
71808  16.899  -2.549  47.297 0.0000000000
71809  11.192  -2.584  46.302 0.0000000000
71810  11.506  -2.327  46.812 0.0000000000
71817  11.241  -2.499  45.591 0.0000000000
71824  11.423  -2.610  44.196 0.0000000000
71825  11.497  -2.271  44.759 0.0000000000
71835  11.385  -2.549  43.521 0.0000000000
71836  11.088  -1.966  43.981 0.0000000000
71848  11.210  -2.597  42.677 0.0000000000
71849  10.835  -1.897  43.118 0.0000000000
71860  10.904  -2.791  42.203 0.0000000000
71861  10.333  -2.203  42.096 0.0000000000
71862  9.735  -1.667  42.105 0.0000000000
71871  10.008  -2.393  40.879 0.0000000000
71872  9.518  -1.791  41.545 0.0000000000
71885  9.972  -2.507  39.845 0.0000000000
71886  9.122  -1.893  40.337 0.0000000000
71887  8.555  -1.498  39.973 0.0000000000
71903  10.113  -2.632  39.072 0.0000000000
71904  9.478  -2.227  39.195 0.0000000000
71905  8.667  -1.651  39.141 0.0000000000
71919  9.837  -2.593  38.571 0.0000000000
71920  9.162  -2.319  38.170 0.0000000000
71921  8.328  -1.709  37.893 0.0000000000
71934  8.979  -1.960  37.092 0.0000000000
73173  16.107  -2.165  50.110 0.0000000000
73174  15.744  -2.209  50.340 0.0000000000
73175  15.296  -2.143  50.422 0.0000000000
73176  14.877  -2.106  50.345 0.0000000000
73177  14.585  -2.064  50.012 0.0000000000
73178  16.481  -1.924  49.191 0.0000000000
73179  16.296  -2.015  49.677 0.0000000000
73180  14.153  -2.006  49.629 0.0000000000
73181  13.495  -1.860  49.108 0.0000000000
73182  13.191  -1.522  48.818 0.0000000000
73183  17.239  -1.593  48.310 0.0000000000
73184  16.741  -1.872  48.673 0.0000000000
73185  13.213  -2.007  48.744 0.0000000000
73186  12.851  -1.694  48.649 0.0000000000
73187  12.231  -1.708  48.460 0.0000000000
73188  17.471  -1.722  47.976 0.0000000000
73189  16.932  -2.033  48.298 0.0000000000
73190  11.888  -1.854  48.187 0.0000000000
73191  11.707  -2.018  47.817 0.0000000000
73192  18.174  -1.518  47.067 0.0000000000
73193  17.872  -1.549  47.588 0.0000000000
73194  11.641  -2.042  47.205 0.0000000000
73197  10.910  -1.919  45.976 0.0000000000
73198  11.334  -1.928  46.542 0.0000000000
73201  11.070  -1.690  45.206 0.0000000000
73202  10.717  -1.278  45.273 0.0000000000
73205  10.810  -1.544  44.456 0.0000000000
73206  10.598  -1.185  44.851 0.0000000000
73215  10.425  -1.458  43.668 0.0000000000
73216  10.284  -1.041  44.113 0.0000000000
73224  10.096  -1.494  42.827 0.0000000000
73225  9.897  -0.991  43.278 0.0000000000
73234  9.851  -1.603  42.363 0.0000000000
73235  9.449  -1.161  42.308 0.0000000000
73236  8.976  -0.776  41.772 0.0000000000
73251  17.379  -1.588  41.382 0.0000000000
73252  8.976  -1.310  41.277 0.0000000000
73253  8.778  -0.713  40.884 0.0000000000
73264  17.878  -1.823  40.522 0.0000000000
73265  16.930  -1.645  40.632 0.0000000000
73266  16.123  -1.397  40.342 0.0000000000
73267  8.650  -1.313  40.481 0.0000000000
73268  8.127  -1.027  39.784 0.0000000000
73282  17.758  -1.936  39.547 0.0000000000
73283  16.726  -1.723  39.551 0.0000000000
73284  15.601  -1.411  39.575 0.0000000000
73285  14.813  -1.226  39.331 0.0000000000
73286  7.944  -1.206  38.579 0.0000000000
73300  17.428  -1.981  38.716 0.0000000000
73301  16.392  -1.731  38.538 0.0000000000
73302  15.145  -1.307  38.475 0.0000000000
73303  14.495  -1.130  38.964 0.0000000000
73323  17.487  -1.914  37.622 0.0000000000
73324  15.967  -1.377  37.358 0.0000000000
73325  15.186  -1.140  37.761 0.0000000000
74572  16.059  -1.942  50.036 0.0000000000
74573  15.745  -1.663  50.254 0.0000000000
74574  15.175  -1.635  50.405 0.0000000000
74575  14.743  -1.630  50.234 0.0000000000
74576  14.436  -1.648  49.858 0.0000000000
74577  16.494  -1.518  49.368 0.0000000000
74578  16.282  -1.497  49.858 0.0000000000
74579  16.047  -1.115  50.164 0.0000000000
74580  13.975  -1.575  49.450 0.0000000000
74581  13.440  -1.400  49.014 0.0000000000
74582  12.853  -1.281  48.780 0.0000000000
74583  17.183  -1.334  48.507 0.0000000000
74584  16.798  -1.260  48.894 0.0000000000
74585  12.274  -1.250  48.825 0.0000000000
74586  11.874  -1.294  48.622 0.0000000000
74587  18.188  -1.260  48.000 0.0000000000
74588  17.821  -1.225  48.168 0.0000000000
74589  11.728  -1.405  48.168 0.0000000000
74590  11.668  -1.514  47.601 0.0000000000
74591  18.233  -1.261  47.666 0.0000000000
74592  17.939  -1.401  47.879 0.0000000000
74593  11.573  -1.525  46.896 0.0000000000
74595  18.619  -1.402  46.637 0.0000000000
74596  10.830  -1.537  45.757 0.0000000000
74597  10.944  -1.348  46.115 0.0000000000
74598  10.740  -0.938  45.752 0.0000000000
74602  10.761  -1.348  45.573 0.0000000000
74603  10.612  -1.042  45.351 0.0000000000
74604  10.541  -0.700  45.139 0.0000000000
74607  10.400  -0.650  44.567 0.0000000000
74608  10.448  -0.356  44.786 0.0000000000
74618  16.757  -0.771  44.099 0.0000000000
74619  16.394  -0.741  44.082 0.0000000000
74620  10.029  -0.461  43.666 0.0000000000
74621  9.513  -0.078  43.228 0.0000000000
74629  16.688  -0.870  43.665 0.0000000000
74630  15.945  -0.782  43.520 0.0000000000
74631  15.087  -0.903  43.227 0.0000000000
74632  9.476  -0.496  42.928 0.0000000000
74633  9.111  -0.043  42.647 0.0000000000
74643  17.243  -1.223  42.869 0.0000000000
74644  16.771  -1.021  42.944 0.0000000000
74645  15.767  -0.848  42.648 0.0000000000
74646  14.685  -1.063  42.630 0.0000000000
74647  9.108  -0.510  42.344 0.0000000000
74648  8.981  -0.165  41.759 0.0000000000
74660  17.443  -1.371  42.296 0.0000000000
74661  16.572  -1.145  41.833 0.0000000000
74662  15.468  -0.881  41.782 0.0000000000
74663  14.397  -0.695  41.700 0.0000000000
74664  13.736  -0.432  41.308 0.0000000000
74665  9.013  -0.073  40.843 0.0000000000
74674  16.050  -1.305  41.110 0.0000000000
74675  15.240  -1.091  40.768 0.0000000000
74676  14.314  -0.705  40.688 0.0000000000
74677  13.476  -0.431  40.587 0.0000000000
74678  8.385  -0.228  40.252 0.0000000000
74690  14.803  -1.102  40.017 0.0000000000
74691  14.127  -0.883  39.676 0.0000000000
74692  13.239  -0.385  39.651 0.0000000000
74703  18.129  -2.175  38.747 0.0000000000
74704  14.804  -1.009  37.983 0.0000000000
74705  14.015  -0.774  38.458 0.0000000000
74706  12.988  -0.097  38.819 0.0000000000
74717  17.885  -2.108  38.308 0.0000000000
74719  14.800  -0.827  37.290 0.0000000000
74720  13.720  -0.153  37.441 0.0000000000
74721  13.333  -0.204  38.133 0.0000000000
75892  15.551  -1.212  50.316 0.0000000000
75893  14.983  -1.062  50.342 0.0000000000
75894  14.607  -1.205  50.070 0.0000000000
75895  14.307  -1.315  49.683 0.0000000000
75896  16.642  -1.064  49.344 0.0000000000
75897  16.442  -0.730  49.611 0.0000000000
75898  15.718  -0.727  50.052 0.0000000000
75899  14.966  -0.706  50.060 0.0000000000
75900  14.421  -0.911  49.746 0.0000000000
75901  13.851  -1.140  49.265 0.0000000000
75902  13.058  -1.077  48.857 0.0000000000
75903  12.416  -1.100  48.969 0.0000000000
75904  17.345  -0.996  48.559 0.0000000000
75905  17.042  -0.539  48.940 0.0000000000
75906  16.767  -0.158  49.250 0.0000000000
75907  12.514  -0.932  48.906 0.0000000000
75908  12.016  -0.916  48.902 0.0000000000
75909  11.717  -1.016  48.447 0.0000000000
75910  18.248  -1.034  48.015 0.0000000000
75911  17.740  -0.689  48.175 0.0000000000
75912  17.283  -0.247  48.500 0.0000000000
75913  11.694  -1.116  47.896 0.0000000000
75914  11.682  -1.184  47.289 0.0000000000
75915  18.381  -0.900  47.447 0.0000000000
75916  18.029  -0.522  47.568 0.0000000000
75917  11.479  -1.145  46.662 0.0000000000
75918  19.077  -0.751  46.553 0.0000000000
75919  11.007  -0.901  46.072 0.0000000000
75920  10.779  -0.513  45.594 0.0000000000
75923  16.158  -0.042  45.168 0.0000000000
75924  15.970  -0.022  45.169 0.0000000000
75925  15.508  -0.087  45.213 0.0000000000
75926  14.810  -0.150  45.227 0.0000000000
75927  10.554  -0.221  45.144 0.0000000000
75930  16.364  -0.144  45.086 0.0000000000
75931  15.920  -0.171  44.877 0.0000000000
75932  15.087  -0.268  44.815 0.0000000000
75933  14.116  -0.194  44.870 0.0000000000
75934  13.403  0.087  44.713 0.0000000000
75935  10.395  -0.301  44.509 0.0000000000
75936  10.427  -0.029  44.541 0.0000000000
75946  17.047  -0.454  44.706 0.0000000000
75947  16.728  -0.451  44.633 0.0000000000
75948  15.681  -0.530  44.314 0.0000000000
75949  14.585  -0.436  44.266 0.0000000000
75950  13.624  -0.152  44.219 0.0000000000
75951  13.112  0.283  44.454 0.0000000000
75952  10.317  -0.252  44.159 0.0000000000
75953  10.089  0.108  43.710 0.0000000000
75963  17.990  -0.881  43.928 0.0000000000
75964  17.368  -0.750  44.277 0.0000000000
75965  17.014  -0.874  43.926 0.0000000000
75966  15.083  -0.596  43.737 0.0000000000
75967  14.148  -0.923  43.570 0.0000000000
75968  13.394  0.044  43.411 0.0000000000
75969  12.708  0.351  43.153 0.0000000000
75970  12.182  0.472  43.110 0.0000000000
75971  9.506  0.383  42.940 0.0000000000
75981  17.882  -1.199  43.410 0.0000000000
75982  17.329  -1.129  43.327 0.0000000000
75983  16.973  -1.000  43.443 0.0000000000
75984  13.776  -0.697  42.662 0.0000000000
75985  13.180  0.056  42.503 0.0000000000
75986  12.381  0.445  42.343 0.0000000000
75987  11.936  0.533  42.827 0.0000000000
75988  9.108  0.426  42.109 0.0000000000
75995  17.793  -1.383  42.803 0.0000000000
75996  17.475  -1.309  42.843 0.0000000000
75997  13.605  -0.327  41.949 0.0000000000
75998  13.007  -0.055  41.528 0.0000000000
75999  12.374  0.482  41.373 0.0000000000
76000  9.145  0.431  41.155 0.0000000000
76005  12.747  0.077  40.583 0.0000000000
76006  12.143  0.648  40.568 0.0000000000
76007  11.690  0.911  40.293 0.0000000000
76013  12.551  0.243  39.740 0.0000000000
76014  11.964  0.684  39.702 0.0000000000
76015  11.455  1.034  39.724 0.0000000000
76021  12.315  0.360  38.999 0.0000000000
77136  16.209  -0.322  49.444 0.0000000000
77137  15.479  -0.407  49.632 0.0000000000
77138  14.727  -0.466  49.623 0.0000000000
77139  14.032  -0.686  49.315 0.0000000000
77140  13.345  -0.860  48.918 0.0000000000
77141  12.844  -0.922  48.793 0.0000000000
77142  17.144  0.115  48.968 0.0000000000
77143  16.642  0.168  49.092 0.0000000000
77144  15.900  -0.084  49.188 0.0000000000
77145  15.100  -0.105  49.272 0.0000000000
77146  14.292  -0.194  49.169 0.0000000000
77147  13.547  -0.476  48.812 0.0000000000
77148  12.624  -0.672  48.573 0.0000000000
77149  11.956  -0.812  48.326 0.0000000000
77150  11.766  -0.932  48.099 0.0000000000
77151  17.610  -0.343  48.000 0.0000000000
77152  17.172  0.018  48.274 0.0000000000
77153  16.982  0.284  48.714 0.0000000000
77154  12.495  -0.512  48.056 0.0000000000
77155  12.263  -0.597  47.919 0.0000000000
77156  11.837  -0.789  47.458 0.0000000000
77157  11.701  -0.999  47.029 0.0000000000
77158  18.320  -0.584  46.860 0.0000000000
77159  18.005  -0.300  47.193 0.0000000000
77160  17.533  -0.227  47.470 0.0000000000
77161  11.732  -0.445  46.699 0.0000000000
77162  11.556  -0.796  46.620 0.0000000000
77163  18.922  -0.344  46.240 0.0000000000
77164  18.238  -0.287  46.471 0.0000000000
77165  17.842  -0.221  46.755 0.0000000000
77166  11.743  -0.127  46.227 0.0000000000
77167  11.263  -0.308  45.900 0.0000000000
77168  10.792  -0.165  45.469 0.0000000000
77170  18.608  -0.190  45.936 0.0000000000
77171  18.057  -0.199  46.165 0.0000000000
77172  17.839  -0.265  46.024 0.0000000000
77173  16.334  -0.153  45.315 0.0000000000
77174  15.965  -0.036  45.525 0.0000000000
77175  15.219  -0.043  45.649 0.0000000000
77176  14.275  -0.043  45.498 0.0000000000
77177  10.944  0.055  45.447 0.0000000000
77178  10.689  0.165  45.177 0.0000000000
77180  18.291  -0.449  45.625 0.0000000000
77181  17.999  -0.390  45.758 0.0000000000
77182  17.532  -0.409  45.700 0.0000000000
77183  16.918  -0.307  45.386 0.0000000000
77184  16.511  -0.225  45.735 0.0000000000
77185  13.485  0.061  45.161 0.0000000000
77186  12.966  0.310  44.837 0.0000000000
77187  11.259  0.903  44.835 0.0000000000
77188  10.965  0.805  45.007 0.0000000000
77189  10.528  0.442  44.306 0.0000000000
77196  18.107  -0.770  45.118 0.0000000000
77197  17.753  -0.678  45.109 0.0000000000
77198  17.253  -0.465  44.943 0.0000000000
77199  17.031  -0.296  44.995 0.0000000000
77200  13.112  0.309  44.059 0.0000000000
77201  12.598  0.538  44.378 0.0000000000
77202  11.996  0.757  44.249 0.0000000000
77203  11.368  0.843  44.411 0.0000000000
77204  10.647  0.843  44.003 0.0000000000
77205  10.083  0.621  43.524 0.0000000000
77214  18.094  -0.827  44.415 0.0000000000
77215  17.625  -0.713  44.584 0.0000000000
77216  17.400  -0.616  44.654 0.0000000000
77217  12.829  0.429  43.764 0.0000000000
77218  12.326  0.571  43.709 0.0000000000
77219  11.727  0.636  43.455 0.0000000000
77220  11.024  0.859  43.318 0.0000000000
77221  10.329  0.921  43.111 0.0000000000
77222  9.804  0.771  42.871 0.0000000000
77230  12.075  0.685  41.864 0.0000000000
77231  11.613  0.768  42.383 0.0000000000
77232  10.780  1.058  42.368 0.0000000000
77233  10.042  1.019  42.289 0.0000000000
77234  9.484  0.782  42.228 0.0000000000
77241  11.870  0.803  41.412 0.0000000000
77242  11.279  1.049  41.508 0.0000000000
77243  10.516  1.147  41.450 0.0000000000
77244  9.767  1.079  41.429 0.0000000000
77245  9.361  0.775  41.326 0.0000000000
77250  11.638  0.923  40.862 0.0000000000
77251  11.124  1.143  40.573 0.0000000000
77252  10.218  1.365  40.436 0.0000000000
77253  9.381  1.309  40.601 0.0000000000
77259  10.929  1.332  39.693 0.0000000000
78399  16.152  0.086  48.848 0.0000000000
78400  15.440  0.065  48.842 0.0000000000
78401  14.586  0.082  48.786 0.0000000000
78402  13.772  0.022  48.613 0.0000000000
78403  13.085  -0.281  48.315 0.0000000000
78404  12.702  -0.426  48.163 0.0000000000
78405  16.980  0.151  48.273 0.0000000000
78406  16.581  0.140  48.487 0.0000000000
78407  15.772  -0.047  48.344 0.0000000000
78408  14.865  -0.010  48.215 0.0000000000
78409  14.004  0.262  48.112 0.0000000000
78410  13.241  0.160  47.920 0.0000000000
78411  12.584  -0.183  47.740 0.0000000000
78412  12.101  -0.328  47.355 0.0000000000
78413  11.884  -0.419  47.115 0.0000000000
78414  17.187  -0.129  47.670 0.0000000000
78415  16.770  -0.033  47.771 0.0000000000
78416  16.092  -0.034  47.741 0.0000000000
78417  15.173  0.123  47.615 0.0000000000
78418  14.232  0.464  47.487 0.0000000000
78419  13.388  0.534  47.342 0.0000000000
78420  12.689  0.383  47.171 0.0000000000
78421  12.165  0.143  46.978 0.0000000000
78422  11.928  -0.049  46.852 0.0000000000
78423  17.549  -0.245  46.926 0.0000000000
78424  16.988  -0.251  46.979 0.0000000000
78425  16.427  -0.020  47.035 0.0000000000
78426  15.544  0.257  46.945 0.0000000000
78427  14.475  0.500  46.784 0.0000000000
78428  13.499  0.535  46.623 0.0000000000
78429  12.944  0.440  46.410 0.0000000000
78430  12.313  0.231  46.277 0.0000000000
78431  11.832  0.014  46.063 0.0000000000
78432  11.341  -0.059  45.742 0.0000000000
78433  17.840  -0.234  46.474 0.0000000000
78434  17.521  -0.313  46.276 0.0000000000
78435  16.816  -0.271  46.415 0.0000000000
78436  16.034  -0.013  46.196 0.0000000000
78437  14.815  0.113  46.170 0.0000000000
78438  13.519  0.172  45.820 0.0000000000
78439  12.805  0.133  45.964 0.0000000000
78440  12.266  0.312  45.769 0.0000000000
78441  11.862  0.497  45.496 0.0000000000
78442  11.412  0.349  45.482 0.0000000000
78443  17.269  -0.397  45.889 0.0000000000
78444  16.938  -0.397  46.004 0.0000000000
78445  16.633  -0.275  46.071 0.0000000000
78446  13.051  0.227  45.213 0.0000000000
78447  12.466  0.530  45.092 0.0000000000
78448  11.899  0.825  44.988 0.0000000000
78449  11.524  0.858  44.997 0.0000000000
78450  11.449  0.663  45.223 0.0000000000
78457  12.201  0.710  44.637 0.0000000000
78458  11.893  0.812  44.710 0.0000000000
78459  11.632  0.852  44.778 0.0000000000
79704  12.465  0.148  45.787 0.0000000000
79705  12.116  0.463  45.553 0.0000000000
79706  11.969  0.682  45.370 0.0000000000
79707  12.290  0.494  45.380 0.0000000000
79708  12.071  0.673  45.233 0.0000000000
79709  11.897  1.179  45.007 0.0000000000
135555  15.438  -17.661  49.658 0.0000000000
135556  15.508  -16.594  49.400 0.0000000000
135557  15.177  -17.309  50.049 0.0000000000
135558  17.426  -17.477  48.727 0.0000000000
135559  15.003  -16.620  50.042 0.0000000000
135560  17.874  -16.261  48.756 0.0000000000
135561  16.586  -17.567  48.943 0.0000000000
135562  16.542  -16.106  48.473 0.0000000000
135563  18.622  -15.150  48.835 0.0000000000
135564  17.922  -15.551  48.392 0.0000000000
135565  14.803  -15.572  49.466 0.0000000000
