#!ascii label  , from subject Broad_82_YZ vox2ras=TkReg
1539
68491  44.822  -5.439  3.069 0.0000000000
68492  44.238  -5.875  2.997 0.0000000000
68500  44.437  -4.954  2.657 0.0000000000
68501  43.921  -5.363  2.647 0.0000000000
68502  42.870  -5.409  2.265 0.0000000000
69779  54.476  -4.535  3.150 0.0000000000
69780  53.918  -4.296  3.200 0.0000000000
69781  52.967  -4.464  3.393 0.0000000000
69782  51.995  -4.559  3.522 0.0000000000
69783  50.961  -4.635  3.579 0.0000000000
69784  49.902  -4.671  3.648 0.0000000000
69785  48.865  -4.735  3.627 0.0000000000
69786  47.932  -4.799  3.460 0.0000000000
69787  46.925  -4.631  3.200 0.0000000000
69788  45.967  -4.879  3.099 0.0000000000
69789  45.387  -5.030  3.059 0.0000000000
69795  56.694  -4.313  2.354 0.0000000000
69796  55.951  -4.473  2.671 0.0000000000
69797  54.995  -4.525  2.986 0.0000000000
69798  54.440  -4.228  3.030 0.0000000000
69799  46.634  -4.242  2.749 0.0000000000
69800  46.129  -4.425  2.722 0.0000000000
69801  45.106  -4.583  2.416 0.0000000000
69802  44.015  -4.828  2.123 0.0000000000
69803  43.459  -5.038  2.164 0.0000000000
69808  58.236  -4.570  1.682 0.0000000000
69809  57.494  -4.903  2.153 0.0000000000
69810  44.933  -4.266  1.250 0.0000000000
69811  44.081  -4.442  1.299 0.0000000000
69812  43.074  -4.827  1.369 0.0000000000
69823  44.932  -4.225  0.715 0.0000000000
69824  44.335  -4.323  0.234 0.0000000000
69825  43.196  -4.594  0.138 0.0000000000
69826  42.255  -4.773  0.111 0.0000000000
69835  46.134  -4.354  -1.872 0.0000000000
69836  45.435  -4.463  -1.462 0.0000000000
69837  44.489  -4.523  -1.037 0.0000000000
69838  43.344  -4.819  -1.086 0.0000000000
69839  42.318  -5.069  -1.112 0.0000000000
69848  46.291  -4.392  -2.754 0.0000000000
69849  45.383  -4.546  -2.518 0.0000000000
69850  44.459  -4.680  -2.287 0.0000000000
69851  43.455  -4.964  -2.249 0.0000000000
69852  42.461  -5.172  -2.203 0.0000000000
69853  41.334  -5.200  -2.091 0.0000000000
69859  46.536  -4.437  -3.695 0.0000000000
69860  45.539  -4.483  -3.424 0.0000000000
69861  44.570  -4.561  -3.106 0.0000000000
69862  43.643  -4.840  -3.023 0.0000000000
69863  42.700  -5.128  -3.126 0.0000000000
69864  42.045  -5.019  -2.607 0.0000000000
69869  47.202  -4.078  -4.672 0.0000000000
69870  46.890  -4.350  -4.463 0.0000000000
69871  45.842  -4.253  -4.249 0.0000000000
69872  44.766  -4.276  -3.753 0.0000000000
69873  43.890  -4.344  -3.290 0.0000000000
69874  43.220  -4.647  -3.268 0.0000000000
69879  47.145  -3.936  -4.847 0.0000000000
69880  46.905  -4.018  -4.822 0.0000000000
69881  46.453  -4.007  -4.653 0.0000000000
71090  53.700  -3.680  2.929 0.0000000000
71091  53.138  -3.710  3.041 0.0000000000
71092  52.240  -3.720  3.140 0.0000000000
71093  51.213  -3.734  3.151 0.0000000000
71094  50.142  -3.816  3.140 0.0000000000
71095  49.087  -3.908  3.230 0.0000000000
71096  48.124  -4.101  3.216 0.0000000000
71097  47.534  -4.311  3.176 0.0000000000
71103  56.559  -3.725  2.185 0.0000000000
71104  56.094  -3.722  2.350 0.0000000000
71105  55.292  -3.461  2.433 0.0000000000
71106  54.288  -3.578  2.736 0.0000000000
71107  53.367  -3.198  2.583 0.0000000000
71108  52.487  -3.121  2.587 0.0000000000
71109  51.529  -3.151  2.542 0.0000000000
71110  50.379  -3.219  2.188 0.0000000000
71111  49.294  -3.453  2.341 0.0000000000
71112  48.235  -3.618  2.483 0.0000000000
71113  47.168  -3.943  2.624 0.0000000000
71114  46.299  -4.108  2.360 0.0000000000
71115  45.810  -4.301  2.357 0.0000000000
71121  58.332  -3.488  1.425 0.0000000000
71122  57.188  -3.655  1.924 0.0000000000
71123  56.203  -3.257  1.981 0.0000000000
71124  55.732  -3.249  2.159 0.0000000000
71125  50.024  -3.146  1.473 0.0000000000
71126  49.473  -3.248  1.266 0.0000000000
71127  48.443  -3.442  1.405 0.0000000000
71128  47.360  -3.606  1.564 0.0000000000
71129  46.392  -3.859  1.672 0.0000000000
71130  45.665  -4.148  1.849 0.0000000000
71144  58.903  -3.440  1.158 0.0000000000
71145  49.290  -3.209  0.654 0.0000000000
71146  48.720  -3.273  0.307 0.0000000000
71147  47.558  -3.623  0.396 0.0000000000
71148  46.485  -3.866  0.588 0.0000000000
71149  45.493  -4.122  0.807 0.0000000000
71150  44.938  -4.228  0.466 0.0000000000
71159  50.968  -3.412  -1.877 0.0000000000
71160  50.411  -3.340  -1.585 0.0000000000
71161  49.698  -3.342  -1.308 0.0000000000
71162  48.897  -3.451  -0.897 0.0000000000
71163  47.795  -3.688  -0.810 0.0000000000
71164  46.585  -4.108  -0.744 0.0000000000
71165  45.580  -4.241  -0.290 0.0000000000
71166  44.959  -4.225  0.040 0.0000000000
71167  41.663  -3.750  -1.784 0.0000000000
71168  41.055  -4.027  -1.682 0.0000000000
71174  51.797  -3.455  -3.029 0.0000000000
71175  51.216  -3.516  -2.624 0.0000000000
71176  50.381  -3.485  -2.497 0.0000000000
71177  49.693  -3.446  -2.265 0.0000000000
71178  48.922  -3.490  -2.116 0.0000000000
71179  48.035  -3.832  -2.012 0.0000000000
71180  47.008  -4.081  -1.866 0.0000000000
71181  42.931  -3.589  -2.670 0.0000000000
71182  42.241  -3.882  -2.396 0.0000000000
71183  41.638  -4.570  -2.242 0.0000000000
71188  51.753  -3.238  -3.546 0.0000000000
71189  51.183  -3.455  -3.465 0.0000000000
71190  50.444  -3.318  -3.250 0.0000000000
71191  49.710  -3.232  -2.883 0.0000000000
71192  48.957  -3.147  -2.750 0.0000000000
71193  48.028  -3.577  -3.245 0.0000000000
71194  47.205  -4.083  -2.952 0.0000000000
71195  44.343  -3.494  -3.466 0.0000000000
71196  43.570  -3.680  -3.149 0.0000000000
71197  42.808  -4.327  -3.164 0.0000000000
71198  42.236  -4.690  -2.815 0.0000000000
71202  51.657  -3.041  -3.803 0.0000000000
71203  51.281  -3.157  -3.852 0.0000000000
71204  50.778  -3.197  -3.780 0.0000000000
71205  47.819  -4.197  -4.228 0.0000000000
71206  47.354  -4.264  -3.827 0.0000000000
71207  46.021  -3.552  -4.447 0.0000000000
71208  45.017  -3.637  -4.051 0.0000000000
71209  44.089  -3.975  -3.668 0.0000000000
71210  43.451  -4.231  -3.381 0.0000000000
71214  47.425  -3.812  -4.634 0.0000000000
71215  47.139  -3.672  -4.741 0.0000000000
71216  46.706  -3.556  -4.666 0.0000000000
72384  55.110  -2.974  2.116 0.0000000000
72385  54.653  -2.919  2.121 0.0000000000
72386  53.725  -2.744  2.078 0.0000000000
72387  52.757  -2.538  2.043 0.0000000000
72388  51.804  -2.579  2.007 0.0000000000
72389  51.030  -2.846  1.886 0.0000000000
72391  67.583  -2.254  0.759 0.0000000000
72392  66.832  -2.711  0.984 0.0000000000
72393  65.591  -2.851  1.042 0.0000000000
72397  57.980  -2.760  1.230 0.0000000000
72398  57.330  -2.727  1.337 0.0000000000
72399  56.304  -2.701  1.375 0.0000000000
72400  55.238  -2.816  1.618 0.0000000000
72401  54.024  -2.734  1.235 0.0000000000
72402  52.997  -2.675  1.139 0.0000000000
72403  52.029  -2.676  1.142 0.0000000000
72404  51.156  -2.775  1.180 0.0000000000
72405  50.369  -2.995  1.285 0.0000000000
72406  49.896  -3.146  1.156 0.0000000000
72407  41.639  -2.327  1.038 0.0000000000
72416  67.003  -2.199  -0.025 0.0000000000
72417  66.131  -2.668  0.263 0.0000000000
72418  65.314  -2.933  0.269 0.0000000000
72419  64.462  -3.205  0.543 0.0000000000
72425  58.615  -2.720  1.006 0.0000000000
72426  57.589  -2.325  0.884 0.0000000000
72427  56.537  -2.247  0.357 0.0000000000
72428  55.333  -2.573  0.319 0.0000000000
72429  54.242  -2.623  0.255 0.0000000000
72430  53.169  -2.556  0.165 0.0000000000
72431  52.153  -2.619  0.157 0.0000000000
72432  51.247  -2.785  0.248 0.0000000000
72433  50.438  -2.892  0.422 0.0000000000
72434  49.704  -3.085  0.626 0.0000000000
72435  49.237  -3.151  0.412 0.0000000000
72436  43.571  -2.444  -0.184 0.0000000000
72437  42.809  -2.584  -0.162 0.0000000000
72438  41.967  -2.742  -0.043 0.0000000000
72439  41.211  -3.014  0.212 0.0000000000
72444  66.761  -1.922  -0.750 0.0000000000
72445  66.270  -2.156  -0.526 0.0000000000
72446  65.504  -2.407  -0.350 0.0000000000
72447  64.706  -2.662  -0.201 0.0000000000
72448  64.061  -2.796  -0.041 0.0000000000
72452  56.293  -2.153  -0.931 0.0000000000
72453  55.383  -2.497  -0.862 0.0000000000
72454  54.332  -2.640  -0.889 0.0000000000
72455  53.266  -2.621  -0.930 0.0000000000
72456  52.263  -2.709  -0.903 0.0000000000
72457  51.282  -2.974  -0.899 0.0000000000
72458  50.462  -3.023  -0.570 0.0000000000
72459  49.721  -3.024  -0.291 0.0000000000
72460  49.221  -3.038  0.032 0.0000000000
72461  45.841  -2.281  -1.511 0.0000000000
72462  45.075  -2.424  -1.352 0.0000000000
72463  44.142  -2.508  -1.018 0.0000000000
72464  43.195  -2.818  -1.137 0.0000000000
72465  42.290  -3.178  -1.214 0.0000000000
72466  41.430  -3.302  -0.932 0.0000000000
72471  57.120  -2.031  -2.561 0.0000000000
72472  56.476  -2.217  -2.031 0.0000000000
72473  55.409  -2.496  -2.013 0.0000000000
72474  54.383  -2.610  -2.029 0.0000000000
72475  53.317  -2.592  -2.053 0.0000000000
72476  52.250  -3.011  -2.088 0.0000000000
72477  51.583  -3.179  -1.691 0.0000000000
72478  49.859  -2.487  -2.622 0.0000000000
72479  49.240  -2.546  -2.462 0.0000000000
72480  48.523  -2.496  -2.495 0.0000000000
72481  47.667  -2.418  -2.566 0.0000000000
72482  46.566  -2.402  -2.298 0.0000000000
72483  45.476  -2.528  -2.414 0.0000000000
72484  44.509  -2.656  -2.288 0.0000000000
72485  43.552  -2.970  -2.241 0.0000000000
72486  42.822  -3.270  -1.953 0.0000000000
72491  57.236  -2.251  -3.367 0.0000000000
72492  56.398  -2.467  -3.209 0.0000000000
72493  55.498  -2.689  -3.081 0.0000000000
72494  54.481  -2.686  -3.092 0.0000000000
72495  53.418  -2.713  -3.067 0.0000000000
72496  52.508  -3.151  -3.026 0.0000000000
72497  50.449  -2.736  -3.325 0.0000000000
72498  49.722  -2.937  -3.090 0.0000000000
72499  49.064  -2.928  -2.855 0.0000000000
72500  48.234  -2.891  -3.383 0.0000000000
72501  47.178  -2.633  -3.501 0.0000000000
72502  46.054  -2.640  -3.432 0.0000000000
72503  44.948  -2.885  -3.388 0.0000000000
72504  44.153  -3.108  -2.951 0.0000000000
72509  59.298  -2.121  -4.600 0.0000000000
72510  58.619  -2.234  -4.342 0.0000000000
72511  57.622  -2.415  -4.114 0.0000000000
72512  56.537  -2.479  -4.121 0.0000000000
72513  55.577  -2.575  -4.018 0.0000000000
72514  54.666  -2.580  -3.968 0.0000000000
72515  53.613  -2.364  -3.901 0.0000000000
72516  52.291  -2.725  -3.647 0.0000000000
72517  51.520  -2.837  -3.879 0.0000000000
72518  51.013  -2.796  -3.903 0.0000000000
72519  48.025  -3.326  -4.123 0.0000000000
72520  47.604  -2.940  -4.249 0.0000000000
72521  46.615  -2.931  -4.317 0.0000000000
72522  45.676  -3.040  -4.081 0.0000000000
72528  60.790  -1.620  -5.363 0.0000000000
72529  60.439  -1.922  -5.259 0.0000000000
72530  59.616  -2.147  -5.065 0.0000000000
72531  58.682  -2.244  -4.989 0.0000000000
72532  57.839  -2.317  -4.892 0.0000000000
72533  56.819  -2.189  -4.816 0.0000000000
72534  55.683  -2.243  -4.707 0.0000000000
72535  54.840  -2.304  -4.586 0.0000000000
72536  54.273  -2.204  -4.440 0.0000000000
72537  47.726  -3.634  -4.427 0.0000000000
72538  47.554  -3.413  -4.507 0.0000000000
72539  46.991  -2.992  -4.677 0.0000000000
72545  60.634  -1.445  -5.448 0.0000000000
72546  60.308  -1.586  -5.415 0.0000000000
72547  59.637  -1.782  -5.307 0.0000000000
72548  58.773  -2.000  -5.319 0.0000000000
72549  58.020  -2.149  -5.329 0.0000000000
72550  57.450  -2.109  -5.197 0.0000000000
73804  68.475  -1.263  1.524 0.0000000000
73805  68.179  -1.533  1.919 0.0000000000
73806  67.423  -1.586  2.170 0.0000000000
73807  66.861  -1.445  2.266 0.0000000000
73814  68.348  -1.173  0.853 0.0000000000
73815  68.122  -1.767  1.129 0.0000000000
73816  67.506  -2.107  1.495 0.0000000000
73817  66.432  -2.064  1.832 0.0000000000
73818  65.153  -2.269  1.652 0.0000000000
73822  43.515  -1.215  1.106 0.0000000000
73823  42.798  -1.305  1.311 0.0000000000
73824  41.977  -1.451  1.553 0.0000000000
73833  68.206  -0.988  0.350 0.0000000000
73834  67.827  -1.477  0.106 0.0000000000
73835  63.554  -2.447  -0.056 0.0000000000
73837  60.438  -1.778  -0.007 0.0000000000
73838  59.711  -1.793  0.234 0.0000000000
73839  58.747  -1.865  0.418 0.0000000000
73840  57.832  -1.962  0.456 0.0000000000
73841  57.248  -2.075  0.409 0.0000000000
73842  47.601  -1.199  -0.065 0.0000000000
73843  46.887  -1.278  -0.004 0.0000000000
73844  46.073  -1.405  0.183 0.0000000000
73845  45.223  -1.561  0.373 0.0000000000
73846  44.215  -1.772  0.464 0.0000000000
73847  43.252  -1.931  0.604 0.0000000000
73848  42.458  -2.136  0.820 0.0000000000
73852  67.193  -1.545  -1.228 0.0000000000
73853  66.382  -1.747  -1.291 0.0000000000
73854  65.648  -1.764  -1.083 0.0000000000
73855  64.844  -1.794  -0.856 0.0000000000
73856  63.938  -1.884  -0.534 0.0000000000
73857  62.872  -1.725  -0.309 0.0000000000
73858  61.790  -1.466  -0.653 0.0000000000
73859  60.815  -1.459  -0.568 0.0000000000
73860  59.738  -1.285  -0.577 0.0000000000
73861  58.720  -1.410  -0.501 0.0000000000
73862  57.793  -1.604  -0.342 0.0000000000
73863  57.087  -1.902  -0.150 0.0000000000
73864  49.856  -1.596  -1.111 0.0000000000
73865  49.139  -1.613  -0.885 0.0000000000
73866  48.276  -1.586  -0.622 0.0000000000
73867  47.412  -1.759  -0.769 0.0000000000
73868  46.514  -1.953  -0.916 0.0000000000
73869  45.614  -2.034  -0.562 0.0000000000
73870  44.874  -2.170  -0.364 0.0000000000
73874  66.971  -1.253  -2.375 0.0000000000
73875  66.478  -1.536  -2.161 0.0000000000
73876  65.757  -1.612  -2.041 0.0000000000
73877  64.967  -1.594  -1.900 0.0000000000
73878  64.090  -1.273  -1.751 0.0000000000
73879  63.211  -1.116  -1.342 0.0000000000
73880  62.153  -0.937  -1.754 0.0000000000
73881  60.975  -1.149  -1.634 0.0000000000
73882  59.925  -1.134  -1.568 0.0000000000
73883  58.826  -1.298  -1.575 0.0000000000
73884  57.649  -1.586  -1.521 0.0000000000
73885  56.991  -1.742  -0.981 0.0000000000
73886  52.142  -1.379  -2.658 0.0000000000
73887  51.389  -1.553  -2.615 0.0000000000
73888  50.444  -1.864  -2.214 0.0000000000
73889  49.545  -2.045  -1.818 0.0000000000
73890  48.784  -2.065  -1.652 0.0000000000
73891  47.986  -2.031  -1.657 0.0000000000
73892  47.228  -2.155  -1.633 0.0000000000
73897  66.779  -1.102  -2.871 0.0000000000
73898  66.450  -1.339  -2.957 0.0000000000
73899  65.858  -1.552  -2.865 0.0000000000
73900  65.112  -1.555  -2.854 0.0000000000
73901  64.333  -1.461  -2.845 0.0000000000
73902  62.481  -1.146  -3.749 0.0000000000
73903  62.106  -1.132  -3.309 0.0000000000
73904  61.087  -1.343  -2.888 0.0000000000
73905  60.171  -1.263  -2.524 0.0000000000
73906  59.170  -1.447  -2.622 0.0000000000
73907  58.011  -1.764  -2.661 0.0000000000
73908  53.487  -1.494  -3.734 0.0000000000
73909  52.967  -1.514  -3.297 0.0000000000
73910  51.939  -1.758  -3.504 0.0000000000
73911  51.134  -2.198  -3.478 0.0000000000
73916  66.196  -1.114  -3.259 0.0000000000
73917  65.890  -1.244  -3.295 0.0000000000
73918  65.272  -1.322  -3.445 0.0000000000
73919  64.520  -1.375  -3.653 0.0000000000
73920  62.680  -1.093  -3.892 0.0000000000
73921  62.168  -1.221  -4.192 0.0000000000
73922  61.238  -1.604  -4.134 0.0000000000
73923  59.795  -1.688  -3.833 0.0000000000
73924  58.498  -2.003  -3.496 0.0000000000
73925  57.834  -2.166  -3.409 0.0000000000
73926  56.547  -1.549  -4.678 0.0000000000
73927  56.064  -1.623  -4.641 0.0000000000
73928  55.021  -1.661  -4.643 0.0000000000
73929  53.855  -1.754  -4.311 0.0000000000
73930  52.678  -2.121  -3.930 0.0000000000
73931  51.781  -2.380  -3.870 0.0000000000
73932  51.341  -2.592  -3.837 0.0000000000
73937  61.385  -1.597  -5.130 0.0000000000
73938  60.481  -2.044  -4.781 0.0000000000
73939  59.807  -2.052  -4.609 0.0000000000
73940  58.414  -1.243  -5.042 0.0000000000
73941  58.010  -1.425  -5.050 0.0000000000
73942  57.026  -1.765  -4.951 0.0000000000
73943  55.842  -1.948  -5.024 0.0000000000
73944  54.838  -2.028  -4.945 0.0000000000
73945  54.431  -2.044  -4.702 0.0000000000
73952  60.921  -1.287  -5.436 0.0000000000
73953  60.402  -1.210  -5.490 0.0000000000
73954  59.734  -1.295  -5.419 0.0000000000
73955  58.785  -1.412  -5.210 0.0000000000
73956  57.998  -1.828  -5.436 0.0000000000
73957  57.595  -1.998  -5.419 0.0000000000
75159  68.617  -0.858  2.112 0.0000000000
75160  68.090  -1.015  2.563 0.0000000000
75161  67.203  -0.959  2.596 0.0000000000
75162  66.333  -1.011  2.293 0.0000000000
75168  68.590  -0.622  1.356 0.0000000000
75169  65.486  -1.311  1.891 0.0000000000
75170  64.650  -1.437  1.702 0.0000000000
75174  44.836  -0.234  1.372 0.0000000000
75175  44.049  -0.548  1.290 0.0000000000
75176  43.119  -0.451  1.483 0.0000000000
75177  42.245  -0.491  1.607 0.0000000000
75178  41.351  -0.549  1.685 0.0000000000
75185  68.292  -0.488  0.609 0.0000000000
75186  68.014  -0.576  -0.106 0.0000000000
75187  48.814  -0.380  -0.049 0.0000000000
75188  48.124  -0.596  0.098 0.0000000000
75189  47.244  -0.468  0.352 0.0000000000
75190  46.444  -0.513  0.603 0.0000000000
75191  45.576  -0.592  0.981 0.0000000000
75192  44.813  -1.009  1.059 0.0000000000
75196  67.882  -0.840  -1.045 0.0000000000
75197  52.033  -0.464  -1.087 0.0000000000
75198  51.332  -0.680  -0.891 0.0000000000
75199  50.487  -1.065  -0.791 0.0000000000
75200  49.502  -0.870  -0.349 0.0000000000
75201  48.778  -1.041  -0.279 0.0000000000
75204  67.426  -0.861  -1.957 0.0000000000
75205  63.668  -1.267  -2.845 0.0000000000
75206  63.268  -0.906  -2.292 0.0000000000
75207  62.819  -0.792  -1.942 0.0000000000
75208  54.125  -0.417  -2.216 0.0000000000
75209  53.482  -0.608  -2.095 0.0000000000
75210  52.724  -0.868  -1.877 0.0000000000
75211  51.823  -1.150  -1.722 0.0000000000
75212  51.101  -1.296  -1.618 0.0000000000
75215  67.000  -0.775  -2.672 0.0000000000
75216  66.349  -0.811  -3.171 0.0000000000
75217  65.843  -0.736  -3.420 0.0000000000
75218  63.714  -1.317  -3.613 0.0000000000
75219  62.945  -0.988  -3.328 0.0000000000
75220  62.646  -0.868  -2.540 0.0000000000
75221  58.167  0.154  -2.819 0.0000000000
75222  57.638  -0.146  -2.994 0.0000000000
75223  56.919  -0.459  -3.369 0.0000000000
75224  56.065  -0.564  -3.162 0.0000000000
75225  54.938  -0.626  -2.774 0.0000000000
75226  53.797  -1.150  -3.289 0.0000000000
75227  53.230  -1.038  -2.656 0.0000000000
75231  65.974  -0.974  -3.403 0.0000000000
75232  65.520  -0.921  -3.646 0.0000000000
75233  64.863  -1.088  -4.069 0.0000000000
75234  64.002  -1.073  -4.289 0.0000000000
75235  62.949  -0.804  -3.732 0.0000000000
75236  62.018  -0.781  -4.536 0.0000000000
75237  61.086  -0.450  -4.360 0.0000000000
75238  60.079  -0.434  -3.887 0.0000000000
75239  58.783  -0.269  -3.430 0.0000000000
75240  57.612  -0.566  -4.012 0.0000000000
75241  56.655  -1.121  -4.307 0.0000000000
75242  55.505  -1.184  -3.939 0.0000000000
75243  54.443  -1.278  -3.942 0.0000000000
75244  53.976  -1.372  -3.969 0.0000000000
75248  61.256  -0.895  -5.213 0.0000000000
75249  60.492  -0.688  -4.849 0.0000000000
75250  59.526  -0.727  -4.554 0.0000000000
75251  58.489  -0.919  -4.763 0.0000000000
75252  57.449  -1.205  -4.669 0.0000000000
75253  57.028  -1.402  -4.672 0.0000000000
75258  60.672  -0.917  -5.351 0.0000000000
75259  60.020  -0.875  -5.237 0.0000000000
75260  59.219  -0.973  -5.135 0.0000000000
75261  58.830  -1.075  -5.074 0.0000000000
76436  68.435  -0.043  2.732 0.0000000000
76437  67.642  -0.353  3.031 0.0000000000
76438  66.719  -0.015  2.752 0.0000000000
76439  65.268  -0.014  2.038 0.0000000000
76440  63.896  0.410  1.897 0.0000000000
76446  68.716  0.104  1.831 0.0000000000
76447  67.450  -0.180  3.158 0.0000000000
76448  67.252  -0.134  3.045 0.0000000000
76449  64.964  -0.819  1.745 0.0000000000
76450  64.350  -0.542  1.655 0.0000000000
76453  45.251  0.565  1.202 0.0000000000
76454  44.331  0.479  1.363 0.0000000000
76455  43.451  0.429  1.441 0.0000000000
76456  42.538  0.421  1.494 0.0000000000
76457  41.623  0.378  1.560 0.0000000000
76464  68.538  0.261  0.942 0.0000000000
76465  68.081  0.320  0.129 0.0000000000
76466  50.074  0.586  0.061 0.0000000000
76467  49.287  0.231  0.049 0.0000000000
76468  48.416  0.309  0.168 0.0000000000
76469  47.612  0.376  0.365 0.0000000000
76470  46.756  0.423  0.652 0.0000000000
76471  46.026  0.260  0.942 0.0000000000
76476  67.898  0.187  -0.843 0.0000000000
76477  53.199  0.559  -1.012 0.0000000000
76478  52.586  0.240  -0.828 0.0000000000
76479  51.627  0.229  -0.425 0.0000000000
76480  50.745  -0.024  -0.274 0.0000000000
76481  50.030  -0.252  -0.157 0.0000000000
76484  67.534  -0.067  -1.648 0.0000000000
76485  55.980  0.730  -2.116 0.0000000000
76486  55.401  0.663  -1.857 0.0000000000
76487  54.652  0.311  -1.745 0.0000000000
76488  53.756  0.262  -1.438 0.0000000000
76489  53.161  -0.103  -1.391 0.0000000000
76492  67.220  -0.172  -2.308 0.0000000000
76493  66.591  -0.136  -2.793 0.0000000000
76494  65.557  -0.204  -3.373 0.0000000000
76495  64.410  0.302  -3.323 0.0000000000
76496  63.327  0.424  -3.024 0.0000000000
76497  62.242  0.550  -2.901 0.0000000000
76498  61.232  0.787  -2.932 0.0000000000
76499  60.275  0.890  -2.824 0.0000000000
76500  59.415  0.878  -2.698 0.0000000000
76501  58.591  0.643  -2.652 0.0000000000
76502  57.671  0.596  -2.508 0.0000000000
76503  56.674  0.273  -2.485 0.0000000000
76504  55.715  0.051  -2.339 0.0000000000
76505  55.178  0.079  -2.118 0.0000000000
76510  65.127  -0.700  -3.889 0.0000000000
76511  64.591  -0.519  -4.031 0.0000000000
76512  63.657  -0.309  -3.944 0.0000000000
76513  62.664  -0.239  -3.695 0.0000000000
76514  61.682  0.016  -3.734 0.0000000000
76515  60.676  0.212  -3.524 0.0000000000
76516  59.714  0.285  -3.216 0.0000000000
76517  59.126  0.345  -2.922 0.0000000000
77686  67.048  1.054  4.186 0.0000000000
77687  65.865  1.497  3.824 0.0000000000
77688  64.596  1.559  3.612 0.0000000000
77693  69.002  0.997  3.490 0.0000000000
77694  67.900  0.205  3.587 0.0000000000
77695  66.811  0.786  3.304 0.0000000000
77696  65.707  1.171  2.750 0.0000000000
77697  64.336  1.218  2.514 0.0000000000
77702  68.893  1.045  2.286 0.0000000000
77703  67.643  -0.114  3.276 0.0000000000
77704  67.315  0.070  3.207 0.0000000000
77705  45.215  1.267  0.967 0.0000000000
77706  44.622  1.249  1.081 0.0000000000
77707  43.774  1.245  1.166 0.0000000000
77708  42.871  1.239  1.238 0.0000000000
77709  41.943  1.227  1.317 0.0000000000
77715  68.770  1.121  1.297 0.0000000000
77716  68.445  1.217  0.429 0.0000000000
77717  50.055  1.169  0.061 0.0000000000
77718  49.501  1.105  0.119 0.0000000000
77719  48.729  1.056  0.158 0.0000000000
77720  47.964  1.103  0.220 0.0000000000
77721  47.152  1.433  0.390 0.0000000000
77722  45.981  1.319  0.773 0.0000000000
77723  45.043  1.820  0.708 0.0000000000
77724  44.154  1.858  0.639 0.0000000000
77725  43.242  1.825  0.635 0.0000000000
77726  42.306  1.808  0.673 0.0000000000
77727  41.355  1.781  0.720 0.0000000000
77734  68.065  1.289  -0.532 0.0000000000
77735  53.507  0.986  -0.978 0.0000000000
77736  52.957  1.367  -0.765 0.0000000000
77737  52.010  1.281  -0.406 0.0000000000
77738  50.786  1.218  -0.145 0.0000000000
77739  49.865  1.678  -0.156 0.0000000000
77740  49.033  1.718  -0.207 0.0000000000
77741  48.207  1.698  -0.111 0.0000000000
77742  47.682  1.648  0.091 0.0000000000
77746  67.565  1.082  -1.664 0.0000000000
77747  66.761  1.425  -2.101 0.0000000000
77748  65.932  1.518  -2.087 0.0000000000
77749  65.106  1.655  -1.945 0.0000000000
77750  64.652  1.904  -1.808 0.0000000000
77751  56.352  1.101  -2.122 0.0000000000
77752  55.804  1.518  -1.915 0.0000000000
77753  54.950  1.374  -1.581 0.0000000000
77754  54.025  1.251  -1.255 0.0000000000
77755  53.459  1.453  -0.995 0.0000000000
77759  67.358  0.345  -2.033 0.0000000000
77760  67.017  0.547  -2.346 0.0000000000
77761  66.179  0.628  -2.529 0.0000000000
77762  65.207  0.788  -2.486 0.0000000000
77763  64.156  1.282  -2.127 0.0000000000
77764  62.880  1.319  -2.232 0.0000000000
77765  61.797  1.448  -2.294 0.0000000000
77766  60.803  1.587  -2.418 0.0000000000
77767  59.869  1.627  -2.487 0.0000000000
77768  58.967  1.565  -2.485 0.0000000000
77769  58.027  1.472  -2.377 0.0000000000
77770  56.965  1.381  -2.286 0.0000000000
77771  56.336  1.582  -2.120 0.0000000000
78929  69.213  2.231  3.384 0.0000000000
78934  69.057  2.140  2.645 0.0000000000
78937  68.783  2.234  1.590 0.0000000000
78938  68.583  1.931  0.823 0.0000000000
78939  47.047  1.920  0.118 0.0000000000
78940  46.581  2.002  0.139 0.0000000000
78941  45.642  2.248  0.142 0.0000000000
78942  44.657  2.407  0.059 0.0000000000
78943  43.692  2.293  -0.078 0.0000000000
78944  42.734  2.240  -0.103 0.0000000000
78945  41.775  2.296  -0.028 0.0000000000
78951  68.518  2.664  0.818 0.0000000000
78952  68.301  2.377  0.068 0.0000000000
78953  52.904  1.919  -0.897 0.0000000000
78954  52.435  2.217  -0.862 0.0000000000
78955  51.408  2.263  -0.564 0.0000000000
78956  50.407  2.296  -0.475 0.0000000000
78957  49.486  2.381  -0.639 0.0000000000
78958  48.508  2.349  -0.676 0.0000000000
78959  47.375  2.206  -0.362 0.0000000000
78960  46.276  2.504  -0.671 0.0000000000
78961  45.251  2.592  -0.806 0.0000000000
78962  44.239  2.570  -0.909 0.0000000000
78963  43.239  2.555  -0.968 0.0000000000
78964  42.251  2.466  -0.977 0.0000000000
78965  41.263  2.464  -0.920 0.0000000000
78972  67.780  2.512  -1.058 0.0000000000
78973  67.253  2.286  -1.848 0.0000000000
78974  66.527  2.501  -2.117 0.0000000000
78975  65.715  2.305  -1.925 0.0000000000
78976  65.053  2.367  -1.811 0.0000000000
78977  55.797  2.039  -1.958 0.0000000000
78978  55.333  2.267  -1.849 0.0000000000
78979  54.414  2.110  -1.474 0.0000000000
78980  53.363  2.124  -1.150 0.0000000000
78981  52.784  2.657  -1.257 0.0000000000
78982  50.876  2.867  -0.851 0.0000000000
78983  50.130  2.971  -1.125 0.0000000000
78984  49.092  2.974  -1.536 0.0000000000
78985  47.973  2.704  -1.547 0.0000000000
78986  46.930  2.705  -1.607 0.0000000000
78987  45.892  2.705  -1.762 0.0000000000
78988  44.851  2.706  -1.869 0.0000000000
78989  43.819  2.630  -1.934 0.0000000000
78990  42.801  2.604  -1.969 0.0000000000
78991  41.790  2.653  -1.961 0.0000000000
78992  40.765  2.654  -1.901 0.0000000000
79000  67.539  3.078  -1.741 0.0000000000
79001  67.256  3.040  -2.253 0.0000000000
79002  66.846  3.119  -2.425 0.0000000000
79003  64.403  2.378  -1.777 0.0000000000
79004  63.520  2.311  -1.882 0.0000000000
79005  62.451  2.321  -2.060 0.0000000000
79006  61.404  2.401  -2.164 0.0000000000
79007  60.414  2.431  -2.342 0.0000000000
79008  59.473  2.389  -2.468 0.0000000000
79009  58.531  2.335  -2.488 0.0000000000
79010  57.507  2.297  -2.422 0.0000000000
79011  56.291  2.275  -2.191 0.0000000000
79012  55.696  2.787  -2.155 0.0000000000
79013  48.472  3.118  -2.531 0.0000000000
79014  47.549  2.791  -2.679 0.0000000000
79015  46.559  2.618  -2.820 0.0000000000
79016  45.510  2.655  -2.929 0.0000000000
79017  44.445  2.602  -2.985 0.0000000000
79018  43.402  2.546  -3.016 0.0000000000
79019  42.376  2.631  -3.056 0.0000000000
79020  41.342  2.796  -3.054 0.0000000000
79021  40.227  3.137  -2.962 0.0000000000
79027  48.172  3.038  -3.710 0.0000000000
79028  47.260  2.571  -3.970 0.0000000000
79029  46.202  2.435  -4.090 0.0000000000
79030  45.095  2.605  -4.141 0.0000000000
79031  44.011  2.681  -4.113 0.0000000000
79032  43.007  2.776  -4.083 0.0000000000
79033  41.996  3.139  -4.230 0.0000000000
79034  40.956  3.147  -4.153 0.0000000000
79035  39.976  3.039  -4.272 0.0000000000
79036  39.475  3.199  -4.741 0.0000000000
79041  48.101  2.742  -5.226 0.0000000000
79042  46.941  2.278  -5.375 0.0000000000
79043  45.783  2.422  -5.371 0.0000000000
79044  44.582  2.681  -5.390 0.0000000000
79045  43.539  2.836  -5.093 0.0000000000
79046  42.764  3.090  -4.981 0.0000000000
79047  42.314  3.399  -5.100 0.0000000000
79048  40.608  3.266  -5.005 0.0000000000
79049  39.922  3.269  -5.337 0.0000000000
79050  39.431  3.390  -5.219 0.0000000000
79055  47.703  2.455  -6.875 0.0000000000
79056  46.482  2.304  -6.666 0.0000000000
79057  45.395  2.642  -6.415 0.0000000000
79058  44.511  2.795  -6.335 0.0000000000
79059  43.832  2.853  -6.018 0.0000000000
79060  43.161  3.361  -5.765 0.0000000000
79061  42.666  3.410  -5.430 0.0000000000
79062  39.736  3.589  -5.593 0.0000000000
79063  39.585  3.497  -5.449 0.0000000000
79067  48.052  2.470  -8.082 0.0000000000
79068  47.052  2.298  -7.885 0.0000000000
79069  46.259  2.876  -7.534 0.0000000000
79070  45.000  3.169  -6.739 0.0000000000
79071  44.034  3.171  -6.571 0.0000000000
79072  43.580  3.257  -6.248 0.0000000000
79076  47.656  2.878  -8.912 0.0000000000
79077  47.343  2.637  -8.614 0.0000000000
79078  46.921  2.710  -8.513 0.0000000000
79083  47.432  2.962  -9.148 0.0000000000
79084  47.309  2.875  -8.982 0.0000000000
79085  47.149  2.765  -8.798 0.0000000000
80274  68.950  3.153  3.055 0.0000000000
80288  68.726  3.202  2.181 0.0000000000
80299  68.502  3.422  1.229 0.0000000000
80300  68.325  3.933  0.561 0.0000000000
80302  68.388  3.246  0.458 0.0000000000
80303  68.092  3.649  -0.271 0.0000000000
80304  51.872  2.685  -0.905 0.0000000000
80305  51.472  2.953  -0.983 0.0000000000
80307  67.533  3.736  -1.236 0.0000000000
80308  66.033  2.765  -2.159 0.0000000000
80309  65.565  2.888  -2.063 0.0000000000
80310  64.934  2.952  -1.863 0.0000000000
80311  54.708  2.614  -1.779 0.0000000000
80312  54.112  2.810  -1.696 0.0000000000
80313  53.232  3.069  -1.608 0.0000000000
80314  52.223  3.218  -1.357 0.0000000000
80315  51.051  3.509  -1.529 0.0000000000
80316  50.017  3.477  -2.068 0.0000000000
80317  49.260  3.395  -2.501 0.0000000000
80323  67.492  3.828  -2.068 0.0000000000
80324  67.143  3.668  -2.592 0.0000000000
80325  66.324  3.349  -2.453 0.0000000000
80326  65.357  3.469  -2.326 0.0000000000
80327  64.317  3.315  -2.050 0.0000000000
80328  63.188  3.242  -2.234 0.0000000000
80329  62.128  3.225  -2.355 0.0000000000
80330  61.058  3.316  -2.469 0.0000000000
80331  60.054  3.141  -2.563 0.0000000000
80332  59.145  3.103  -2.656 0.0000000000
80333  58.188  3.093  -2.690 0.0000000000
80334  57.177  3.118  -2.638 0.0000000000
80335  56.167  3.324  -2.526 0.0000000000
80336  55.047  3.191  -2.195 0.0000000000
80337  54.003  3.586  -2.193 0.0000000000
80338  53.013  3.863  -2.162 0.0000000000
80339  51.963  4.106  -2.252 0.0000000000
80340  50.875  4.039  -2.805 0.0000000000
80341  49.838  3.767  -3.107 0.0000000000
80342  49.007  3.460  -3.401 0.0000000000
80343  39.651  3.235  -2.919 0.0000000000
80351  60.538  3.728  -2.807 0.0000000000
80352  59.831  3.748  -2.981 0.0000000000
80353  58.919  3.768  -3.069 0.0000000000
80354  57.962  3.807  -3.064 0.0000000000
80355  57.028  3.766  -3.170 0.0000000000
80356  56.295  3.957  -3.169 0.0000000000
80357  50.442  4.055  -3.890 0.0000000000
80358  49.640  3.750  -4.163 0.0000000000
80359  48.866  3.356  -4.540 0.0000000000
80360  41.447  3.282  -4.568 0.0000000000
80361  41.162  3.367  -4.854 0.0000000000
80362  39.652  3.204  -3.416 0.0000000000
80363  39.134  3.234  -3.833 0.0000000000
80371  50.271  3.965  -4.929 0.0000000000
80372  49.571  3.581  -5.233 0.0000000000
80373  48.943  3.225  -5.570 0.0000000000
80374  41.731  3.492  -5.000 0.0000000000
80375  41.221  3.607  -5.396 0.0000000000
80376  40.580  3.554  -5.569 0.0000000000
80377  38.933  3.442  -4.745 0.0000000000
80386  50.201  3.729  -5.969 0.0000000000
80387  49.477  3.471  -6.284 0.0000000000
80388  48.724  2.985  -6.559 0.0000000000
80389  42.973  3.681  -6.025 0.0000000000
80390  42.405  3.792  -5.756 0.0000000000
80391  41.174  3.883  -5.751 0.0000000000
80392  40.143  3.771  -5.798 0.0000000000
80393  39.214  3.758  -5.510 0.0000000000
80398  49.977  3.876  -6.891 0.0000000000
80399  49.276  3.605  -7.342 0.0000000000
80400  48.549  2.937  -7.761 0.0000000000
80401  47.212  3.822  -8.230 0.0000000000
80402  46.688  3.550  -7.893 0.0000000000
80403  45.571  3.567  -7.039 0.0000000000
80404  44.354  3.691  -6.862 0.0000000000
80405  43.307  3.704  -6.378 0.0000000000
80406  42.812  3.928  -6.192 0.0000000000
80410  48.857  3.534  -8.044 0.0000000000
80411  48.208  3.287  -8.674 0.0000000000
80412  47.363  3.526  -8.704 0.0000000000
80413  46.827  3.082  -8.645 0.0000000000
80417  47.596  3.151  -9.139 0.0000000000
80418  47.214  3.084  -9.106 0.0000000000
80419  46.805  2.985  -9.110 0.0000000000
81638  68.666  3.920  2.684 0.0000000000
81639  68.205  4.469  2.727 0.0000000000
81648  68.380  4.087  1.931 0.0000000000
81649  67.692  4.658  1.664 0.0000000000
81650  66.699  4.887  1.813 0.0000000000
81664  68.230  4.271  1.154 0.0000000000
81665  67.804  4.645  0.439 0.0000000000
81677  67.539  4.623  -0.690 0.0000000000
81680  67.493  4.712  -1.704 0.0000000000
81682  67.398  4.728  -2.621 0.0000000000
81683  66.863  4.230  -3.005 0.0000000000
81684  66.001  4.104  -2.933 0.0000000000
81685  65.019  4.102  -2.731 0.0000000000
81686  63.955  4.104  -2.621 0.0000000000
81687  62.901  4.008  -2.733 0.0000000000
81688  61.918  3.978  -2.816 0.0000000000
81689  61.163  4.019  -2.914 0.0000000000
81690  55.633  3.867  -2.791 0.0000000000
81691  54.844  4.091  -2.827 0.0000000000
81692  53.847  4.238  -2.940 0.0000000000
81693  52.849  4.375  -3.066 0.0000000000
81694  51.889  4.357  -3.363 0.0000000000
81695  51.188  4.250  -3.804 0.0000000000
81697  67.196  5.029  -3.359 0.0000000000
81698  66.570  4.821  -3.633 0.0000000000
81699  65.689  4.535  -3.540 0.0000000000
81700  64.722  4.531  -3.440 0.0000000000
81701  63.687  4.540  -3.409 0.0000000000
81702  62.676  4.469  -3.484 0.0000000000
81703  61.728  4.375  -3.539 0.0000000000
81704  60.715  4.243  -3.475 0.0000000000
81705  59.731  4.324  -3.622 0.0000000000
81706  58.764  4.310  -3.730 0.0000000000
81707  57.807  4.200  -3.854 0.0000000000
81708  56.869  4.227  -3.869 0.0000000000
81709  55.806  4.363  -3.650 0.0000000000
81710  54.725  4.505  -3.782 0.0000000000
81711  53.709  4.499  -3.929 0.0000000000
81712  52.736  4.483  -4.128 0.0000000000
81713  51.843  4.384  -4.409 0.0000000000
81714  51.037  4.208  -4.677 0.0000000000
81715  41.224  4.878  -4.635 0.0000000000
81716  40.749  4.880  -4.627 0.0000000000
81723  66.170  4.968  -4.091 0.0000000000
81724  65.470  4.904  -4.189 0.0000000000
81725  64.472  4.851  -4.215 0.0000000000
81726  63.453  4.795  -4.260 0.0000000000
81727  62.470  4.741  -4.373 0.0000000000
81728  61.529  4.554  -4.353 0.0000000000
81729  60.607  4.489  -4.447 0.0000000000
81730  59.631  4.604  -4.526 0.0000000000
81731  58.653  4.534  -4.647 0.0000000000
81732  57.678  4.376  -4.743 0.0000000000
81733  56.661  4.425  -4.726 0.0000000000
81734  55.618  4.615  -4.724 0.0000000000
81735  54.576  4.649  -4.827 0.0000000000
81736  53.573  4.575  -4.980 0.0000000000
81737  52.613  4.502  -5.186 0.0000000000
81738  51.718  4.339  -5.436 0.0000000000
81739  50.917  4.063  -5.707 0.0000000000
81740  45.334  4.822  -5.478 0.0000000000
81741  45.002  4.791  -5.501 0.0000000000
81742  43.075  4.716  -5.591 0.0000000000
81743  42.669  4.670  -5.450 0.0000000000
81744  41.529  4.693  -5.059 0.0000000000
81745  40.270  4.709  -5.344 0.0000000000
81755  62.153  4.863  -4.949 0.0000000000
81756  61.529  4.743  -5.315 0.0000000000
81757  60.518  4.623  -5.394 0.0000000000
81758  59.555  4.721  -5.501 0.0000000000
81759  58.561  4.691  -5.600 0.0000000000
81760  57.556  4.526  -5.691 0.0000000000
81761  56.505  4.471  -5.732 0.0000000000
81762  55.452  4.571  -5.778 0.0000000000
81763  54.423  4.580  -5.880 0.0000000000
81764  53.427  4.511  -6.034 0.0000000000
81765  52.472  4.391  -6.241 0.0000000000
81766  51.572  4.213  -6.510 0.0000000000
81767  50.712  4.060  -6.796 0.0000000000
81768  48.434  4.845  -6.160 0.0000000000
81769  47.898  4.643  -6.187 0.0000000000
81770  46.742  4.467  -6.156 0.0000000000
81771  45.515  4.636  -5.879 0.0000000000
81772  44.323  4.623  -5.981 0.0000000000
81773  43.248  4.568  -5.878 0.0000000000
81774  42.222  4.193  -5.744 0.0000000000
81775  40.806  4.234  -5.705 0.0000000000
81776  39.730  4.264  -5.673 0.0000000000
81783  61.235  4.844  -6.054 0.0000000000
81784  60.523  4.812  -6.405 0.0000000000
81785  59.478  4.829  -6.439 0.0000000000
81786  58.499  4.824  -6.591 0.0000000000
81787  57.443  4.658  -6.711 0.0000000000
81788  56.349  4.565  -6.752 0.0000000000
81789  55.292  4.519  -6.805 0.0000000000
81790  54.264  4.384  -6.898 0.0000000000
81791  53.268  4.282  -7.044 0.0000000000
81792  52.317  4.178  -7.276 0.0000000000
81793  51.397  4.097  -7.593 0.0000000000
81794  50.390  4.126  -7.964 0.0000000000
81795  49.397  4.173  -7.542 0.0000000000
81796  48.603  4.478  -6.835 0.0000000000
81797  47.337  4.062  -7.427 0.0000000000
81798  46.079  4.114  -6.970 0.0000000000
81799  44.869  4.218  -6.725 0.0000000000
81800  43.785  4.221  -6.522 0.0000000000
81801  42.963  4.105  -6.231 0.0000000000
81802  42.619  4.034  -6.089 0.0000000000
81805  60.222  4.955  -7.106 0.0000000000
81806  59.503  4.996  -7.366 0.0000000000
81807  58.496  4.947  -7.737 0.0000000000
81808  57.259  4.633  -7.741 0.0000000000
81809  56.173  4.599  -7.722 0.0000000000
81810  55.125  4.430  -7.748 0.0000000000
81811  54.077  4.232  -7.813 0.0000000000
81812  53.075  4.152  -7.944 0.0000000000
81813  52.144  4.100  -8.168 0.0000000000
81814  51.325  4.271  -8.344 0.0000000000
81815  50.939  4.588  -8.430 0.0000000000
81816  48.621  3.866  -8.027 0.0000000000
81817  47.936  3.915  -8.163 0.0000000000
81818  47.444  3.889  -8.276 0.0000000000
81822  58.097  4.993  -8.820 0.0000000000
81823  56.954  4.665  -8.583 0.0000000000
81824  56.093  4.919  -8.566 0.0000000000
81825  54.876  4.791  -8.272 0.0000000000
81826  53.774  4.674  -8.296 0.0000000000
81827  52.786  4.628  -8.452 0.0000000000
81828  51.928  4.621  -8.664 0.0000000000
81829  51.304  4.702  -8.621 0.0000000000
81830  51.061  4.651  -8.594 0.0000000000
81834  57.989  5.041  -9.499 0.0000000000
81835  57.392  4.911  -9.289 0.0000000000
81836  56.785  4.847  -9.048 0.0000000000
82954  67.041  5.179  0.823 0.0000000000
82955  66.096  5.085  0.957 0.0000000000
82956  65.479  4.835  0.978 0.0000000000
82961  67.198  5.362  -0.189 0.0000000000
82962  66.380  5.494  0.104 0.0000000000
82963  65.167  5.133  0.348 0.0000000000
82964  63.797  5.110  0.170 0.0000000000
82965  62.631  5.090  0.136 0.0000000000
82974  67.254  5.449  -1.221 0.0000000000
82975  66.700  5.835  -0.802 0.0000000000
82976  65.737  5.821  -0.592 0.0000000000
82977  64.533  5.566  -0.640 0.0000000000
82978  63.280  5.444  -0.703 0.0000000000
82979  62.152  5.448  -0.616 0.0000000000
82987  67.468  5.764  -2.269 0.0000000000
82988  67.066  6.135  -1.670 0.0000000000
82989  66.265  6.213  -1.423 0.0000000000
82990  65.226  6.006  -1.419 0.0000000000
82991  63.925  5.831  -1.682 0.0000000000
82992  62.639  5.781  -1.582 0.0000000000
82993  61.585  5.864  -1.160 0.0000000000
83001  67.462  5.757  -3.173 0.0000000000
83002  63.477  6.000  -2.219 0.0000000000
83003  63.190  5.910  -1.996 0.0000000000
83013  67.153  5.672  -4.170 0.0000000000
83014  66.590  5.241  -4.174 0.0000000000
83015  45.878  5.610  -3.987 0.0000000000
83016  45.057  5.445  -4.082 0.0000000000
83017  44.115  5.353  -4.092 0.0000000000
83018  43.216  5.260  -3.995 0.0000000000
83019  42.378  5.190  -3.862 0.0000000000
83020  41.423  5.014  -4.019 0.0000000000
83026  67.155  5.946  -5.213 0.0000000000
83027  66.381  5.384  -4.796 0.0000000000
83028  65.249  5.279  -4.916 0.0000000000
83029  64.213  5.157  -4.997 0.0000000000
83030  63.211  5.117  -5.012 0.0000000000
83031  62.614  5.019  -5.004 0.0000000000
83032  48.245  6.199  -4.676 0.0000000000
83033  47.713  5.843  -4.594 0.0000000000
83034  46.645  5.537  -4.457 0.0000000000
83035  45.533  5.068  -5.032 0.0000000000
83036  44.424  4.976  -5.088 0.0000000000
83037  43.359  4.896  -5.175 0.0000000000
83038  42.529  4.934  -4.715 0.0000000000
83039  41.979  4.938  -4.449 0.0000000000
83046  67.078  6.086  -5.580 0.0000000000
83047  66.761  5.909  -5.636 0.0000000000
83048  65.929  5.630  -5.605 0.0000000000
83049  64.952  5.511  -5.716 0.0000000000
83050  63.897  5.386  -5.788 0.0000000000
83051  62.677  5.263  -5.682 0.0000000000
83052  61.921  5.180  -6.133 0.0000000000
83053  49.359  5.754  -5.945 0.0000000000
83054  48.706  5.519  -5.580 0.0000000000
83055  47.367  5.055  -5.298 0.0000000000
83056  46.256  4.909  -5.353 0.0000000000
83057  45.756  4.867  -5.425 0.0000000000
83058  43.720  4.749  -5.602 0.0000000000
83059  43.410  4.720  -5.608 0.0000000000
83065  66.352  5.990  -6.081 0.0000000000
83066  65.654  5.881  -6.314 0.0000000000
83067  64.657  5.746  -6.579 0.0000000000
83068  63.617  5.609  -6.593 0.0000000000
83069  62.659  5.474  -6.742 0.0000000000
83070  61.649  5.189  -6.885 0.0000000000
83071  60.944  5.111  -7.258 0.0000000000
83072  50.218  4.932  -7.641 0.0000000000
83073  49.598  5.336  -6.542 0.0000000000
83074  49.017  5.058  -6.269 0.0000000000
83077  64.240  5.938  -7.156 0.0000000000
83078  63.546  5.870  -7.467 0.0000000000
83079  62.569  5.639  -7.598 0.0000000000
83080  61.670  5.501  -7.833 0.0000000000
83081  60.628  5.267  -7.964 0.0000000000
83082  59.681  5.227  -8.300 0.0000000000
83083  59.005  5.258  -8.628 0.0000000000
83084  51.277  5.566  -8.458 0.0000000000
83085  50.868  5.263  -8.278 0.0000000000
83089  63.235  6.022  -8.056 0.0000000000
83090  62.555  5.990  -8.382 0.0000000000
83091  61.652  5.765  -8.822 0.0000000000
83092  60.655  5.463  -8.967 0.0000000000
83093  59.782  5.430  -9.128 0.0000000000
83094  59.045  5.341  -9.245 0.0000000000
83095  56.193  5.190  -8.991 0.0000000000
83096  55.694  5.439  -8.783 0.0000000000
83097  54.480  5.416  -8.519 0.0000000000
83098  53.409  5.314  -8.631 0.0000000000
83099  52.488  5.255  -8.825 0.0000000000
83100  51.576  5.377  -8.691 0.0000000000
83101  51.093  4.896  -8.628 0.0000000000
83107  61.370  5.890  -9.611 0.0000000000
83108  60.579  5.646  -9.777 0.0000000000
83109  59.712  5.496  -9.882 0.0000000000
83110  58.684  5.309  -9.830 0.0000000000
83111  57.843  5.126  -10.015 0.0000000000
83112  56.737  5.380  -9.598 0.0000000000
83113  55.949  6.110  -9.372 0.0000000000
83117  61.180  6.091  -10.260 0.0000000000
83118  60.506  5.903  -10.608 0.0000000000
83119  59.542  5.667  -10.620 0.0000000000
83120  58.620  5.483  -10.758 0.0000000000
83121  57.699  5.442  -10.881 0.0000000000
83122  56.968  5.940  -10.981 0.0000000000
83126  60.164  6.030  -11.160 0.0000000000
83127  59.446  5.930  -11.387 0.0000000000
83128  58.521  5.741  -11.705 0.0000000000
83129  57.677  5.904  -11.850 0.0000000000
83130  57.162  6.412  -11.755 0.0000000000
83134  58.280  6.030  -12.232 0.0000000000
83135  57.963  6.292  -12.483 0.0000000000
84234  67.433  6.180  -2.512 0.0000000000
84235  67.302  6.347  -2.387 0.0000000000
84236  66.728  6.523  -2.199 0.0000000000
84237  65.832  6.405  -2.131 0.0000000000
84238  64.905  6.121  -2.172 0.0000000000
84239  62.411  5.961  -2.008 0.0000000000
84240  61.886  6.041  -1.935 0.0000000000
84241  60.649  6.277  -1.529 0.0000000000
84252  67.431  6.321  -2.818 0.0000000000
84253  67.150  6.803  -2.885 0.0000000000
84254  66.349  6.822  -2.861 0.0000000000
84255  65.300  6.567  -2.841 0.0000000000
84256  64.066  6.221  -2.685 0.0000000000
84257  62.729  6.143  -2.504 0.0000000000
84258  61.400  6.582  -2.735 0.0000000000
84259  60.175  7.029  -2.685 0.0000000000
84260  59.376  7.296  -2.470 0.0000000000
84268  67.295  6.703  -3.818 0.0000000000
84269  66.775  7.147  -3.574 0.0000000000
84270  65.791  7.056  -3.699 0.0000000000
84271  64.661  6.693  -3.574 0.0000000000
84272  63.401  6.665  -3.652 0.0000000000
84273  62.210  6.731  -3.498 0.0000000000
84274  61.436  7.020  -3.548 0.0000000000
84275  60.816  7.164  -3.357 0.0000000000
84282  67.405  6.560  -4.953 0.0000000000
84283  65.605  7.235  -4.220 0.0000000000
84284  65.077  7.079  -4.239 0.0000000000
84285  64.200  6.955  -4.221 0.0000000000
84286  48.522  6.763  -4.725 0.0000000000
84293  67.114  6.443  -5.828 0.0000000000
84294  66.725  6.201  -6.062 0.0000000000
84295  49.522  6.459  -5.978 0.0000000000
84296  49.014  6.782  -5.285 0.0000000000
84303  67.023  6.783  -6.312 0.0000000000
84304  66.445  6.531  -6.602 0.0000000000
84305  65.326  6.256  -6.991 0.0000000000
84306  64.714  6.107  -7.153 0.0000000000
84307  50.462  6.080  -7.363 0.0000000000
84308  50.006  6.237  -6.607 0.0000000000
84313  66.290  6.979  -7.061 0.0000000000
84314  65.753  6.836  -7.325 0.0000000000
84315  64.560  6.513  -7.771 0.0000000000
84316  63.759  6.229  -8.007 0.0000000000
84317  51.403  6.114  -8.338 0.0000000000
84318  51.013  6.069  -7.905 0.0000000000
84323  64.297  6.884  -8.401 0.0000000000
84324  63.562  6.589  -8.492 0.0000000000
84325  62.442  6.592  -9.159 0.0000000000
84326  61.855  6.217  -9.440 0.0000000000
84327  55.087  6.247  -8.889 0.0000000000
84328  53.986  6.172  -8.722 0.0000000000
84329  53.024  6.010  -8.900 0.0000000000
84330  52.264  5.995  -8.928 0.0000000000
84331  51.856  6.313  -8.856 0.0000000000
84338  62.272  6.899  -9.635 0.0000000000
84339  61.802  6.630  -9.992 0.0000000000
84340  56.400  6.412  -10.163 0.0000000000
84341  55.603  7.055  -9.683 0.0000000000
84342  54.495  6.994  -9.155 0.0000000000
84343  53.480  6.792  -9.164 0.0000000000
84344  52.606  6.612  -9.213 0.0000000000
84345  52.146  6.515  -9.128 0.0000000000
84350  61.208  6.608  -10.967 0.0000000000
84351  60.626  6.304  -11.155 0.0000000000
84352  56.583  6.945  -11.216 0.0000000000
84353  56.180  7.027  -10.375 0.0000000000
84358  61.079  6.918  -11.403 0.0000000000
84359  60.332  6.689  -11.677 0.0000000000
84360  59.259  6.267  -12.131 0.0000000000
84361  58.676  6.084  -12.226 0.0000000000
84362  57.519  6.521  -12.375 0.0000000000
84363  57.072  6.926  -12.286 0.0000000000
84368  60.072  7.058  -12.180 0.0000000000
84369  59.620  6.941  -12.721 0.0000000000
84370  58.623  6.506  -12.720 0.0000000000
84371  57.840  6.807  -13.087 0.0000000000
84372  57.416  6.896  -12.766 0.0000000000
84376  59.323  7.274  -13.248 0.0000000000
84377  58.890  7.054  -13.301 0.0000000000
84378  58.371  6.908  -13.286 0.0000000000
85435  59.547  7.537  -3.048 0.0000000000
85436  58.985  7.724  -2.780 0.0000000000
85437  58.305  8.031  -2.635 0.0000000000
85445  66.944  7.299  -4.271 0.0000000000
85446  66.315  7.343  -4.228 0.0000000000
85447  65.857  7.301  -4.213 0.0000000000
85448  62.623  7.202  -4.131 0.0000000000
85449  61.818  7.372  -4.077 0.0000000000
85450  60.992  7.430  -4.016 0.0000000000
85451  60.110  7.803  -3.836 0.0000000000
85452  59.193  8.023  -3.391 0.0000000000
85453  58.758  8.084  -3.024 0.0000000000
85459  67.283  7.333  -4.875 0.0000000000
85460  66.545  7.599  -4.936 0.0000000000
85461  65.588  7.482  -4.753 0.0000000000
85462  64.462  7.415  -4.787 0.0000000000
85463  63.391  7.403  -4.574 0.0000000000
85464  62.329  7.876  -4.808 0.0000000000
85465  61.303  7.890  -4.554 0.0000000000
85466  60.703  7.872  -4.350 0.0000000000
85472  67.358  7.094  -5.719 0.0000000000
85473  66.836  7.689  -5.728 0.0000000000
85474  65.796  7.955  -5.839 0.0000000000
85475  64.749  7.839  -5.528 0.0000000000
85476  63.737  7.868  -5.300 0.0000000000
85477  63.058  7.870  -5.103 0.0000000000
85478  49.313  7.531  -6.289 0.0000000000
85479  49.102  7.394  -5.653 0.0000000000
85485  67.216  6.899  -6.134 0.0000000000
85486  66.843  7.215  -6.432 0.0000000000
85487  66.286  7.811  -6.487 0.0000000000
85488  50.553  6.889  -7.364 0.0000000000
85489  50.009  7.079  -6.881 0.0000000000
85495  66.497  7.069  -6.855 0.0000000000
85496  66.089  7.435  -7.076 0.0000000000
85497  65.259  7.362  -7.748 0.0000000000
85498  51.396  6.793  -8.361 0.0000000000
85499  51.071  6.847  -7.843 0.0000000000
85500  50.409  7.426  -7.648 0.0000000000
85505  64.672  7.209  -8.265 0.0000000000
85506  64.117  7.353  -8.630 0.0000000000
85507  63.162  7.351  -8.948 0.0000000000
85508  62.429  7.425  -9.056 0.0000000000
85509  61.752  7.475  -9.300 0.0000000000
85510  61.109  7.608  -9.455 0.0000000000
85511  51.589  6.754  -8.745 0.0000000000
85512  51.260  7.363  -8.714 0.0000000000
85513  50.758  7.561  -8.201 0.0000000000
85520  62.501  7.099  -9.320 0.0000000000
85521  62.045  7.105  -9.771 0.0000000000
85522  61.489  7.305  -10.075 0.0000000000
85523  60.771  7.527  -10.082 0.0000000000
85524  55.327  7.856  -10.097 0.0000000000
85525  54.817  7.704  -9.666 0.0000000000
85526  53.886  7.657  -9.530 0.0000000000
85527  52.959  7.289  -9.600 0.0000000000
85528  51.936  7.239  -9.460 0.0000000000
85529  51.372  7.610  -9.305 0.0000000000
85536  61.660  7.047  -10.598 0.0000000000
85537  61.233  7.261  -10.811 0.0000000000
85538  60.473  7.481  -10.896 0.0000000000
85539  56.282  7.824  -11.337 0.0000000000
85540  55.939  7.676  -10.583 0.0000000000
85541  53.262  7.890  -9.906 0.0000000000
85542  52.594  7.798  -10.024 0.0000000000
85543  52.080  7.786  -10.122 0.0000000000
85550  61.328  7.043  -11.143 0.0000000000
85551  60.826  7.149  -11.422 0.0000000000
85552  60.110  7.429  -11.626 0.0000000000
85553  56.644  7.655  -12.168 0.0000000000
85558  60.281  7.170  -11.890 0.0000000000
85559  59.849  7.486  -12.373 0.0000000000
85560  57.719  7.128  -13.477 0.0000000000
85561  57.246  7.349  -13.307 0.0000000000
85564  59.580  7.633  -13.239 0.0000000000
85565  59.032  7.497  -13.629 0.0000000000
85566  58.158  7.388  -13.927 0.0000000000
85567  57.500  7.606  -14.062 0.0000000000
85571  59.268  7.868  -13.772 0.0000000000
85572  58.877  7.850  -14.169 0.0000000000
85573  58.554  7.948  -14.503 0.0000000000
86519  58.181  8.516  -2.809 0.0000000000
86530  59.971  8.440  -4.344 0.0000000000
86531  59.476  8.749  -4.045 0.0000000000
86532  58.602  8.615  -3.255 0.0000000000
86533  58.142  8.783  -2.903 0.0000000000
86542  62.111  8.393  -5.325 0.0000000000
86543  61.525  8.393  -5.098 0.0000000000
86544  60.549  8.595  -4.788 0.0000000000
86545  59.933  8.805  -4.508 0.0000000000
86550  65.378  8.185  -6.420 0.0000000000
86551  64.891  8.216  -6.235 0.0000000000
86552  63.985  8.402  -5.976 0.0000000000
86553  62.849  8.464  -5.608 0.0000000000
86554  61.770  8.859  -5.761 0.0000000000
86555  61.147  8.773  -5.346 0.0000000000
86561  65.691  8.124  -6.687 0.0000000000
86562  65.047  8.381  -6.856 0.0000000000
86563  64.304  8.509  -6.673 0.0000000000
86564  63.208  8.791  -6.725 0.0000000000
86565  62.444  8.870  -6.200 0.0000000000
86566  49.283  7.831  -6.981 0.0000000000
86573  65.965  7.953  -6.985 0.0000000000
86574  65.401  8.065  -7.410 0.0000000000
86575  64.279  8.452  -7.525 0.0000000000
86576  63.091  8.562  -7.815 0.0000000000
86577  62.336  8.391  -8.076 0.0000000000
86578  61.557  8.317  -8.089 0.0000000000
86579  60.713  8.281  -8.138 0.0000000000
86580  49.751  7.771  -7.520 0.0000000000
86581  49.045  8.287  -7.758 0.0000000000
86588  64.684  7.861  -8.157 0.0000000000
86589  63.784  8.108  -8.464 0.0000000000
86590  62.842  8.048  -8.591 0.0000000000
86591  62.034  7.876  -8.609 0.0000000000
86592  61.219  7.859  -8.732 0.0000000000
86593  60.153  7.819  -8.925 0.0000000000
86594  59.217  8.102  -9.321 0.0000000000
86595  50.716  7.779  -8.672 0.0000000000
86596  49.971  8.049  -8.460 0.0000000000
86603  59.825  7.742  -10.065 0.0000000000
86604  58.897  8.249  -10.136 0.0000000000
86605  54.988  8.155  -10.035 0.0000000000
86606  54.476  8.263  -9.952 0.0000000000
86607  53.755  8.264  -9.968 0.0000000000
86608  51.446  7.794  -9.594 0.0000000000
86609  50.834  8.059  -9.361 0.0000000000
86615  59.597  7.833  -10.995 0.0000000000
86616  58.876  8.507  -11.144 0.0000000000
86617  55.955  8.230  -11.038 0.0000000000
86618  55.241  8.672  -10.652 0.0000000000
86619  54.061  8.817  -10.346 0.0000000000
86620  53.121  8.453  -10.473 0.0000000000
86621  52.315  8.191  -10.534 0.0000000000
86622  51.532  8.155  -10.220 0.0000000000
86630  59.509  8.012  -11.886 0.0000000000
86631  58.956  8.688  -12.096 0.0000000000
86632  56.094  8.656  -11.734 0.0000000000
86633  55.500  9.129  -11.432 0.0000000000
86634  52.575  8.700  -10.950 0.0000000000
86635  51.955  8.581  -11.128 0.0000000000
86643  59.523  8.347  -12.823 0.0000000000
86644  59.139  8.862  -12.678 0.0000000000
86645  56.522  8.402  -13.043 0.0000000000
86652  59.462  8.216  -13.548 0.0000000000
86653  57.694  7.839  -14.367 0.0000000000
86654  57.154  8.307  -14.225 0.0000000000
86659  59.228  8.234  -14.123 0.0000000000
86660  58.938  8.372  -14.725 0.0000000000
86661  58.146  8.493  -14.843 0.0000000000
86662  57.517  8.890  -14.704 0.0000000000
86669  58.794  8.870  -15.171 0.0000000000
86670  58.554  9.069  -15.307 0.0000000000
87534  57.319  9.510  -2.487 0.0000000000
87543  59.387  9.408  -4.267 0.0000000000
87544  58.909  9.534  -3.855 0.0000000000
87545  58.102  9.380  -3.105 0.0000000000
87555  60.308  9.310  -5.231 0.0000000000
87556  59.811  9.515  -4.778 0.0000000000
87557  59.311  9.837  -4.402 0.0000000000
87565  61.316  9.142  -6.247 0.0000000000
87566  60.786  9.255  -5.760 0.0000000000
87567  59.984  9.747  -5.712 0.0000000000
87574  62.542  8.809  -7.303 0.0000000000
87575  61.909  9.050  -6.758 0.0000000000
87576  60.804  9.203  -6.768 0.0000000000
87577  60.061  9.615  -6.602 0.0000000000
87583  62.486  8.625  -7.679 0.0000000000
87584  61.980  8.699  -7.565 0.0000000000
87585  61.082  8.730  -7.478 0.0000000000
87586  59.642  8.947  -7.726 0.0000000000
87587  58.559  9.454  -8.097 0.0000000000
87595  59.278  8.366  -8.689 0.0000000000
87596  58.419  8.854  -9.001 0.0000000000
87605  58.305  9.187  -10.340 0.0000000000
87606  58.218  9.551  -10.409 0.0000000000
87615  58.416  9.432  -11.311 0.0000000000
87616  58.271  9.494  -10.640 0.0000000000
87617  54.299  9.352  -10.911 0.0000000000
87618  53.440  9.192  -10.939 0.0000000000
87619  52.918  8.950  -10.976 0.0000000000
87627  58.787  9.380  -12.470 0.0000000000
87628  55.574  9.459  -11.937 0.0000000000
87629  54.889  9.620  -11.518 0.0000000000
87630  53.739  9.818  -11.660 0.0000000000
87631  52.610  9.338  -11.642 0.0000000000
87641  59.398  8.561  -13.352 0.0000000000
87642  59.200  9.028  -13.224 0.0000000000
87643  55.952  9.406  -12.695 0.0000000000
87644  55.100  10.252  -12.470 0.0000000000
87645  54.418  10.099  -12.007 0.0000000000
87646  52.312  9.609  -12.305 0.0000000000
87657  59.284  8.652  -13.799 0.0000000000
87658  59.151  9.273  -14.063 0.0000000000
87659  56.452  9.497  -13.754 0.0000000000
87660  55.766  10.161  -13.248 0.0000000000
87670  59.189  8.694  -14.402 0.0000000000
87671  59.170  9.195  -14.983 0.0000000000
87672  57.618  9.502  -15.157 0.0000000000
87673  57.087  9.437  -14.577 0.0000000000
87678  58.807  9.505  -15.505 0.0000000000
87679  58.254  9.582  -15.543 0.0000000000
88555  58.424  10.370  -3.642 0.0000000000
88556  57.790  10.283  -2.963 0.0000000000
88564  59.397  10.345  -4.794 0.0000000000
88565  58.987  10.370  -4.305 0.0000000000
88573  59.410  10.509  -5.557 0.0000000000
88574  59.006  11.066  -5.908 0.0000000000
88582  59.426  10.150  -6.451 0.0000000000
88583  58.880  10.785  -6.427 0.0000000000
88589  59.435  9.755  -7.039 0.0000000000
88590  58.608  10.118  -7.333 0.0000000000
88596  58.141  10.085  -8.589 0.0000000000
88603  57.965  10.023  -9.940 0.0000000000
88604  58.130  9.697  -10.231 0.0000000000
88612  58.249  10.347  -11.026 0.0000000000
88613  58.176  9.766  -10.576 0.0000000000
88621  58.470  10.275  -12.106 0.0000000000
88622  53.330  10.098  -12.142 0.0000000000
88623  53.079  9.871  -11.958 0.0000000000
88631  58.813  10.042  -13.305 0.0000000000
88632  54.518  10.689  -12.987 0.0000000000
88633  53.835  10.452  -12.546 0.0000000000
88634  52.719  9.982  -12.553 0.0000000000
88642  59.032  10.125  -14.483 0.0000000000
88643  55.923  10.459  -13.935 0.0000000000
88644  55.031  10.929  -13.585 0.0000000000
88645  53.987  10.949  -13.435 0.0000000000
88646  52.912  10.662  -13.691 0.0000000000
88658  59.058  10.204  -15.457 0.0000000000
88659  57.041  10.139  -15.180 0.0000000000
88660  56.392  10.334  -14.660 0.0000000000
88661  55.510  11.029  -14.637 0.0000000000
88674  58.557  10.565  -16.183 0.0000000000
88675  57.426  10.603  -16.090 0.0000000000
88676  56.462  10.808  -15.526 0.0000000000
88677  55.976  10.926  -15.135 0.0000000000
88687  58.197  11.287  -16.541 0.0000000000
88688  57.957  11.008  -16.482 0.0000000000
89567  58.254  11.627  -2.263 0.0000000000
89568  57.765  10.902  -2.270 0.0000000000
89576  58.229  11.300  -3.209 0.0000000000
89577  57.782  10.696  -2.696 0.0000000000
89584  59.126  10.842  -4.765 0.0000000000
89585  58.819  11.250  -4.307 0.0000000000
89592  59.272  10.782  -5.111 0.0000000000
89593  58.964  11.339  -5.378 0.0000000000
89602  58.716  11.547  -6.312 0.0000000000
89610  58.425  11.324  -7.158 0.0000000000
89618  58.271  11.142  -8.190 0.0000000000
89624  58.191  11.136  -9.337 0.0000000000
89633  58.995  11.866  -11.363 0.0000000000
89634  58.436  11.337  -10.560 0.0000000000
89642  59.178  11.791  -12.224 0.0000000000
89643  58.542  11.183  -11.682 0.0000000000
89651  59.340  11.785  -13.246 0.0000000000
89652  58.668  11.104  -12.770 0.0000000000
89660  59.538  11.822  -14.303 0.0000000000
89661  58.924  11.063  -13.873 0.0000000000
89662  54.721  11.290  -14.464 0.0000000000
89663  54.073  11.276  -14.125 0.0000000000
89664  53.513  11.079  -13.942 0.0000000000
89672  59.695  11.919  -15.329 0.0000000000
89673  59.186  11.083  -14.939 0.0000000000
89685  59.621  12.201  -16.164 0.0000000000
89686  59.249  11.246  -15.899 0.0000000000
89687  56.944  11.439  -16.565 0.0000000000
89688  56.412  11.453  -16.268 0.0000000000
89702  59.309  12.593  -16.474 0.0000000000
89703  58.684  11.946  -16.540 0.0000000000
89704  57.519  11.774  -16.760 0.0000000000
90596  58.794  12.287  -2.187 0.0000000000
90598  59.386  12.801  -2.668 0.0000000000
90599  58.658  12.162  -2.933 0.0000000000
90606  59.157  12.683  -3.638 0.0000000000
90607  58.691  12.042  -3.471 0.0000000000
90616  59.140  12.864  -4.640 0.0000000000
90617  58.834  12.042  -4.052 0.0000000000
90626  59.062  13.015  -5.536 0.0000000000
90627  58.864  12.181  -5.011 0.0000000000
90635  59.040  13.116  -6.073 0.0000000000
90636  58.805  12.478  -6.083 0.0000000000
90643  59.102  12.893  -7.757 0.0000000000
90644  58.530  12.287  -7.015 0.0000000000
90654  59.050  12.806  -8.746 0.0000000000
90655  58.519  12.122  -7.964 0.0000000000
90666  60.120  12.868  -10.189 0.0000000000
90667  59.182  12.597  -9.656 0.0000000000
90668  58.509  12.046  -8.969 0.0000000000
90681  60.309  12.768  -11.168 0.0000000000
90682  59.315  12.327  -10.655 0.0000000000
90683  58.617  11.986  -9.859 0.0000000000
90694  61.224  13.272  -12.403 0.0000000000
90695  60.587  12.664  -12.074 0.0000000000
90696  59.748  12.288  -11.678 0.0000000000
90707  61.319  13.439  -13.314 0.0000000000
90708  60.762  12.768  -13.018 0.0000000000
90709  59.979  12.271  -12.641 0.0000000000
90722  61.245  13.625  -14.152 0.0000000000
90723  60.881  12.929  -14.007 0.0000000000
90724  60.161  12.326  -13.655 0.0000000000
90736  61.170  13.753  -14.604 0.0000000000
90737  60.822  13.307  -14.968 0.0000000000
90738  60.296  12.465  -14.698 0.0000000000
90746  60.364  13.284  -15.779 0.0000000000
90747  60.294  12.646  -15.695 0.0000000000
90754  60.176  13.382  -16.024 0.0000000000
90755  59.881  13.083  -16.331 0.0000000000
90756  58.896  13.022  -16.677 0.0000000000
90757  57.828  12.901  -17.085 0.0000000000
91798  59.997  13.369  -2.605 0.0000000000
91802  60.462  14.024  -4.004 0.0000000000
91803  59.875  13.440  -3.329 0.0000000000
91813  60.225  13.944  -4.906 0.0000000000
91814  59.691  13.488  -4.292 0.0000000000
91829  60.100  13.935  -5.310 0.0000000000
91830  59.717  13.623  -5.306 0.0000000000
91843  59.467  13.562  -6.160 0.0000000000
91844  59.135  13.245  -6.519 0.0000000000
91859  60.386  14.174  -7.737 0.0000000000
91860  59.776  13.786  -7.315 0.0000000000
91861  58.912  13.030  -6.945 0.0000000000
91878  61.602  14.223  -8.759 0.0000000000
91879  60.875  14.145  -8.399 0.0000000000
91880  59.904  13.362  -8.546 0.0000000000
91897  62.470  14.377  -9.803 0.0000000000
91898  61.938  14.211  -9.407 0.0000000000
91899  60.868  13.393  -9.564 0.0000000000
91900  59.840  13.001  -9.349 0.0000000000
91917  62.462  14.334  -10.247 0.0000000000
91918  61.772  13.847  -10.489 0.0000000000
91919  60.987  13.273  -10.784 0.0000000000
91920  57.261  14.082  -9.657 0.0000000000
91921  56.633  13.533  -10.120 0.0000000000
91937  62.424  14.329  -11.206 0.0000000000
91938  61.703  13.725  -11.644 0.0000000000
91939  60.973  13.151  -11.623 0.0000000000
91940  58.201  14.256  -11.263 0.0000000000
91941  57.723  14.061  -10.893 0.0000000000
91942  56.685  13.468  -11.443 0.0000000000
91956  62.399  14.384  -12.163 0.0000000000
91957  61.824  13.910  -12.679 0.0000000000
91958  58.334  14.188  -11.775 0.0000000000
91959  57.665  13.770  -12.227 0.0000000000
91973  62.227  14.491  -12.848 0.0000000000
91974  61.683  14.155  -13.462 0.0000000000
91975  59.343  14.280  -13.480 0.0000000000
91976  58.801  14.154  -13.071 0.0000000000
91977  57.694  13.602  -13.513 0.0000000000
91991  61.364  14.046  -14.256 0.0000000000
91992  61.111  13.926  -14.810 0.0000000000
91993  59.439  14.195  -13.995 0.0000000000
91994  58.644  13.849  -14.388 0.0000000000
91995  57.562  13.613  -14.752 0.0000000000
92007  60.476  13.749  -15.320 0.0000000000
92008  59.736  14.028  -15.182 0.0000000000
92009  58.460  13.743  -15.599 0.0000000000
92023  60.243  13.494  -15.801 0.0000000000
92024  60.035  13.615  -15.935 0.0000000000
92025  59.228  13.551  -16.149 0.0000000000
92026  58.112  13.497  -16.552 0.0000000000
93046  61.472  14.327  -3.952 0.0000000000
93059  62.062  14.647  -4.847 0.0000000000
93060  60.971  14.431  -4.835 0.0000000000
93075  62.669  14.648  -5.819 0.0000000000
93076  61.531  14.606  -5.737 0.0000000000
93077  60.373  14.245  -5.723 0.0000000000
93078  59.839  13.909  -5.902 0.0000000000
93092  63.132  14.752  -6.844 0.0000000000
93093  62.124  14.594  -6.682 0.0000000000
93094  61.106  14.477  -6.597 0.0000000000
93095  60.435  14.273  -6.618 0.0000000000
93096  59.962  14.045  -6.445 0.0000000000
93109  64.009  15.260  -8.230 0.0000000000
93110  63.506  14.773  -7.927 0.0000000000
93111  62.584  14.581  -7.671 0.0000000000
93112  61.613  14.484  -7.456 0.0000000000
93113  60.671  14.306  -7.391 0.0000000000
93114  60.177  14.145  -6.949 0.0000000000
93126  63.894  15.457  -8.756 0.0000000000
93127  63.562  15.184  -9.014 0.0000000000
93128  62.881  14.635  -8.645 0.0000000000
93129  61.908  14.431  -8.440 0.0000000000
93130  61.240  14.452  -7.953 0.0000000000
93141  63.433  15.198  -10.216 0.0000000000
93142  62.882  14.585  -9.672 0.0000000000
93143  62.433  14.486  -9.061 0.0000000000
93154  63.218  15.301  -11.229 0.0000000000
93155  62.970  14.761  -10.756 0.0000000000
93156  59.243  14.864  -10.660 0.0000000000
93157  58.651  14.771  -10.140 0.0000000000
93158  57.903  14.484  -9.933 0.0000000000
93165  63.196  15.297  -12.024 0.0000000000
93166  62.984  14.810  -11.731 0.0000000000
93167  60.248  15.099  -12.016 0.0000000000
93168  59.630  14.835  -11.455 0.0000000000
93169  58.618  14.479  -11.100 0.0000000000
93170  58.203  14.458  -10.522 0.0000000000
93180  62.984  15.341  -12.346 0.0000000000
93181  62.794  14.951  -12.557 0.0000000000
93182  60.580  14.939  -12.700 0.0000000000
93183  59.797  14.666  -12.385 0.0000000000
93184  59.079  14.442  -12.086 0.0000000000
93195  62.222  14.761  -13.138 0.0000000000
93196  61.493  14.485  -13.646 0.0000000000
93197  60.945  14.715  -13.588 0.0000000000
93198  59.818  14.477  -13.316 0.0000000000
93199  59.360  14.431  -12.725 0.0000000000
93208  61.205  14.178  -14.385 0.0000000000
93209  60.853  14.257  -14.603 0.0000000000
93210  60.228  14.340  -14.325 0.0000000000
93219  60.401  14.095  -15.064 0.0000000000
93220  60.335  14.189  -14.844 0.0000000000
94195  64.079  15.764  -8.724 0.0000000000
94196  63.849  15.576  -9.033 0.0000000000
94197  60.213  15.943  -9.304 0.0000000000
94207  64.003  16.043  -9.176 0.0000000000
94208  63.800  15.770  -9.617 0.0000000000
94209  60.559  15.853  -10.006 0.0000000000
94210  59.758  15.555  -9.714 0.0000000000
94211  59.016  15.270  -9.445 0.0000000000
94219  63.456  15.747  -10.751 0.0000000000
94220  61.487  16.000  -11.548 0.0000000000
94221  60.897  15.800  -11.017 0.0000000000
94222  59.949  15.345  -10.620 0.0000000000
94223  59.303  15.166  -10.109 0.0000000000
94229  63.278  15.710  -11.603 0.0000000000
94230  61.811  15.937  -12.187 0.0000000000
94231  60.954  15.577  -12.011 0.0000000000
94232  60.336  15.336  -11.430 0.0000000000
94239  63.084  15.624  -12.140 0.0000000000
94240  62.712  15.407  -12.563 0.0000000000
94241  62.221  15.561  -12.726 0.0000000000
94242  61.435  15.328  -12.803 0.0000000000
94249  62.524  15.078  -12.881 0.0000000000
94250  62.242  15.109  -13.135 0.0000000000
94251  61.750  15.093  -13.277 0.0000000000
95205  64.033  16.212  -8.836 0.0000000000
95206  63.664  16.444  -9.362 0.0000000000
95207  63.178  16.775  -9.886 0.0000000000
95208  62.264  16.840  -9.839 0.0000000000
95209  61.391  16.313  -10.416 0.0000000000
95218  63.483  16.270  -10.333 0.0000000000
95219  62.995  16.591  -10.800 0.0000000000
95220  62.149  16.361  -11.280 0.0000000000
95221  61.499  16.163  -11.087 0.0000000000
95230  63.295  16.122  -11.241 0.0000000000
95231  62.938  16.238  -11.680 0.0000000000
95232  62.518  16.028  -12.172 0.0000000000
95242  63.172  15.949  -11.844 0.0000000000
95243  62.923  15.870  -12.204 0.0000000000
95244  62.650  15.717  -12.436 0.0000000000
96162  63.330  16.908  -9.397 0.0000000000
96163  63.007  17.240  -9.346 0.0000000000
