#!ascii label  , from subject Broad_82_YZ vox2ras=TkReg
727
93321  14.137  14.952  -26.740 0.0000000000
93343  15.513  15.859  -27.563 0.0000000000
93363  19.688  14.531  -27.641 0.0000000000
93364  18.312  14.918  -27.598 0.0000000000
93365  17.019  14.795  -27.862 0.0000000000
93366  16.373  15.445  -27.872 0.0000000000
93367  15.847  15.722  -27.841 0.0000000000
93370  12.142  15.664  -29.698 0.0000000000
94358  13.891  15.110  -26.762 0.0000000000
94379  15.279  15.987  -27.233 0.0000000000
94399  19.798  15.003  -27.544 0.0000000000
94400  18.770  15.112  -27.440 0.0000000000
94401  17.737  15.273  -27.662 0.0000000000
94402  16.815  15.494  -27.779 0.0000000000
94403  16.104  15.799  -27.998 0.0000000000
94404  15.626  15.990  -27.718 0.0000000000
94405  13.128  15.447  -27.919 0.0000000000
94406  13.067  15.819  -28.180 0.0000000000
94423  10.979  15.682  -31.107 0.0000000000
94435  11.145  15.533  -31.928 0.0000000000
94444  10.968  15.722  -32.602 0.0000000000
94445  10.281  16.344  -32.012 0.0000000000
94446  7.246  15.444  -33.141 0.0000000000
94464  9.393  15.738  -33.599 0.0000000000
94465  8.576  15.689  -33.506 0.0000000000
94466  7.981  15.833  -33.456 0.0000000000
94484  9.775  16.254  -33.835 0.0000000000
95364  13.768  15.288  -26.833 0.0000000000
95390  18.405  15.922  -27.509 0.0000000000
95391  17.999  16.135  -27.736 0.0000000000
95392  16.951  16.049  -27.760 0.0000000000
95393  16.289  16.352  -27.983 0.0000000000
95394  15.970  16.540  -28.094 0.0000000000
95395  15.098  16.146  -26.979 0.0000000000
95396  13.370  15.467  -27.505 0.0000000000
95413  18.175  15.592  -27.549 0.0000000000
95414  17.342  15.695  -27.722 0.0000000000
95415  16.531  15.924  -27.912 0.0000000000
95416  15.819  16.289  -27.978 0.0000000000
95417  15.256  16.334  -27.357 0.0000000000
95418  14.968  16.468  -27.205 0.0000000000
95419  9.893  16.524  -30.049 0.0000000000
95420  8.391  16.933  -29.989 0.0000000000
95421  7.727  17.068  -30.026 0.0000000000
95433  9.828  16.410  -31.205 0.0000000000
95434  8.806  16.792  -30.731 0.0000000000
95435  7.892  17.035  -30.554 0.0000000000
95449  8.871  16.918  -31.530 0.0000000000
95450  8.149  17.044  -31.154 0.0000000000
95465  6.823  16.049  -33.160 0.0000000000
95466  6.226  16.146  -32.837 0.0000000000
95467  5.621  16.258  -32.190 0.0000000000
95483  10.633  16.445  -33.357 0.0000000000
95484  8.932  16.114  -33.731 0.0000000000
95485  8.458  16.306  -33.747 0.0000000000
95486  7.603  16.550  -33.639 0.0000000000
95487  6.803  16.687  -33.216 0.0000000000
95488  6.323  16.796  -32.750 0.0000000000
95500  10.108  16.467  -33.811 0.0000000000
95501  9.159  16.796  -33.912 0.0000000000
95502  8.367  16.931  -34.069 0.0000000000
95503  7.963  17.108  -34.090 0.0000000000
96318  17.038  16.669  -27.449 0.0000000000
96319  10.489  18.271  -28.110 0.0000000000
96320  10.114  18.211  -28.074 0.0000000000
96343  18.091  16.239  -27.528 0.0000000000
96344  17.365  16.300  -27.582 0.0000000000
96345  16.626  16.575  -27.754 0.0000000000
96346  16.108  16.774  -28.024 0.0000000000
96347  15.805  16.867  -27.997 0.0000000000
96348  15.435  16.991  -27.697 0.0000000000
96349  14.986  16.913  -27.528 0.0000000000
96350  13.043  17.703  -28.114 0.0000000000
96351  10.735  17.898  -28.392 0.0000000000
96352  9.758  17.811  -28.343 0.0000000000
96368  15.842  16.669  -28.027 0.0000000000
96369  15.489  16.670  -27.776 0.0000000000
96370  15.031  16.689  -27.522 0.0000000000
96371  14.841  16.726  -27.367 0.0000000000
96372  11.017  17.183  -28.913 0.0000000000
96373  10.354  17.484  -28.699 0.0000000000
96374  9.945  17.091  -29.091 0.0000000000
96376  7.567  17.168  -29.415 0.0000000000
96377  6.604  17.207  -29.470 0.0000000000
96378  5.809  17.030  -29.641 0.0000000000
96388  7.215  17.156  -30.197 0.0000000000
96389  6.435  17.138  -30.462 0.0000000000
96390  5.611  16.828  -30.675 0.0000000000
96401  8.083  17.240  -31.706 0.0000000000
96402  7.291  17.242  -31.290 0.0000000000
96403  6.321  17.118  -31.471 0.0000000000
96404  5.773  16.776  -31.601 0.0000000000
96417  8.631  17.339  -32.283 0.0000000000
96418  7.680  17.551  -32.286 0.0000000000
96419  6.893  17.445  -32.472 0.0000000000
96420  6.192  16.977  -32.223 0.0000000000
96443  10.585  16.485  -33.617 0.0000000000
96444  7.187  17.144  -33.607 0.0000000000
96445  6.842  17.297  -33.176 0.0000000000
96446  6.500  17.178  -32.688 0.0000000000
96461  10.432  16.547  -33.737 0.0000000000
96462  8.630  17.306  -34.339 0.0000000000
96463  8.209  17.467  -34.381 0.0000000000
96464  7.661  17.413  -34.065 0.0000000000
96465  7.264  17.595  -33.754 0.0000000000
96476  8.575  17.696  -34.038 0.0000000000
96477  8.672  17.526  -34.361 0.0000000000
96478  8.456  17.648  -34.533 0.0000000000
97191  4.697  19.224  -19.037 0.0000000000
97192  4.359  18.876  -18.427 0.0000000000
97200  4.811  19.285  -19.714 0.0000000000
97201  4.441  18.714  -19.457 0.0000000000
97205  4.883  19.417  -20.204 0.0000000000
97206  4.548  18.915  -20.506 0.0000000000
97210  4.366  18.813  -21.594 0.0000000000
97214  4.300  18.846  -22.559 0.0000000000
97218  4.337  18.849  -23.500 0.0000000000
97226  4.522  18.807  -24.402 0.0000000000
97236  7.672  19.085  -26.414 0.0000000000
97237  6.936  19.090  -26.201 0.0000000000
97238  6.070  18.971  -25.961 0.0000000000
97240  4.784  18.629  -25.254 0.0000000000
97256  16.397  17.545  -27.514 0.0000000000
97257  16.131  17.983  -27.404 0.0000000000
97287  16.563  17.109  -27.610 0.0000000000
97288  16.016  17.738  -27.635 0.0000000000
97289  15.623  17.639  -27.620 0.0000000000
97290  13.278  18.701  -27.271 0.0000000000
97291  13.033  18.552  -27.497 0.0000000000
97292  11.108  18.856  -28.055 0.0000000000
97293  10.280  18.680  -27.897 0.0000000000
97294  9.305  18.468  -27.674 0.0000000000
97311  16.315  16.936  -27.884 0.0000000000
97312  16.067  17.186  -27.906 0.0000000000
97313  15.670  17.300  -27.734 0.0000000000
97314  15.237  17.092  -27.620 0.0000000000
97315  13.058  18.160  -27.752 0.0000000000
97316  12.832  18.183  -27.839 0.0000000000
97317  10.825  18.383  -28.126 0.0000000000
97373  8.685  17.636  -32.914 0.0000000000
97374  8.062  17.848  -32.964 0.0000000000
97375  7.453  17.854  -32.947 0.0000000000
97394  7.671  18.066  -33.381 0.0000000000
97395  7.346  17.887  -33.505 0.0000000000
97415  8.255  17.776  -34.571 0.0000000000
97416  7.977  17.821  -34.437 0.0000000000
97417  7.624  17.892  -34.125 0.0000000000
97429  8.265  17.879  -34.457 0.0000000000
97430  7.911  18.025  -34.395 0.0000000000
97431  7.904  18.045  -34.063 0.0000000000
98204  4.402  19.548  -17.531 0.0000000000
98205  4.372  19.907  -17.157 0.0000000000
98211  5.027  19.788  -19.178 0.0000000000
98212  4.748  19.603  -18.424 0.0000000000
98218  5.104  19.855  -19.956 0.0000000000
98221  4.944  19.749  -20.693 0.0000000000
98222  4.668  19.381  -21.220 0.0000000000
98224  4.855  19.884  -21.369 0.0000000000
98225  4.629  19.591  -21.991 0.0000000000
98227  4.581  19.589  -22.945 0.0000000000
98229  4.731  19.593  -23.816 0.0000000000
98238  6.381  20.278  -25.330 0.0000000000
98239  5.947  20.040  -25.115 0.0000000000
98240  5.175  19.561  -24.731 0.0000000000
98251  8.734  19.505  -26.598 0.0000000000
98252  8.346  19.352  -26.504 0.0000000000
98253  7.584  19.612  -26.181 0.0000000000
98254  6.607  19.793  -25.708 0.0000000000
98255  5.690  19.355  -25.404 0.0000000000
98256  5.193  19.072  -25.281 0.0000000000
98268  16.772  19.292  -25.910 0.0000000000
98271  8.906  19.180  -26.927 0.0000000000
98293  15.899  18.077  -27.502 0.0000000000
98294  15.664  18.057  -27.386 0.0000000000
98295  13.555  19.350  -26.881 0.0000000000
98296  13.384  19.001  -27.211 0.0000000000
98297  11.508  19.607  -28.159 0.0000000000
98298  10.508  19.351  -27.919 0.0000000000
98299  9.588  19.319  -27.480 0.0000000000
98312  11.195  20.056  -28.361 0.0000000000
98313  10.630  19.923  -28.205 0.0000000000
98314  9.944  19.796  -27.874 0.0000000000
98380  8.186  17.980  -33.582 0.0000000000
98381  7.700  18.136  -33.701 0.0000000000
99189  4.297  21.052  -15.875 0.0000000000
99192  4.962  21.503  -16.884 0.0000000000
99193  4.671  20.975  -16.728 0.0000000000
99194  4.296  20.313  -16.459 0.0000000000
99199  5.636  21.493  -18.018 0.0000000000
99200  5.226  21.162  -17.593 0.0000000000
99201  4.645  20.264  -17.348 0.0000000000
99202  4.347  20.060  -16.941 0.0000000000
99207  5.624  21.232  -18.429 0.0000000000
99208  5.167  20.406  -18.432 0.0000000000
99209  4.747  19.929  -17.936 0.0000000000
99215  5.624  20.980  -19.015 0.0000000000
99216  5.427  20.561  -19.528 0.0000000000
99220  5.313  20.514  -20.465 0.0000000000
99224  5.102  20.393  -21.193 0.0000000000
99225  4.932  20.300  -21.779 0.0000000000
99228  4.847  20.279  -22.478 0.0000000000
99231  4.901  20.302  -23.254 0.0000000000
99240  6.271  20.741  -25.084 0.0000000000
99241  5.708  20.605  -24.565 0.0000000000
99242  5.184  20.396  -23.959 0.0000000000
99251  8.603  19.641  -26.500 0.0000000000
99252  8.258  19.863  -26.453 0.0000000000
99253  7.523  20.482  -26.238 0.0000000000
99254  6.756  20.624  -25.572 0.0000000000
99270  8.855  19.709  -26.842 0.0000000000
99271  8.440  20.278  -26.933 0.0000000000
99272  8.017  20.966  -27.128 0.0000000000
99298  14.361  19.994  -26.613 0.0000000000
99299  13.965  19.484  -26.714 0.0000000000
99300  13.374  19.196  -26.819 0.0000000000
99301  12.309  20.017  -28.222 0.0000000000
99302  9.227  20.019  -27.506 0.0000000000
99303  8.744  20.603  -27.761 0.0000000000
99304  8.275  21.172  -28.077 0.0000000000
99315  13.436  20.715  -28.285 0.0000000000
99316  12.682  20.532  -28.420 0.0000000000
99317  11.791  20.358  -28.505 0.0000000000
99318  10.903  20.431  -28.602 0.0000000000
99319  9.784  20.418  -28.384 0.0000000000
99320  8.887  20.881  -28.683 0.0000000000
99321  8.405  21.296  -28.952 0.0000000000
99330  13.112  21.013  -28.644 0.0000000000
99331  12.450  21.005  -28.817 0.0000000000
99332  11.554  20.993  -28.959 0.0000000000
99333  10.508  21.009  -29.163 0.0000000000
99334  9.537  20.903  -29.294 0.0000000000
99335  8.844  21.163  -29.569 0.0000000000
99336  8.449  21.345  -29.427 0.0000000000
99346  9.907  21.186  -29.774 0.0000000000
99347  9.376  21.083  -29.963 0.0000000000
99348  9.069  21.213  -30.150 0.0000000000
99352  9.607  21.209  -30.184 0.0000000000
99353  9.306  21.205  -30.334 0.0000000000
99354  9.069  21.309  -30.369 0.0000000000
100186  4.961  21.991  -16.703 0.0000000000
100187  4.617  21.752  -16.201 0.0000000000
100188  5.581  21.913  -17.740 0.0000000000
100189  5.242  21.887  -17.190 0.0000000000
100192  5.830  21.902  -18.341 0.0000000000
100195  5.892  21.728  -19.193 0.0000000000
100196  5.724  21.147  -19.479 0.0000000000
100201  5.990  22.058  -19.865 0.0000000000
100202  5.726  21.421  -20.159 0.0000000000
100208  5.414  21.155  -21.263 0.0000000000
100209  5.130  20.700  -21.578 0.0000000000
100212  5.421  21.457  -22.187 0.0000000000
100213  5.121  20.833  -22.029 0.0000000000
100217  5.480  21.513  -23.006 0.0000000000
100218  5.126  20.915  -22.760 0.0000000000
100227  6.226  21.577  -24.627 0.0000000000
100228  5.652  21.335  -23.846 0.0000000000
100229  5.222  20.917  -23.403 0.0000000000
100239  7.088  21.127  -25.876 0.0000000000
100240  6.727  21.399  -25.400 0.0000000000
100252  7.446  21.614  -26.420 0.0000000000
100253  7.061  21.539  -25.852 0.0000000000
100278  14.783  20.888  -27.815 0.0000000000
100279  14.086  20.956  -28.189 0.0000000000
100280  7.863  21.712  -27.502 0.0000000000
100305  13.744  21.240  -28.603 0.0000000000
100306  8.083  21.747  -28.456 0.0000000000
100324  14.042  21.654  -28.936 0.0000000000
100325  13.264  21.564  -29.064 0.0000000000
100326  12.279  21.641  -29.235 0.0000000000
100327  11.346  21.667  -29.337 0.0000000000
100328  10.476  21.730  -29.624 0.0000000000
100329  9.985  21.999  -29.876 0.0000000000
100330  8.543  21.409  -29.656 0.0000000000
100331  8.330  21.729  -29.360 0.0000000000
100345  9.844  21.503  -30.057 0.0000000000
100346  9.446  21.776  -30.136 0.0000000000
100347  8.847  21.601  -30.032 0.0000000000
100348  8.462  21.980  -29.738 0.0000000000
100359  9.497  21.368  -30.321 0.0000000000
100360  9.191  21.396  -30.372 0.0000000000
100361  9.012  21.385  -30.387 0.0000000000
101183  5.117  22.390  -16.886 0.0000000000
101185  5.804  22.672  -18.004 0.0000000000
101186  5.417  22.675  -17.342 0.0000000000
101187  5.094  22.958  -16.839 0.0000000000
101188  6.036  22.650  -18.726 0.0000000000
101191  6.120  22.655  -19.550 0.0000000000
101197  6.021  22.480  -20.567 0.0000000000
101198  5.743  21.776  -20.883 0.0000000000
101204  6.063  22.796  -21.669 0.0000000000
101205  5.741  21.989  -21.507 0.0000000000
101208  6.140  22.868  -22.620 0.0000000000
101209  5.775  22.148  -22.393 0.0000000000
101212  6.293  22.816  -23.499 0.0000000000
101213  5.885  22.145  -23.241 0.0000000000
101219  6.874  22.839  -24.980 0.0000000000
101220  6.544  22.647  -24.395 0.0000000000
101221  6.097  22.110  -23.941 0.0000000000
101230  7.080  22.717  -25.445 0.0000000000
101231  6.738  22.201  -25.105 0.0000000000
101243  7.416  22.618  -26.102 0.0000000000
101244  7.061  22.017  -25.727 0.0000000000
101257  7.739  22.468  -26.991 0.0000000000
101275  14.454  21.793  -28.978 0.0000000000
101276  11.427  22.731  -29.423 0.0000000000
101277  11.014  22.809  -29.375 0.0000000000
101278  10.781  22.987  -29.388 0.0000000000
101279  7.955  22.373  -27.934 0.0000000000
101298  14.157  22.116  -29.513 0.0000000000
101299  12.966  22.256  -29.615 0.0000000000
101300  11.955  22.442  -29.543 0.0000000000
101301  11.141  22.325  -29.451 0.0000000000
101302  10.427  22.629  -29.542 0.0000000000
101303  9.640  22.460  -29.812 0.0000000000
101304  8.135  22.319  -28.787 0.0000000000
101317  13.390  22.955  -30.334 0.0000000000
101318  12.578  22.837  -29.946 0.0000000000
101319  9.113  22.278  -29.932 0.0000000000
101320  8.653  22.288  -29.790 0.0000000000
101321  8.339  22.318  -29.428 0.0000000000
102126  5.993  23.554  -18.308 0.0000000000
102127  5.649  23.560  -17.660 0.0000000000
102128  5.254  23.608  -17.085 0.0000000000
102129  6.200  23.557  -19.069 0.0000000000
102132  6.269  23.547  -19.963 0.0000000000
102138  6.297  23.589  -20.956 0.0000000000
102143  6.371  23.660  -21.961 0.0000000000
102146  6.494  23.611  -22.916 0.0000000000
102148  6.686  23.498  -23.816 0.0000000000
102152  7.075  23.130  -25.175 0.0000000000
102153  7.007  23.476  -24.714 0.0000000000
102161  7.405  23.466  -25.493 0.0000000000
102162  7.316  23.883  -25.014 0.0000000000
102174  10.114  25.469  -28.163 0.0000000000
102175  8.507  23.875  -27.132 0.0000000000
102176  7.900  23.403  -26.471 0.0000000000
102188  10.102  25.371  -28.594 0.0000000000
102189  8.432  23.440  -27.870 0.0000000000
102190  8.088  23.083  -27.458 0.0000000000
102199  11.626  22.978  -29.564 0.0000000000
102200  11.202  23.087  -29.441 0.0000000000
102201  10.938  23.081  -29.359 0.0000000000
102202  10.098  25.209  -29.054 0.0000000000
102203  8.592  23.336  -28.516 0.0000000000
102204  8.207  22.909  -28.287 0.0000000000
102215  11.983  23.135  -29.870 0.0000000000
102216  10.527  24.797  -30.590 0.0000000000
102217  10.005  24.886  -30.254 0.0000000000
102218  9.898  25.080  -29.613 0.0000000000
102219  8.812  23.130  -29.165 0.0000000000
102220  8.375  22.811  -28.995 0.0000000000
102226  12.207  24.570  -31.465 0.0000000000
102227  11.674  24.641  -31.290 0.0000000000
102228  11.073  24.758  -30.935 0.0000000000
102229  9.302  22.732  -29.748 0.0000000000
102230  8.963  22.770  -29.645 0.0000000000
102231  8.561  22.696  -29.477 0.0000000000
102240  11.935  24.684  -31.480 0.0000000000
102241  11.380  24.762  -31.251 0.0000000000
102969  5.834  24.485  -17.925 0.0000000000
102970  5.439  24.471  -17.341 0.0000000000
102971  5.054  24.467  -16.765 0.0000000000
102972  6.144  24.502  -18.605 0.0000000000
102974  6.327  24.513  -19.414 0.0000000000
102979  6.426  24.527  -20.334 0.0000000000
102982  6.521  24.545  -21.306 0.0000000000
102986  6.970  24.976  -22.921 0.0000000000
102987  6.692  24.573  -22.332 0.0000000000
102991  7.169  24.893  -23.577 0.0000000000
102992  6.829  24.281  -23.271 0.0000000000
102998  7.445  24.771  -24.315 0.0000000000
102999  7.045  24.176  -24.068 0.0000000000
103007  8.672  24.929  -25.946 0.0000000000
103008  8.206  24.641  -25.613 0.0000000000
103009  7.693  24.419  -25.101 0.0000000000
103010  7.273  24.148  -24.660 0.0000000000
103023  10.225  25.793  -27.864 0.0000000000
103024  8.362  24.262  -26.270 0.0000000000
103025  7.902  24.040  -25.800 0.0000000000
103040  10.182  25.634  -28.316 0.0000000000
103049  10.046  25.483  -29.059 0.0000000000
103064  10.705  24.795  -30.765 0.0000000000
103065  10.289  24.845  -30.642 0.0000000000
103066  9.731  25.238  -30.205 0.0000000000
103079  10.846  24.840  -31.017 0.0000000000
103080  10.299  24.912  -31.081 0.0000000000
103081  9.678  25.150  -31.192 0.0000000000
103093  12.083  24.978  -31.636 0.0000000000
103094  11.194  24.956  -31.524 0.0000000000
103095  10.236  24.942  -31.808 0.0000000000
103096  9.572  25.045  -31.656 0.0000000000
103834  5.980  25.441  -18.171 0.0000000000
103835  5.613  25.383  -17.555 0.0000000000
103836  5.232  25.308  -17.012 0.0000000000
103841  6.254  25.473  -18.905 0.0000000000
103844  6.431  25.492  -19.758 0.0000000000
103847  6.573  25.495  -20.694 0.0000000000
103849  6.734  25.456  -21.610 0.0000000000
103851  7.256  25.636  -23.069 0.0000000000
103852  6.961  25.534  -22.373 0.0000000000
103854  7.580  25.549  -23.802 0.0000000000
103857  9.071  26.259  -25.156 0.0000000000
103858  8.718  25.972  -24.975 0.0000000000
103859  8.048  25.440  -24.616 0.0000000000
103865  10.109  26.775  -27.155 0.0000000000
103866  10.188  26.385  -27.370 0.0000000000
103867  8.507  25.279  -25.360 0.0000000000
103868  8.105  24.943  -25.181 0.0000000000
103876  10.193  26.609  -27.483 0.0000000000
103877  10.300  26.089  -27.893 0.0000000000
103887  10.212  26.506  -28.020 0.0000000000
103888  10.177  26.011  -28.509 0.0000000000
103896  10.040  26.478  -28.536 0.0000000000
103897  9.834  26.115  -29.225 0.0000000000
103914  9.625  26.084  -30.070 0.0000000000
103931  9.505  25.713  -30.742 0.0000000000
103945  17.199  25.270  -32.148 0.0000000000
103947  12.070  25.209  -31.684 0.0000000000
103948  11.203  25.811  -32.142 0.0000000000
103949  9.581  25.005  -31.979 0.0000000000
103950  9.137  25.662  -31.587 0.0000000000
103951  8.120  25.949  -31.871 0.0000000000
103952  7.735  26.048  -32.126 0.0000000000
103965  8.444  25.584  -32.212 0.0000000000
103966  7.975  25.630  -32.379 0.0000000000
103967  7.968  25.587  -32.626 0.0000000000
103979  7.936  25.501  -32.845 0.0000000000
104658  5.733  26.330  -17.729 0.0000000000
104659  5.366  26.166  -17.143 0.0000000000
104666  6.071  26.399  -18.418 0.0000000000
104669  6.323  26.449  -19.198 0.0000000000
104672  6.529  26.478  -20.088 0.0000000000
104675  7.011  26.768  -21.753 0.0000000000
104676  6.763  26.479  -21.096 0.0000000000
104679  7.248  26.458  -22.452 0.0000000000
104680  6.930  26.136  -21.862 0.0000000000
104685  8.092  26.717  -23.686 0.0000000000
104686  7.687  26.430  -23.290 0.0000000000
104691  8.892  26.632  -24.693 0.0000000000
104692  8.415  26.483  -24.248 0.0000000000
104693  7.960  26.126  -23.926 0.0000000000
104697  9.980  27.181  -26.871 0.0000000000
104698  9.259  26.697  -25.193 0.0000000000
104701  10.018  27.099  -27.102 0.0000000000
104711  10.057  27.032  -27.577 0.0000000000
104727  12.342  27.227  -28.901 0.0000000000
104728  10.032  26.975  -28.156 0.0000000000
104729  9.819  26.912  -28.764 0.0000000000
104747  9.715  26.856  -29.578 0.0000000000
104759  9.459  26.592  -30.629 0.0000000000
104773  8.855  26.633  -31.429 0.0000000000
104774  8.452  26.620  -31.954 0.0000000000
104775  8.104  25.951  -32.073 0.0000000000
104787  8.950  27.023  -32.448 0.0000000000
105431  5.794  27.261  -17.944 0.0000000000
105432  5.398  27.202  -17.170 0.0000000000
105435  6.099  27.342  -18.650 0.0000000000
105438  6.368  27.445  -19.449 0.0000000000
105441  6.652  27.483  -20.357 0.0000000000
105445  7.237  27.237  -22.034 0.0000000000
105446  6.968  27.539  -21.284 0.0000000000
105450  8.082  27.719  -23.143 0.0000000000
105451  7.734  27.469  -22.780 0.0000000000
105452  7.308  27.961  -21.885 0.0000000000
105456  8.756  27.658  -24.031 0.0000000000
105457  8.612  29.933  -24.179 0.0000000000
105458  7.981  27.033  -23.344 0.0000000000
105462  8.957  27.413  -24.467 0.0000000000
105463  8.699  27.007  -24.247 0.0000000000
105467  9.787  27.579  -26.723 0.0000000000
105468  9.548  28.169  -26.321 0.0000000000
105471  9.720  27.579  -27.087 0.0000000000
105472  9.462  27.915  -27.330 0.0000000000
105482  9.751  27.459  -27.713 0.0000000000
105483  9.423  27.933  -27.915 0.0000000000
105497  9.749  27.405  -28.275 0.0000000000
105498  9.633  27.748  -28.834 0.0000000000
105508  12.100  27.709  -29.145 0.0000000000
105510  9.678  27.710  -29.922 0.0000000000
105522  11.402  27.555  -30.608 0.0000000000
105523  9.438  27.603  -30.871 0.0000000000
105538  11.293  26.693  -31.647 0.0000000000
105539  9.153  27.501  -31.561 0.0000000000
105540  9.047  27.539  -31.979 0.0000000000
105560  11.154  28.274  -33.783 0.0000000000
105565  11.229  28.297  -34.255 0.0000000000
105569  11.090  28.034  -34.821 0.0000000000
105570  10.763  27.752  -35.582 0.0000000000
105571  10.083  27.411  -35.896 0.0000000000
105572  9.643  27.781  -34.909 0.0000000000
105580  10.513  27.665  -36.183 0.0000000000
105581  10.197  27.576  -36.450 0.0000000000
106140  5.820  27.999  -18.187 0.0000000000
106141  5.470  28.185  -17.546 0.0000000000
106145  6.034  28.412  -18.772 0.0000000000
106150  6.465  28.456  -19.692 0.0000000000
106152  7.022  28.914  -20.880 0.0000000000
106153  6.823  28.498  -20.555 0.0000000000
106157  7.245  28.958  -21.403 0.0000000000
106158  7.095  28.380  -21.280 0.0000000000
106162  8.425  30.200  -24.031 0.0000000000
106163  8.022  30.595  -23.936 0.0000000000
106164  7.297  28.486  -21.696 0.0000000000
106170  8.627  29.771  -24.577 0.0000000000
106171  8.485  30.094  -24.331 0.0000000000
106178  8.822  29.261  -25.420 0.0000000000
106179  8.809  29.443  -25.605 0.0000000000
106188  9.576  28.037  -26.585 0.0000000000
106189  9.159  28.770  -26.267 0.0000000000
106190  8.868  29.461  -25.991 0.0000000000
106200  9.412  28.154  -26.852 0.0000000000
106201  9.185  28.575  -27.191 0.0000000000
106212  9.353  28.675  -28.170 0.0000000000
106220  9.504  28.665  -29.229 0.0000000000
106229  11.608  28.384  -30.280 0.0000000000
106230  9.501  28.598  -30.223 0.0000000000
106238  11.509  28.156  -31.127 0.0000000000
106239  9.331  28.488  -31.066 0.0000000000
106240  9.173  28.746  -31.439 0.0000000000
106252  11.302  28.250  -32.001 0.0000000000
106253  9.236  28.174  -31.655 0.0000000000
106254  9.080  28.373  -32.035 0.0000000000
106265  11.119  28.569  -33.023 0.0000000000
106276  11.289  28.709  -34.586 0.0000000000
106277  8.761  27.741  -33.699 0.0000000000
106278  10.113  27.538  -33.161 0.0000000000
106285  11.189  28.456  -35.490 0.0000000000
106286  10.969  27.980  -36.080 0.0000000000
106287  9.498  27.606  -35.910 0.0000000000
106288  9.084  28.160  -35.628 0.0000000000
106298  11.136  28.526  -36.159 0.0000000000
106299  10.584  28.174  -36.464 0.0000000000
106300  9.699  27.972  -36.487 0.0000000000
106301  9.305  28.530  -36.227 0.0000000000
106915  6.179  29.282  -19.145 0.0000000000
106921  6.672  29.614  -19.985 0.0000000000
106924  6.903  29.156  -20.511 0.0000000000
106932  8.178  30.424  -24.119 0.0000000000
106933  7.801  30.787  -23.872 0.0000000000
106939  8.567  29.842  -24.782 0.0000000000
106940  8.289  30.311  -24.683 0.0000000000
106946  8.584  29.759  -25.144 0.0000000000
106947  8.584  30.031  -25.434 0.0000000000
106958  8.929  29.211  -26.588 0.0000000000
106959  8.781  29.884  -26.293 0.0000000000
106971  9.020  29.528  -27.328 0.0000000000
106972  8.810  29.972  -26.831 0.0000000000
106982  9.210  29.493  -28.546 0.0000000000
106988  9.281  29.498  -29.621 0.0000000000
106989  9.267  29.787  -30.118 0.0000000000
106996  9.353  29.261  -30.471 0.0000000000
106997  9.307  29.652  -30.662 0.0000000000
107004  9.234  29.144  -31.017 0.0000000000
107005  9.174  29.301  -31.408 0.0000000000
107014  8.868  29.130  -32.257 0.0000000000
107021  11.649  29.386  -33.288 0.0000000000
107022  8.382  28.962  -33.034 0.0000000000
107029  11.624  29.445  -34.117 0.0000000000
107030  8.366  29.086  -33.672 0.0000000000
107037  11.297  29.382  -35.003 0.0000000000
107038  8.298  29.102  -34.408 0.0000000000
107047  11.376  29.218  -35.892 0.0000000000
107048  8.405  28.997  -35.219 0.0000000000
107054  11.052  29.126  -36.471 0.0000000000
107055  10.378  29.120  -36.574 0.0000000000
107056  9.640  29.205  -36.447 0.0000000000
107057  8.984  29.195  -36.018 0.0000000000
107765  6.055  30.354  -19.091 0.0000000000
107774  6.932  30.544  -20.391 0.0000000000
107775  6.526  30.746  -19.742 0.0000000000
107784  7.542  31.712  -23.250 0.0000000000
107796  7.533  31.336  -23.522 0.0000000000
107809  7.870  30.664  -24.166 0.0000000000
107810  7.544  31.066  -24.000 0.0000000000
107813  7.788  30.868  -24.613 0.0000000000
107814  7.615  31.213  -24.473 0.0000000000
107822  8.175  30.660  -25.099 0.0000000000
107823  7.804  31.043  -24.861 0.0000000000
107832  8.481  30.662  -25.599 0.0000000000
107833  8.025  30.864  -25.137 0.0000000000
107842  8.889  30.128  -27.162 0.0000000000
107843  8.804  30.403  -26.575 0.0000000000
107850  9.110  30.342  -27.864 0.0000000000
107851  8.875  30.428  -27.178 0.0000000000
107857  8.822  30.107  -29.002 0.0000000000
107858  9.087  30.104  -29.644 0.0000000000
107862  9.378  30.544  -30.118 0.0000000000
107863  9.256  30.123  -30.140 0.0000000000
107869  9.485  30.449  -30.829 0.0000000000
107870  9.294  29.990  -30.772 0.0000000000
107878  9.430  30.368  -31.672 0.0000000000
107879  9.202  29.814  -31.581 0.0000000000
107887  9.232  30.382  -32.525 0.0000000000
107888  8.774  29.743  -32.388 0.0000000000
107895  11.618  30.264  -34.508 0.0000000000
107896  9.070  30.401  -33.221 0.0000000000
107897  8.386  29.825  -33.110 0.0000000000
107904  11.412  30.102  -35.466 0.0000000000
107905  9.274  30.692  -33.588 0.0000000000
107906  8.740  30.068  -34.015 0.0000000000
107912  11.348  29.966  -36.313 0.0000000000
107913  8.366  30.007  -35.019 0.0000000000
108634  7.431  32.508  -22.809 0.0000000000
108650  7.474  32.114  -23.030 0.0000000000
108670  7.232  31.813  -23.574 0.0000000000
108673  7.282  31.649  -24.219 0.0000000000
108681  8.041  31.916  -24.875 0.0000000000
108682  7.683  31.670  -24.710 0.0000000000
108688  9.297  31.622  -25.711 0.0000000000
108689  8.525  31.397  -25.431 0.0000000000
108690  7.992  31.209  -25.120 0.0000000000
108699  9.368  31.448  -26.704 0.0000000000
108700  8.933  31.007  -26.122 0.0000000000
108707  9.117  31.278  -27.763 0.0000000000
108708  8.877  30.844  -27.052 0.0000000000
108714  8.969  30.825  -28.822 0.0000000000
108715  8.993  30.403  -29.283 0.0000000000
108719  9.329  31.149  -29.440 0.0000000000
108720  9.173  30.524  -29.579 0.0000000000
108726  9.614  31.155  -30.122 0.0000000000
108732  9.792  31.065  -30.898 0.0000000000
108738  10.126  31.635  -32.090 0.0000000000
108739  9.937  31.101  -31.796 0.0000000000
108746  10.169  31.820  -32.375 0.0000000000
108747  9.867  31.183  -32.925 0.0000000000
109403  6.997  32.873  -23.138 0.0000000000
109404  6.785  33.304  -23.312 0.0000000000
109410  6.916  32.338  -23.877 0.0000000000
109411  6.743  33.014  -23.671 0.0000000000
109419  8.892  33.056  -24.682 0.0000000000
109420  8.053  32.761  -24.592 0.0000000000
109421  7.302  32.441  -24.414 0.0000000000
109422  6.892  32.844  -24.117 0.0000000000
109428  10.281  32.994  -25.799 0.0000000000
109429  9.536  32.506  -25.371 0.0000000000
109430  8.690  32.178  -25.117 0.0000000000
109437  10.326  32.779  -26.762 0.0000000000
109438  9.964  32.101  -26.231 0.0000000000
109445  10.215  32.757  -27.338 0.0000000000
109446  9.805  32.227  -27.434 0.0000000000
109453  9.393  31.786  -28.554 0.0000000000
109457  10.152  32.493  -29.773 0.0000000000
109458  9.741  32.086  -29.390 0.0000000000
109463  10.326  32.447  -30.346 0.0000000000
109464  10.029  31.782  -30.206 0.0000000000
109469  10.418  32.447  -31.042 0.0000000000
109470  10.174  31.745  -30.948 0.0000000000
109475  10.324  32.308  -31.862 0.0000000000
109476  10.210  31.838  -31.538 0.0000000000
109483  10.282  32.223  -32.688 0.0000000000
110212  6.779  33.636  -23.507 0.0000000000
110216  8.949  34.079  -24.530 0.0000000000
110217  8.097  33.742  -24.438 0.0000000000
110218  7.365  33.468  -24.295 0.0000000000
110219  6.865  33.274  -24.039 0.0000000000
110221  10.464  34.030  -25.496 0.0000000000
110222  9.712  33.511  -25.047 0.0000000000
110228  10.696  33.632  -26.372 0.0000000000
110236  10.431  33.332  -27.404 0.0000000000
110237  10.138  32.811  -27.649 0.0000000000
110244  10.311  33.479  -27.869 0.0000000000
110245  10.042  33.017  -28.272 0.0000000000
110252  10.283  33.049  -29.881 0.0000000000
110253  9.904  33.281  -29.303 0.0000000000
110260  10.348  33.338  -30.419 0.0000000000
110261  10.024  33.697  -29.804 0.0000000000
110268  10.522  33.187  -31.260 0.0000000000
110274  10.552  33.083  -32.147 0.0000000000
111008  8.894  34.941  -24.485 0.0000000000
111009  8.149  34.711  -24.358 0.0000000000
111010  7.418  34.478  -24.181 0.0000000000
111011  6.957  34.230  -23.753 0.0000000000
111015  9.738  34.672  -24.863 0.0000000000
111030  10.861  34.278  -26.912 0.0000000000
111037  10.517  34.097  -27.845 0.0000000000
111038  10.028  34.248  -28.663 0.0000000000
111046  9.727  34.404  -29.389 0.0000000000
111054  10.280  34.128  -30.771 0.0000000000
111055  9.835  34.369  -30.094 0.0000000000
111067  10.601  33.939  -31.512 0.0000000000
111937  10.708  35.320  -28.246 0.0000000000
111938  9.839  35.322  -28.902 0.0000000000
111952  9.497  35.439  -29.642 0.0000000000
111953  9.305  36.047  -30.042 0.0000000000
111962  10.364  34.656  -31.081 0.0000000000
111963  9.840  35.269  -30.496 0.0000000000
111964  9.557  36.210  -30.418 0.0000000000
112817  9.746  36.094  -29.160 0.0000000000
112851  10.348  35.255  -31.145 0.0000000000
112852  10.134  36.071  -30.983 0.0000000000
135804  11.746  16.136  -29.514 0.0000000000
135805  10.992  16.470  -29.510 0.0000000000
135807  10.391  16.110  -31.406 0.0000000000
135808  9.570  16.677  -31.760 0.0000000000
135809  9.727  16.689  -31.978 0.0000000000
135810  9.501  16.810  -31.968 0.0000000000
135811  9.202  16.943  -31.945 0.0000000000
135812  10.438  16.517  -32.876 0.0000000000
135813  10.266  16.623  -32.515 0.0000000000
135814  9.495  16.928  -32.219 0.0000000000
135815  9.968  16.963  -33.124 0.0000000000
135816  9.870  16.913  -32.684 0.0000000000
135817  9.176  17.306  -32.694 0.0000000000
135818  10.134  16.754  -33.515 0.0000000000
135819  9.160  17.398  -33.333 0.0000000000
135820  8.495  17.835  -33.226 0.0000000000
136042  10.115  25.116  -32.150 0.0000000000
136044  11.501  26.978  -30.337 0.0000000000
136045  10.318  26.115  -32.601 0.0000000000
136047  9.413  25.534  -32.225 0.0000000000
136049  10.600  27.099  -32.661 0.0000000000
136050  8.381  25.633  -32.645 0.0000000000
136051  10.031  26.130  -32.726 0.0000000000
136052  10.712  26.901  -32.561 0.0000000000
136056  10.106  26.062  -32.611 0.0000000000
136057  9.861  26.123  -32.671 0.0000000000
136059  10.496  27.734  -34.642 0.0000000000
136060  11.025  27.959  -34.222 0.0000000000
136061  10.666  27.320  -32.659 0.0000000000
136062  8.160  25.574  -32.825 0.0000000000
136063  9.667  25.967  -32.663 0.0000000000
136064  9.317  26.065  -32.671 0.0000000000
136066  10.702  28.016  -33.555 0.0000000000
136067  10.872  26.382  -32.489 0.0000000000
136068  8.547  25.775  -32.248 0.0000000000
136069  9.045  28.355  -32.847 0.0000000000
136070  11.415  28.750  -33.840 0.0000000000
