#!ascii label  , from subject Broad_82_YZ vox2ras=TkReg
1221
70793  15.493  -3.202  23.672 0.0000000000
70960  18.490  -3.090  15.250 0.0000000000
70982  18.239  -2.648  14.501 0.0000000000
70983  17.893  -3.006  13.714 0.0000000000
70998  17.228  -3.262  12.920 0.0000000000
71011  16.486  -2.852  12.666 0.0000000000
71012  15.809  -2.794  12.719 0.0000000000
71013  15.363  -2.590  12.912 0.0000000000
72072  12.835  -2.556  25.157 0.0000000000
72088  14.054  -2.727  24.334 0.0000000000
72089  13.395  -2.546  24.717 0.0000000000
72090  12.691  -2.119  25.029 0.0000000000
72105  15.149  -2.772  23.302 0.0000000000
72106  14.619  -2.562  23.849 0.0000000000
72107  13.866  -2.250  24.171 0.0000000000
72125  16.376  -3.087  22.123 0.0000000000
72126  15.674  -2.804  22.707 0.0000000000
72127  14.884  -2.466  23.031 0.0000000000
72148  16.568  -2.870  21.437 0.0000000000
72149  15.960  -2.599  21.757 0.0000000000
72167  17.418  -2.695  19.919 0.0000000000
72168  16.802  -2.547  20.548 0.0000000000
72169  16.165  -2.374  21.100 0.0000000000
72188  17.468  -2.385  19.146 0.0000000000
72189  16.992  -2.208  19.774 0.0000000000
72207  17.719  -2.313  18.214 0.0000000000
72229  17.957  -2.142  17.124 0.0000000000
72249  18.302  -2.580  16.097 0.0000000000
72250  18.087  -1.647  16.058 0.0000000000
72270  18.257  -2.101  15.267 0.0000000000
72271  18.135  -1.636  15.490 0.0000000000
72293  18.129  -1.944  14.587 0.0000000000
72294  17.954  -2.069  13.925 0.0000000000
72309  17.523  -2.234  13.181 0.0000000000
72310  14.947  -2.190  13.080 0.0000000000
72321  16.851  -2.259  12.725 0.0000000000
72322  16.133  -2.212  12.576 0.0000000000
72323  15.508  -2.137  12.709 0.0000000000
73505  12.220  -1.679  25.125 0.0000000000
73527  13.400  -1.828  24.235 0.0000000000
73528  12.696  -1.503  24.533 0.0000000000
73529  11.940  -1.150  24.853 0.0000000000
73547  14.471  -1.877  23.118 0.0000000000
73548  13.838  -1.613  23.699 0.0000000000
73549  13.125  -1.309  23.953 0.0000000000
73566  15.480  -2.197  21.956 0.0000000000
73567  14.931  -1.955  22.456 0.0000000000
73583  15.718  -2.087  21.355 0.0000000000
73584  15.216  -1.483  21.570 0.0000000000
73598  16.585  -1.978  20.003 0.0000000000
73599  15.983  -1.614  20.526 0.0000000000
73600  15.161  -0.961  20.833 0.0000000000
73616  17.319  -1.869  18.692 0.0000000000
73617  16.755  -1.404  19.274 0.0000000000
73618  16.103  -0.835  19.862 0.0000000000
73637  17.405  -1.323  18.138 0.0000000000
73638  16.966  -0.912  18.599 0.0000000000
73663  17.729  -1.082  16.956 0.0000000000
73684  17.942  -0.846  16.115 0.0000000000
73704  18.145  -1.629  15.243 0.0000000000
73705  18.038  -1.129  15.306 0.0000000000
73728  18.134  -1.613  14.943 0.0000000000
73729  17.993  -1.223  14.336 0.0000000000
73748  17.673  -1.275  13.423 0.0000000000
73749  15.078  -1.321  12.775 0.0000000000
73750  14.379  -1.482  13.319 0.0000000000
73751  13.844  -1.584  13.693 0.0000000000
73755  17.122  -1.382  12.797 0.0000000000
73756  16.356  -1.488  12.570 0.0000000000
73757  15.749  -1.613  12.556 0.0000000000
74881  11.302  -0.743  24.818 0.0000000000
74897  12.722  -0.966  24.020 0.0000000000
74898  12.043  -0.494  24.234 0.0000000000
74899  10.841  -0.086  24.419 0.0000000000
74909  14.499  -1.531  22.701 0.0000000000
74910  14.130  -1.114  22.989 0.0000000000
74911  13.082  -0.548  23.388 0.0000000000
74912  12.106  0.114  23.481 0.0000000000
74923  14.549  -1.153  22.276 0.0000000000
74924  13.847  -0.412  22.358 0.0000000000
74925  13.203  0.132  22.605 0.0000000000
74940  14.502  -0.606  21.459 0.0000000000
74941  13.866  -0.048  21.642 0.0000000000
74957  15.517  -0.746  20.248 0.0000000000
74958  14.798  -0.224  20.494 0.0000000000
74975  16.311  -0.597  19.380 0.0000000000
74976  15.638  -0.041  19.566 0.0000000000
74977  14.799  0.391  19.968 0.0000000000
74998  17.108  -0.673  18.303 0.0000000000
74999  16.582  -0.219  18.655 0.0000000000
75000  15.977  0.277  18.943 0.0000000000
75022  17.305  -0.278  17.699 0.0000000000
75023  16.948  0.180  18.057 0.0000000000
75043  17.787  -0.174  16.607 0.0000000000
75061  18.102  -0.134  15.646 0.0000000000
75078  18.126  -0.181  14.636 0.0000000000
75079  13.140  -0.418  13.798 0.0000000000
75080  12.492  -0.584  14.138 0.0000000000
75094  17.836  -0.272  13.666 0.0000000000
75095  15.060  -0.316  12.748 0.0000000000
75096  14.408  -0.567  13.157 0.0000000000
75097  13.717  -0.872  13.519 0.0000000000
75105  17.331  -0.410  12.902 0.0000000000
75106  16.485  -0.561  12.571 0.0000000000
75107  15.699  -0.838  12.530 0.0000000000
76180  11.279  0.348  23.775 0.0000000000
76181  10.299  0.841  24.103 0.0000000000
76189  12.526  0.406  22.894 0.0000000000
76190  11.684  0.855  23.174 0.0000000000
76191  10.951  1.065  23.570 0.0000000000
76199  13.459  0.203  22.025 0.0000000000
76200  12.917  0.712  22.167 0.0000000000
76201  12.212  1.062  22.559 0.0000000000
76213  14.246  0.099  21.159 0.0000000000
76214  13.637  0.639  21.468 0.0000000000
76215  13.027  1.079  21.691 0.0000000000
76230  14.323  0.632  20.661 0.0000000000
76231  13.954  1.082  21.072 0.0000000000
76247  15.087  0.711  19.525 0.0000000000
76248  14.567  1.011  19.914 0.0000000000
76264  16.170  0.582  18.618 0.0000000000
76265  15.578  0.797  18.975 0.0000000000
76282  17.139  0.478  17.686 0.0000000000
76283  16.690  0.741  18.111 0.0000000000
76300  17.499  0.587  17.040 0.0000000000
76313  17.788  0.718  16.064 0.0000000000
76325  18.145  0.812  15.056 0.0000000000
76326  13.167  -0.030  13.790 0.0000000000
76327  12.853  0.115  13.991 0.0000000000
76328  12.083  0.239  14.364 0.0000000000
76329  11.032  0.410  14.508 0.0000000000
76331  6.416  1.391  15.344 0.0000000000
76343  17.877  0.887  13.950 0.0000000000
76344  15.067  0.134  12.734 0.0000000000
76345  14.628  0.387  12.958 0.0000000000
76346  13.509  0.203  13.576 0.0000000000
76347  12.945  0.610  13.899 0.0000000000
76348  6.420  0.987  14.110 0.0000000000
76357  17.386  0.593  13.143 0.0000000000
76358  16.661  0.445  12.633 0.0000000000
76359  15.525  0.333  12.595 0.0000000000
76360  14.943  0.860  12.681 0.0000000000
76361  6.284  0.661  13.028 0.0000000000
76362  6.125  0.615  12.157 0.0000000000
76366  5.907  0.648  11.459 0.0000000000
76375  5.835  0.529  10.688 0.0000000000
76383  5.966  0.318  9.738 0.0000000000
77421  10.441  1.782  23.691 0.0000000000
77433  11.771  1.576  22.886 0.0000000000
77434  11.222  1.472  23.344 0.0000000000
77444  12.598  1.416  22.113 0.0000000000
77445  12.171  1.476  22.499 0.0000000000
77455  14.088  1.771  21.298 0.0000000000
77456  13.471  1.379  21.435 0.0000000000
77457  12.991  1.388  21.746 0.0000000000
77466  14.289  1.451  20.577 0.0000000000
77467  14.014  1.382  21.157 0.0000000000
77476  15.135  1.471  19.452 0.0000000000
77477  14.597  1.512  19.926 0.0000000000
77487  16.134  1.378  18.513 0.0000000000
77488  15.608  1.414  18.934 0.0000000000
77499  17.153  1.161  17.439 0.0000000000
77500  16.715  1.673  17.804 0.0000000000
77511  17.476  1.567  16.578 0.0000000000
77512  17.110  1.849  17.195 0.0000000000
77513  7.735  1.866  16.845 0.0000000000
77514  7.166  2.242  17.137 0.0000000000
77525  17.880  1.698  15.536 0.0000000000
77526  8.977  1.513  15.538 0.0000000000
77527  8.362  2.183  16.198 0.0000000000
77528  6.390  2.294  16.095 0.0000000000
77537  17.948  1.782  14.504 0.0000000000
77538  12.536  0.731  14.154 0.0000000000
77539  11.790  1.233  14.360 0.0000000000
77540  10.613  1.424  14.549 0.0000000000
77541  9.692  1.910  14.985 0.0000000000
77542  6.630  2.363  15.198 0.0000000000
77553  17.664  1.903  13.700 0.0000000000
77554  14.559  1.196  12.851 0.0000000000
77555  13.883  1.228  13.271 0.0000000000
77556  12.821  1.355  13.771 0.0000000000
77557  11.847  1.960  13.762 0.0000000000
77558  6.599  1.973  14.301 0.0000000000
77570  17.399  1.554  13.193 0.0000000000
77571  16.914  1.359  12.725 0.0000000000
77572  16.090  1.384  12.433 0.0000000000
77573  15.107  1.541  12.556 0.0000000000
77574  6.383  1.620  13.166 0.0000000000
77575  6.193  1.171  12.463 0.0000000000
77591  6.238  1.749  12.303 0.0000000000
77592  6.037  1.363  11.732 0.0000000000
77603  5.782  1.312  10.962 0.0000000000
77610  5.811  1.290  10.024 0.0000000000
77620  6.196  1.173  8.767 0.0000000000
77637  6.553  2.024  8.484 0.0000000000
78648  13.553  2.951  23.887 0.0000000000
78649  12.984  2.759  23.893 0.0000000000
78650  11.947  2.685  23.778 0.0000000000
78651  10.850  2.561  23.758 0.0000000000
78652  9.605  2.575  24.163 0.0000000000
78665  14.416  2.941  23.097 0.0000000000
78666  13.753  2.820  23.310 0.0000000000
78667  12.752  2.593  23.044 0.0000000000
78668  11.899  2.211  23.043 0.0000000000
78669  11.239  1.958  23.338 0.0000000000
78679  14.304  2.754  22.598 0.0000000000
78680  13.572  2.429  22.481 0.0000000000
78681  12.760  2.046  22.373 0.0000000000
78682  12.199  1.785  22.529 0.0000000000
78689  15.158  2.611  21.121 0.0000000000
78690  14.420  2.486  21.766 0.0000000000
78691  13.529  1.981  21.847 0.0000000000
78692  13.040  1.660  21.881 0.0000000000
78699  15.261  2.469  20.368 0.0000000000
78700  14.635  2.144  20.839 0.0000000000
78707  16.224  2.718  19.288 0.0000000000
78708  15.451  2.255  19.640 0.0000000000
78709  14.697  2.024  19.995 0.0000000000
78717  16.506  2.454  18.316 0.0000000000
78718  15.771  1.979  18.961 0.0000000000
78728  16.960  2.488  17.381 0.0000000000
78738  17.654  2.616  16.015 0.0000000000
78739  17.289  2.341  16.764 0.0000000000
78740  7.748  2.951  16.599 0.0000000000
78741  7.007  3.112  16.930 0.0000000000
78742  6.613  3.180  16.444 0.0000000000
78753  17.941  2.668  14.973 0.0000000000
78754  8.810  2.719  15.523 0.0000000000
78755  8.288  2.912  16.105 0.0000000000
78756  6.557  3.213  15.560 0.0000000000
78766  17.736  2.688  13.957 0.0000000000
78767  11.017  2.062  14.060 0.0000000000
78768  10.203  2.278  14.428 0.0000000000
78769  9.528  2.791  14.750 0.0000000000
78770  6.675  2.997  14.527 0.0000000000
78784  17.261  2.589  13.026 0.0000000000
78785  16.649  2.901  12.672 0.0000000000
78786  14.232  1.950  12.868 0.0000000000
78787  13.302  2.126  13.112 0.0000000000
78788  12.303  2.341  13.194 0.0000000000
78789  11.174  2.710  13.253 0.0000000000
78790  10.306  2.705  13.836 0.0000000000
78791  9.882  2.807  14.250 0.0000000000
78792  6.537  2.669  13.451 0.0000000000
78811  17.134  1.954  12.765 0.0000000000
78812  16.601  2.241  12.513 0.0000000000
78813  15.676  2.403  12.386 0.0000000000
78814  14.715  2.665  12.580 0.0000000000
78815  13.715  2.832  12.657 0.0000000000
78816  12.726  2.872  12.596 0.0000000000
78817  11.861  2.934  12.640 0.0000000000
78818  6.368  2.344  12.588 0.0000000000
78841  6.222  2.384  11.635 0.0000000000
78842  5.962  1.827  11.225 0.0000000000
78860  6.208  2.842  11.023 0.0000000000
78861  5.965  2.295  10.597 0.0000000000
78876  5.805  2.230  9.509 0.0000000000
78887  5.944  2.453  8.777 0.0000000000
78896  6.175  2.836  8.408 0.0000000000
79892  11.892  3.847  26.148 0.0000000000
79893  11.709  3.731  25.867 0.0000000000
79904  14.458  4.089  25.285 0.0000000000
79905  13.997  3.838  25.406 0.0000000000
79906  12.635  3.656  25.699 0.0000000000
79907  11.367  3.545  25.315 0.0000000000
79908  10.397  3.608  24.964 0.0000000000
79928  15.235  4.111  24.393 0.0000000000
79929  14.815  3.949  24.775 0.0000000000
79930  13.622  3.218  24.526 0.0000000000
79931  12.255  3.125  24.600 0.0000000000
79932  11.099  3.195  24.369 0.0000000000
79933  10.002  3.215  24.376 0.0000000000
79950  15.383  3.985  23.996 0.0000000000
79951  14.609  3.300  23.686 0.0000000000
79952  13.875  3.083  23.838 0.0000000000
79964  15.971  4.195  22.607 0.0000000000
79965  15.666  3.900  22.950 0.0000000000
79966  14.890  3.136  22.735 0.0000000000
79978  16.176  4.124  22.144 0.0000000000
79979  15.403  3.264  21.827 0.0000000000
79980  14.717  2.954  22.195 0.0000000000
79988  16.353  3.799  21.116 0.0000000000
79989  15.880  2.959  20.764 0.0000000000
79997  16.422  3.606  19.919 0.0000000000
79998  15.847  2.787  19.984 0.0000000000
80006  16.784  3.574  18.717 0.0000000000
80018  17.018  3.428  17.596 0.0000000000
80030  17.555  3.392  16.053 0.0000000000
80031  17.329  3.194  16.676 0.0000000000
80032  7.775  3.457  16.404 0.0000000000
80033  7.450  3.615  16.529 0.0000000000
80034  6.912  3.775  16.532 0.0000000000
80048  17.700  3.414  15.411 0.0000000000
80049  8.592  3.274  15.510 0.0000000000
80050  8.120  3.637  15.899 0.0000000000
80051  7.282  4.195  16.167 0.0000000000
80052  6.711  4.092  15.844 0.0000000000
80064  17.566  3.607  14.436 0.0000000000
80065  16.981  4.043  13.798 0.0000000000
80066  8.833  3.416  15.064 0.0000000000
80067  8.348  3.998  15.024 0.0000000000
80068  6.682  3.996  14.825 0.0000000000
80084  17.304  3.383  13.546 0.0000000000
80085  16.399  3.709  12.999 0.0000000000
80086  15.640  4.095  12.792 0.0000000000
80087  10.719  3.247  12.972 0.0000000000
80088  10.276  3.177  13.298 0.0000000000
80089  9.402  3.464  13.912 0.0000000000
80090  8.747  3.788  14.552 0.0000000000
80091  6.600  3.778  13.717 0.0000000000
80106  16.169  2.997  12.451 0.0000000000
80107  15.336  3.558  12.570 0.0000000000
80108  14.166  3.666  12.542 0.0000000000
80109  13.117  3.695  12.411 0.0000000000
80110  12.117  3.661  12.360 0.0000000000
80111  11.134  3.552  12.613 0.0000000000
80112  10.315  3.627  12.868 0.0000000000
80113  9.872  3.541  13.212 0.0000000000
80114  6.464  3.388  12.439 0.0000000000
80129  6.308  3.394  11.340 0.0000000000
80144  6.121  3.339  10.648 0.0000000000
80145  5.841  3.219  9.881 0.0000000000
80161  5.604  3.036  9.158 0.0000000000
80182  5.806  3.294  8.729 0.0000000000
80201  6.455  3.260  8.354 0.0000000000
80202  6.023  3.444  8.466 0.0000000000
81257  13.968  4.762  26.328 0.0000000000
81258  13.200  4.577  26.537 0.0000000000
81259  12.263  4.263  26.498 0.0000000000
81260  11.036  4.202  26.091 0.0000000000
81261  9.774  4.598  26.153 0.0000000000
81275  14.487  4.550  25.599 0.0000000000
81276  13.579  4.188  26.030 0.0000000000
81277  12.929  4.136  26.226 0.0000000000
81278  10.675  3.787  25.504 0.0000000000
81279  10.035  3.998  25.560 0.0000000000
81298  15.382  4.510  24.330 0.0000000000
81299  15.080  4.929  24.880 0.0000000000
81315  15.920  4.827  23.056 0.0000000000
81316  15.789  4.713  23.447 0.0000000000
81330  16.022  4.609  22.756 0.0000000000
81331  15.827  4.406  23.043 0.0000000000
81346  16.334  4.858  22.094 0.0000000000
81360  16.458  4.734  21.384 0.0000000000
81372  16.637  4.701  20.402 0.0000000000
81385  16.881  4.863  19.184 0.0000000000
81398  17.067  4.600  17.893 0.0000000000
81410  17.422  3.732  16.288 0.0000000000
81411  17.273  4.363  16.595 0.0000000000
81427  17.454  3.957  15.825 0.0000000000
81428  17.182  4.659  15.513 0.0000000000
81429  8.034  4.207  15.411 0.0000000000
81430  7.644  4.410  15.583 0.0000000000
81431  7.130  4.540  15.593 0.0000000000
81447  17.511  4.106  15.133 0.0000000000
81448  16.955  4.537  14.572 0.0000000000
81449  7.943  4.552  14.896 0.0000000000
81450  7.381  4.765  15.015 0.0000000000
81451  6.961  4.750  14.887 0.0000000000
81467  16.361  4.725  13.736 0.0000000000
81468  15.520  4.815  13.025 0.0000000000
81469  14.874  5.153  12.892 0.0000000000
81470  8.935  4.519  13.377 0.0000000000
81471  8.514  4.346  14.233 0.0000000000
81472  6.655  4.846  14.041 0.0000000000
81486  15.281  4.279  12.731 0.0000000000
81487  14.618  4.626  12.677 0.0000000000
81488  13.492  4.601  12.479 0.0000000000
81489  12.467  4.583  12.298 0.0000000000
81490  11.436  4.510  12.256 0.0000000000
81491  10.410  4.390  12.548 0.0000000000
81492  9.623  4.060  12.983 0.0000000000
81493  6.603  4.665  12.888 0.0000000000
81506  6.323  4.521  11.541 0.0000000000
81507  6.127  5.060  10.907 0.0000000000
81522  6.195  3.914  10.941 0.0000000000
81523  5.935  4.387  10.385 0.0000000000
81541  5.773  4.022  9.285 0.0000000000
81562  6.763  4.424  8.528 0.0000000000
81563  5.955  3.967  8.710 0.0000000000
81582  6.712  3.906  8.487 0.0000000000
81583  6.186  3.800  8.486 0.0000000000
82602  14.216  6.051  27.095 0.0000000000
82603  13.193  5.912  27.291 0.0000000000
82604  12.059  5.849  27.360 0.0000000000
82605  10.896  5.876  27.239 0.0000000000
82617  14.583  5.520  26.309 0.0000000000
82618  13.708  5.222  26.899 0.0000000000
82619  12.668  5.044  27.081 0.0000000000
82620  11.515  5.029  26.895 0.0000000000
82621  10.356  5.217  26.635 0.0000000000
82632  15.399  6.047  25.066 0.0000000000
82633  15.027  5.453  25.437 0.0000000000
82645  15.567  5.563  24.295 0.0000000000
82646  15.245  5.522  24.889 0.0000000000
82663  15.948  5.177  22.994 0.0000000000
82664  15.764  5.589  23.441 0.0000000000
82682  16.177  5.394  22.427 0.0000000000
82683  15.807  5.946  22.848 0.0000000000
82701  16.368  5.503  21.693 0.0000000000
82721  16.513  5.546  20.861 0.0000000000
82735  16.699  5.733  19.970 0.0000000000
82746  16.730  6.063  19.139 0.0000000000
82755  16.804  5.805  18.206 0.0000000000
82770  16.904  5.578  17.055 0.0000000000
82789  16.856  5.507  15.938 0.0000000000
82790  16.392  5.856  15.399 0.0000000000
82807  16.643  5.275  15.095 0.0000000000
82808  16.142  5.861  14.793 0.0000000000
82809  8.121  4.861  14.322 0.0000000000
82810  7.705  5.106  14.433 0.0000000000
82811  7.213  5.235  14.531 0.0000000000
82823  16.379  5.254  14.399 0.0000000000
82824  15.711  5.758  13.945 0.0000000000
82825  14.817  5.685  13.310 0.0000000000
82826  14.153  5.799  13.110 0.0000000000
82827  8.781  4.962  13.132 0.0000000000
82828  8.298  5.233  13.506 0.0000000000
82829  7.428  5.658  13.898 0.0000000000
82830  6.952  5.670  14.018 0.0000000000
82841  14.455  5.370  12.884 0.0000000000
82842  13.768  5.503  12.739 0.0000000000
82843  12.812  5.520  12.451 0.0000000000
82844  11.813  5.506  12.184 0.0000000000
82845  10.687  5.422  12.192 0.0000000000
82846  9.309  5.217  12.737 0.0000000000
82847  8.609  5.639  12.854 0.0000000000
82848  6.726  5.708  13.253 0.0000000000
82862  6.452  5.631  12.279 0.0000000000
82863  6.219  5.677  11.345 0.0000000000
82877  5.900  5.610  10.559 0.0000000000
82889  5.748  5.327  9.690 0.0000000000
82902  6.561  5.093  8.618 0.0000000000
82903  5.924  4.879  8.951 0.0000000000
82913  6.480  4.473  8.517 0.0000000000
82914  6.200  4.377  8.569 0.0000000000
83885  14.474  6.707  27.248 0.0000000000
83886  13.782  6.700  27.525 0.0000000000
83887  12.659  6.688  27.647 0.0000000000
83901  15.341  6.831  25.975 0.0000000000
83902  15.024  6.687  26.670 0.0000000000
83912  15.491  6.841  25.389 0.0000000000
83913  15.201  6.207  25.825 0.0000000000
83922  15.543  6.701  24.572 0.0000000000
83935  15.517  6.568  23.606 0.0000000000
83952  16.075  6.165  22.109 0.0000000000
83953  15.405  6.838  22.602 0.0000000000
83971  16.247  6.228  21.289 0.0000000000
83972  15.679  6.758  21.689 0.0000000000
83998  16.373  6.338  20.497 0.0000000000
83999  15.915  6.821  20.869 0.0000000000
84016  16.270  6.710  19.735 0.0000000000
84017  16.083  6.815  20.303 0.0000000000
84032  16.184  6.915  18.639 0.0000000000
84033  15.555  7.361  18.433 0.0000000000
84049  16.277  6.559  17.433 0.0000000000
84050  15.581  7.227  17.814 0.0000000000
84067  16.360  6.299  16.370 0.0000000000
84068  15.328  7.034  16.717 0.0000000000
84069  14.262  7.116  16.400 0.0000000000
84070  13.718  7.086  16.256 0.0000000000
84084  16.402  6.075  15.774 0.0000000000
84085  15.786  6.416  15.527 0.0000000000
84086  14.891  6.925  15.801 0.0000000000
84087  14.029  6.898  15.668 0.0000000000
84098  15.590  6.210  14.692 0.0000000000
84099  14.904  6.547  14.963 0.0000000000
84100  13.915  6.731  14.686 0.0000000000
84101  13.378  6.748  14.106 0.0000000000
84114  15.280  6.258  14.387 0.0000000000
84115  14.812  6.302  14.097 0.0000000000
84116  14.007  6.254  13.698 0.0000000000
84117  13.391  6.522  13.482 0.0000000000
84118  8.279  5.829  12.916 0.0000000000
84119  7.780  6.167  13.097 0.0000000000
84120  7.165  6.375  13.477 0.0000000000
84133  13.696  6.120  13.127 0.0000000000
84134  13.079  6.403  12.882 0.0000000000
84135  12.192  6.444  12.499 0.0000000000
84136  11.208  6.503  12.171 0.0000000000
84137  10.022  6.435  12.253 0.0000000000
84138  8.753  6.423  12.642 0.0000000000
84139  8.018  6.954  12.835 0.0000000000
84140  6.870  6.540  13.272 0.0000000000
84154  6.585  6.542  12.638 0.0000000000
84155  6.308  6.538  11.900 0.0000000000
84166  5.925  6.596  11.104 0.0000000000
84175  5.762  6.537  10.194 0.0000000000
84185  6.955  6.369  8.902 0.0000000000
84186  6.027  6.397  9.321 0.0000000000
85049  12.665  8.370  28.361 0.0000000000
85058  15.412  8.248  26.864 0.0000000000
85059  14.616  7.568  27.467 0.0000000000
85060  13.331  7.507  28.047 0.0000000000
85075  15.540  7.643  25.992 0.0000000000
85076  15.287  7.480  26.829 0.0000000000
85087  15.573  7.664  24.918 0.0000000000
85097  15.300  7.604  24.110 0.0000000000
85108  14.854  7.744  23.301 0.0000000000
85109  14.264  8.189  23.238 0.0000000000
85125  14.797  7.520  22.597 0.0000000000
85126  14.046  7.953  22.912 0.0000000000
85127  13.479  8.048  22.804 0.0000000000
85149  15.159  7.288  22.053 0.0000000000
85150  14.287  7.569  22.087 0.0000000000
85151  13.697  7.839  22.532 0.0000000000
85178  15.171  7.287  21.306 0.0000000000
85179  14.235  7.755  21.046 0.0000000000
85180  13.267  7.799  20.539 0.0000000000
85181  12.347  7.774  20.160 0.0000000000
85182  11.676  7.812  19.794 0.0000000000
85206  15.942  7.056  19.778 0.0000000000
85207  15.496  7.234  20.152 0.0000000000
85208  14.306  7.572  19.868 0.0000000000
85209  13.305  7.581  19.570 0.0000000000
85210  12.400  7.582  19.286 0.0000000000
85211  11.454  7.652  19.058 0.0000000000
85212  10.989  7.835  18.559 0.0000000000
85228  15.897  7.131  19.465 0.0000000000
85229  15.302  7.487  19.095 0.0000000000
85230  14.241  7.593  18.906 0.0000000000
85231  13.306  7.519  18.668 0.0000000000
85232  12.425  7.519  18.426 0.0000000000
85233  11.640  7.695  18.163 0.0000000000
85234  11.091  7.885  18.185 0.0000000000
85244  14.998  7.586  18.281 0.0000000000
85245  14.171  7.535  18.053 0.0000000000
85246  13.334  7.435  17.791 0.0000000000
85247  12.524  7.526  17.565 0.0000000000
85248  11.850  7.751  17.418 0.0000000000
85257  14.889  7.449  17.577 0.0000000000
85258  14.233  7.376  17.203 0.0000000000
85259  13.406  7.342  16.849 0.0000000000
85260  12.542  7.535  16.713 0.0000000000
85261  11.876  7.884  16.840 0.0000000000
85271  13.252  7.117  16.134 0.0000000000
85272  12.739  7.429  15.847 0.0000000000
85284  13.384  7.120  15.424 0.0000000000
85285  12.947  7.398  14.838 0.0000000000
85286  12.424  7.739  14.333 0.0000000000
85301  12.806  7.069  13.752 0.0000000000
85302  12.195  7.754  13.600 0.0000000000
85303  7.472  6.858  13.090 0.0000000000
85304  7.107  7.017  13.132 0.0000000000
85319  12.430  7.082  13.019 0.0000000000
85320  11.680  7.498  12.767 0.0000000000
85321  10.688  7.515  12.336 0.0000000000
85322  9.603  7.503  12.351 0.0000000000
85323  8.596  7.603  12.544 0.0000000000
85324  7.615  7.604  12.744 0.0000000000
85325  6.669  7.546  12.617 0.0000000000
85326  6.222  8.016  12.235 0.0000000000
85339  6.408  7.069  12.263 0.0000000000
85340  6.076  7.552  11.851 0.0000000000
85352  5.638  7.585  10.869 0.0000000000
85359  5.721  7.589  9.985 0.0000000000
85367  6.532  7.500  9.263 0.0000000000
85368  6.011  7.748  9.546 0.0000000000
86194  13.034  9.304  28.507 0.0000000000
86207  15.498  9.177  26.812 0.0000000000
86208  14.970  8.923  27.541 0.0000000000
86209  13.876  8.708  28.150 0.0000000000
86222  15.714  8.899  26.045 0.0000000000
86232  15.716  8.695  25.138 0.0000000000
86241  15.389  8.596  24.362 0.0000000000
86252  14.913  8.523  23.793 0.0000000000
86253  14.341  8.603  23.356 0.0000000000
86254  13.762  8.873  23.252 0.0000000000
86266  13.914  8.457  23.203 0.0000000000
86267  13.309  8.615  22.903 0.0000000000
86268  12.333  8.777  22.463 0.0000000000
86269  11.385  8.881  22.192 0.0000000000
86270  10.683  8.953  21.879 0.0000000000
86283  13.666  7.740  22.259 0.0000000000
86284  13.120  8.046  22.400 0.0000000000
86285  12.198  8.280  21.988 0.0000000000
86286  11.334  8.442  21.584 0.0000000000
86287  10.517  8.770  21.213 0.0000000000
86299  13.648  7.720  21.890 0.0000000000
86300  13.118  7.960  21.509 0.0000000000
86301  12.250  8.075  21.080 0.0000000000
86302  11.297  8.161  20.592 0.0000000000
86303  10.230  8.616  20.284 0.0000000000
86304  9.711  8.814  19.618 0.0000000000
86318  10.990  8.031  19.808 0.0000000000
86319  10.470  8.164  19.218 0.0000000000
86320  9.874  8.686  18.914 0.0000000000
86335  11.278  7.918  17.854 0.0000000000
86336  10.602  8.310  18.156 0.0000000000
86337  9.892  9.042  18.423 0.0000000000
86347  11.357  8.170  17.350 0.0000000000
86348  10.877  8.762  17.262 0.0000000000
86355  12.210  7.824  16.309 0.0000000000
86356  11.663  8.423  16.477 0.0000000000
86357  11.087  9.094  16.643 0.0000000000
86366  12.324  7.955  15.667 0.0000000000
86367  11.907  8.561  15.506 0.0000000000
86378  12.334  8.051  14.961 0.0000000000
86379  11.999  8.501  14.485 0.0000000000
86387  11.713  8.539  13.461 0.0000000000
86395  11.136  8.482  12.746 0.0000000000
86396  10.301  8.481  12.460 0.0000000000
86397  9.347  8.541  12.365 0.0000000000
86398  8.339  8.564  12.402 0.0000000000
86399  7.341  8.567  12.438 0.0000000000
86400  6.406  8.628  12.188 0.0000000000
86401  6.034  8.226  12.031 0.0000000000
86407  6.167  9.103  11.882 0.0000000000
86408  5.873  8.627  11.535 0.0000000000
86414  5.667  8.568  10.539 0.0000000000
86421  5.834  8.587  9.837 0.0000000000
86431  6.944  8.498  9.190 0.0000000000
86432  6.249  8.581  9.447 0.0000000000
87285  13.906  10.579  28.283 0.0000000000
87286  13.407  10.202  28.452 0.0000000000
87287  12.364  10.054  28.501 0.0000000000
87296  15.247  10.005  27.114 0.0000000000
87297  14.370  10.015  28.028 0.0000000000
87298  13.712  9.537  28.343 0.0000000000
87305  15.741  9.890  26.232 0.0000000000
87313  16.289  10.384  24.701 0.0000000000
87314  16.128  9.846  25.216 0.0000000000
87323  16.154  10.114  24.505 0.0000000000
87324  15.809  9.577  24.376 0.0000000000
87333  15.360  9.448  23.585 0.0000000000
87334  14.677  9.220  23.361 0.0000000000
87335  14.078  9.204  23.250 0.0000000000
87346  15.102  9.649  22.853 0.0000000000
87347  14.390  9.674  22.703 0.0000000000
87348  13.474  9.476  22.797 0.0000000000
87349  12.539  9.388  22.624 0.0000000000
87350  11.558  9.519  22.335 0.0000000000
87351  10.497  9.654  22.129 0.0000000000
87352  9.518  9.909  22.158 0.0000000000
87363  13.859  9.850  22.322 0.0000000000
87364  13.521  9.847  22.395 0.0000000000
87365  9.967  9.391  21.682 0.0000000000
87366  8.917  9.712  21.586 0.0000000000
87367  8.262  9.907  20.901 0.0000000000
87373  9.751  9.224  21.019 0.0000000000
87374  9.059  9.257  20.398 0.0000000000
87375  8.257  9.816  19.956 0.0000000000
87382  9.109  9.500  19.165 0.0000000000
87383  8.486  9.959  19.419 0.0000000000
87395  10.265  9.068  17.794 0.0000000000
87396  9.669  9.712  17.971 0.0000000000
87407  10.371  9.598  17.111 0.0000000000
87408  9.904  10.003  17.407 0.0000000000
87412  11.475  9.030  16.059 0.0000000000
87413  10.950  9.586  16.211 0.0000000000
87420  11.518  9.316  15.323 0.0000000000
87421  10.976  10.000  15.634 0.0000000000
87428  11.564  9.337  14.285 0.0000000000
87433  11.230  9.419  13.370 0.0000000000
87434  10.742  9.801  13.079 0.0000000000
87439  10.759  9.177  12.779 0.0000000000
87440  10.140  9.555  12.586 0.0000000000
87441  9.150  9.537  12.264 0.0000000000
87442  8.119  9.552  12.087 0.0000000000
87443  7.129  9.347  12.097 0.0000000000
87444  6.538  9.339  11.926 0.0000000000
87448  7.614  9.943  11.767 0.0000000000
87449  6.972  9.894  11.694 0.0000000000
87450  6.267  9.658  11.506 0.0000000000
87451  5.878  9.479  10.882 0.0000000000
87455  5.816  9.454  10.219 0.0000000000
87461  6.084  9.525  9.695 0.0000000000
87474  6.535  9.572  9.300 0.0000000000
88271  13.501  11.062  28.352 0.0000000000
88272  12.664  10.975  28.503 0.0000000000
88285  14.914  11.213  27.345 0.0000000000
88286  14.141  11.087  28.037 0.0000000000
88295  15.678  10.890  26.464 0.0000000000
88303  16.401  10.905  24.964 0.0000000000
88304  16.117  10.613  25.721 0.0000000000
88313  16.262  10.720  24.106 0.0000000000
88314  16.033  10.137  24.156 0.0000000000
88323  16.238  10.820  23.109 0.0000000000
88324  15.946  10.145  23.645 0.0000000000
88336  16.102  10.887  22.614 0.0000000000
88337  15.712  10.368  22.640 0.0000000000
88338  15.031  10.071  22.312 0.0000000000
88339  13.283  9.844  22.399 0.0000000000
88340  12.838  9.869  22.320 0.0000000000
88341  11.903  10.071  22.255 0.0000000000
88342  10.718  10.447  22.195 0.0000000000
88343  9.771  10.519  22.297 0.0000000000
88354  15.293  10.659  21.714 0.0000000000
88355  14.458  10.211  21.790 0.0000000000
88356  13.434  10.127  21.863 0.0000000000
88357  12.418  10.356  21.673 0.0000000000
88358  11.385  10.629  21.617 0.0000000000
88359  10.599  11.076  21.724 0.0000000000
88360  8.818  10.586  22.280 0.0000000000
88361  8.050  10.618  21.652 0.0000000000
88368  14.973  10.672  20.760 0.0000000000
88369  14.028  10.446  20.839 0.0000000000
88370  13.009  10.434  20.826 0.0000000000
88371  11.897  10.872  20.737 0.0000000000
88372  10.888  11.202  21.113 0.0000000000
88373  10.427  11.472  21.407 0.0000000000
88374  7.879  10.678  20.600 0.0000000000
88383  14.543  10.692  19.823 0.0000000000
88384  13.610  10.541  19.923 0.0000000000
88385  12.680  10.785  19.974 0.0000000000
88386  12.016  11.209  19.998 0.0000000000
88387  8.621  10.091  19.128 0.0000000000
88388  8.300  10.623  19.419 0.0000000000
88400  14.061  10.771  19.163 0.0000000000
88401  13.185  10.838  19.119 0.0000000000
88402  12.341  11.282  19.381 0.0000000000
88403  11.880  11.510  19.647 0.0000000000
88404  8.905  10.442  18.564 0.0000000000
88405  8.556  10.915  18.833 0.0000000000
88418  10.033  10.159  17.107 0.0000000000
88419  9.587  10.562  17.414 0.0000000000
88426  10.244  10.447  16.448 0.0000000000
88427  9.721  10.927  16.826 0.0000000000
88433  11.305  9.939  14.953 0.0000000000
88434  10.797  10.671  15.216 0.0000000000
88438  11.197  10.115  14.239 0.0000000000
88439  10.800  10.846  14.162 0.0000000000
88443  10.914  10.166  13.594 0.0000000000
88444  10.539  10.614  13.195 0.0000000000
88449  9.818  10.551  12.560 0.0000000000
88450  9.039  10.522  12.043 0.0000000000
88451  8.254  10.521  11.701 0.0000000000
88455  7.553  10.574  11.480 0.0000000000
88456  6.829  10.525  11.310 0.0000000000
88457  6.222  10.406  10.878 0.0000000000
88458  5.959  10.069  10.489 0.0000000000
88463  6.099  10.559  10.448 0.0000000000
88464  5.942  10.439  10.038 0.0000000000
88473  6.309  10.535  9.523 0.0000000000
88485  6.797  10.727  9.086 0.0000000000
89291  13.662  11.625  28.080 0.0000000000
89292  12.961  11.932  28.290 0.0000000000
89293  11.947  11.775  28.450 0.0000000000
89301  14.858  12.442  27.125 0.0000000000
89302  14.108  12.047  27.674 0.0000000000
89303  13.510  12.087  27.972 0.0000000000
89312  15.497  12.032  26.527 0.0000000000
89322  16.287  11.525  24.948 0.0000000000
89323  16.054  11.637  25.523 0.0000000000
89333  16.316  11.741  24.380 0.0000000000
89334  16.192  11.848  24.897 0.0000000000
89344  16.313  11.619  23.426 0.0000000000
89356  16.202  11.531  22.445 0.0000000000
89357  16.009  10.961  22.374 0.0000000000
89358  10.166  11.184  22.169 0.0000000000
89359  9.987  10.959  22.341 0.0000000000
89372  16.161  11.854  21.469 0.0000000000
89373  15.836  11.150  21.916 0.0000000000
89374  10.076  11.595  21.770 0.0000000000
89375  9.297  11.586  22.188 0.0000000000
89376  8.163  11.612  22.249 0.0000000000
89384  16.129  11.993  20.907 0.0000000000
89385  15.702  11.462  20.850 0.0000000000
89386  11.656  11.290  20.302 0.0000000000
89387  11.171  11.561  20.553 0.0000000000
89388  10.278  12.099  21.169 0.0000000000
89389  9.662  12.015  21.749 0.0000000000
89390  7.645  11.728  21.355 0.0000000000
89402  15.303  11.236  19.781 0.0000000000
89403  11.527  11.642  19.985 0.0000000000
89404  10.880  12.414  20.271 0.0000000000
89405  10.527  12.805  20.947 0.0000000000
89406  7.906  11.729  20.078 0.0000000000
89420  14.832  11.192  18.759 0.0000000000
89421  13.822  11.251  18.487 0.0000000000
89422  12.737  11.694  18.479 0.0000000000
89423  11.595  12.018  19.271 0.0000000000
89424  11.018  12.685  19.637 0.0000000000
89425  8.679  11.027  18.544 0.0000000000
89426  8.368  11.550  18.740 0.0000000000
89436  14.384  11.715  17.997 0.0000000000
89437  13.496  11.941  17.871 0.0000000000
89438  12.955  12.164  17.956 0.0000000000
89439  8.915  11.164  17.990 0.0000000000
89440  8.650  11.765  17.713 0.0000000000
89444  9.787  11.090  16.527 0.0000000000
89445  9.188  11.516  16.852 0.0000000000
89446  8.651  11.960  17.213 0.0000000000
89450  9.947  11.391  15.947 0.0000000000
89451  9.502  11.767  16.192 0.0000000000
89456  10.455  11.567  14.930 0.0000000000
89460  10.399  11.704  13.887 0.0000000000
89461  9.951  12.042  13.284 0.0000000000
89466  10.162  11.355  13.016 0.0000000000
89467  9.559  11.612  12.536 0.0000000000
89468  8.845  11.465  11.813 0.0000000000
89473  8.152  11.245  11.436 0.0000000000
89474  7.489  11.424  11.126 0.0000000000
89475  6.742  11.098  10.903 0.0000000000
89482  7.008  11.800  10.761 0.0000000000
89483  6.382  11.351  10.397 0.0000000000
89484  6.138  11.419  9.755 0.0000000000
89492  6.409  11.483  9.336 0.0000000000
89499  7.350  11.602  9.053 0.0000000000
89500  6.621  11.816  9.066 0.0000000000
90349  12.705  12.565  28.136 0.0000000000
90350  12.168  12.481  28.217 0.0000000000
90359  14.707  12.971  26.919 0.0000000000
90360  14.235  13.135  27.203 0.0000000000
90361  13.278  12.821  27.842 0.0000000000
90362  12.329  13.001  27.951 0.0000000000
90372  14.994  13.051  26.459 0.0000000000
90373  14.588  13.231  26.785 0.0000000000
90383  15.532  12.727  25.651 0.0000000000
90392  16.181  12.339  24.246 0.0000000000
90393  15.946  12.461  24.707 0.0000000000
90404  16.192  12.489  23.727 0.0000000000
90405  16.061  12.619  24.148 0.0000000000
90415  16.210  12.434  22.839 0.0000000000
90428  16.180  12.534  21.882 0.0000000000
90429  8.984  12.225  22.141 0.0000000000
90430  8.622  12.251  22.176 0.0000000000
90445  16.226  12.598  20.924 0.0000000000
90446  16.037  12.170  20.499 0.0000000000
90447  9.931  13.094  21.178 0.0000000000
90448  9.123  12.718  21.866 0.0000000000
90449  7.837  12.892  22.025 0.0000000000
90464  16.252  12.697  20.031 0.0000000000
90465  15.793  12.049  19.860 0.0000000000
90466  10.648  13.245  19.999 0.0000000000
90467  10.375  13.258  20.694 0.0000000000
90468  7.728  12.858  20.823 0.0000000000
90478  16.239  12.556  19.116 0.0000000000
90479  15.688  11.820  18.888 0.0000000000
90480  12.666  12.284  18.063 0.0000000000
90481  12.052  12.516  18.369 0.0000000000
90482  11.118  13.189  19.135 0.0000000000
90483  8.592  13.699  19.078 0.0000000000
90484  8.188  12.930  19.453 0.0000000000
90488  16.065  12.461  18.288 0.0000000000
90489  15.302  12.072  17.835 0.0000000000
90490  14.179  12.431  17.254 0.0000000000
90491  12.827  12.839  17.526 0.0000000000
90492  11.656  13.437  18.211 0.0000000000
90493  11.158  13.842  18.800 0.0000000000
90494  8.801  13.206  18.244 0.0000000000
90495  8.564  12.336  18.116 0.0000000000
90498  13.601  13.113  16.942 0.0000000000
90499  13.207  13.384  17.045 0.0000000000
90500  8.824  12.509  17.103 0.0000000000
90501  8.616  12.135  17.505 0.0000000000
90505  9.632  11.869  15.908 0.0000000000
90506  9.303  12.245  16.078 0.0000000000
90510  9.843  12.037  15.463 0.0000000000
90511  9.439  12.658  15.138 0.0000000000
90516  10.087  12.228  14.720 0.0000000000
90517  9.765  12.661  14.068 0.0000000000
90523  9.558  12.632  13.096 0.0000000000
90524  9.078  12.504  12.342 0.0000000000
90529  8.363  12.317  11.549 0.0000000000
90530  7.600  12.547  10.992 0.0000000000
90535  6.941  12.605  10.493 0.0000000000
90536  6.467  12.547  10.056 0.0000000000
90537  6.305  12.072  9.520 0.0000000000
90542  6.524  12.767  9.476 0.0000000000
90543  6.479  12.143  9.224 0.0000000000
90549  6.846  12.644  9.106 0.0000000000
90550  6.664  12.129  9.039 0.0000000000
91401  14.032  13.708  26.985 0.0000000000
91402  13.518  13.891  27.233 0.0000000000
91403  12.533  13.735  27.606 0.0000000000
91416  14.766  13.543  26.104 0.0000000000
91417  14.337  13.771  26.517 0.0000000000
91418  13.904  13.987  26.856 0.0000000000
91432  15.046  13.459  25.696 0.0000000000
91433  14.639  13.912  25.750 0.0000000000
91447  15.259  13.579  24.846 0.0000000000
91448  14.873  13.858  25.300 0.0000000000
91466  16.039  12.895  23.632 0.0000000000
91467  15.824  13.154  23.924 0.0000000000
91483  16.053  13.039  23.257 0.0000000000
91484  15.603  13.738  23.110 0.0000000000
91503  15.933  13.356  22.343 0.0000000000
91504  15.536  14.090  22.419 0.0000000000
91517  16.185  13.442  21.330 0.0000000000
91518  9.867  13.600  20.910 0.0000000000
91519  9.296  13.788  21.324 0.0000000000
91520  8.475  13.672  21.546 0.0000000000
91523  16.489  13.437  20.400 0.0000000000
91524  10.610  13.743  19.769 0.0000000000
91525  9.922  14.184  20.441 0.0000000000
91526  8.742  14.525  20.887 0.0000000000
91527  7.842  13.904  21.170 0.0000000000
91532  16.696  13.304  19.405 0.0000000000
91533  10.704  14.302  19.466 0.0000000000
91534  10.097  15.120  20.082 0.0000000000
91535  8.332  14.332  20.069 0.0000000000
91536  7.860  13.595  20.439 0.0000000000
91543  16.661  13.167  18.332 0.0000000000
91544  16.069  12.987  17.490 0.0000000000
91545  15.141  12.925  17.023 0.0000000000
91546  12.857  13.769  17.118 0.0000000000
91547  12.085  14.035  17.591 0.0000000000
91548  11.299  14.466  18.533 0.0000000000
91549  9.342  14.570  18.031 0.0000000000
91550  9.058  14.347  18.527 0.0000000000
91561  14.333  13.321  16.778 0.0000000000
91562  13.543  13.870  16.786 0.0000000000
91563  9.492  14.375  17.662 0.0000000000
91564  9.393  13.605  17.214 0.0000000000
91576  9.122  13.162  15.944 0.0000000000
91589  9.250  13.409  14.634 0.0000000000
91590  9.031  13.774  13.938 0.0000000000
91604  9.277  13.324  13.693 0.0000000000
91605  9.022  13.752  13.340 0.0000000000
91617  9.194  13.237  12.930 0.0000000000
91618  8.637  13.539  12.388 0.0000000000
91619  8.028  14.023  11.814 0.0000000000
91632  8.077  13.278  11.492 0.0000000000
91633  7.467  13.777  10.951 0.0000000000
91647  6.797  13.602  10.292 0.0000000000
91648  6.508  13.647  9.762 0.0000000000
91661  6.690  13.634  9.261 0.0000000000
91680  7.445  13.560  9.006 0.0000000000
91681  6.872  13.601  9.017 0.0000000000
92631  13.353  14.353  27.033 0.0000000000
92632  12.823  14.553  27.139 0.0000000000
92644  14.095  14.231  26.371 0.0000000000
92645  13.621  14.512  26.569 0.0000000000
92646  12.760  15.147  26.572 0.0000000000
92660  14.222  14.364  25.981 0.0000000000
92661  13.737  14.995  25.601 0.0000000000
92674  15.008  14.134  24.583 0.0000000000
92675  14.507  14.490  24.918 0.0000000000
92676  13.690  15.277  24.891 0.0000000000
92690  15.145  14.269  23.960 0.0000000000
92691  14.530  15.017  24.033 0.0000000000
92707  15.192  14.510  22.872 0.0000000000
92726  15.893  14.329  21.740 0.0000000000
92727  15.478  14.658  22.253 0.0000000000
92737  17.170  14.815  20.325 0.0000000000
92738  16.609  14.374  20.880 0.0000000000
92750  17.577  14.860  19.446 0.0000000000
92751  16.944  14.147  19.867 0.0000000000
92752  9.248  15.595  20.462 0.0000000000
92753  8.726  15.475  20.354 0.0000000000
92768  17.602  14.787  18.190 0.0000000000
92769  17.117  14.049  18.741 0.0000000000
92770  10.557  15.415  19.295 0.0000000000
92771  9.843  15.681  20.077 0.0000000000
92772  8.691  15.316  19.543 0.0000000000
92789  17.407  14.942  17.572 0.0000000000
92790  16.821  14.272  17.321 0.0000000000
92791  15.564  13.754  16.940 0.0000000000
92792  14.916  13.562  16.807 0.0000000000
92793  12.827  14.788  17.160 0.0000000000
92794  11.768  15.026  17.942 0.0000000000
92795  11.240  15.179  18.565 0.0000000000
92796  9.403  15.082  17.986 0.0000000000
92797  9.039  15.164  18.797 0.0000000000
92813  16.346  14.957  16.681 0.0000000000
92814  15.655  14.657  16.640 0.0000000000
92815  14.512  14.283  16.666 0.0000000000
92816  13.626  14.542  16.737 0.0000000000
92817  9.945  14.485  16.618 0.0000000000
92818  9.554  13.697  16.291 0.0000000000
92830  10.319  14.573  15.099 0.0000000000
92831  9.636  13.812  15.433 0.0000000000
92843  10.253  14.832  13.873 0.0000000000
92844  9.381  14.128  14.116 0.0000000000
92845  8.969  13.977  13.694 0.0000000000
92858  10.176  15.061  13.231 0.0000000000
92859  9.526  14.735  12.968 0.0000000000
92860  8.980  14.109  13.153 0.0000000000
92871  8.932  15.077  12.468 0.0000000000
92872  8.358  14.631  12.479 0.0000000000
92873  7.580  14.691  11.707 0.0000000000
92887  7.032  14.823  10.957 0.0000000000
92888  6.758  15.180  10.646 0.0000000000
92904  6.993  14.248  10.571 0.0000000000
92905  6.668  14.668  10.219 0.0000000000
92923  6.598  14.584  9.491 0.0000000000
92941  6.883  14.464  8.976 0.0000000000
93833  13.066  15.429  25.986 0.0000000000
93862  13.976  15.565  24.313 0.0000000000
93863  13.418  15.870  24.674 0.0000000000
93876  14.804  15.241  23.307 0.0000000000
93877  14.449  15.631  23.818 0.0000000000
93890  15.830  15.621  22.034 0.0000000000
93891  15.359  15.327  22.516 0.0000000000
93900  17.106  15.722  21.161 0.0000000000
93901  16.398  15.335  21.506 0.0000000000
93902  15.710  15.066  21.933 0.0000000000
93912  18.239  15.965  20.139 0.0000000000
93913  17.634  15.572  20.477 0.0000000000
93914  17.043  15.133  20.921 0.0000000000
93926  18.496  16.049  19.432 0.0000000000
93927  18.068  15.532  19.668 0.0000000000
93928  8.981  16.129  20.354 0.0000000000
93929  8.812  15.964  20.431 0.0000000000
93941  18.176  15.410  18.768 0.0000000000
93942  10.514  16.413  19.046 0.0000000000
93943  9.488  16.289  19.899 0.0000000000
93944  8.768  16.242  19.939 0.0000000000
93954  17.282  15.086  17.276 0.0000000000
93955  13.011  15.910  17.146 0.0000000000
93956  12.164  15.836  17.774 0.0000000000
93957  11.294  15.771  18.484 0.0000000000
93958  9.137  16.263  18.158 0.0000000000
93959  8.887  15.890  18.985 0.0000000000
93967  16.945  15.527  16.737 0.0000000000
93968  15.792  15.551  16.441 0.0000000000
93969  14.708  15.373  16.436 0.0000000000
93970  13.706  15.213  16.698 0.0000000000
93971  9.826  15.805  17.112 0.0000000000
93979  10.389  15.585  15.899 0.0000000000
93987  10.706  15.587  14.638 0.0000000000
93998  10.533  15.664  13.463 0.0000000000
93999  10.090  15.326  12.845 0.0000000000
94008  10.249  15.943  12.737 0.0000000000
94009  9.465  15.671  12.303 0.0000000000
94010  8.495  15.404  12.127 0.0000000000
94011  7.832  15.234  11.984 0.0000000000
94021  8.723  16.024  11.712 0.0000000000
94022  7.930  15.870  11.630 0.0000000000
94023  7.253  15.501  11.457 0.0000000000
94024  6.807  15.549  10.962 0.0000000000
94035  6.633  15.560  10.432 0.0000000000
94048  7.737  16.263  9.422 0.0000000000
94049  6.518  15.450  9.809 0.0000000000
94054  7.260  15.611  9.206 0.0000000000
94055  6.673  15.386  9.345 0.0000000000
94901  14.279  16.349  23.914 0.0000000000
94921  15.290  16.172  23.076 0.0000000000
94922  14.719  16.010  23.529 0.0000000000
94940  16.971  16.688  21.914 0.0000000000
94941  16.254  16.252  22.035 0.0000000000
94942  15.720  15.996  22.470 0.0000000000
94957  18.215  16.755  21.010 0.0000000000
94958  17.573  16.458  21.305 0.0000000000
94959  16.816  16.137  21.526 0.0000000000
94970  18.589  16.675  20.266 0.0000000000
94971  18.091  16.249  20.673 0.0000000000
94982  10.547  17.135  18.870 0.0000000000
94983  9.776  17.117  19.382 0.0000000000
94984  8.874  17.190  19.658 0.0000000000
94989  12.959  16.443  16.983 0.0000000000
94990  12.427  16.695  17.521 0.0000000000
94991  11.436  16.724  18.343 0.0000000000
94992  8.791  16.858  18.184 0.0000000000
94993  8.443  17.010  18.986 0.0000000000
95000  14.963  16.237  16.139 0.0000000000
95001  13.647  16.389  16.465 0.0000000000
95002  12.837  16.854  16.909 0.0000000000
95003  9.284  16.888  17.447 0.0000000000
95004  8.608  17.335  18.094 0.0000000000
95009  14.361  16.852  15.894 0.0000000000
95010  9.960  16.665  16.459 0.0000000000
95013  10.451  16.651  15.358 0.0000000000
95017  10.726  16.644  14.158 0.0000000000
95021  10.568  16.681  13.107 0.0000000000
95022  10.090  16.614  12.300 0.0000000000
95027  9.375  16.614  11.619 0.0000000000
95028  8.295  16.734  11.068 0.0000000000
95029  7.284  16.256  11.196 0.0000000000
95030  6.925  15.916  11.178 0.0000000000
95035  7.984  17.230  10.562 0.0000000000
95036  7.404  16.841  10.447 0.0000000000
95037  6.808  16.125  10.789 0.0000000000
95042  7.904  16.890  9.554 0.0000000000
95043  7.292  16.537  9.713 0.0000000000
95044  6.726  16.137  10.121 0.0000000000
95049  6.828  15.896  9.421 0.0000000000
95050  6.677  15.923  9.612 0.0000000000
95792  15.268  17.769  29.658 0.0000000000
95803  14.227  18.142  28.568 0.0000000000
95844  15.234  17.836  24.127 0.0000000000
95845  14.479  17.452  24.182 0.0000000000
95861  17.472  18.041  22.997 0.0000000000
95862  16.900  17.716  23.184 0.0000000000
95863  15.677  17.327  23.462 0.0000000000
95864  14.868  16.682  23.601 0.0000000000
95880  18.440  17.965  21.896 0.0000000000
95881  17.742  17.477  22.237 0.0000000000
95882  16.555  17.026  22.564 0.0000000000
95883  15.881  16.582  22.694 0.0000000000
95895  18.630  17.511  21.207 0.0000000000
95896  18.044  17.040  21.449 0.0000000000
95912  10.125  17.536  19.054 0.0000000000
95913  9.372  17.946  19.289 0.0000000000
95914  8.325  18.050  19.425 0.0000000000
95917  11.757  17.247  17.876 0.0000000000
95918  10.731  17.867  18.391 0.0000000000
95919  9.757  18.327  18.889 0.0000000000
95920  8.327  18.046  18.465 0.0000000000
95927  13.019  17.147  16.585 0.0000000000
95928  12.154  17.689  17.071 0.0000000000
95929  11.283  18.309  17.634 0.0000000000
95930  9.407  17.286  16.782 0.0000000000
95931  8.625  17.867  17.214 0.0000000000
95938  13.410  17.656  15.928 0.0000000000
95939  12.505  18.046  16.296 0.0000000000
95940  9.465  17.702  16.032 0.0000000000
95941  8.675  18.231  16.459 0.0000000000
95951  10.249  17.710  14.834 0.0000000000
95957  10.575  17.695  13.699 0.0000000000
95963  10.459  17.686  12.544 0.0000000000
95964  9.999  17.285  11.764 0.0000000000
95970  10.270  18.029  11.669 0.0000000000
95971  9.374  17.676  11.022 0.0000000000
95972  8.461  17.489  10.625 0.0000000000
95978  8.673  18.090  10.489 0.0000000000
95979  8.016  17.822  10.264 0.0000000000
95980  7.763  17.701  9.874 0.0000000000
95986  7.955  17.794  9.527 0.0000000000
95992  8.009  18.188  8.776 0.0000000000
96755  15.730  18.270  30.054 0.0000000000
96762  15.382  18.401  29.057 0.0000000000
96763  14.645  18.312  28.632 0.0000000000
96769  14.969  18.744  28.376 0.0000000000
96770  14.116  18.652  27.929 0.0000000000
96782  13.806  19.129  27.359 0.0000000000
96802  14.449  19.022  25.011 0.0000000000
96812  16.695  18.897  24.269 0.0000000000
96813  15.992  18.713  24.494 0.0000000000
96814  15.117  18.514  24.671 0.0000000000
96822  17.280  18.589  23.579 0.0000000000
96823  16.396  18.195  23.890 0.0000000000
96824  15.679  18.118  24.126 0.0000000000
96830  18.322  18.477  22.306 0.0000000000
96831  17.855  18.499  22.858 0.0000000000
96840  18.749  18.555  21.613 0.0000000000
96856  9.157  18.578  19.075 0.0000000000
96857  8.730  18.449  19.242 0.0000000000
96862  10.680  18.790  17.911 0.0000000000
96863  9.759  18.806  18.516 0.0000000000
96864  8.432  19.034  18.648 0.0000000000
96865  8.057  19.654  18.129 0.0000000000
96872  11.980  18.347  16.452 0.0000000000
96873  11.344  18.807  17.061 0.0000000000
96874  7.997  18.831  17.783 0.0000000000
96875  7.806  19.523  17.925 0.0000000000
96887  8.710  18.527  16.028 0.0000000000
96888  8.093  18.916  16.747 0.0000000000
96889  7.744  19.364  17.358 0.0000000000
96905  9.301  18.738  15.315 0.0000000000
96906  8.394  19.216  15.939 0.0000000000
96918  10.074  18.688  14.375 0.0000000000
96925  10.362  18.749  13.316 0.0000000000
96931  10.515  18.841  12.229 0.0000000000
96932  10.041  18.813  11.291 0.0000000000
96937  9.211  18.768  10.565 0.0000000000
96938  8.369  18.711  10.145 0.0000000000
96939  7.858  18.663  10.144 0.0000000000
96944  7.802  18.608  9.474 0.0000000000
96951  7.639  18.712  9.049 0.0000000000
97718  16.082  19.174  30.626 0.0000000000
97725  16.215  19.976  29.193 0.0000000000
97726  16.094  19.360  29.500 0.0000000000
97733  16.112  19.759  28.865 0.0000000000
97734  15.666  19.316  28.454 0.0000000000
97735  14.881  19.181  27.939 0.0000000000
97742  15.301  19.657  27.616 0.0000000000
97743  14.376  19.412  27.271 0.0000000000
97752  15.052  19.897  26.755 0.0000000000
97753  14.247  19.503  26.293 0.0000000000
97762  16.086  19.988  25.469 0.0000000000
97763  15.268  19.615  25.573 0.0000000000
97772  17.257  19.592  24.187 0.0000000000
97773  16.314  19.590  24.903 0.0000000000
97774  15.674  19.087  24.949 0.0000000000
97781  18.221  20.076  22.759 0.0000000000
97782  17.935  19.524  23.191 0.0000000000
97790  18.455  19.548  22.212 0.0000000000
97791  18.204  18.997  22.683 0.0000000000
97829  10.101  19.165  18.020 0.0000000000
97830  9.420  19.476  18.031 0.0000000000
97831  8.495  19.836  17.899 0.0000000000
97832  7.952  19.917  17.758 0.0000000000
97847  10.373  19.466  17.494 0.0000000000
97848  9.432  20.150  17.194 0.0000000000
97849  8.295  20.230  17.143 0.0000000000
97850  7.724  19.844  17.304 0.0000000000
97868  8.029  19.857  16.550 0.0000000000
97869  7.773  19.535  16.983 0.0000000000
97884  9.406  19.275  14.774 0.0000000000
97885  8.608  19.994  15.371 0.0000000000
97898  9.603  19.675  14.143 0.0000000000
97910  10.147  19.804  12.992 0.0000000000
97916  10.350  19.871  11.867 0.0000000000
97917  9.665  19.739  10.951 0.0000000000
97922  8.860  19.713  9.969 0.0000000000
97923  8.001  19.226  9.670 0.0000000000
97924  7.726  18.998  9.561 0.0000000000
97929  8.538  20.271  9.597 0.0000000000
97930  8.127  19.964  9.428 0.0000000000
97931  7.688  19.453  9.209 0.0000000000
97937  7.769  19.460  8.823 0.0000000000
98722  16.163  20.602  30.383 0.0000000000
98730  16.280  20.387  29.681 0.0000000000
98731  16.250  19.945  30.265 0.0000000000
98737  16.266  20.423  28.750 0.0000000000
98738  16.048  19.840  28.510 0.0000000000
98745  16.275  20.664  27.772 0.0000000000
98746  15.968  19.957  28.032 0.0000000000
98753  16.201  20.728  26.873 0.0000000000
98754  15.810  20.137  27.239 0.0000000000
98761  16.624  20.859  25.459 0.0000000000
98762  16.161  20.569  25.919 0.0000000000
98763  15.695  20.206  26.470 0.0000000000
98772  16.980  20.585  24.811 0.0000000000
98773  16.425  20.329  25.301 0.0000000000
98780  18.043  20.404  23.105 0.0000000000
98781  17.745  20.589  23.879 0.0000000000
98863  8.939  20.553  16.741 0.0000000000
98915  7.850  20.393  9.077 0.0000000000
98916  7.749  20.146  8.879 0.0000000000
99685  16.200  20.976  30.106 0.0000000000
99696  16.239  21.466  29.601 0.0000000000
99706  16.444  21.457  28.394 0.0000000000
99713  16.493  21.486  27.374 0.0000000000
99720  16.635  21.746  25.989 0.0000000000
99721  16.504  21.438  26.449 0.0000000000
99729  16.967  21.535  25.428 0.0000000000
99730  16.569  21.241  25.845 0.0000000000
100716  16.656  21.985  26.315 0.0000000000
