#!ascii label  , from subject Broad_82_YZ vox2ras=TkReg
1061
93940  18.625  16.181  18.396 0.0000000000
93952  18.422  16.185  17.734 0.0000000000
93953  17.891  15.663  17.550 0.0000000000
93966  17.592  16.032  16.850 0.0000000000
94977  18.981  16.755  19.280 0.0000000000
94981  19.101  16.886  18.472 0.0000000000
94987  18.802  16.709  17.604 0.0000000000
94988  18.326  16.264  17.427 0.0000000000
94996  18.729  16.988  16.988 0.0000000000
94997  18.183  16.545  16.867 0.0000000000
94998  17.266  16.499  16.425 0.0000000000
94999  16.098  16.578  16.263 0.0000000000
95007  15.744  17.070  15.930 0.0000000000
95008  15.227  16.874  15.816 0.0000000000
95902  19.418  18.126  19.737 0.0000000000
95903  19.241  17.621  19.988 0.0000000000
95906  19.468  18.001  19.364 0.0000000000
95907  19.320  17.443  19.008 0.0000000000
95910  19.467  17.988  18.778 0.0000000000
95911  19.268  17.617  18.118 0.0000000000
95916  19.060  17.539  17.155 0.0000000000
95923  18.536  17.406  16.604 0.0000000000
95924  17.818  17.319  16.122 0.0000000000
95925  16.866  17.109  15.882 0.0000000000
95926  16.142  17.193  15.857 0.0000000000
95934  17.309  17.675  15.358 0.0000000000
95935  16.473  17.464  15.324 0.0000000000
95936  15.610  17.322  15.407 0.0000000000
95937  14.623  17.308  15.415 0.0000000000
95946  16.810  17.876  14.798 0.0000000000
95947  16.031  17.745  14.697 0.0000000000
95948  15.068  17.618  14.706 0.0000000000
95949  14.099  17.796  14.935 0.0000000000
95950  13.564  18.057  15.167 0.0000000000
96847  19.356  18.452  19.970 0.0000000000
96848  19.186  18.462  20.705 0.0000000000
96851  19.446  18.465  19.548 0.0000000000
96854  19.509  18.478  19.048 0.0000000000
96855  19.395  18.482  18.400 0.0000000000
96860  19.256  18.706  16.995 0.0000000000
96861  19.280  18.468  17.497 0.0000000000
96869  19.118  18.716  16.777 0.0000000000
96870  18.866  18.385  16.570 0.0000000000
96871  18.339  17.853  16.232 0.0000000000
96882  18.581  18.824  16.080 0.0000000000
96883  18.136  18.352  15.685 0.0000000000
96884  13.171  18.318  15.287 0.0000000000
96885  12.396  18.556  15.737 0.0000000000
96886  11.590  18.870  16.228 0.0000000000
96899  17.431  18.424  14.795 0.0000000000
96900  16.604  18.481  14.147 0.0000000000
96901  15.560  18.100  14.033 0.0000000000
96902  14.549  18.118  14.151 0.0000000000
96903  13.520  18.496  14.517 0.0000000000
96904  12.774  18.741  14.982 0.0000000000
96914  16.536  18.925  13.626 0.0000000000
96915  16.024  18.694  13.479 0.0000000000
96916  15.065  18.574  13.470 0.0000000000
96917  14.168  18.779  13.767 0.0000000000
97800  18.997  19.455  21.117 0.0000000000
97809  19.384  18.782  19.737 0.0000000000
97810  19.255  19.285  20.014 0.0000000000
97817  19.424  18.932  19.384 0.0000000000
97818  19.286  19.560  19.098 0.0000000000
97821  19.440  18.979  18.815 0.0000000000
97822  19.239  19.359  18.181 0.0000000000
97827  19.225  18.931  16.891 0.0000000000
97828  19.174  19.288  17.127 0.0000000000
97845  19.078  18.945  16.691 0.0000000000
97846  18.795  19.269  16.432 0.0000000000
97863  18.420  19.341  15.751 0.0000000000
97864  18.007  19.295  14.935 0.0000000000
97865  11.648  19.125  15.770 0.0000000000
97866  10.732  19.787  16.290 0.0000000000
97867  9.812  20.376  16.667 0.0000000000
97879  17.411  19.167  14.179 0.0000000000
97880  16.904  19.123  13.739 0.0000000000
97881  12.888  19.081  14.553 0.0000000000
97882  11.971  19.461  14.975 0.0000000000
97883  11.082  20.324  15.467 0.0000000000
97892  17.249  19.666  13.639 0.0000000000
97893  16.571  19.443  13.169 0.0000000000
97894  15.591  19.178  12.969 0.0000000000
97895  14.571  19.313  13.199 0.0000000000
97896  13.220  19.648  13.747 0.0000000000
97897  12.184  20.202  14.236 0.0000000000
97899  8.857  20.582  14.524 0.0000000000
97906  16.016  19.768  12.635 0.0000000000
97907  15.202  19.857  12.632 0.0000000000
97908  14.150  19.966  12.747 0.0000000000
97909  13.457  20.199  12.881 0.0000000000
98788  18.246  20.822  22.442 0.0000000000
98789  17.948  21.008  23.209 0.0000000000
98796  18.598  20.491  21.428 0.0000000000
98803  18.876  20.282  20.444 0.0000000000
98812  18.972  20.218  19.543 0.0000000000
98830  18.847  20.348  18.671 0.0000000000
98831  18.367  20.796  18.088 0.0000000000
98846  18.838  20.158  17.690 0.0000000000
98847  18.301  20.795  17.298 0.0000000000
98860  18.687  20.065  16.840 0.0000000000
98861  18.245  20.726  16.417 0.0000000000
98862  9.427  20.504  16.737 0.0000000000
98868  18.477  19.962  16.166 0.0000000000
98869  18.169  20.378  15.426 0.0000000000
98870  10.438  20.486  15.795 0.0000000000
98871  9.541  20.673  16.227 0.0000000000
98872  8.382  20.779  16.269 0.0000000000
98877  17.698  20.271  14.221 0.0000000000
98878  11.493  20.450  14.783 0.0000000000
98879  10.388  21.110  15.197 0.0000000000
98880  8.883  21.505  15.851 0.0000000000
98881  8.312  21.307  15.302 0.0000000000
98885  17.263  20.427  13.097 0.0000000000
98886  16.577  20.151  12.647 0.0000000000
98887  12.479  20.408  13.726 0.0000000000
98888  11.679  21.069  13.992 0.0000000000
98889  10.857  21.513  14.560 0.0000000000
98890  9.413  20.486  13.685 0.0000000000
98891  8.740  21.349  14.074 0.0000000000
98894  16.772  20.800  12.478 0.0000000000
98895  15.952  20.509  12.232 0.0000000000
98896  14.833  20.558  12.232 0.0000000000
98897  13.798  20.650  12.333 0.0000000000
98898  12.817  20.775  13.020 0.0000000000
98899  12.337  21.406  13.354 0.0000000000
98900  9.589  20.934  12.726 0.0000000000
98901  8.970  21.600  13.424 0.0000000000
98905  10.082  20.671  11.412 0.0000000000
98906  9.528  20.591  10.556 0.0000000000
98910  8.962  20.715  9.803 0.0000000000
98914  8.318  20.695  9.343 0.0000000000
99739  17.555  21.513  24.597 0.0000000000
99746  17.869  21.592  23.748 0.0000000000
99752  18.177  21.736  22.263 0.0000000000
99753  17.908  21.651  22.886 0.0000000000
99760  18.311  21.607  21.604 0.0000000000
99761  18.055  22.162  21.380 0.0000000000
99773  18.439  21.176  20.688 0.0000000000
99774  18.019  21.976  20.878 0.0000000000
99794  18.532  20.904  19.804 0.0000000000
99795  17.956  21.611  20.014 0.0000000000
99814  18.622  20.696  19.234 0.0000000000
99815  18.094  21.251  18.938 0.0000000000
99822  17.808  21.410  17.856 0.0000000000
99824  17.830  21.544  16.900 0.0000000000
99827  17.824  21.495  15.906 0.0000000000
99831  17.770  21.435  14.843 0.0000000000
99832  10.328  21.784  14.766 0.0000000000
99833  9.435  22.156  15.256 0.0000000000
99834  8.119  22.399  15.650 0.0000000000
99835  7.682  22.899  15.532 0.0000000000
99840  17.500  21.592  13.680 0.0000000000
99841  11.993  22.100  13.478 0.0000000000
99842  10.837  22.015  14.168 0.0000000000
99843  10.133  22.194  14.674 0.0000000000
99844  7.880  22.337  14.819 0.0000000000
99845  7.707  22.722  15.393 0.0000000000
99853  17.199  21.472  12.693 0.0000000000
99854  16.508  21.602  12.059 0.0000000000
99855  15.432  21.267  11.814 0.0000000000
99856  14.431  21.261  11.852 0.0000000000
99857  13.488  21.701  12.134 0.0000000000
99858  12.651  21.685  12.871 0.0000000000
99859  9.172  22.129  13.019 0.0000000000
99860  8.487  22.030  13.848 0.0000000000
99870  16.391  22.264  11.824 0.0000000000
99871  15.798  22.072  11.684 0.0000000000
99872  14.902  21.919  11.622 0.0000000000
99873  14.242  21.814  11.692 0.0000000000
99874  10.174  21.748  11.669 0.0000000000
99875  9.963  21.148  10.943 0.0000000000
99886  10.362  22.196  10.895 0.0000000000
99887  9.626  21.622  10.357 0.0000000000
99899  8.731  21.470  9.471 0.0000000000
99900  8.224  21.252  9.020 0.0000000000
100689  16.391  22.411  28.917 0.0000000000
100690  16.030  22.592  29.876 0.0000000000
100698  16.665  22.345  27.906 0.0000000000
100706  16.830  22.602  26.462 0.0000000000
100707  16.757  22.311  26.823 0.0000000000
100715  16.817  22.390  26.019 0.0000000000
100723  17.396  22.371  25.186 0.0000000000
100730  17.757  22.400  24.309 0.0000000000
100738  17.762  22.409  23.370 0.0000000000
100748  18.219  22.042  22.002 0.0000000000
100749  17.854  22.421  22.348 0.0000000000
100764  18.077  22.218  21.742 0.0000000000
100765  17.531  22.646  21.371 0.0000000000
100766  16.943  23.032  21.250 0.0000000000
100783  17.351  22.274  20.393 0.0000000000
100784  16.785  22.821  20.784 0.0000000000
100799  17.213  21.975  19.446 0.0000000000
100800  16.534  22.542  19.930 0.0000000000
100808  17.225  22.015  18.440 0.0000000000
100809  16.401  22.460  18.952 0.0000000000
100815  17.277  22.206  17.460 0.0000000000
100816  16.496  22.672  17.962 0.0000000000
100819  17.283  22.416  16.436 0.0000000000
100820  16.660  22.804  17.102 0.0000000000
100824  17.435  22.353  15.446 0.0000000000
100831  17.514  22.451  14.521 0.0000000000
100832  8.739  23.088  15.319 0.0000000000
100833  7.933  23.127  15.514 0.0000000000
100834  7.622  23.142  15.471 0.0000000000
100846  17.523  22.652  13.754 0.0000000000
100847  11.933  22.932  13.156 0.0000000000
100848  11.106  22.853  13.710 0.0000000000
100849  9.926  22.862  14.502 0.0000000000
100850  7.721  23.097  14.788 0.0000000000
100851  7.543  22.998  15.248 0.0000000000
100867  17.420  22.545  12.858 0.0000000000
100868  17.065  22.053  12.388 0.0000000000
100869  13.389  22.688  11.916 0.0000000000
100870  12.658  22.557  12.569 0.0000000000
100871  9.018  23.033  13.122 0.0000000000
100872  8.354  22.909  13.989 0.0000000000
100887  17.379  23.084  12.388 0.0000000000
100888  16.984  22.647  12.017 0.0000000000
100889  16.167  22.796  11.682 0.0000000000
100890  15.273  22.716  11.508 0.0000000000
100891  14.220  22.520  11.553 0.0000000000
100892  9.685  22.744  12.358 0.0000000000
100907  10.136  22.819  11.473 0.0000000000
100908  9.806  22.733  10.576 0.0000000000
100923  9.089  22.491  9.512 0.0000000000
100924  8.562  21.895  9.160 0.0000000000
100936  8.866  22.880  8.912 0.0000000000
100937  8.662  22.259  8.724 0.0000000000
101666  16.153  23.333  29.288 0.0000000000
101667  15.649  23.488  30.110 0.0000000000
101673  16.574  23.281  28.385 0.0000000000
101680  17.009  23.046  26.550 0.0000000000
101681  16.912  23.169  27.446 0.0000000000
101689  17.171  23.165  25.705 0.0000000000
101699  17.454  23.217  24.819 0.0000000000
101710  17.592  23.224  23.877 0.0000000000
101722  17.488  23.156  22.978 0.0000000000
101737  17.269  23.308  22.167 0.0000000000
101738  16.755  23.576  21.866 0.0000000000
101750  17.009  23.224  21.574 0.0000000000
101751  16.353  23.340  21.344 0.0000000000
101752  15.344  23.583  20.998 0.0000000000
101753  14.689  23.951  20.549 0.0000000000
101761  15.997  23.123  20.440 0.0000000000
101762  15.220  23.527  20.054 0.0000000000
101763  14.514  24.031  19.755 0.0000000000
101771  15.794  23.033  19.496 0.0000000000
101772  15.075  23.588  19.116 0.0000000000
101773  14.633  24.311  18.976 0.0000000000
101780  15.749  23.179  18.503 0.0000000000
101781  15.276  24.072  18.281 0.0000000000
101782  14.933  24.572  18.588 0.0000000000
101790  15.982  23.640  17.445 0.0000000000
101791  15.623  24.244  17.796 0.0000000000
101795  17.064  22.953  15.833 0.0000000000
101796  16.687  23.325  16.390 0.0000000000
101801  17.262  23.374  15.206 0.0000000000
101802  16.977  23.370  15.825 0.0000000000
101807  17.543  23.252  14.284 0.0000000000
101808  8.278  23.524  15.188 0.0000000000
101809  7.783  23.367  15.270 0.0000000000
101810  7.526  23.266  15.288 0.0000000000
101815  17.709  23.418  13.539 0.0000000000
101816  11.438  23.473  13.313 0.0000000000
101817  10.484  23.851  13.877 0.0000000000
101818  9.072  23.913  14.603 0.0000000000
101819  8.292  23.736  14.595 0.0000000000
101820  7.617  23.302  15.098 0.0000000000
101831  17.670  23.562  12.713 0.0000000000
101832  12.987  23.257  12.107 0.0000000000
101833  12.175  23.664  12.607 0.0000000000
101834  11.315  24.075  13.187 0.0000000000
101835  9.279  23.432  12.675 0.0000000000
101836  8.689  23.944  13.435 0.0000000000
101850  17.405  23.601  12.049 0.0000000000
101851  16.730  23.551  11.598 0.0000000000
101852  15.771  23.571  11.487 0.0000000000
101853  14.760  23.511  11.411 0.0000000000
101854  13.678  23.520  11.580 0.0000000000
101855  12.939  23.897  11.957 0.0000000000
101856  9.779  23.349  11.995 0.0000000000
101857  9.300  24.078  12.416 0.0000000000
101869  9.941  23.274  11.590 0.0000000000
101870  9.777  23.689  11.336 0.0000000000
101881  9.565  23.585  10.097 0.0000000000
101891  9.198  23.482  9.106 0.0000000000
101892  8.890  23.234  8.444 0.0000000000
102527  15.769  24.028  29.500 0.0000000000
102528  15.075  24.295  29.984 0.0000000000
102535  16.191  24.101  28.787 0.0000000000
102536  15.443  24.675  29.064 0.0000000000
102537  14.713  24.820  29.418 0.0000000000
102544  17.007  23.778  27.005 0.0000000000
102545  16.573  24.245  27.766 0.0000000000
102546  15.948  24.712  28.378 0.0000000000
102553  17.090  23.874  26.261 0.0000000000
102554  16.731  24.425  26.825 0.0000000000
102565  17.130  23.993  25.358 0.0000000000
102566  16.794  24.683  25.974 0.0000000000
102574  17.172  24.054  24.346 0.0000000000
102575  16.669  24.803  24.957 0.0000000000
102582  17.144  23.880  23.344 0.0000000000
102583  16.331  24.797  23.708 0.0000000000
102584  15.537  25.128  23.472 0.0000000000
102591  17.169  23.632  22.737 0.0000000000
102592  16.558  24.012  22.508 0.0000000000
102593  15.274  24.771  22.721 0.0000000000
102594  14.123  24.972  22.351 0.0000000000
102595  13.535  25.167  22.349 0.0000000000
102602  16.374  23.740  21.876 0.0000000000
102603  15.718  23.933  21.835 0.0000000000
102604  14.499  24.417  21.465 0.0000000000
102605  13.498  24.995  21.837 0.0000000000
102615  14.081  24.525  20.436 0.0000000000
102616  13.396  24.875  20.994 0.0000000000
102627  14.062  24.900  19.674 0.0000000000
102628  13.388  25.032  20.293 0.0000000000
102640  15.789  25.165  18.072 0.0000000000
102641  15.404  24.944  18.314 0.0000000000
102642  14.552  25.075  18.898 0.0000000000
102654  15.946  24.844  17.645 0.0000000000
102655  15.540  24.512  18.001 0.0000000000
102663  17.038  24.869  16.098 0.0000000000
102664  16.570  24.456  16.510 0.0000000000
102668  17.246  24.427  15.614 0.0000000000
102669  16.896  23.798  15.878 0.0000000000
102673  18.220  25.110  14.308 0.0000000000
102674  17.855  24.345  14.466 0.0000000000
102680  18.329  24.975  13.749 0.0000000000
102681  18.097  24.243  13.280 0.0000000000
102682  9.729  24.822  14.071 0.0000000000
102683  8.770  24.929  14.303 0.0000000000
102684  8.398  25.027  13.922 0.0000000000
102693  18.434  24.921  13.008 0.0000000000
102694  17.947  24.496  12.371 0.0000000000
102695  11.746  24.680  12.901 0.0000000000
102696  10.806  24.756  13.506 0.0000000000
102697  8.812  25.028  12.975 0.0000000000
102708  17.309  24.448  11.580 0.0000000000
102709  16.354  24.447  11.285 0.0000000000
102710  15.333  24.414  11.342 0.0000000000
102711  14.337  24.403  11.427 0.0000000000
102712  13.362  24.509  11.621 0.0000000000
102713  12.509  24.593  12.143 0.0000000000
102714  9.310  24.855  11.858 0.0000000000
102726  9.713  24.658  10.730 0.0000000000
102738  9.525  24.520  9.556 0.0000000000
102750  9.184  24.268  8.414 0.0000000000
102751  8.910  23.642  7.947 0.0000000000
103369  15.469  25.050  28.461 0.0000000000
103370  14.647  25.422  28.669 0.0000000000
103380  16.357  24.769  27.233 0.0000000000
103381  15.703  25.231  27.639 0.0000000000
103382  14.352  26.152  27.226 0.0000000000
103391  16.290  25.129  26.657 0.0000000000
103392  15.406  25.699  26.446 0.0000000000
103393  14.525  26.083  26.036 0.0000000000
103402  16.173  25.430  25.688 0.0000000000
103403  15.136  25.849  25.365 0.0000000000
103404  14.549  26.043  25.498 0.0000000000
103413  15.876  25.410  24.677 0.0000000000
103414  14.954  25.714  24.474 0.0000000000
103415  14.067  25.623  24.166 0.0000000000
103430  15.548  25.339  23.965 0.0000000000
103431  14.825  25.390  23.575 0.0000000000
103432  13.867  25.468  23.467 0.0000000000
103450  14.364  25.262  22.948 0.0000000000
103451  13.634  25.330  22.807 0.0000000000
103489  12.645  25.346  20.639 0.0000000000
103507  13.990  25.495  19.446 0.0000000000
103508  13.137  25.858  19.925 0.0000000000
103509  12.492  26.241  20.117 0.0000000000
103527  15.890  25.721  18.135 0.0000000000
103528  15.033  25.737  18.690 0.0000000000
103529  14.264  25.821  19.093 0.0000000000
103530  13.828  25.885  19.492 0.0000000000
103545  16.348  25.629  17.483 0.0000000000
103559  17.581  25.717  16.194 0.0000000000
103560  17.007  25.402  16.460 0.0000000000
103561  16.451  25.267  16.972 0.0000000000
103571  17.922  25.582  15.689 0.0000000000
103572  17.425  25.165  15.889 0.0000000000
103579  18.166  25.464  14.890 0.0000000000
103580  17.723  24.998  15.302 0.0000000000
103587  18.431  25.682  14.137 0.0000000000
103588  10.222  25.518  13.682 0.0000000000
103589  9.325  25.625  14.102 0.0000000000
103590  8.573  25.866  14.133 0.0000000000
103597  18.551  25.673  13.327 0.0000000000
103598  18.344  25.507  12.531 0.0000000000
103599  12.121  25.466  12.559 0.0000000000
103600  11.242  25.517  13.253 0.0000000000
103601  8.575  25.991  13.471 0.0000000000
103605  17.832  25.396  11.783 0.0000000000
103606  17.013  25.482  11.055 0.0000000000
103607  15.842  25.346  11.025 0.0000000000
103608  14.914  25.205  11.294 0.0000000000
103609  13.985  25.290  11.538 0.0000000000
103610  12.920  25.399  11.769 0.0000000000
103611  9.506  26.394  11.750 0.0000000000
103612  9.137  26.027  12.434 0.0000000000
103615  16.842  26.044  10.817 0.0000000000
103616  16.411  25.933  10.794 0.0000000000
103617  9.843  26.316  11.119 0.0000000000
103618  9.590  25.653  11.357 0.0000000000
103620  10.035  26.454  10.662 0.0000000000
103621  9.953  25.740  10.227 0.0000000000
103623  9.515  25.465  8.932 0.0000000000
103625  9.424  25.344  7.814 0.0000000000
104236  13.716  26.437  26.265 0.0000000000
104250  14.549  26.027  25.192 0.0000000000
104251  13.984  26.225  25.406 0.0000000000
104269  14.751  25.943  24.940 0.0000000000
104270  14.264  25.948  24.788 0.0000000000
104330  13.140  26.811  19.685 0.0000000000
104345  16.058  26.623  18.221 0.0000000000
104346  15.338  26.531  18.589 0.0000000000
104347  14.532  26.450  18.927 0.0000000000
104348  13.819  26.414  19.329 0.0000000000
104362  17.151  26.850  17.273 0.0000000000
104363  16.634  26.457  17.565 0.0000000000
104377  17.983  26.094  16.130 0.0000000000
104378  17.406  26.406  16.722 0.0000000000
104379  16.765  25.840  17.031 0.0000000000
104391  18.306  26.202  15.552 0.0000000000
104401  18.533  26.372  14.744 0.0000000000
104409  18.679  26.510  13.834 0.0000000000
104410  9.819  25.924  13.786 0.0000000000
104411  9.296  26.268  13.847 0.0000000000
104412  8.762  26.497  13.677 0.0000000000
104417  18.691  26.518  12.780 0.0000000000
104418  18.261  26.131  12.062 0.0000000000
104419  11.617  26.164  12.942 0.0000000000
104420  10.450  26.389  13.404 0.0000000000
104421  9.435  26.957  13.345 0.0000000000
104422  8.945  27.005  12.981 0.0000000000
104425  18.465  26.835  11.965 0.0000000000
104426  17.915  26.399  11.253 0.0000000000
104427  17.220  26.217  10.840 0.0000000000
104428  15.269  25.731  11.067 0.0000000000
104429  14.643  26.047  11.251 0.0000000000
104430  13.579  26.168  11.643 0.0000000000
104431  12.351  26.386  12.104 0.0000000000
104432  9.664  26.845  11.569 0.0000000000
104433  9.343  27.148  12.175 0.0000000000
104436  17.471  26.729  10.694 0.0000000000
104437  16.757  26.513  10.520 0.0000000000
104438  15.629  26.327  10.660 0.0000000000
104439  14.748  26.791  10.856 0.0000000000
104440  9.922  26.964  11.083 0.0000000000
104443  10.163  26.902  10.258 0.0000000000
104444  9.897  26.331  9.375 0.0000000000
104447  10.089  27.122  9.268 0.0000000000
104448  9.770  26.522  8.331 0.0000000000
104451  9.592  26.327  7.151 0.0000000000
105086  14.156  27.505  19.155 0.0000000000
105087  13.763  27.330  19.287 0.0000000000
105088  12.759  27.661  19.645 0.0000000000
105094  16.425  27.148  18.083 0.0000000000
105095  15.740  27.319  18.487 0.0000000000
105096  14.621  27.398  18.964 0.0000000000
105097  14.155  26.884  19.049 0.0000000000
105104  17.397  27.164  17.075 0.0000000000
105105  16.960  27.420  17.569 0.0000000000
105112  18.205  26.760  16.177 0.0000000000
105113  17.829  27.367  16.632 0.0000000000
105115  18.564  27.070  15.453 0.0000000000
105118  18.764  27.341  14.546 0.0000000000
105121  18.808  27.489  13.493 0.0000000000
105125  18.719  27.615  12.436 0.0000000000
105126  11.384  26.869  12.773 0.0000000000
105127  10.428  27.545  12.916 0.0000000000
105128  9.375  27.799  12.860 0.0000000000
105129  9.183  27.989  12.440 0.0000000000
105132  18.378  27.572  11.396 0.0000000000
105133  17.933  27.153  10.780 0.0000000000
105134  14.104  26.744  11.300 0.0000000000
105135  13.144  27.057  11.473 0.0000000000
105136  11.785  27.651  12.021 0.0000000000
105137  10.696  28.254  12.352 0.0000000000
105138  9.546  27.405  11.598 0.0000000000
105139  9.049  28.116  11.868 0.0000000000
105142  18.048  27.813  10.676 0.0000000000
105143  17.368  27.451  10.214 0.0000000000
105144  16.263  27.163  10.076 0.0000000000
105145  15.205  27.384  10.292 0.0000000000
105146  14.089  27.494  10.834 0.0000000000
105147  12.889  27.992  11.104 0.0000000000
105148  11.979  28.495  11.436 0.0000000000
105149  9.675  27.876  11.126 0.0000000000
105150  9.109  28.576  11.544 0.0000000000
105153  16.699  27.831  9.738 0.0000000000
105154  15.908  27.873  9.692 0.0000000000
105155  15.161  28.100  9.821 0.0000000000
105156  10.167  28.002  10.032 0.0000000000
105159  10.247  27.984  8.461 0.0000000000
105160  9.906  27.173  7.494 0.0000000000
105166  10.305  27.942  7.059 0.0000000000
105167  9.854  27.222  6.632 0.0000000000
105173  9.816  27.996  6.330 0.0000000000
105844  14.063  27.807  19.207 0.0000000000
105845  13.392  28.190  19.258 0.0000000000
105852  16.405  27.963  18.244 0.0000000000
105853  15.407  28.264  18.663 0.0000000000
105854  14.245  28.541  18.958 0.0000000000
105855  13.127  28.988  18.791 0.0000000000
105863  17.412  27.804  17.031 0.0000000000
105864  16.974  28.562  17.445 0.0000000000
105871  18.353  27.583  16.091 0.0000000000
105872  17.842  28.478  16.448 0.0000000000
105873  17.186  29.332  16.863 0.0000000000
105875  18.603  28.187  15.395 0.0000000000
105876  18.094  29.068  15.593 0.0000000000
105879  18.615  28.374  14.251 0.0000000000
105881  18.660  28.580  13.161 0.0000000000
105884  18.559  28.753  11.980 0.0000000000
105885  9.915  28.283  12.573 0.0000000000
105886  9.237  28.602  12.433 0.0000000000
105887  8.863  28.658  12.158 0.0000000000
105890  18.309  28.576  10.945 0.0000000000
105891  11.195  28.561  11.895 0.0000000000
105892  10.143  29.096  12.103 0.0000000000
105893  8.960  29.432  12.020 0.0000000000
105894  8.862  28.811  11.748 0.0000000000
105896  17.918  28.407  10.204 0.0000000000
105897  17.301  28.381  9.684 0.0000000000
105898  14.538  27.990  10.163 0.0000000000
105899  13.683  28.368  10.359 0.0000000000
105900  12.604  29.016  10.685 0.0000000000
105901  11.292  29.269  11.468 0.0000000000
105902  10.506  29.500  11.683 0.0000000000
105903  9.440  29.043  11.158 0.0000000000
105904  8.995  28.827  11.522 0.0000000000
105907  16.510  28.507  9.405 0.0000000000
105908  15.579  28.595  9.389 0.0000000000
105909  14.500  28.697  9.606 0.0000000000
105910  13.461  29.182  9.986 0.0000000000
105911  12.951  29.446  10.299 0.0000000000
105912  10.272  29.158  9.655 0.0000000000
105922  10.394  29.296  8.481 0.0000000000
105931  10.357  28.960  7.445 0.0000000000
105937  10.028  28.725  6.527 0.0000000000
105938  9.696  28.592  5.904 0.0000000000
106585  16.051  28.980  18.138 0.0000000000
106586  15.077  29.327  18.628 0.0000000000
106587  13.912  29.655  18.615 0.0000000000
106588  12.768  29.841  18.605 0.0000000000
106596  16.544  29.820  17.517 0.0000000000
106604  17.380  29.642  16.045 0.0000000000
106605  16.878  29.998  16.661 0.0000000000
106610  18.392  29.040  14.881 0.0000000000
106611  17.821  29.827  15.041 0.0000000000
106614  18.334  29.591  14.015 0.0000000000
106615  17.962  30.176  14.482 0.0000000000
106617  18.565  29.612  12.831 0.0000000000
106619  18.617  29.795  12.002 0.0000000000
106622  18.666  29.556  11.201 0.0000000000
106623  10.176  29.591  11.745 0.0000000000
106624  9.739  29.682  11.720 0.0000000000
106627  18.298  29.398  10.244 0.0000000000
106628  17.754  29.011  9.776 0.0000000000
106629  12.646  29.604  10.442 0.0000000000
106630  11.965  29.986  10.720 0.0000000000
106631  10.447  30.036  11.317 0.0000000000
106632  9.502  30.158  11.227 0.0000000000
106643  17.912  29.586  9.577 0.0000000000
106644  17.226  29.324  9.237 0.0000000000
106645  16.186  29.224  9.046 0.0000000000
106646  15.194  29.343  9.060 0.0000000000
106647  14.156  29.812  9.296 0.0000000000
106648  12.951  29.959  10.015 0.0000000000
106649  12.341  30.286  10.245 0.0000000000
106650  9.684  30.264  10.282 0.0000000000
106662  16.662  29.803  8.734 0.0000000000
106663  15.832  29.880  8.673 0.0000000000
106664  14.947  30.040  8.741 0.0000000000
106665  14.461  30.207  8.861 0.0000000000
106666  10.196  30.298  9.050 0.0000000000
106671  10.274  30.144  7.831 0.0000000000
106677  9.945  29.837  6.584 0.0000000000
106678  9.810  29.160  6.120 0.0000000000
106682  9.815  30.242  5.907 0.0000000000
106683  9.781  29.558  5.529 0.0000000000
107345  15.743  29.884  18.245 0.0000000000
107346  14.855  30.362  18.407 0.0000000000
107347  13.482  30.778  18.200 0.0000000000
107358  15.688  30.477  17.751 0.0000000000
107359  14.800  31.123  17.526 0.0000000000
107360  13.921  31.336  17.674 0.0000000000
107369  16.905  30.288  16.226 0.0000000000
107370  16.113  30.772  16.541 0.0000000000
107371  15.265  31.392  16.799 0.0000000000
107378  17.013  30.591  15.612 0.0000000000
107379  16.535  30.994  15.833 0.0000000000
107383  18.090  30.634  14.124 0.0000000000
107384  17.530  30.660  14.723 0.0000000000
107387  18.458  30.469  13.354 0.0000000000
107390  18.653  30.452  12.484 0.0000000000
107393  19.272  31.078  11.327 0.0000000000
107394  18.980  30.560  11.589 0.0000000000
107403  19.283  30.826  10.999 0.0000000000
107404  18.902  30.359  10.590 0.0000000000
107405  11.934  30.539  10.330 0.0000000000
107406  11.104  30.944  10.647 0.0000000000
107407  9.719  31.264  11.119 0.0000000000
107408  9.332  31.853  10.984 0.0000000000
107423  18.316  30.382  9.551 0.0000000000
107424  17.758  29.895  9.251 0.0000000000
107425  14.160  30.408  8.938 0.0000000000
107426  13.528  30.709  9.253 0.0000000000
107427  12.426  30.708  9.865 0.0000000000
107428  11.800  30.874  10.185 0.0000000000
107429  9.136  31.445  10.552 0.0000000000
107430  9.173  31.689  10.905 0.0000000000
107440  18.097  30.898  8.993 0.0000000000
107441  17.467  30.344  8.784 0.0000000000
107442  16.445  30.469  8.456 0.0000000000
107443  15.514  30.586  8.496 0.0000000000
107444  14.623  30.634  8.650 0.0000000000
107445  14.085  30.745  8.817 0.0000000000
107446  9.406  31.321  9.464 0.0000000000
107450  9.876  31.288  8.321 0.0000000000
107455  9.947  31.110  7.181 0.0000000000
107459  9.732  30.937  6.208 0.0000000000
107460  9.700  30.680  5.398 0.0000000000
107464  9.838  30.229  4.486 0.0000000000
108208  14.134  31.595  17.382 0.0000000000
108209  13.233  31.743  17.521 0.0000000000
108221  15.542  31.917  16.373 0.0000000000
108222  14.642  31.823  16.962 0.0000000000
108223  14.008  31.874  17.236 0.0000000000
108232  16.705  31.179  15.510 0.0000000000
108233  16.313  31.525  15.782 0.0000000000
108237  17.761  31.593  14.426 0.0000000000
108238  17.022  31.376  15.070 0.0000000000
108239  16.691  31.514  15.421 0.0000000000
108243  18.380  31.358  13.698 0.0000000000
108247  18.976  31.602  12.588 0.0000000000
108248  18.652  31.156  12.924 0.0000000000
108259  19.245  31.500  11.854 0.0000000000
108260  18.881  31.060  12.279 0.0000000000
108274  19.501  31.461  10.885 0.0000000000
108275  19.204  30.923  10.638 0.0000000000
108276  10.986  31.718  10.394 0.0000000000
108277  10.345  31.771  10.812 0.0000000000
108278  9.629  32.072  10.916 0.0000000000
108292  19.482  31.792  9.938 0.0000000000
108293  19.066  31.068  10.094 0.0000000000
108294  13.458  31.297  9.037 0.0000000000
108295  12.764  31.445  9.366 0.0000000000
108296  11.724  31.385  9.931 0.0000000000
108297  8.774  32.186  10.296 0.0000000000
108298  8.991  32.280  10.704 0.0000000000
108304  19.442  32.033  9.411 0.0000000000
108305  18.798  31.577  9.074 0.0000000000
108306  17.843  31.247  8.570 0.0000000000
108307  17.033  31.061  8.243 0.0000000000
108308  16.076  31.272  8.246 0.0000000000
108309  15.138  31.227  8.392 0.0000000000
108310  14.113  31.283  8.645 0.0000000000
108311  13.403  31.729  8.915 0.0000000000
108312  8.705  32.270  9.682 0.0000000000
108313  8.651  32.717  10.115 0.0000000000
108317  18.718  32.008  8.481 0.0000000000
108318  18.266  31.845  8.300 0.0000000000
108319  17.509  31.665  8.019 0.0000000000
108320  16.756  31.616  7.936 0.0000000000
108321  9.080  32.326  8.688 0.0000000000
108322  8.860  32.899  8.463 0.0000000000
108327  9.589  32.350  7.625 0.0000000000
108328  9.148  32.887  8.164 0.0000000000
108331  9.826  32.087  6.566 0.0000000000
108332  9.809  31.778  5.643 0.0000000000
108335  9.679  31.429  4.730 0.0000000000
108339  9.872  31.157  3.753 0.0000000000
108344  10.086  31.619  3.158 0.0000000000
109031  15.626  32.992  16.391 0.0000000000
109032  14.825  32.700  16.794 0.0000000000
109033  13.963  32.358  17.118 0.0000000000
109042  16.805  32.896  15.504 0.0000000000
109043  16.188  32.486  15.885 0.0000000000
109052  17.815  32.540  14.623 0.0000000000
109053  17.225  32.265  14.958 0.0000000000
109054  16.671  32.008  15.372 0.0000000000
109061  18.906  32.680  13.434 0.0000000000
109062  18.432  32.378  14.054 0.0000000000
109071  19.251  32.390  12.634 0.0000000000
109072  18.795  31.922  13.237 0.0000000000
109085  19.619  32.428  11.626 0.0000000000
109095  19.809  32.458  10.634 0.0000000000
109096  10.647  32.083  10.477 0.0000000000
109097  10.192  32.401  10.597 0.0000000000
109098  9.499  32.689  10.613 0.0000000000
109109  19.739  32.490  9.763 0.0000000000
109110  12.029  31.859  9.467 0.0000000000
109111  11.117  32.366  9.843 0.0000000000
109112  9.974  33.057  10.161 0.0000000000
109113  9.032  33.334  10.194 0.0000000000
109121  19.582  32.414  8.986 0.0000000000
109122  19.081  32.201  8.546 0.0000000000
109123  15.558  31.669  8.231 0.0000000000
109124  14.942  31.867  8.257 0.0000000000
109125  13.938  32.143  8.462 0.0000000000
109126  12.610  32.343  8.903 0.0000000000
109127  11.477  33.079  8.918 0.0000000000
109128  8.608  32.715  9.109 0.0000000000
109129  8.611  33.311  9.345 0.0000000000
109135  19.444  32.725  8.278 0.0000000000
109136  18.774  32.366  8.010 0.0000000000
109137  18.028  32.175  7.664 0.0000000000
109138  17.149  32.077  7.542 0.0000000000
109139  16.010  32.110  7.844 0.0000000000
109140  14.798  32.538  7.750 0.0000000000
109141  13.656  32.935  8.150 0.0000000000
109142  12.493  33.255  8.232 0.0000000000
109143  11.531  33.597  8.263 0.0000000000
109144  8.640  32.948  8.761 0.0000000000
109145  8.878  33.430  8.422 0.0000000000
109150  19.264  32.879  7.662 0.0000000000
109151  18.666  32.690  7.192 0.0000000000
109152  17.772  32.526  7.050 0.0000000000
109153  16.821  32.554  6.933 0.0000000000
109154  15.757  32.612  7.023 0.0000000000
109155  15.049  33.059  7.100 0.0000000000
109156  10.324  33.760  6.492 0.0000000000
109157  10.131  33.762  6.640 0.0000000000
109158  9.762  33.338  6.875 0.0000000000
109159  9.325  33.408  7.718 0.0000000000
109163  18.303  32.849  6.614 0.0000000000
109164  17.676  32.823  6.382 0.0000000000
109165  17.027  32.876  6.208 0.0000000000
109166  10.236  33.750  6.275 0.0000000000
109167  10.067  33.653  6.420 0.0000000000
109168  10.012  33.034  5.992 0.0000000000
109169  9.693  32.573  5.063 0.0000000000
109172  9.650  32.243  4.179 0.0000000000
109174  9.878  32.678  2.932 0.0000000000
109175  9.787  32.325  3.255 0.0000000000
109180  10.083  31.951  2.839 0.0000000000
109780  15.644  33.528  16.340 0.0000000000
109781  15.013  33.731  16.499 0.0000000000
109782  13.783  33.336  16.944 0.0000000000
109801  17.004  33.880  15.611 0.0000000000
109802  16.151  33.568  16.062 0.0000000000
109803  15.631  33.796  16.293 0.0000000000
109823  18.176  33.297  14.641 0.0000000000
109824  17.499  33.167  15.119 0.0000000000
109845  19.162  33.368  13.190 0.0000000000
109846  18.718  33.361  13.963 0.0000000000
109866  19.553  33.350  12.324 0.0000000000
109882  20.163  34.092  11.147 0.0000000000
109883  19.969  33.511  11.318 0.0000000000
109895  20.231  33.945  10.702 0.0000000000
109896  20.013  33.226  10.295 0.0000000000
109904  20.225  33.873  9.944 0.0000000000
109905  20.037  33.128  9.452 0.0000000000
109906  10.563  33.243  9.506 0.0000000000
109907  9.729  33.708  9.551 0.0000000000
109908  9.071  33.932  9.386 0.0000000000
109917  20.318  33.809  9.168 0.0000000000
109918  19.964  33.192  8.693 0.0000000000
109919  10.602  33.653  8.782 0.0000000000
109920  9.718  34.047  8.693 0.0000000000
109921  8.993  34.121  8.640 0.0000000000
109929  20.215  33.837  8.521 0.0000000000
109930  19.806  33.463  7.940 0.0000000000
109931  14.345  33.225  7.499 0.0000000000
109932  13.467  33.720  7.580 0.0000000000
109933  12.259  33.983  7.771 0.0000000000
109934  10.936  34.078  7.798 0.0000000000
109935  9.702  34.284  7.926 0.0000000000
109936  9.203  33.956  7.952 0.0000000000
109942  19.434  33.379  7.084 0.0000000000
109943  18.859  33.120  6.600 0.0000000000
109944  16.383  32.884  6.466 0.0000000000
109945  15.673  33.170  6.444 0.0000000000
109946  14.564  33.607  6.631 0.0000000000
109947  13.635  34.123  6.888 0.0000000000
109948  10.398  33.843  6.687 0.0000000000
109949  10.429  34.050  7.015 0.0000000000
109950  9.592  33.874  7.533 0.0000000000
109951  9.337  33.804  7.711 0.0000000000
109957  19.296  33.624  6.298 0.0000000000
109958  18.492  33.252  6.022 0.0000000000
109959  17.632  33.179  5.714 0.0000000000
109960  16.627  33.256  5.761 0.0000000000
109961  15.627  33.572  5.685 0.0000000000
109962  14.759  33.958  5.648 0.0000000000
109963  10.227  33.867  6.540 0.0000000000
109964  10.374  34.077  6.231 0.0000000000
109965  9.860  33.765  5.271 0.0000000000
109966  9.632  33.074  4.536 0.0000000000
109971  19.126  33.758  5.649 0.0000000000
109972  18.445  33.660  5.187 0.0000000000
109973  17.477  33.556  5.039 0.0000000000
109974  16.530  33.562  4.878 0.0000000000
109975  15.555  33.851  4.761 0.0000000000
109976  14.809  34.318  5.044 0.0000000000
109977  9.774  33.686  4.310 0.0000000000
109978  9.696  32.925  3.826 0.0000000000
109981  18.146  33.805  4.525 0.0000000000
109982  17.444  33.804  4.265 0.0000000000
109983  16.528  33.954  4.122 0.0000000000
109984  15.791  34.181  4.034 0.0000000000
109985  9.809  33.294  3.263 0.0000000000
109986  9.750  32.853  3.445 0.0000000000
109989  10.050  33.667  2.242 0.0000000000
109992  10.429  33.926  1.276 0.0000000000
110598  14.792  34.738  16.235 0.0000000000
110617  17.108  34.845  15.419 0.0000000000
110618  16.291  34.598  15.791 0.0000000000
110619  15.566  34.314  16.148 0.0000000000
110635  18.386  34.234  14.470 0.0000000000
110636  17.776  34.147  15.166 0.0000000000
110652  19.321  34.216  12.918 0.0000000000
110653  18.839  34.228  13.676 0.0000000000
110666  19.590  34.248  12.107 0.0000000000
110673  20.221  34.428  10.988 0.0000000000
110674  19.901  34.528  11.459 0.0000000000
110683  20.313  34.632  10.456 0.0000000000
110684  20.118  34.928  11.049 0.0000000000
110694  20.401  34.540  9.644 0.0000000000
110707  20.420  34.486  8.877 0.0000000000
110722  20.205  34.363  8.077 0.0000000000
110723  19.927  33.984  7.433 0.0000000000
110724  12.984  34.360  7.340 0.0000000000
110725  12.143  34.677  7.380 0.0000000000
110726  11.339  34.773  7.215 0.0000000000
110732  20.103  34.576  7.438 0.0000000000
110733  19.832  34.256  6.786 0.0000000000
110734  14.032  34.174  6.276 0.0000000000
110735  13.178  34.775  6.615 0.0000000000
110736  12.097  35.311  6.954 0.0000000000
110737  11.119  35.153  6.661 0.0000000000
110742  19.649  34.317  5.968 0.0000000000
110743  14.081  34.502  5.651 0.0000000000
110744  13.401  35.042  5.657 0.0000000000
110745  10.811  34.891  5.697 0.0000000000
110746  10.285  34.352  4.851 0.0000000000
110752  19.319  34.392  5.159 0.0000000000
110753  18.723  34.133  4.595 0.0000000000
110754  15.157  34.335  4.411 0.0000000000
110755  14.309  34.813  4.710 0.0000000000
110756  13.429  35.313  5.045 0.0000000000
110757  10.964  35.027  4.860 0.0000000000
110758  10.295  34.322  4.077 0.0000000000
110762  19.147  34.677  4.444 0.0000000000
110763  18.476  34.304  3.849 0.0000000000
110764  17.398  34.211  3.546 0.0000000000
110765  16.424  34.340  3.430 0.0000000000
110766  15.313  34.672  3.636 0.0000000000
110767  14.442  35.122  3.940 0.0000000000
110768  10.936  35.092  4.030 0.0000000000
110769  10.324  34.405  3.157 0.0000000000
110772  18.110  34.633  3.121 0.0000000000
110773  17.299  34.656  2.820 0.0000000000
110774  16.244  34.794  2.768 0.0000000000
110775  15.465  35.124  2.910 0.0000000000
110776  10.988  35.151  3.240 0.0000000000
110777  10.569  34.721  2.208 0.0000000000
110780  10.462  34.834  1.212 0.0000000000
110785  10.666  35.084  0.648 0.0000000000
111444  17.029  35.360  15.119 0.0000000000
111445  16.393  35.496  15.349 0.0000000000
111446  15.332  35.383  15.822 0.0000000000
111454  18.522  34.954  14.115 0.0000000000
111455  17.684  35.298  14.681 0.0000000000
111456  16.857  35.729  14.865 0.0000000000
111464  19.346  34.849  12.623 0.0000000000
111465  18.926  35.178  13.336 0.0000000000
111466  18.350  35.603  13.988 0.0000000000
111475  19.459  35.036  12.031 0.0000000000
111476  19.109  35.429  12.591 0.0000000000
111484  19.605  35.423  11.408 0.0000000000
111485  19.169  35.658  12.005 0.0000000000
111492  20.366  35.160  10.060 0.0000000000
111493  20.036  35.464  10.686 0.0000000000
111502  20.384  35.295  9.379 0.0000000000
111503  20.174  35.723  10.041 0.0000000000
111512  20.371  35.127  8.608 0.0000000000
111529  20.242  35.154  7.907 0.0000000000
111547  20.186  35.162  7.091 0.0000000000
111548  19.974  34.870  6.403 0.0000000000
111549  12.686  35.320  6.283 0.0000000000
111550  12.004  35.698  6.363 0.0000000000
111551  11.386  35.817  6.190 0.0000000000
111565  20.103  35.439  6.507 0.0000000000
111566  19.914  35.224  5.811 0.0000000000
111567  12.773  35.609  5.695 0.0000000000
111568  12.080  36.173  5.779 0.0000000000
111569  11.498  35.930  5.558 0.0000000000
111578  19.632  35.385  4.912 0.0000000000
111579  13.824  35.359  4.437 0.0000000000
111580  13.030  35.982  4.900 0.0000000000
111581  12.298  36.552  5.303 0.0000000000
111582  11.469  35.901  4.824 0.0000000000
111589  19.300  35.380  3.945 0.0000000000
111590  18.755  35.023  3.259 0.0000000000
111591  14.857  35.270  3.385 0.0000000000
111592  14.005  35.754  3.754 0.0000000000
111593  13.281  36.358  4.255 0.0000000000
111594  11.394  35.975  3.997 0.0000000000
111601  19.233  35.668  3.132 0.0000000000
111602  18.438  35.337  2.433 0.0000000000
111603  17.092  35.204  2.096 0.0000000000
111604  16.032  35.478  2.354 0.0000000000
111605  15.013  35.805  2.815 0.0000000000
111606  14.283  36.223  3.183 0.0000000000
111607  11.475  35.836  2.846 0.0000000000
111608  10.909  35.390  1.767 0.0000000000
111614  17.875  35.945  1.557 0.0000000000
111615  16.677  35.973  1.644 0.0000000000
111616  15.654  36.158  2.097 0.0000000000
111617  15.116  36.303  2.458 0.0000000000
111618  11.312  36.270  1.750 0.0000000000
111619  10.749  35.448  1.024 0.0000000000
111627  10.996  35.713  0.337 0.0000000000
111628  10.780  35.397  0.656 0.0000000000
112308  16.329  36.118  14.868 0.0000000000
112309  15.611  36.198  15.180 0.0000000000
112324  17.802  36.100  14.026 0.0000000000
112325  16.852  36.335  14.260 0.0000000000
112326  15.861  36.695  14.534 0.0000000000
112327  15.088  36.782  14.779 0.0000000000
112341  18.795  35.687  12.946 0.0000000000
112342  18.338  36.044  13.281 0.0000000000
112343  17.344  36.595  13.367 0.0000000000
112358  18.737  35.994  12.480 0.0000000000
112359  18.036  36.675  12.475 0.0000000000
112360  17.192  37.094  12.684 0.0000000000
112372  19.527  35.864  11.027 0.0000000000
112373  18.924  36.347  11.508 0.0000000000
112374  18.100  37.090  11.726 0.0000000000
112386  19.611  36.218  10.518 0.0000000000
112387  18.967  36.818  10.697 0.0000000000
112398  20.314  35.632  8.987 0.0000000000
112399  20.016  36.210  9.442 0.0000000000
112407  20.252  35.793  8.532 0.0000000000
112408  19.906  36.544  8.517 0.0000000000
112415  20.222  35.911  7.773 0.0000000000
112416  19.904  36.673  7.635 0.0000000000
112427  20.195  35.990  6.998 0.0000000000
112428  19.916  36.658  6.750 0.0000000000
112442  20.092  35.944  6.333 0.0000000000
112443  19.907  36.371  5.734 0.0000000000
112444  11.878  36.583  5.512 0.0000000000
112445  11.704  36.574  5.292 0.0000000000
112460  19.703  36.409  4.659 0.0000000000
112461  12.678  36.607  4.769 0.0000000000
112462  12.091  37.053  5.095 0.0000000000
112463  11.704  36.893  4.778 0.0000000000
112478  19.616  36.488  3.684 0.0000000000
112479  13.642  36.383  3.620 0.0000000000
112480  12.921  37.003  4.148 0.0000000000
112481  12.227  37.551  4.629 0.0000000000
112482  11.540  36.979  4.006 0.0000000000
112497  19.457  36.495  2.644 0.0000000000
112498  18.860  36.227  1.835 0.0000000000
112499  14.691  36.396  2.728 0.0000000000
112500  13.875  36.796  2.981 0.0000000000
112501  13.134  37.393  3.429 0.0000000000
112502  11.644  37.170  3.091 0.0000000000
112517  19.413  37.017  1.830 0.0000000000
112518  18.551  36.887  1.269 0.0000000000
112519  17.381  36.814  1.071 0.0000000000
112520  16.169  36.785  1.491 0.0000000000
112521  14.955  36.874  2.180 0.0000000000
112522  14.193  37.243  2.481 0.0000000000
112523  11.548  37.567  2.277 0.0000000000
112538  18.031  37.255  0.784 0.0000000000
112539  17.632  37.289  0.776 0.0000000000
112540  11.424  37.032  1.045 0.0000000000
112552  11.333  36.759  -0.197 0.0000000000
113161  16.722  36.809  13.667 0.0000000000
113162  16.142  37.117  13.854 0.0000000000
113163  15.084  37.450  14.127 0.0000000000
113175  16.575  37.176  13.156 0.0000000000
113176  15.534  37.693  13.036 0.0000000000
113188  17.464  37.258  12.089 0.0000000000
113189  16.499  37.547  12.200 0.0000000000
113190  15.446  38.145  12.018 0.0000000000
113197  18.424  37.137  11.110 0.0000000000
113198  17.450  37.684  11.257 0.0000000000
113199  16.250  38.154  11.430 0.0000000000
113200  15.588  38.616  11.481 0.0000000000
113212  19.349  36.827  10.073 0.0000000000
113213  18.507  37.506  10.236 0.0000000000
113214  17.586  38.184  10.408 0.0000000000
113229  19.350  37.081  9.319 0.0000000000
113230  18.751  37.812  9.185 0.0000000000
113239  19.428  37.416  8.378 0.0000000000
113240  18.894  38.088  8.509 0.0000000000
113249  19.535  37.404  7.399 0.0000000000
113259  19.554  37.435  6.471 0.0000000000
113267  19.637  37.449  5.486 0.0000000000
113271  11.919  37.521  4.787 0.0000000000
113272  11.774  37.590  4.566 0.0000000000
113277  12.595  37.678  4.064 0.0000000000
113278  12.053  38.153  4.430 0.0000000000
113279  11.687  38.116  4.073 0.0000000000
113283  13.606  37.450  2.766 0.0000000000
113284  12.857  38.161  3.269 0.0000000000
113285  12.236  38.899  4.017 0.0000000000
113286  11.500  38.324  3.333 0.0000000000
113290  19.252  37.492  1.360 0.0000000000
113291  17.371  37.335  0.786 0.0000000000
113292  16.762  37.509  0.894 0.0000000000
113293  15.635  37.640  1.442 0.0000000000
113294  14.206  37.921  2.037 0.0000000000
113295  13.394  38.785  2.422 0.0000000000
113296  11.453  38.527  2.686 0.0000000000
113300  18.754  37.786  0.846 0.0000000000
113301  17.696  37.834  0.588 0.0000000000
113302  16.925  38.255  0.573 0.0000000000
113303  11.496  38.199  1.721 0.0000000000
113308  11.452  37.899  0.524 0.0000000000
113931  14.854  38.472  12.693 0.0000000000
113942  14.939  38.995  11.907 0.0000000000
113950  16.775  38.438  10.764 0.0000000000
113951  16.039  38.734  11.011 0.0000000000
113952  15.575  39.147  11.159 0.0000000000
113959  18.035  38.329  9.704 0.0000000000
113960  17.162  38.989  10.016 0.0000000000
113961  16.289  39.014  10.470 0.0000000000
113962  15.892  39.117  10.772 0.0000000000
113979  18.371  38.522  8.931 0.0000000000
113980  17.757  38.909  9.317 0.0000000000
113994  19.207  38.004  7.932 0.0000000000
113995  18.584  38.600  8.040 0.0000000000
113996  17.909  39.143  8.623 0.0000000000
114005  19.097  38.142  7.221 0.0000000000
114006  18.535  38.871  7.179 0.0000000000
114019  19.120  38.430  6.320 0.0000000000
114020  18.657  39.221  6.635 0.0000000000
114059  11.760  38.943  4.164 0.0000000000
114060  11.459  39.070  3.876 0.0000000000
114065  12.572  39.192  3.126 0.0000000000
114066  12.005  39.514  3.751 0.0000000000
114067  11.302  39.191  3.279 0.0000000000
114072  16.245  38.205  0.924 0.0000000000
114073  15.394  38.697  1.250 0.0000000000
114076  11.317  39.238  2.495 0.0000000000
114084  11.453  39.048  1.335 0.0000000000
114715  15.408  39.794  11.292 0.0000000000
114722  16.784  39.441  9.639 0.0000000000
114723  16.387  39.445  9.970 0.0000000000
114724  15.790  39.610  10.465 0.0000000000
114735  17.187  39.454  9.177 0.0000000000
114736  16.439  39.894  9.372 0.0000000000
114737  16.033  39.763  9.870 0.0000000000
114751  18.031  39.321  7.842 0.0000000000
114752  17.316  39.829  8.283 0.0000000000
114753  16.888  39.876  8.870 0.0000000000
114766  18.297  39.786  7.227 0.0000000000
114767  17.767  39.793  7.732 0.0000000000
114816  11.486  39.450  3.835 0.0000000000
114817  11.216  39.658  3.755 0.0000000000
114834  11.069  40.198  3.269 0.0000000000
115516  15.825  40.266  9.837 0.0000000000
115528  16.688  40.381  8.670 0.0000000000
