#!ascii label  , from subject Broad_82_YZ vox2ras=TkReg
689
85501  38.677  7.999  -7.974 0.0000000000
85514  39.967  8.207  -8.550 0.0000000000
85515  39.478  8.018  -8.395 0.0000000000
85516  38.714  7.646  -8.361 0.0000000000
85530  40.105  8.003  -8.799 0.0000000000
85531  39.558  7.630  -8.912 0.0000000000
85544  40.252  7.785  -9.476 0.0000000000
85545  39.502  7.466  -9.763 0.0000000000
85554  40.240  7.681  -10.195 0.0000000000
86583  38.883  8.380  -8.110 0.0000000000
86599  40.118  8.306  -8.763 0.0000000000
86600  39.685  8.528  -8.650 0.0000000000
86612  40.318  8.460  -9.295 0.0000000000
86613  39.864  8.905  -9.134 0.0000000000
86626  40.816  8.070  -10.165 0.0000000000
86627  40.673  8.266  -10.775 0.0000000000
86640  40.482  7.880  -10.721 0.0000000000
86641  40.168  8.247  -11.252 0.0000000000
87590  38.870  8.728  -8.514 0.0000000000
87591  38.152  8.908  -7.899 0.0000000000
87599  39.168  8.989  -9.105 0.0000000000
87600  38.305  9.153  -8.835 0.0000000000
87601  37.521  9.488  -8.577 0.0000000000
87609  40.450  8.618  -10.121 0.0000000000
87610  39.744  9.120  -9.821 0.0000000000
87611  38.290  9.482  -9.799 0.0000000000
87612  37.731  9.472  -9.217 0.0000000000
87622  40.647  8.446  -10.497 0.0000000000
87623  40.096  8.767  -10.792 0.0000000000
87624  38.995  9.374  -10.732 0.0000000000
87637  39.933  8.902  -11.694 0.0000000000
87638  39.398  9.249  -11.398 0.0000000000
87653  41.010  9.143  -12.732 0.0000000000
87654  40.068  9.385  -12.561 0.0000000000
87655  39.278  9.372  -12.030 0.0000000000
87667  40.430  9.670  -13.456 0.0000000000
87668  39.857  9.856  -13.209 0.0000000000
87675  40.445  9.902  -14.131 0.0000000000
88606  37.478  9.836  -10.262 0.0000000000
88607  36.937  9.994  -9.641 0.0000000000
88616  37.831  9.715  -10.840 0.0000000000
88617  37.017  10.263  -10.751 0.0000000000
88626  38.362  9.672  -11.727 0.0000000000
88627  37.289  10.310  -11.630 0.0000000000
88637  39.263  9.993  -13.193 0.0000000000
88638  38.623  9.943  -12.723 0.0000000000
88639  37.593  10.475  -12.518 0.0000000000
88652  40.035  10.169  -14.174 0.0000000000
88653  39.440  10.239  -13.813 0.0000000000
88654  38.288  10.589  -13.719 0.0000000000
88655  37.811  10.571  -13.129 0.0000000000
88669  40.361  10.324  -14.767 0.0000000000
88670  39.372  10.750  -14.752 0.0000000000
88671  38.795  10.649  -14.275 0.0000000000
88683  40.283  10.678  -15.878 0.0000000000
88684  39.865  10.768  -15.287 0.0000000000
88690  40.640  10.634  -16.503 0.0000000000
89636  36.299  10.889  -10.591 0.0000000000
89646  36.520  10.946  -11.492 0.0000000000
89655  36.767  11.022  -12.363 0.0000000000
89656  36.137  11.595  -12.201 0.0000000000
89667  37.619  11.163  -14.190 0.0000000000
89668  36.918  11.343  -13.530 0.0000000000
89669  36.357  11.474  -12.796 0.0000000000
89680  38.803  11.274  -15.246 0.0000000000
89681  38.219  11.175  -14.748 0.0000000000
89682  37.274  11.676  -14.693 0.0000000000
89697  39.987  11.310  -16.339 0.0000000000
89698  39.383  11.307  -15.780 0.0000000000
89699  38.239  11.788  -15.758 0.0000000000
89700  37.666  11.729  -15.235 0.0000000000
89714  40.783  11.043  -17.379 0.0000000000
89715  40.500  11.248  -16.902 0.0000000000
89716  39.451  11.762  -16.869 0.0000000000
89717  38.829  11.784  -16.325 0.0000000000
89722  40.205  11.469  -17.898 0.0000000000
89723  39.997  11.705  -17.406 0.0000000000
90731  36.148  12.732  -13.768 0.0000000000
90732  35.861  12.031  -13.038 0.0000000000
90743  36.593  12.529  -14.609 0.0000000000
90750  37.744  12.342  -16.181 0.0000000000
90751  37.199  12.461  -15.618 0.0000000000
90767  38.970  12.260  -17.318 0.0000000000
90768  38.306  12.424  -16.844 0.0000000000
90769  37.482  12.841  -16.419 0.0000000000
90781  39.733  12.196  -18.375 0.0000000000
90782  39.439  12.346  -17.898 0.0000000000
90783  38.764  12.682  -17.562 0.0000000000
90788  39.708  12.424  -18.859 0.0000000000
90789  39.530  12.788  -18.663 0.0000000000
90794  39.754  12.844  -19.599 0.0000000000
90797  39.889  13.241  -20.089 0.0000000000
92005  36.325  13.614  -14.336 0.0000000000
92020  36.655  13.698  -15.321 0.0000000000
92036  37.562  13.532  -17.041 0.0000000000
92037  37.065  13.600  -16.225 0.0000000000
92049  38.855  13.065  -17.994 0.0000000000
92050  38.310  13.377  -17.716 0.0000000000
92055  39.623  13.628  -19.438 0.0000000000
92056  39.089  13.416  -18.611 0.0000000000
92057  38.667  13.491  -18.196 0.0000000000
92059  40.085  13.867  -20.047 0.0000000000
92061  39.811  13.987  -20.533 0.0000000000
93217  36.625  14.607  -14.737 0.0000000000
93226  36.861  14.706  -15.431 0.0000000000
93232  37.318  14.705  -16.736 0.0000000000
93233  36.892  14.407  -15.967 0.0000000000
93239  37.903  14.475  -17.732 0.0000000000
93246  39.778  14.458  -19.595 0.0000000000
93247  39.210  14.583  -19.345 0.0000000000
93248  38.510  14.105  -18.443 0.0000000000
93251  40.220  14.747  -19.868 0.0000000000
93252  39.867  14.813  -19.605 0.0000000000
93253  38.703  16.333  -20.928 0.0000000000
93254  38.187  16.261  -20.717 0.0000000000
93257  40.254  14.867  -20.504 0.0000000000
93258  39.621  15.044  -21.158 0.0000000000
93259  38.842  15.701  -21.222 0.0000000000
93260  38.047  15.829  -20.734 0.0000000000
93263  38.971  14.536  -21.278 0.0000000000
93265  38.040  15.365  -20.990 0.0000000000
94262  36.723  15.504  -14.343 0.0000000000
94268  37.472  15.858  -15.808 0.0000000000
94269  37.178  15.499  -15.180 0.0000000000
94274  37.599  15.765  -16.459 0.0000000000
94275  37.120  15.212  -15.958 0.0000000000
94279  37.930  15.673  -17.427 0.0000000000
94285  39.302  15.525  -19.422 0.0000000000
94286  38.456  15.327  -18.650 0.0000000000
94290  40.360  15.452  -19.950 0.0000000000
94291  39.994  15.344  -19.645 0.0000000000
94292  38.765  16.413  -20.474 0.0000000000
94293  38.240  16.575  -20.518 0.0000000000
94295  40.444  15.478  -20.257 0.0000000000
94296  40.428  15.802  -20.792 0.0000000000
94297  39.624  16.306  -20.985 0.0000000000
94298  37.896  16.359  -20.773 0.0000000000
94301  37.907  15.164  -21.810 0.0000000000
94302  37.652  15.751  -21.190 0.0000000000
94306  37.440  15.650  -22.052 0.0000000000
94353  31.339  17.241  -28.628 0.0000000000
94354  30.819  16.017  -28.131 0.0000000000
95275  37.504  16.317  -15.470 0.0000000000
95276  37.241  16.312  -14.754 0.0000000000
95282  37.689  16.381  -16.060 0.0000000000
95287  37.860  16.473  -16.841 0.0000000000
95293  38.963  16.027  -19.322 0.0000000000
95294  38.212  16.702  -18.204 0.0000000000
95295  37.642  17.195  -18.615 0.0000000000
95300  40.316  15.771  -19.911 0.0000000000
95301  39.907  16.026  -19.767 0.0000000000
95302  39.126  16.272  -19.884 0.0000000000
95303  37.891  16.787  -19.643 0.0000000000
95305  40.465  15.703  -20.097 0.0000000000
95306  40.431  15.943  -20.205 0.0000000000
95307  40.078  16.159  -20.367 0.0000000000
95308  37.755  17.113  -20.575 0.0000000000
95310  37.898  17.034  -21.381 0.0000000000
95313  37.637  16.696  -22.390 0.0000000000
95356  31.237  17.814  -28.509 0.0000000000
95357  30.894  18.070  -28.301 0.0000000000
95358  30.494  18.484  -28.126 0.0000000000
95359  28.756  17.059  -28.473 0.0000000000
95378  31.463  17.345  -28.946 0.0000000000
95379  29.802  15.720  -28.186 0.0000000000
95380  29.078  15.860  -28.349 0.0000000000
95381  28.177  16.066  -27.855 0.0000000000
95408  31.657  17.000  -29.595 0.0000000000
96216  37.112  17.063  -14.414 0.0000000000
96224  37.643  16.693  -15.744 0.0000000000
96225  37.458  16.987  -15.340 0.0000000000
96226  36.610  17.685  -15.108 0.0000000000
96232  37.720  16.903  -16.133 0.0000000000
96233  37.204  17.364  -16.094 0.0000000000
96234  36.343  17.932  -16.271 0.0000000000
96238  37.647  17.038  -16.915 0.0000000000
96239  37.019  17.466  -16.963 0.0000000000
96240  36.338  18.098  -17.282 0.0000000000
96244  37.593  17.213  -17.450 0.0000000000
96245  37.164  17.493  -17.916 0.0000000000
96246  36.316  18.137  -18.274 0.0000000000
96251  36.990  17.526  -18.904 0.0000000000
96252  36.433  18.303  -19.219 0.0000000000
96253  36.311  18.717  -19.547 0.0000000000
96255  36.930  17.554  -19.949 0.0000000000
96256  36.423  18.484  -20.176 0.0000000000
96257  36.268  18.861  -19.807 0.0000000000
96259  37.080  17.979  -21.102 0.0000000000
96260  36.515  18.594  -20.916 0.0000000000
96262  37.493  17.681  -22.172 0.0000000000
96266  37.534  17.460  -23.224 0.0000000000
96303  31.400  18.233  -28.732 0.0000000000
96304  30.969  18.419  -28.345 0.0000000000
96305  30.509  18.704  -28.108 0.0000000000
96306  30.288  19.026  -27.808 0.0000000000
96334  31.656  18.078  -29.395 0.0000000000
96335  28.682  17.410  -28.427 0.0000000000
96365  31.765  17.952  -30.230 0.0000000000
97182  35.719  18.845  -17.739 0.0000000000
97189  36.027  18.986  -18.709 0.0000000000
97190  36.158  19.340  -19.026 0.0000000000
97198  36.271  18.819  -19.183 0.0000000000
97199  36.215  19.141  -19.442 0.0000000000
97203  36.238  19.054  -20.795 0.0000000000
97204  36.201  19.101  -20.127 0.0000000000
97208  37.060  18.421  -22.055 0.0000000000
97209  36.473  18.926  -21.580 0.0000000000
97212  37.169  18.300  -22.890 0.0000000000
97213  36.683  19.021  -22.556 0.0000000000
97216  36.881  18.078  -23.802 0.0000000000
97217  36.659  18.855  -23.493 0.0000000000
97224  36.786  18.173  -24.845 0.0000000000
97225  36.593  18.630  -24.247 0.0000000000
97274  31.194  18.822  -28.501 0.0000000000
97275  30.698  19.183  -28.191 0.0000000000
97276  30.310  19.433  -27.699 0.0000000000
97277  29.983  19.739  -27.447 0.0000000000
97307  31.632  19.080  -29.015 0.0000000000
97308  31.107  19.358  -28.541 0.0000000000
97333  31.337  18.937  -30.218 0.0000000000
97347  30.977  18.426  -31.103 0.0000000000
97359  31.505  18.505  -31.817 0.0000000000
97369  31.467  18.570  -32.695 0.0000000000
97387  31.298  18.539  -33.781 0.0000000000
97388  30.725  19.055  -34.455 0.0000000000
97408  31.003  18.533  -34.938 0.0000000000
98210  36.025  19.591  -18.784 0.0000000000
98216  36.092  20.191  -18.819 0.0000000000
98217  36.215  19.809  -19.367 0.0000000000
98219  36.238  19.650  -20.557 0.0000000000
98220  36.216  19.609  -19.975 0.0000000000
98223  36.247  19.814  -21.295 0.0000000000
98226  36.153  19.826  -22.171 0.0000000000
98228  36.092  19.620  -23.129 0.0000000000
98236  36.512  18.736  -24.714 0.0000000000
98237  36.177  19.326  -24.373 0.0000000000
98249  36.529  18.840  -25.312 0.0000000000
98250  36.047  19.499  -25.589 0.0000000000
98262  36.491  18.953  -26.161 0.0000000000
98263  35.979  19.485  -26.709 0.0000000000
98282  30.745  19.841  -28.362 0.0000000000
98283  30.379  20.078  -27.890 0.0000000000
98284  29.945  20.299  -27.429 0.0000000000
98285  29.543  20.528  -27.144 0.0000000000
98310  31.303  19.865  -29.742 0.0000000000
98311  31.110  19.964  -28.896 0.0000000000
98325  30.696  19.668  -31.329 0.0000000000
98326  30.824  19.875  -30.659 0.0000000000
98338  31.490  19.984  -31.476 0.0000000000
98339  31.031  20.263  -31.092 0.0000000000
99212  36.945  21.565  -20.091 0.0000000000
99213  36.458  20.916  -19.653 0.0000000000
99214  36.305  20.158  -20.021 0.0000000000
99217  37.123  21.412  -20.577 0.0000000000
99218  36.526  20.515  -20.728 0.0000000000
99219  36.275  19.976  -20.329 0.0000000000
99221  37.148  21.461  -21.250 0.0000000000
99222  36.209  21.079  -21.700 0.0000000000
99223  35.793  21.507  -22.329 0.0000000000
99226  35.824  20.643  -22.661 0.0000000000
99227  35.469  21.439  -23.052 0.0000000000
99229  35.695  20.412  -23.690 0.0000000000
99230  35.206  21.208  -24.161 0.0000000000
99238  35.573  20.255  -24.853 0.0000000000
99239  34.955  20.965  -25.338 0.0000000000
99249  35.455  20.212  -26.001 0.0000000000
99250  34.830  20.857  -26.445 0.0000000000
99259  35.438  20.349  -27.006 0.0000000000
99260  34.915  20.976  -27.387 0.0000000000
99261  29.634  21.397  -27.563 0.0000000000
99262  29.534  21.286  -27.450 0.0000000000
99280  35.288  20.501  -27.699 0.0000000000
99281  35.083  21.020  -28.150 0.0000000000
99282  30.372  20.697  -28.552 0.0000000000
99283  29.823  21.025  -27.740 0.0000000000
99284  29.450  21.087  -27.262 0.0000000000
99285  29.001  21.309  -26.985 0.0000000000
99313  31.268  20.325  -30.134 0.0000000000
99314  30.949  20.817  -29.566 0.0000000000
99328  31.333  20.810  -30.434 0.0000000000
99329  31.248  21.305  -29.963 0.0000000000
99344  32.541  20.631  -31.213 0.0000000000
99345  31.717  20.788  -31.064 0.0000000000
100190  37.160  22.156  -19.481 0.0000000000
100193  37.522  21.951  -20.182 0.0000000000
100194  36.901  21.721  -19.711 0.0000000000
100197  38.126  22.628  -21.536 0.0000000000
100198  37.984  21.990  -21.084 0.0000000000
100199  35.221  22.454  -21.352 0.0000000000
100200  34.706  22.396  -21.127 0.0000000000
100203  37.927  22.837  -21.790 0.0000000000
100204  37.395  22.304  -21.831 0.0000000000
100205  36.067  22.252  -21.952 0.0000000000
100206  34.683  21.858  -21.739 0.0000000000
100207  33.838  22.280  -21.727 0.0000000000
100210  34.475  21.635  -23.266 0.0000000000
100211  33.745  22.030  -22.502 0.0000000000
100214  34.419  21.721  -24.647 0.0000000000
100215  33.486  22.126  -23.850 0.0000000000
100216  32.886  22.467  -24.216 0.0000000000
100224  34.138  21.371  -25.865 0.0000000000
100225  33.575  21.912  -25.266 0.0000000000
100226  32.897  22.147  -24.955 0.0000000000
100236  34.243  21.476  -26.989 0.0000000000
100237  33.373  22.030  -26.514 0.0000000000
100238  33.059  22.053  -25.713 0.0000000000
100246  34.487  21.552  -27.922 0.0000000000
100247  33.697  22.018  -27.673 0.0000000000
100248  29.487  21.502  -27.359 0.0000000000
100249  29.422  21.392  -27.263 0.0000000000
100260  34.594  21.369  -28.665 0.0000000000
100261  33.845  21.828  -28.563 0.0000000000
100262  30.031  21.458  -28.171 0.0000000000
100263  29.630  21.786  -27.456 0.0000000000
100264  29.081  21.854  -27.109 0.0000000000
100265  28.530  22.170  -27.288 0.0000000000
100288  33.970  21.490  -29.168 0.0000000000
100289  30.297  21.728  -28.950 0.0000000000
100290  30.041  21.930  -28.130 0.0000000000
100291  27.980  22.778  -27.552 0.0000000000
100314  31.404  21.764  -30.290 0.0000000000
100315  31.010  21.805  -29.689 0.0000000000
100338  31.846  21.507  -30.721 0.0000000000
101189  38.207  22.735  -20.378 0.0000000000
101190  37.674  22.653  -19.642 0.0000000000
101192  38.562  22.708  -21.009 0.0000000000
101193  38.136  22.406  -20.500 0.0000000000
101194  35.871  23.134  -21.623 0.0000000000
101195  34.695  22.988  -20.863 0.0000000000
101196  34.046  23.260  -20.390 0.0000000000
101199  38.279  22.998  -21.665 0.0000000000
101200  37.702  22.987  -22.010 0.0000000000
101201  36.914  23.035  -22.138 0.0000000000
101202  34.420  22.468  -21.065 0.0000000000
101203  33.859  22.738  -21.002 0.0000000000
101206  33.414  22.786  -22.208 0.0000000000
101207  33.021  23.138  -22.702 0.0000000000
101210  33.263  22.351  -22.899 0.0000000000
101211  32.843  22.791  -23.371 0.0000000000
101217  32.344  22.754  -24.741 0.0000000000
101218  31.751  22.874  -25.113 0.0000000000
101227  32.817  22.490  -26.827 0.0000000000
101228  32.451  22.307  -26.042 0.0000000000
101229  31.670  22.646  -25.655 0.0000000000
101238  32.975  22.523  -27.486 0.0000000000
101239  32.266  22.724  -27.132 0.0000000000
101240  31.585  22.694  -26.561 0.0000000000
101241  29.731  23.193  -26.720 0.0000000000
101242  29.388  23.466  -26.809 0.0000000000
101250  33.109  22.402  -28.459 0.0000000000
101251  32.262  22.771  -28.138 0.0000000000
101252  31.243  22.697  -27.480 0.0000000000
101253  30.265  22.404  -26.946 0.0000000000
101254  29.417  22.840  -27.058 0.0000000000
101255  28.834  22.711  -27.266 0.0000000000
101256  28.189  22.882  -27.513 0.0000000000
101264  33.346  22.220  -29.521 0.0000000000
101265  32.395  22.684  -29.220 0.0000000000
101266  31.443  22.675  -28.760 0.0000000000
101267  30.552  22.337  -28.215 0.0000000000
101268  30.032  22.068  -27.465 0.0000000000
101269  27.311  23.440  -27.827 0.0000000000
101286  33.213  22.049  -30.604 0.0000000000
101287  32.522  22.478  -30.188 0.0000000000
101288  31.547  22.514  -29.850 0.0000000000
101289  30.826  22.393  -29.222 0.0000000000
101290  23.947  24.250  -29.641 0.0000000000
101291  22.805  24.081  -30.285 0.0000000000
101311  31.916  22.147  -30.457 0.0000000000
102130  37.918  22.869  -20.060 0.0000000000
102131  37.625  23.129  -19.567 0.0000000000
102133  38.204  23.031  -20.450 0.0000000000
102134  37.542  23.352  -20.516 0.0000000000
102135  36.723  23.466  -21.300 0.0000000000
102136  35.506  23.943  -21.190 0.0000000000
102137  34.429  23.864  -20.669 0.0000000000
102139  38.300  23.179  -21.100 0.0000000000
102140  37.740  23.189  -21.550 0.0000000000
102141  37.338  23.168  -21.900 0.0000000000
102142  33.737  23.740  -20.662 0.0000000000
102144  33.543  23.568  -21.595 0.0000000000
102145  33.264  23.502  -22.452 0.0000000000
102147  32.877  23.488  -23.057 0.0000000000
102149  32.465  23.512  -23.895 0.0000000000
102150  31.983  23.310  -24.711 0.0000000000
102151  31.375  23.611  -25.494 0.0000000000
102157  34.505  23.729  -26.133 0.0000000000
102158  34.300  23.621  -26.468 0.0000000000
102159  31.322  22.975  -25.455 0.0000000000
102160  30.732  23.476  -25.963 0.0000000000
102169  34.698  23.915  -26.475 0.0000000000
102170  34.450  23.819  -26.908 0.0000000000
102171  30.977  22.866  -26.087 0.0000000000
102172  30.287  23.401  -26.430 0.0000000000
102173  29.501  23.964  -26.669 0.0000000000
102181  34.709  24.062  -26.827 0.0000000000
102182  34.573  24.054  -27.072 0.0000000000
102183  30.924  22.743  -26.679 0.0000000000
102184  30.686  22.642  -26.793 0.0000000000
102185  29.008  23.924  -26.977 0.0000000000
102186  28.655  23.557  -27.249 0.0000000000
102187  28.213  23.429  -27.460 0.0000000000
102197  27.354  23.972  -27.790 0.0000000000
102198  25.810  24.274  -28.558 0.0000000000
102212  24.732  24.336  -29.316 0.0000000000
102213  23.443  24.431  -29.974 0.0000000000
102963  36.402  24.032  -17.995 0.0000000000
102973  36.915  23.739  -19.123 0.0000000000
102975  36.778  23.659  -20.315 0.0000000000
102976  35.860  24.227  -20.244 0.0000000000
102977  35.029  24.797  -21.208 0.0000000000
102978  34.130  24.300  -20.775 0.0000000000
102980  34.498  24.810  -22.238 0.0000000000
102981  33.943  24.339  -21.359 0.0000000000
102983  34.158  24.876  -23.214 0.0000000000
102984  33.599  24.196  -22.560 0.0000000000
102985  33.138  23.818  -22.836 0.0000000000
102988  34.073  24.804  -24.236 0.0000000000
102989  33.203  24.677  -23.677 0.0000000000
102990  32.886  24.064  -23.378 0.0000000000
102993  34.318  24.517  -25.160 0.0000000000
102994  33.416  24.481  -24.863 0.0000000000
102995  32.371  24.416  -24.433 0.0000000000
102996  31.555  23.752  -25.452 0.0000000000
102997  31.153  23.747  -25.779 0.0000000000
103002  34.872  24.183  -25.871 0.0000000000
103003  33.837  23.778  -25.893 0.0000000000
103004  32.540  24.532  -25.747 0.0000000000
103005  31.664  24.830  -25.732 0.0000000000
103006  30.582  24.613  -26.090 0.0000000000
103016  34.912  24.345  -26.573 0.0000000000
103017  33.845  23.627  -26.905 0.0000000000
103018  32.796  23.952  -26.749 0.0000000000
103019  32.243  24.292  -27.034 0.0000000000
103020  29.788  24.720  -26.522 0.0000000000
103021  28.890  24.754  -26.882 0.0000000000
103022  28.512  24.696  -27.410 0.0000000000
103032  34.678  24.271  -26.995 0.0000000000
103033  34.299  24.181  -27.420 0.0000000000
103034  33.331  24.118  -27.606 0.0000000000
103035  32.188  24.484  -27.603 0.0000000000
103036  31.266  24.442  -28.084 0.0000000000
103037  28.747  24.400  -26.981 0.0000000000
103038  28.381  24.284  -27.273 0.0000000000
103039  28.001  24.103  -27.472 0.0000000000
103045  33.730  24.514  -28.143 0.0000000000
103046  32.882  24.473  -28.607 0.0000000000
103048  30.770  24.730  -28.670 0.0000000000
103057  32.288  24.777  -29.301 0.0000000000
103059  25.231  24.774  -29.102 0.0000000000
103060  24.056  24.915  -29.886 0.0000000000
103087  28.284  25.546  -29.248 0.0000000000
103823  35.332  25.351  -16.695 0.0000000000
103831  35.708  24.871  -17.090 0.0000000000
103832  35.323  25.303  -17.574 0.0000000000
103833  34.932  25.445  -18.285 0.0000000000
103840  34.410  25.757  -18.967 0.0000000000
103842  34.719  25.288  -20.738 0.0000000000
103843  34.318  25.694  -20.087 0.0000000000
103845  34.514  25.718  -21.150 0.0000000000
103846  34.256  26.182  -20.709 0.0000000000
103848  34.601  25.461  -22.009 0.0000000000
103850  34.729  25.388  -22.914 0.0000000000
103853  34.537  25.311  -23.827 0.0000000000
103855  34.438  25.161  -24.696 0.0000000000
103856  34.361  25.414  -25.134 0.0000000000
103860  34.823  24.985  -25.413 0.0000000000
103861  34.571  25.543  -25.759 0.0000000000
103862  32.388  24.606  -26.415 0.0000000000
103863  31.946  24.921  -26.353 0.0000000000
103864  31.221  24.805  -26.291 0.0000000000
103869  35.192  24.980  -26.206 0.0000000000
103870  34.500  25.428  -26.748 0.0000000000
103871  32.242  24.509  -26.758 0.0000000000
103872  31.638  23.911  -26.854 0.0000000000
103873  30.605  24.969  -26.872 0.0000000000
103874  29.340  25.242  -27.599 0.0000000000
103875  27.554  25.080  -28.089 0.0000000000
103883  34.719  24.720  -26.997 0.0000000000
103884  34.270  25.092  -27.868 0.0000000000
103892  33.364  25.128  -28.718 0.0000000000
103893  32.866  24.930  -29.358 0.0000000000
103901  33.068  25.482  -29.501 0.0000000000
104635  34.745  25.845  -16.348 0.0000000000
104646  34.830  25.851  -17.239 0.0000000000
104647  34.158  26.327  -17.031 0.0000000000
104656  34.842  25.715  -17.777 0.0000000000
104657  34.344  26.226  -18.079 0.0000000000
104664  33.861  26.619  -19.211 0.0000000000
104665  33.420  27.203  -19.376 0.0000000000
104667  33.896  26.688  -20.351 0.0000000000
104668  33.589  27.139  -19.812 0.0000000000
104670  34.399  26.056  -21.835 0.0000000000
104671  34.131  26.528  -21.298 0.0000000000
104673  34.544  26.044  -22.560 0.0000000000
104674  34.173  26.541  -22.158 0.0000000000
104677  34.615  26.086  -23.492 0.0000000000
104678  34.175  26.569  -22.942 0.0000000000
104681  34.284  25.800  -24.346 0.0000000000
104682  33.529  26.400  -23.780 0.0000000000
104683  32.428  27.041  -23.878 0.0000000000
104684  32.152  27.361  -23.962 0.0000000000
104687  34.183  25.527  -24.820 0.0000000000
104688  33.523  25.786  -25.093 0.0000000000
104689  32.427  26.513  -24.662 0.0000000000
104690  31.923  27.104  -24.422 0.0000000000
104694  33.805  26.070  -26.215 0.0000000000
104695  32.816  26.668  -25.649 0.0000000000
104696  32.076  26.942  -25.018 0.0000000000
104699  33.793  25.938  -27.321 0.0000000000
104700  33.219  26.710  -26.813 0.0000000000
104706  33.598  25.775  -28.360 0.0000000000
104707  33.177  26.482  -27.816 0.0000000000
104717  33.273  25.744  -29.148 0.0000000000
104718  33.131  26.336  -28.798 0.0000000000
104735  33.227  25.747  -29.537 0.0000000000
105425  33.426  26.846  -16.760 0.0000000000
105429  33.660  26.877  -17.746 0.0000000000
105430  33.049  27.558  -17.511 0.0000000000
105433  33.776  26.807  -18.428 0.0000000000
105434  33.144  27.368  -18.704 0.0000000000
105436  33.434  27.317  -20.383 0.0000000000
105437  33.114  27.685  -19.838 0.0000000000
105439  33.490  27.168  -21.091 0.0000000000
105440  32.937  27.729  -20.877 0.0000000000
105442  33.717  27.057  -21.883 0.0000000000
105443  33.003  27.688  -21.850 0.0000000000
105444  32.508  27.863  -22.233 0.0000000000
105447  33.849  26.877  -22.479 0.0000000000
105448  33.319  27.235  -22.482 0.0000000000
105449  32.754  27.625  -22.584 0.0000000000
105453  33.637  26.891  -22.981 0.0000000000
105454  33.054  27.210  -23.195 0.0000000000
105455  32.614  27.617  -23.433 0.0000000000
105459  33.808  27.841  -25.045 0.0000000000
105460  33.374  27.727  -24.925 0.0000000000
105461  32.437  27.679  -24.297 0.0000000000
105464  33.575  27.789  -25.178 0.0000000000
105465  32.627  27.442  -25.404 0.0000000000
105466  31.977  27.296  -24.825 0.0000000000
105469  32.630  27.367  -26.428 0.0000000000
106138  32.553  28.347  -17.185 0.0000000000
106143  32.539  28.243  -18.197 0.0000000000
106144  32.161  29.036  -17.827 0.0000000000
106148  32.482  28.441  -19.310 0.0000000000
106149  32.249  28.964  -18.610 0.0000000000
106151  32.779  28.566  -20.476 0.0000000000
106154  33.729  28.971  -22.332 0.0000000000
106155  33.137  28.504  -21.711 0.0000000000
106156  32.690  28.087  -22.049 0.0000000000
106159  34.047  28.839  -22.589 0.0000000000
106160  33.528  28.486  -22.720 0.0000000000
106161  32.758  28.087  -22.562 0.0000000000
106165  36.393  29.133  -24.236 0.0000000000
106166  36.020  28.874  -24.218 0.0000000000
106167  35.156  28.345  -24.066 0.0000000000
106168  34.034  28.385  -23.634 0.0000000000
106169  32.910  28.187  -23.555 0.0000000000
106172  36.922  29.190  -24.758 0.0000000000
106173  36.643  29.041  -24.568 0.0000000000
106174  35.880  28.541  -24.835 0.0000000000
106175  34.273  28.254  -24.846 0.0000000000
106176  33.216  28.132  -24.233 0.0000000000
106177  32.723  28.153  -24.036 0.0000000000
106180  37.018  29.068  -24.953 0.0000000000
106181  36.690  28.896  -25.079 0.0000000000
106182  36.260  28.867  -25.289 0.0000000000
106183  33.584  28.107  -25.561 0.0000000000
106914  31.672  29.795  -17.543 0.0000000000
106918  32.242  29.380  -19.179 0.0000000000
106919  31.915  29.795  -18.525 0.0000000000
106922  32.581  29.478  -19.974 0.0000000000
106925  33.581  29.439  -21.937 0.0000000000
106926  33.115  29.664  -21.041 0.0000000000
106928  36.050  30.131  -23.489 0.0000000000
106929  35.637  29.969  -23.244 0.0000000000
106930  34.501  29.527  -22.644 0.0000000000
106931  34.249  28.612  -22.951 0.0000000000
106934  36.887  30.267  -24.285 0.0000000000
106935  36.392  29.709  -23.952 0.0000000000
106936  35.404  29.140  -23.572 0.0000000000
106937  34.653  28.671  -23.331 0.0000000000
106938  34.341  28.471  -23.280 0.0000000000
106941  36.952  29.638  -24.677 0.0000000000
106942  36.695  29.422  -24.404 0.0000000000
106943  35.469  28.991  -25.370 0.0000000000
106944  34.162  29.010  -25.269 0.0000000000
106948  37.049  29.385  -25.169 0.0000000000
106949  36.728  29.211  -25.414 0.0000000000
106950  36.236  29.265  -25.433 0.0000000000
107764  31.575  30.620  -18.097 0.0000000000
107772  32.322  30.346  -19.408 0.0000000000
107773  31.932  30.652  -18.770 0.0000000000
107783  32.865  30.508  -20.341 0.0000000000
107794  33.778  30.451  -21.786 0.0000000000
107795  33.343  30.655  -21.019 0.0000000000
107806  36.119  30.714  -23.294 0.0000000000
107807  35.315  30.650  -22.645 0.0000000000
107808  34.564  30.742  -22.245 0.0000000000
107811  37.173  30.773  -24.584 0.0000000000
107812  36.937  30.889  -23.862 0.0000000000
107815  37.004  30.305  -25.179 0.0000000000
107816  36.295  30.598  -25.535 0.0000000000
107817  35.100  30.230  -25.431 0.0000000000
107818  33.663  30.109  -24.878 0.0000000000
107824  36.909  29.645  -25.336 0.0000000000
107825  36.584  29.786  -25.448 0.0000000000
107826  35.954  29.769  -25.474 0.0000000000
108574  31.297  31.565  -17.715 0.0000000000
108593  31.802  31.381  -18.596 0.0000000000
108612  32.777  31.477  -19.825 0.0000000000
108613  32.284  31.157  -19.105 0.0000000000
108632  33.931  32.029  -21.058 0.0000000000
108633  33.348  31.373  -20.641 0.0000000000
108647  35.143  32.212  -22.126 0.0000000000
108648  34.429  31.544  -21.712 0.0000000000
108649  33.752  31.225  -21.244 0.0000000000
108667  36.514  31.934  -23.417 0.0000000000
108668  35.671  31.640  -22.740 0.0000000000
108669  35.033  31.390  -22.282 0.0000000000
108671  37.255  31.326  -24.758 0.0000000000
108672  37.186  31.732  -24.288 0.0000000000
108674  37.164  31.032  -24.922 0.0000000000
108675  36.895  31.526  -25.067 0.0000000000
108676  35.668  31.598  -25.298 0.0000000000
108677  34.293  31.417  -24.953 0.0000000000
109340  32.599  32.942  -18.964 0.0000000000
109341  31.833  32.318  -18.480 0.0000000000
109352  33.021  32.593  -19.658 0.0000000000
109353  32.382  31.980  -19.104 0.0000000000
109364  34.069  32.940  -20.833 0.0000000000
109365  33.442  32.300  -20.383 0.0000000000
109382  34.966  33.088  -22.083 0.0000000000
109383  34.620  32.617  -21.466 0.0000000000
109401  36.090  32.552  -23.542 0.0000000000
109402  35.468  32.626  -22.950 0.0000000000
109405  36.583  32.495  -24.017 0.0000000000
109406  35.441  32.893  -23.755 0.0000000000
109407  34.080  33.110  -23.817 0.0000000000
109408  32.761  33.146  -23.747 0.0000000000
109412  36.915  32.225  -24.562 0.0000000000
109413  36.181  32.381  -24.647 0.0000000000
109414  34.901  32.499  -24.631 0.0000000000
109415  33.495  32.331  -24.247 0.0000000000
110138  32.966  33.859  -18.729 0.0000000000
110139  32.046  33.276  -18.332 0.0000000000
110149  33.671  34.040  -20.130 0.0000000000
110150  33.330  33.565  -19.486 0.0000000000
110169  33.807  33.714  -20.799 0.0000000000
110170  33.574  33.228  -20.209 0.0000000000
110189  34.513  33.506  -22.213 0.0000000000
110190  34.221  33.556  -21.631 0.0000000000
110201  34.808  33.364  -22.659 0.0000000000
110202  33.933  33.910  -22.504 0.0000000000
110203  33.265  34.249  -22.725 0.0000000000
110207  35.110  33.182  -23.129 0.0000000000
110208  34.467  33.445  -23.173 0.0000000000
110209  33.233  33.977  -23.241 0.0000000000
110943  33.014  34.864  -18.649 0.0000000000
110956  33.356  34.397  -20.270 0.0000000000
110957  33.214  34.635  -19.715 0.0000000000
110976  33.380  34.240  -20.757 0.0000000000
110977  32.908  34.671  -20.661 0.0000000000
110991  33.497  34.104  -21.457 0.0000000000
110992  32.898  34.557  -21.387 0.0000000000
110995  33.667  34.049  -21.966 0.0000000000
110996  32.900  34.519  -22.242 0.0000000000
111001  32.907  34.382  -22.811 0.0000000000
135907  24.897  24.198  -29.197 0.0000000000
135908  25.180  24.276  -28.929 0.0000000000
135909  25.171  24.071  -28.873 0.0000000000
135910  25.926  24.849  -28.620 0.0000000000
135911  27.548  25.537  -28.706 0.0000000000
135912  26.215  24.642  -28.474 0.0000000000
135913  26.487  24.924  -28.433 0.0000000000
135914  30.081  25.244  -29.347 0.0000000000
135915  26.690  24.568  -28.283 0.0000000000
135924  37.788  22.993  -19.069 0.0000000000
135925  37.481  23.228  -18.815 0.0000000000
135927  37.429  23.381  -19.121 0.0000000000
135928  35.011  25.002  -19.297 0.0000000000
135929  36.174  24.329  -18.048 0.0000000000
135930  36.269  24.274  -18.352 0.0000000000
135931  34.985  24.975  -20.349 0.0000000000
135932  35.374  24.939  -18.443 0.0000000000
135933  35.393  25.117  -17.985 0.0000000000
135934  35.816  24.658  -17.890 0.0000000000
135935  35.876  24.486  -18.875 0.0000000000
135936  35.506  25.038  -17.780 0.0000000000
