#!ascii label  , from subject Broad_82_YZ vox2ras=TkReg
269
105297  57.094  27.963  -6.252 0.0000000000
105298  56.376  28.269  -6.581 0.0000000000
105302  57.261  27.489  -7.495 0.0000000000
105303  55.940  27.939  -7.261 0.0000000000
105304  54.703  28.270  -7.738 0.0000000000
105305  54.096  28.385  -7.893 0.0000000000
105310  56.247  27.496  -8.553 0.0000000000
105311  54.973  27.765  -8.483 0.0000000000
105312  53.757  28.084  -8.416 0.0000000000
105313  52.661  28.367  -8.815 0.0000000000
105314  52.141  28.654  -9.039 0.0000000000
105323  55.319  27.481  -9.651 0.0000000000
105324  54.051  27.596  -9.501 0.0000000000
105325  52.841  27.770  -9.478 0.0000000000
105326  51.769  28.347  -9.625 0.0000000000
105327  51.057  28.488  -9.968 0.0000000000
105342  53.182  27.518  -10.568 0.0000000000
105343  51.966  27.695  -10.479 0.0000000000
105344  50.806  28.162  -10.463 0.0000000000
105345  50.166  28.358  -10.767 0.0000000000
105358  52.329  27.412  -11.625 0.0000000000
105359  51.084  27.576  -11.459 0.0000000000
105360  49.952  28.079  -11.396 0.0000000000
105361  49.353  28.308  -11.742 0.0000000000
105371  51.488  27.333  -12.684 0.0000000000
105372  50.244  27.563  -12.489 0.0000000000
105373  49.046  27.978  -12.363 0.0000000000
105374  48.043  28.287  -12.822 0.0000000000
105375  47.609  28.558  -13.050 0.0000000000
105376  42.343  27.371  -12.617 0.0000000000
105377  41.752  26.997  -12.081 0.0000000000
105386  49.416  27.514  -13.536 0.0000000000
105387  48.263  27.782  -13.497 0.0000000000
105388  47.317  28.303  -13.576 0.0000000000
105389  46.694  28.503  -13.925 0.0000000000
105390  43.263  27.122  -13.638 0.0000000000
105401  47.484  27.704  -14.463 0.0000000000
105402  46.692  28.166  -14.353 0.0000000000
105413  46.504  27.738  -15.322 0.0000000000
105414  45.743  27.999  -15.680 0.0000000000
105416  43.961  27.418  -14.874 0.0000000000
106055  57.051  29.297  -5.570 0.0000000000
106057  57.156  28.427  -5.761 0.0000000000
106058  56.510  28.866  -6.101 0.0000000000
106059  55.896  29.347  -6.505 0.0000000000
106061  56.042  28.451  -6.716 0.0000000000
106062  55.416  28.872  -6.944 0.0000000000
106063  54.212  28.935  -7.596 0.0000000000
106064  53.730  29.360  -7.732 0.0000000000
106066  53.809  28.507  -7.945 0.0000000000
106067  53.288  28.909  -8.074 0.0000000000
106068  52.420  29.038  -8.662 0.0000000000
106072  51.764  29.043  -9.162 0.0000000000
106073  50.960  28.948  -9.721 0.0000000000
106074  50.550  29.254  -10.023 0.0000000000
106082  50.724  28.586  -10.117 0.0000000000
106083  50.162  28.857  -10.432 0.0000000000
106084  49.703  29.194  -10.885 0.0000000000
106091  49.879  28.492  -10.945 0.0000000000
106092  49.382  28.815  -11.374 0.0000000000
106093  48.863  29.138  -11.794 0.0000000000
106094  41.229  28.361  -11.650 0.0000000000
106100  49.070  28.431  -11.882 0.0000000000
106101  48.591  28.744  -12.162 0.0000000000
106102  47.834  28.836  -12.701 0.0000000000
106103  42.360  27.981  -12.659 0.0000000000
106104  41.849  28.042  -12.191 0.0000000000
106108  47.319  28.919  -13.158 0.0000000000
106109  46.768  28.919  -13.642 0.0000000000
106110  43.294  27.658  -13.960 0.0000000000
106111  42.849  27.998  -13.214 0.0000000000
106112  42.215  28.385  -12.785 0.0000000000
106115  46.263  28.832  -14.342 0.0000000000
106116  45.874  29.175  -14.743 0.0000000000
106117  43.582  27.859  -14.519 0.0000000000
106118  43.108  28.289  -14.060 0.0000000000
106122  46.251  28.299  -14.769 0.0000000000
106123  45.723  28.639  -15.152 0.0000000000
106124  44.481  27.796  -15.761 0.0000000000
106125  43.895  28.151  -15.291 0.0000000000
106126  43.288  28.480  -14.727 0.0000000000
106131  45.242  28.488  -15.936 0.0000000000
106132  44.722  28.227  -16.048 0.0000000000
106133  44.141  28.366  -15.952 0.0000000000
106839  56.834  29.880  -5.777 0.0000000000
106840  56.217  29.892  -6.260 0.0000000000
106842  55.535  29.902  -6.688 0.0000000000
106843  54.809  29.791  -7.188 0.0000000000
106844  54.084  29.862  -7.546 0.0000000000
106846  53.488  29.885  -7.931 0.0000000000
106847  52.850  29.791  -8.430 0.0000000000
106849  52.099  29.802  -8.888 0.0000000000
106850  51.430  29.721  -9.404 0.0000000000
106851  50.850  29.696  -9.852 0.0000000000
106858  50.418  29.652  -10.318 0.0000000000
106859  49.980  29.613  -10.766 0.0000000000
106866  49.546  29.604  -11.238 0.0000000000
106867  49.117  29.580  -11.741 0.0000000000
106868  41.438  28.725  -12.082 0.0000000000
106874  48.617  29.519  -12.161 0.0000000000
106875  48.148  29.295  -12.484 0.0000000000
106876  41.790  28.713  -12.582 0.0000000000
106877  41.323  29.272  -12.485 0.0000000000
106881  47.660  29.509  -12.911 0.0000000000
106882  47.104  29.605  -13.432 0.0000000000
106883  42.727  28.591  -13.725 0.0000000000
106884  42.138  29.036  -13.369 0.0000000000
106885  41.352  29.676  -13.162 0.0000000000
106889  46.556  29.618  -13.994 0.0000000000
106890  46.077  29.666  -14.537 0.0000000000
106891  42.761  28.865  -14.304 0.0000000000
106892  42.227  29.487  -14.467 0.0000000000
106896  45.576  29.627  -15.013 0.0000000000
106897  43.723  28.639  -15.843 0.0000000000
106898  43.005  29.084  -15.475 0.0000000000
106899  42.176  29.826  -15.233 0.0000000000
106902  45.163  29.490  -15.732 0.0000000000
106903  44.560  29.377  -16.390 0.0000000000
106904  43.818  29.046  -16.423 0.0000000000
106905  43.003  29.701  -16.459 0.0000000000
106908  43.981  29.771  -16.917 0.0000000000
106909  43.447  29.831  -17.057 0.0000000000
107652  56.808  30.700  -6.191 0.0000000000
107662  56.053  30.776  -6.563 0.0000000000
107663  55.220  30.825  -7.045 0.0000000000
107664  54.547  30.484  -7.424 0.0000000000
107666  54.723  31.147  -7.556 0.0000000000
107667  54.076  30.780  -7.906 0.0000000000
107668  53.356  30.618  -8.443 0.0000000000
107670  52.666  30.617  -8.892 0.0000000000
107671  51.973  30.586  -9.502 0.0000000000
107672  51.298  30.261  -9.812 0.0000000000
107678  51.614  30.810  -10.216 0.0000000000
107679  50.923  30.344  -10.393 0.0000000000
107680  50.396  30.136  -10.770 0.0000000000
107689  51.427  30.932  -10.848 0.0000000000
107690  50.867  30.706  -11.248 0.0000000000
107691  50.044  30.268  -11.336 0.0000000000
107692  49.485  30.120  -11.719 0.0000000000
107693  40.748  29.486  -12.116 0.0000000000
107700  50.519  30.800  -11.854 0.0000000000
107701  49.909  30.680  -12.113 0.0000000000
107702  49.022  30.408  -12.369 0.0000000000
107703  48.215  29.997  -12.670 0.0000000000
107704  40.740  29.842  -12.597 0.0000000000
107710  48.460  30.674  -13.034 0.0000000000
107711  47.710  30.407  -13.437 0.0000000000
107712  46.980  30.198  -13.835 0.0000000000
107713  41.596  29.707  -13.850 0.0000000000
107714  40.790  30.191  -13.616 0.0000000000
107719  47.288  30.677  -14.145 0.0000000000
107720  46.564  30.489  -14.503 0.0000000000
107721  45.871  30.263  -14.850 0.0000000000
107722  41.500  30.054  -14.609 0.0000000000
107728  46.049  30.832  -15.082 0.0000000000
107729  45.443  30.512  -15.492 0.0000000000
107730  42.462  29.913  -15.889 0.0000000000
107739  44.808  30.384  -16.259 0.0000000000
107740  44.279  30.332  -16.923 0.0000000000
107749  43.780  30.379  -17.423 0.0000000000
108411  56.707  31.369  -6.546 0.0000000000
108428  56.144  31.764  -7.054 0.0000000000
108429  55.278  31.570  -7.486 0.0000000000
108440  55.699  32.070  -7.767 0.0000000000
108441  54.877  31.798  -8.217 0.0000000000
108442  53.937  31.385  -8.649 0.0000000000
108443  53.259  31.212  -8.947 0.0000000000
108446  54.573  31.954  -9.182 0.0000000000
108447  53.804  31.681  -9.446 0.0000000000
108448  52.891  31.370  -9.650 0.0000000000
108449  52.244  31.214  -10.121 0.0000000000
108451  54.475  32.087  -9.935 0.0000000000
108452  53.886  31.956  -10.439 0.0000000000
108453  52.961  31.599  -10.668 0.0000000000
108454  52.124  31.314  -10.832 0.0000000000
108461  53.777  32.096  -11.410 0.0000000000
108462  52.917  31.763  -11.608 0.0000000000
108463  51.840  31.347  -11.670 0.0000000000
108464  51.143  31.111  -12.008 0.0000000000
108473  55.617  32.308  -12.863 0.0000000000
108474  55.146  32.168  -12.890 0.0000000000
108475  54.118  32.105  -12.528 0.0000000000
108476  52.885  31.796  -12.610 0.0000000000
108477  51.838  31.479  -12.688 0.0000000000
108478  50.759  31.249  -12.660 0.0000000000
108479  49.768  31.222  -12.878 0.0000000000
108480  49.029  31.102  -13.122 0.0000000000
108489  57.054  32.386  -13.416 0.0000000000
108490  56.822  32.211  -13.517 0.0000000000
108491  56.060  32.189  -13.433 0.0000000000
108492  55.105  31.901  -13.548 0.0000000000
108493  53.990  31.760  -13.562 0.0000000000
108494  52.825  31.683  -13.615 0.0000000000
108495  51.703  31.555  -13.646 0.0000000000
108496  50.629  31.464  -13.719 0.0000000000
108497  49.641  31.331  -13.847 0.0000000000
108498  48.614  31.122  -13.869 0.0000000000
108499  47.868  31.004  -14.198 0.0000000000
108511  53.887  31.521  -14.559 0.0000000000
108512  52.698  31.563  -14.612 0.0000000000
108513  51.539  31.582  -14.661 0.0000000000
108514  50.437  31.576  -14.725 0.0000000000
108515  49.380  31.530  -14.779 0.0000000000
108516  48.398  31.402  -14.850 0.0000000000
108517  47.393  31.224  -14.852 0.0000000000
108518  46.597  31.186  -15.131 0.0000000000
108529  52.481  31.492  -15.631 0.0000000000
108530  51.289  31.551  -15.687 0.0000000000
108531  50.156  31.603  -15.733 0.0000000000
108532  49.091  31.580  -15.766 0.0000000000
108533  48.074  31.576  -15.771 0.0000000000
108534  47.075  31.577  -15.782 0.0000000000
108535  46.022  31.411  -15.775 0.0000000000
108536  45.232  31.116  -16.198 0.0000000000
108545  52.164  31.546  -16.703 0.0000000000
108546  50.935  31.557  -16.751 0.0000000000
108547  49.787  31.604  -16.768 0.0000000000
108548  48.719  31.742  -16.756 0.0000000000
108549  47.683  31.776  -16.733 0.0000000000
108550  46.633  31.833  -16.704 0.0000000000
108551  45.566  31.727  -16.782 0.0000000000
108552  44.599  31.246  -16.950 0.0000000000
108553  44.124  30.842  -17.442 0.0000000000
108563  50.461  31.567  -17.869 0.0000000000
108564  49.313  31.692  -17.853 0.0000000000
108565  48.234  31.841  -17.801 0.0000000000
108566  47.186  32.002  -17.732 0.0000000000
108567  46.124  32.111  -17.684 0.0000000000
108568  45.000  32.015  -17.800 0.0000000000
108569  44.275  31.424  -18.004 0.0000000000
108570  43.843  30.951  -17.884 0.0000000000
108582  49.851  31.456  -19.059 0.0000000000
108583  48.701  31.686  -19.003 0.0000000000
108584  47.609  31.903  -18.898 0.0000000000
108585  46.541  32.095  -18.772 0.0000000000
108586  45.620  32.197  -18.596 0.0000000000
108587  44.185  31.392  -18.567 0.0000000000
108604  47.932  31.627  -20.182 0.0000000000
108605  46.795  31.722  -19.991 0.0000000000
108606  45.579  31.950  -19.768 0.0000000000
108607  44.542  31.660  -20.095 0.0000000000
109244  56.424  32.349  -7.763 0.0000000000
109260  56.054  32.455  -8.554 0.0000000000
109261  55.333  32.273  -9.077 0.0000000000
109265  57.048  32.996  -9.262 0.0000000000
109266  56.072  32.666  -9.609 0.0000000000
109267  55.232  32.353  -9.863 0.0000000000
109269  56.820  33.064  -10.298 0.0000000000
109270  55.997  32.720  -10.592 0.0000000000
109271  55.015  32.416  -10.780 0.0000000000
109272  54.475  32.281  -11.275 0.0000000000
109275  56.894  33.099  -11.381 0.0000000000
109276  56.026  32.561  -11.589 0.0000000000
109277  55.237  32.370  -11.782 0.0000000000
109278  54.582  32.285  -11.988 0.0000000000
109284  56.812  32.665  -12.337 0.0000000000
109285  56.046  32.423  -12.610 0.0000000000
109286  55.232  32.282  -12.433 0.0000000000
109287  54.765  32.214  -12.465 0.0000000000
109295  56.777  32.471  -13.086 0.0000000000
109296  56.457  32.364  -13.212 0.0000000000
109326  44.771  31.968  -18.272 0.0000000000
109327  44.616  31.812  -18.152 0.0000000000
109335  44.983  32.133  -18.588 0.0000000000
109336  44.512  31.696  -18.616 0.0000000000
109337  44.188  31.399  -18.820 0.0000000000
109347  45.279  32.164  -19.063 0.0000000000
109348  44.848  31.931  -19.246 0.0000000000
109349  44.270  31.504  -19.266 0.0000000000
