#!ascii label  , from subject Broad_82_YZ vox2ras=TkReg
1367
52109  42.274  -18.496  3.171 0.0000000000
52110  42.032  -18.442  3.149 0.0000000000
52129  42.160  -18.534  2.891 0.0000000000
52130  41.897  -18.481  2.985 0.0000000000
52154  52.367  -18.196  -0.964 0.0000000000
52155  51.967  -18.202  -0.782 0.0000000000
52156  51.428  -18.238  -0.732 0.0000000000
52160  52.056  -18.268  -1.265 0.0000000000
52161  51.499  -18.293  -1.229 0.0000000000
52162  51.093  -18.307  -1.033 0.0000000000
53260  49.216  -17.208  6.049 0.0000000000
53261  48.814  -17.210  6.043 0.0000000000
53262  47.978  -17.172  6.015 0.0000000000
53263  47.073  -17.301  6.046 0.0000000000
53264  46.110  -17.479  6.121 0.0000000000
53265  45.188  -17.361  6.074 0.0000000000
53271  49.937  -17.289  5.449 0.0000000000
53272  49.435  -17.256  5.619 0.0000000000
53273  48.488  -17.289  5.312 0.0000000000
53274  47.565  -17.409  5.238 0.0000000000
53275  46.618  -17.601  5.255 0.0000000000
53276  45.625  -17.745  5.331 0.0000000000
53277  44.521  -17.712  5.530 0.0000000000
53278  43.519  -17.778  5.426 0.0000000000
53279  42.470  -17.680  5.544 0.0000000000
53280  41.277  -17.523  5.641 0.0000000000
53281  40.304  -17.245  5.423 0.0000000000
53287  51.882  -17.027  4.299 0.0000000000
53288  51.401  -17.132  4.418 0.0000000000
53289  50.261  -17.344  4.880 0.0000000000
53290  49.059  -17.367  4.553 0.0000000000
53291  48.042  -17.401  4.404 0.0000000000
53292  47.083  -17.613  4.363 0.0000000000
53293  46.103  -17.766  4.382 0.0000000000
53294  45.100  -17.947  4.466 0.0000000000
53295  44.070  -18.120  4.548 0.0000000000
53296  43.028  -17.986  4.542 0.0000000000
53297  41.939  -17.940  4.581 0.0000000000
53298  40.741  -17.845  4.586 0.0000000000
53299  39.537  -17.251  4.401 0.0000000000
53300  38.992  -16.491  3.974 0.0000000000
53309  52.651  -17.187  3.056 0.0000000000
53310  52.035  -17.219  3.699 0.0000000000
53311  50.729  -17.409  3.633 0.0000000000
53312  49.571  -17.442  3.619 0.0000000000
53313  48.494  -17.441  3.518 0.0000000000
53314  47.495  -17.527  3.463 0.0000000000
53315  46.520  -17.626  3.449 0.0000000000
53316  45.542  -17.791  3.465 0.0000000000
53317  44.557  -18.118  3.515 0.0000000000
53318  43.514  -18.389  3.599 0.0000000000
53319  42.532  -18.343  3.680 0.0000000000
53320  41.570  -18.290  3.414 0.0000000000
53321  40.221  -17.926  3.479 0.0000000000
53322  39.284  -17.583  3.314 0.0000000000
53323  38.847  -16.943  3.432 0.0000000000
53332  53.072  -17.087  2.398 0.0000000000
53333  52.085  -17.421  2.459 0.0000000000
53334  51.052  -17.534  2.589 0.0000000000
53335  49.928  -17.451  2.589 0.0000000000
53336  48.860  -17.403  2.565 0.0000000000
53337  47.848  -17.470  2.535 0.0000000000
53338  46.880  -17.445  2.530 0.0000000000
53339  45.923  -17.527  2.518 0.0000000000
53340  44.966  -17.897  2.483 0.0000000000
53341  43.925  -18.314  2.526 0.0000000000
53342  42.721  -18.594  2.679 0.0000000000
53343  41.753  -18.527  2.508 0.0000000000
53344  40.675  -18.363  2.515 0.0000000000
53345  39.596  -17.948  2.495 0.0000000000
53346  38.568  -17.244  2.451 0.0000000000
53347  38.044  -16.850  1.954 0.0000000000
53351  53.229  -17.217  1.308 0.0000000000
53352  52.288  -17.493  1.456 0.0000000000
53353  51.266  -17.683  1.535 0.0000000000
53354  50.182  -17.692  1.586 0.0000000000
53355  49.125  -17.524  1.593 0.0000000000
53356  48.116  -17.429  1.569 0.0000000000
53357  47.169  -17.253  1.598 0.0000000000
53358  46.254  -17.232  1.637 0.0000000000
53359  45.328  -17.500  1.512 0.0000000000
53360  44.290  -17.850  1.448 0.0000000000
53361  43.187  -18.246  1.504 0.0000000000
53362  42.103  -18.492  1.533 0.0000000000
53363  41.033  -18.519  1.534 0.0000000000
53364  39.975  -18.320  1.549 0.0000000000
53365  38.991  -17.813  1.509 0.0000000000
53366  38.002  -17.176  1.354 0.0000000000
53367  37.533  -16.931  0.835 0.0000000000
53373  52.480  -17.618  0.499 0.0000000000
53374  51.514  -17.822  0.549 0.0000000000
53375  50.433  -17.913  0.567 0.0000000000
53376  49.327  -17.726  0.602 0.0000000000
53377  48.373  -17.408  0.653 0.0000000000
53378  47.414  -17.007  0.517 0.0000000000
53379  46.492  -16.893  0.821 0.0000000000
53380  45.660  -17.011  0.802 0.0000000000
53381  44.692  -17.197  0.326 0.0000000000
53382  43.533  -17.818  0.402 0.0000000000
53383  42.452  -18.208  0.466 0.0000000000
53384  41.374  -18.406  0.524 0.0000000000
53385  40.330  -18.400  0.568 0.0000000000
53386  39.379  -18.133  0.587 0.0000000000
53387  38.506  -17.714  0.551 0.0000000000
53388  37.768  -17.300  0.404 0.0000000000
53397  52.628  -17.884  -0.433 0.0000000000
53398  51.798  -17.959  -0.234 0.0000000000
53399  50.781  -18.120  -0.521 0.0000000000
53400  49.597  -17.830  -0.399 0.0000000000
53401  48.509  -17.259  -0.381 0.0000000000
53402  47.977  -17.058  0.091 0.0000000000
53403  44.541  -16.922  -0.904 0.0000000000
53404  43.788  -17.512  -0.733 0.0000000000
53405  42.742  -17.853  -0.590 0.0000000000
53406  41.672  -18.067  -0.484 0.0000000000
53407  40.633  -18.301  -0.421 0.0000000000
53408  39.647  -18.299  -0.364 0.0000000000
53409  38.836  -17.987  -0.271 0.0000000000
53410  38.184  -17.594  -0.313 0.0000000000
53424  51.689  -18.176  -1.852 0.0000000000
53425  50.768  -18.104  -1.634 0.0000000000
53426  49.819  -17.896  -1.375 0.0000000000
53427  49.001  -17.485  -1.253 0.0000000000
53428  44.551  -16.811  -1.516 0.0000000000
53429  43.915  -17.028  -1.812 0.0000000000
53430  42.985  -17.564  -1.631 0.0000000000
53431  41.966  -17.815  -1.504 0.0000000000
53432  40.913  -18.047  -1.410 0.0000000000
53433  39.921  -18.287  -1.315 0.0000000000
53434  38.952  -17.992  -1.269 0.0000000000
53435  38.516  -17.763  -0.799 0.0000000000
53452  50.989  -17.916  -2.732 0.0000000000
53453  49.781  -17.551  -2.467 0.0000000000
53454  49.313  -17.557  -1.820 0.0000000000
53455  43.680  -16.955  -2.694 0.0000000000
53456  43.127  -17.267  -2.537 0.0000000000
53457  42.274  -17.614  -2.502 0.0000000000
53458  41.240  -17.837  -2.402 0.0000000000
53459  40.061  -17.967  -2.319 0.0000000000
53460  39.439  -17.990  -1.836 0.0000000000
53472  50.358  -17.152  -3.588 0.0000000000
53473  49.614  -17.112  -3.144 0.0000000000
53474  43.293  -17.056  -3.152 0.0000000000
53475  42.613  -17.268  -3.371 0.0000000000
53476  41.632  -17.485  -3.428 0.0000000000
53477  40.573  -17.706  -3.148 0.0000000000
53478  39.953  -17.792  -3.026 0.0000000000
53493  42.163  -17.214  -3.797 0.0000000000
53494  41.852  -17.128  -4.027 0.0000000000
54634  51.242  -15.936  8.248 0.0000000000
54635  50.867  -16.049  8.260 0.0000000000
54636  50.059  -16.127  8.194 0.0000000000
54637  49.274  -15.985  8.030 0.0000000000
54642  52.101  -15.928  7.548 0.0000000000
54643  51.574  -16.035  7.817 0.0000000000
54644  50.682  -16.411  7.575 0.0000000000
54645  49.756  -16.521  7.440 0.0000000000
54646  48.733  -16.360  7.477 0.0000000000
54647  47.873  -16.385  7.327 0.0000000000
54648  46.985  -16.327  7.352 0.0000000000
54649  45.961  -16.250  7.388 0.0000000000
54650  44.844  -16.430  7.609 0.0000000000
54651  43.684  -16.371  7.762 0.0000000000
54652  42.716  -16.136  7.804 0.0000000000
54659  52.896  -15.886  6.603 0.0000000000
54660  52.395  -16.077  7.003 0.0000000000
54661  51.344  -16.522  6.856 0.0000000000
54662  50.384  -16.802  6.708 0.0000000000
54663  49.387  -17.022  6.455 0.0000000000
54664  48.382  -16.837  6.672 0.0000000000
54665  47.479  -16.808  6.692 0.0000000000
54666  46.528  -16.847  6.722 0.0000000000
54667  45.473  -16.889  6.757 0.0000000000
54668  44.193  -17.123  6.699 0.0000000000
54669  42.899  -16.695  7.062 0.0000000000
54670  41.835  -16.217  7.219 0.0000000000
54671  41.210  -15.731  6.793 0.0000000000
54682  55.975  -16.033  5.208 0.0000000000
54683  54.978  -15.966  5.265 0.0000000000
54684  53.992  -15.909  5.412 0.0000000000
54685  52.973  -16.063  5.935 0.0000000000
54686  51.850  -16.495  5.943 0.0000000000
54687  50.927  -16.787  5.982 0.0000000000
54688  50.090  -17.128  5.824 0.0000000000
54689  49.638  -17.169  5.973 0.0000000000
54690  43.846  -17.523  6.000 0.0000000000
54691  43.139  -17.353  6.252 0.0000000000
54692  41.985  -17.087  6.482 0.0000000000
54693  40.745  -16.512  6.342 0.0000000000
54694  39.787  -16.449  5.386 0.0000000000
54708  55.228  -16.327  4.430 0.0000000000
54709  54.205  -16.322  4.512 0.0000000000
54710  53.231  -16.419  4.741 0.0000000000
54711  52.164  -16.716  4.787 0.0000000000
54712  51.227  -16.925  5.232 0.0000000000
54713  50.648  -17.069  5.472 0.0000000000
54714  39.162  -16.201  4.629 0.0000000000
54715  38.847  -15.874  4.044 0.0000000000
54734  55.453  -16.446  3.539 0.0000000000
54735  54.465  -16.500  3.615 0.0000000000
54736  53.288  -16.766  3.630 0.0000000000
54737  52.696  -16.786  4.212 0.0000000000
54738  38.433  -16.054  3.363 0.0000000000
54739  38.049  -15.661  2.892 0.0000000000
54756  54.708  -16.530  2.748 0.0000000000
54757  53.893  -16.682  2.871 0.0000000000
54758  38.417  -16.648  2.899 0.0000000000
54759  37.829  -16.223  2.303 0.0000000000
54760  37.194  -15.989  1.801 0.0000000000
54773  53.963  -16.772  2.033 0.0000000000
54774  37.761  -16.675  1.709 0.0000000000
54775  37.175  -16.403  1.239 0.0000000000
54776  36.544  -16.153  0.804 0.0000000000
54789  47.090  -16.660  -0.129 0.0000000000
54790  46.583  -16.644  0.047 0.0000000000
54791  45.855  -16.660  0.201 0.0000000000
54792  45.338  -16.817  0.267 0.0000000000
54793  37.184  -16.877  0.342 0.0000000000
54794  36.654  -16.462  0.348 0.0000000000
54806  48.145  -16.672  -0.819 0.0000000000
54807  47.621  -16.650  -0.478 0.0000000000
54808  46.742  -16.452  -0.641 0.0000000000
54809  45.936  -16.444  -0.557 0.0000000000
54810  45.216  -16.650  -0.315 0.0000000000
54811  37.487  -17.181  -0.447 0.0000000000
54812  36.798  -16.726  -0.446 0.0000000000
54823  48.411  -16.781  -1.338 0.0000000000
54824  47.891  -16.313  -1.210 0.0000000000
54825  47.104  -16.136  -1.362 0.0000000000
54826  46.171  -16.202  -1.341 0.0000000000
54827  45.192  -16.519  -1.395 0.0000000000
54828  44.574  -16.743  -1.938 0.0000000000
54829  38.636  -17.681  -1.671 0.0000000000
54830  38.149  -17.419  -1.339 0.0000000000
54831  37.181  -16.790  -1.331 0.0000000000
54840  49.141  -16.858  -2.831 0.0000000000
54841  48.821  -17.105  -2.084 0.0000000000
54842  46.480  -15.818  -1.891 0.0000000000
54843  45.773  -16.136  -2.246 0.0000000000
54844  44.988  -16.572  -2.386 0.0000000000
54845  44.270  -16.750  -2.566 0.0000000000
54846  39.601  -17.745  -2.845 0.0000000000
54847  38.906  -17.550  -2.351 0.0000000000
54848  37.618  -16.570  -2.447 0.0000000000
54849  36.813  -16.445  -1.991 0.0000000000
54857  50.128  -16.072  -3.668 0.0000000000
54858  49.599  -16.524  -3.234 0.0000000000
54859  45.316  -16.308  -2.937 0.0000000000
54860  44.686  -16.520  -3.166 0.0000000000
54861  43.886  -16.773  -3.392 0.0000000000
54862  43.198  -16.983  -3.723 0.0000000000
54863  41.446  -17.182  -3.990 0.0000000000
54864  40.850  -17.258  -3.895 0.0000000000
54865  39.717  -17.298  -3.511 0.0000000000
54866  38.567  -16.527  -3.432 0.0000000000
54867  37.771  -16.081  -3.290 0.0000000000
54878  45.198  -16.260  -3.580 0.0000000000
54879  44.537  -16.418  -4.106 0.0000000000
54880  43.605  -16.678  -4.291 0.0000000000
54881  42.564  -16.874  -4.300 0.0000000000
54882  41.457  -16.704  -4.506 0.0000000000
54883  40.370  -16.648  -4.364 0.0000000000
54884  39.390  -16.348  -4.240 0.0000000000
54885  38.638  -15.906  -4.212 0.0000000000
54896  44.103  -16.352  -4.889 0.0000000000
54897  43.310  -16.295  -5.149 0.0000000000
54898  42.295  -16.119  -5.159 0.0000000000
54899  41.486  -15.899  -5.050 0.0000000000
55958  54.032  -15.329  13.387 0.0000000000
55959  53.343  -15.142  13.066 0.0000000000
55972  54.745  -15.712  12.424 0.0000000000
55973  53.856  -15.431  12.357 0.0000000000
55974  52.995  -15.146  12.355 0.0000000000
55995  54.512  -15.638  11.417 0.0000000000
55996  53.552  -15.434  11.412 0.0000000000
55997  52.523  -15.194  11.429 0.0000000000
55998  51.847  -15.022  11.066 0.0000000000
56019  55.205  -15.667  10.445 0.0000000000
56020  54.213  -15.531  10.447 0.0000000000
56021  53.244  -15.412  10.444 0.0000000000
56022  52.360  -15.282  10.390 0.0000000000
56023  51.498  -15.101  10.399 0.0000000000
56024  50.871  -15.026  10.147 0.0000000000
56034  54.852  -15.486  9.501 0.0000000000
56035  53.876  -15.429  9.514 0.0000000000
56036  52.969  -15.416  9.521 0.0000000000
56037  52.133  -15.402  9.536 0.0000000000
56038  51.355  -15.365  9.518 0.0000000000
56039  50.508  -15.194  9.580 0.0000000000
56040  49.739  -15.058  9.335 0.0000000000
56041  48.965  -14.846  9.131 0.0000000000
56049  55.438  -15.337  8.577 0.0000000000
56050  54.433  -15.406  8.605 0.0000000000
56051  53.504  -15.464  8.645 0.0000000000
56052  52.664  -15.520  8.689 0.0000000000
56053  51.923  -15.572  8.750 0.0000000000
56054  51.210  -15.697  8.660 0.0000000000
56055  50.309  -15.670  8.826 0.0000000000
56056  49.449  -15.567  8.689 0.0000000000
56057  48.341  -15.440  8.403 0.0000000000
56058  47.081  -15.155  8.507 0.0000000000
56059  46.016  -15.106  8.643 0.0000000000
56060  44.982  -15.093  8.698 0.0000000000
56061  44.098  -15.001  8.615 0.0000000000
56062  43.677  -14.788  8.371 0.0000000000
56073  55.944  -15.260  7.674 0.0000000000
56074  54.918  -15.332  7.707 0.0000000000
56075  53.943  -15.486  7.763 0.0000000000
56076  53.083  -15.544  7.870 0.0000000000
56077  52.297  -15.721  7.896 0.0000000000
56078  51.774  -15.748  8.272 0.0000000000
56079  48.120  -15.985  7.756 0.0000000000
56080  47.494  -15.800  7.862 0.0000000000
56081  46.497  -15.686  7.969 0.0000000000
56082  45.442  -15.761  8.181 0.0000000000
56083  44.370  -15.788  8.353 0.0000000000
56084  43.360  -15.347  8.121 0.0000000000
56085  42.420  -15.378  7.525 0.0000000000
56098  56.351  -15.482  6.810 0.0000000000
56099  55.337  -15.399  6.841 0.0000000000
56100  54.346  -15.406  6.889 0.0000000000
56101  53.284  -15.636  6.933 0.0000000000
56102  52.776  -15.701  7.409 0.0000000000
56103  41.866  -15.322  6.864 0.0000000000
56104  41.431  -15.142  6.436 0.0000000000
56120  55.684  -15.674  6.014 0.0000000000
56121  54.711  -15.608  6.079 0.0000000000
56122  53.866  -15.645  6.218 0.0000000000
56123  40.951  -15.405  6.091 0.0000000000
56124  40.197  -15.522  5.632 0.0000000000
56135  39.527  -15.460  4.977 0.0000000000
56136  39.123  -15.330  4.347 0.0000000000
56149  38.682  -15.182  3.781 0.0000000000
56150  38.199  -15.155  3.225 0.0000000000
56159  37.616  -15.253  2.760 0.0000000000
56160  36.917  -15.440  2.033 0.0000000000
56161  36.320  -15.273  1.808 0.0000000000
56171  36.856  -15.896  1.601 0.0000000000
56172  36.179  -15.714  1.267 0.0000000000
56173  35.079  -15.395  0.875 0.0000000000
56174  34.549  -15.178  0.595 0.0000000000
56184  36.153  -16.077  0.320 0.0000000000
56185  35.547  -15.676  0.220 0.0000000000
56186  34.800  -15.355  0.043 0.0000000000
56196  36.313  -16.346  -0.317 0.0000000000
56197  35.830  -15.975  -0.557 0.0000000000
56198  35.179  -15.514  -0.732 0.0000000000
56207  48.498  -16.517  -1.904 0.0000000000
56208  48.244  -16.116  -1.746 0.0000000000
56209  47.719  -15.850  -1.688 0.0000000000
56210  36.342  -16.335  -1.294 0.0000000000
56211  35.588  -15.765  -1.568 0.0000000000
56212  34.845  -15.315  -1.645 0.0000000000
56220  49.184  -16.249  -2.911 0.0000000000
56221  48.738  -16.108  -2.409 0.0000000000
56222  48.084  -15.523  -2.164 0.0000000000
56223  47.182  -15.574  -2.200 0.0000000000
56224  46.411  -15.707  -2.523 0.0000000000
56225  37.276  -15.959  -3.028 0.0000000000
56226  36.401  -15.666  -2.691 0.0000000000
56227  35.247  -15.262  -2.341 0.0000000000
56228  34.713  -15.078  -2.194 0.0000000000
56234  50.184  -15.204  -3.621 0.0000000000
56235  49.396  -15.556  -3.078 0.0000000000
56236  48.574  -15.230  -2.694 0.0000000000
56237  47.773  -15.165  -2.923 0.0000000000
56238  46.811  -15.433  -3.117 0.0000000000
56239  45.935  -15.943  -3.269 0.0000000000
56240  38.088  -15.820  -3.840 0.0000000000
56241  37.311  -15.528  -3.689 0.0000000000
56242  36.616  -14.960  -3.745 0.0000000000
56251  47.277  -15.056  -3.834 0.0000000000
56252  46.413  -15.488  -4.027 0.0000000000
56253  45.527  -16.012  -4.373 0.0000000000
56254  44.768  -16.104  -4.943 0.0000000000
56255  40.847  -16.114  -4.844 0.0000000000
56256  40.070  -15.871  -4.835 0.0000000000
56257  39.154  -15.549  -4.743 0.0000000000
56258  38.125  -15.121  -4.601 0.0000000000
56259  37.153  -14.780  -4.279 0.0000000000
56260  36.729  -14.530  -4.090 0.0000000000
56268  46.867  -15.168  -4.613 0.0000000000
56269  46.182  -15.516  -4.947 0.0000000000
56270  45.371  -15.590  -5.470 0.0000000000
56271  44.225  -15.775  -5.654 0.0000000000
56272  43.121  -15.300  -5.921 0.0000000000
56273  41.967  -15.219  -5.462 0.0000000000
56274  40.911  -15.226  -5.090 0.0000000000
56275  39.855  -15.025  -5.127 0.0000000000
56276  38.947  -14.835  -5.125 0.0000000000
56277  38.501  -14.620  -4.991 0.0000000000
56285  44.856  -15.160  -6.152 0.0000000000
56286  44.069  -14.979  -6.254 0.0000000000
56287  43.615  -14.729  -6.216 0.0000000000
57330  53.957  -14.627  14.235 0.0000000000
57337  53.384  -14.604  13.715 0.0000000000
57338  52.792  -14.591  13.172 0.0000000000
57346  52.138  -14.617  12.486 0.0000000000
57347  51.558  -14.284  12.120 0.0000000000
57364  51.800  -14.778  11.722 0.0000000000
57365  51.221  -14.434  11.356 0.0000000000
57366  50.596  -14.111  11.014 0.0000000000
57381  50.880  -14.637  10.661 0.0000000000
57382  50.277  -14.373  10.372 0.0000000000
57383  49.710  -14.047  10.157 0.0000000000
57392  49.916  -14.589  9.838 0.0000000000
57393  49.299  -14.229  9.743 0.0000000000
57394  48.599  -14.106  9.539 0.0000000000
57395  47.904  -13.941  9.412 0.0000000000
57396  47.224  -13.902  9.353 0.0000000000
57406  48.291  -14.578  9.078 0.0000000000
57407  47.576  -14.539  8.949 0.0000000000
57408  46.574  -14.306  9.076 0.0000000000
57409  45.520  -14.308  8.921 0.0000000000
57410  44.554  -14.245  8.731 0.0000000000
57411  43.944  -14.456  8.477 0.0000000000
57422  44.018  -13.953  8.379 0.0000000000
57423  43.495  -14.273  7.962 0.0000000000
57424  42.857  -14.691  7.620 0.0000000000
57434  42.944  -14.057  7.272 0.0000000000
57435  42.343  -14.464  6.852 0.0000000000
57436  41.781  -14.714  6.460 0.0000000000
57447  41.925  -14.168  6.217 0.0000000000
57448  41.394  -14.448  5.807 0.0000000000
57449  40.736  -14.810  5.433 0.0000000000
57462  40.866  -14.038  5.090 0.0000000000
57463  40.066  -14.426  4.711 0.0000000000
57464  39.505  -14.906  4.487 0.0000000000
57474  39.825  -13.887  3.971 0.0000000000
57475  39.313  -14.424  3.903 0.0000000000
57476  38.660  -14.414  3.321 0.0000000000
57481  37.949  -14.377  2.951 0.0000000000
57482  37.120  -14.527  2.590 0.0000000000
57483  36.143  -14.682  2.129 0.0000000000
57484  35.001  -14.382  2.050 0.0000000000
57485  34.389  -14.211  1.925 0.0000000000
57490  36.014  -15.220  1.733 0.0000000000
57491  35.409  -15.112  1.615 0.0000000000
57492  34.254  -14.712  1.232 0.0000000000
57493  33.567  -14.276  0.909 0.0000000000
57500  34.164  -14.974  0.121 0.0000000000
57501  33.653  -14.441  0.302 0.0000000000
57508  34.352  -15.079  -0.902 0.0000000000
57509  33.707  -14.537  -0.624 0.0000000000
57517  34.257  -14.774  -1.982 0.0000000000
57518  33.843  -14.534  -1.406 0.0000000000
57526  36.111  -14.735  -3.415 0.0000000000
57527  35.500  -14.602  -3.020 0.0000000000
57528  34.820  -14.597  -2.525 0.0000000000
57533  50.222  -14.665  -3.900 0.0000000000
57534  49.607  -14.758  -3.547 0.0000000000
57535  48.869  -14.775  -3.181 0.0000000000
57536  48.348  -14.905  -3.042 0.0000000000
57537  36.375  -14.221  -3.898 0.0000000000
57538  35.857  -14.134  -3.537 0.0000000000
57546  49.754  -14.358  -4.250 0.0000000000
57547  48.884  -14.573  -4.014 0.0000000000
57548  48.165  -14.825  -3.604 0.0000000000
57549  38.217  -14.375  -4.939 0.0000000000
57550  37.614  -14.133  -4.689 0.0000000000
57551  36.886  -14.127  -4.318 0.0000000000
57560  49.040  -14.385  -4.968 0.0000000000
57561  47.826  -14.797  -4.817 0.0000000000
57562  46.680  -15.057  -5.410 0.0000000000
57563  46.046  -15.291  -5.567 0.0000000000
57564  43.353  -14.279  -6.089 0.0000000000
57565  42.559  -14.319  -5.759 0.0000000000
57566  41.529  -14.343  -5.481 0.0000000000
57567  40.487  -14.334  -5.412 0.0000000000
57568  39.524  -14.282  -5.424 0.0000000000
57569  38.691  -14.166  -5.312 0.0000000000
57570  38.160  -13.854  -5.082 0.0000000000
57578  48.352  -14.348  -5.874 0.0000000000
57579  47.226  -14.580  -6.077 0.0000000000
57580  45.902  -14.780  -6.244 0.0000000000
57581  44.766  -14.368  -6.488 0.0000000000
57582  43.965  -14.251  -6.349 0.0000000000
58583  54.239  -13.719  14.617 0.0000000000
58584  53.602  -13.722  14.196 0.0000000000
58591  53.027  -13.731  13.672 0.0000000000
58592  52.384  -13.742  13.183 0.0000000000
58599  51.770  -13.671  12.659 0.0000000000
58600  51.241  -13.625  12.098 0.0000000000
58614  50.722  -13.541  11.561 0.0000000000
58615  50.044  -13.370  10.997 0.0000000000
58616  49.546  -12.685  10.940 0.0000000000
58633  49.814  -13.772  10.476 0.0000000000
58634  49.171  -13.274  10.397 0.0000000000
58635  48.570  -12.828  10.207 0.0000000000
58644  48.845  -13.716  9.890 0.0000000000
58645  48.293  -13.258  9.859 0.0000000000
58646  47.438  -13.259  9.559 0.0000000000
58647  46.706  -13.371  9.355 0.0000000000
58654  45.911  -13.453  9.111 0.0000000000
58655  45.071  -13.460  8.866 0.0000000000
58656  44.357  -13.385  8.553 0.0000000000
58664  43.893  -13.414  7.970 0.0000000000
58665  43.295  -13.399  7.423 0.0000000000
58674  42.657  -13.381  6.558 0.0000000000
58675  42.207  -13.842  6.313 0.0000000000
58684  42.416  -12.934  5.974 0.0000000000
58685  41.930  -13.362  5.599 0.0000000000
58686  41.365  -13.775  5.246 0.0000000000
58697  41.732  -12.885  4.853 0.0000000000
58698  41.203  -13.228  4.574 0.0000000000
58699  40.615  -13.744  4.575 0.0000000000
58703  40.990  -12.981  3.838 0.0000000000
58704  40.435  -13.420  3.902 0.0000000000
58705  39.569  -13.427  3.312 0.0000000000
58706  39.063  -13.932  3.317 0.0000000000
58707  36.185  -13.097  3.160 0.0000000000
58708  35.187  -13.071  3.220 0.0000000000
58709  34.587  -12.948  3.199 0.0000000000
58711  39.210  -12.956  2.864 0.0000000000
58712  38.602  -13.444  2.920 0.0000000000
58713  37.527  -13.594  2.827 0.0000000000
58714  36.618  -13.784  2.695 0.0000000000
58715  35.589  -13.780  2.658 0.0000000000
58716  34.265  -13.506  2.545 0.0000000000
58717  33.071  -13.013  2.295 0.0000000000
58718  32.681  -12.583  2.048 0.0000000000
58720  34.048  -14.106  1.822 0.0000000000
58721  33.355  -13.815  1.509 0.0000000000
58722  32.599  -12.913  1.597 0.0000000000
58727  33.165  -13.900  0.486 0.0000000000
58728  32.563  -13.273  0.742 0.0000000000
58733  33.275  -13.952  -0.376 0.0000000000
58734  32.771  -13.432  -0.206 0.0000000000
58739  33.894  -14.141  -1.914 0.0000000000
58740  33.454  -13.756  -1.382 0.0000000000
58741  33.103  -13.480  -0.778 0.0000000000
58746  34.956  -14.031  -2.934 0.0000000000
58747  34.367  -13.778  -2.527 0.0000000000
58748  33.825  -13.703  -2.049 0.0000000000
58750  36.102  -13.477  -3.792 0.0000000000
58751  35.386  -13.662  -3.354 0.0000000000
58752  34.871  -13.565  -3.015 0.0000000000
58760  37.085  -13.459  -4.509 0.0000000000
58761  36.568  -13.617  -4.170 0.0000000000
58772  44.030  -12.818  -5.786 0.0000000000
58773  43.351  -13.349  -5.761 0.0000000000
58774  42.132  -13.480  -5.681 0.0000000000
58775  41.027  -13.564  -5.695 0.0000000000
58776  40.004  -13.584  -5.661 0.0000000000
58777  39.207  -13.636  -5.565 0.0000000000
58778  38.551  -13.374  -5.396 0.0000000000
58779  37.781  -13.237  -4.954 0.0000000000
58791  46.687  -13.923  -6.837 0.0000000000
58792  45.537  -13.552  -6.861 0.0000000000
58793  44.382  -13.260  -6.312 0.0000000000
58794  43.749  -13.772  -6.132 0.0000000000
58803  45.785  -12.757  -7.039 0.0000000000
59627  54.560  -12.853  14.814 0.0000000000
59634  53.942  -12.842  14.453 0.0000000000
59635  53.382  -12.845  13.969 0.0000000000
59642  52.814  -12.849  13.487 0.0000000000
59643  52.220  -12.831  13.019 0.0000000000
59650  51.551  -12.769  12.526 0.0000000000
59651  50.969  -12.896  12.058 0.0000000000
59660  50.484  -12.625  11.648 0.0000000000
59661  49.895  -12.355  11.320 0.0000000000
59662  49.482  -12.103  11.098 0.0000000000
59677  49.149  -12.275  10.757 0.0000000000
59678  48.710  -12.343  10.367 0.0000000000
59688  48.299  -12.367  9.905 0.0000000000
59689  47.657  -12.456  9.594 0.0000000000
59690  46.939  -12.576  9.347 0.0000000000
59693  46.265  -12.627  9.069 0.0000000000
59694  45.440  -12.584  8.808 0.0000000000
59695  44.740  -12.804  8.663 0.0000000000
59698  44.887  -12.250  8.425 0.0000000000
59699  44.311  -12.563  8.009 0.0000000000
59700  43.730  -12.835  7.567 0.0000000000
59704  43.950  -12.335  7.342 0.0000000000
59705  43.399  -12.593  6.876 0.0000000000
59709  42.874  -12.513  6.071 0.0000000000
59710  42.428  -12.687  5.556 0.0000000000
59719  42.790  -12.280  5.334 0.0000000000
59720  42.251  -12.508  4.807 0.0000000000
59721  41.719  -12.679  4.378 0.0000000000
59725  42.032  -12.387  4.061 0.0000000000
59726  41.476  -12.551  3.666 0.0000000000
59727  40.841  -12.754  3.340 0.0000000000
59728  40.252  -12.881  3.190 0.0000000000
59729  37.296  -12.088  3.299 0.0000000000
59730  36.807  -12.295  3.365 0.0000000000
59731  35.739  -12.307  3.539 0.0000000000
59732  34.743  -12.305  3.473 0.0000000000
59733  34.043  -12.063  3.375 0.0000000000
59735  41.236  -12.367  2.934 0.0000000000
59736  40.651  -12.345  2.763 0.0000000000
59737  39.751  -12.486  2.833 0.0000000000
59738  38.877  -12.445  2.798 0.0000000000
59739  37.758  -12.410  3.000 0.0000000000
59740  37.005  -13.050  3.010 0.0000000000
59741  34.196  -12.688  3.201 0.0000000000
59742  33.513  -12.368  2.938 0.0000000000
59743  32.830  -12.155  2.393 0.0000000000
59745  32.429  -12.102  1.800 0.0000000000
59747  32.022  -12.280  0.961 0.0000000000
59748  31.766  -11.947  0.136 0.0000000000
59750  32.166  -12.729  -0.037 0.0000000000
59751  31.815  -12.088  -0.694 0.0000000000
59753  33.334  -13.234  -1.626 0.0000000000
59754  32.821  -12.882  -1.203 0.0000000000
59755  31.852  -12.096  -1.702 0.0000000000
59758  34.278  -13.253  -2.692 0.0000000000
59759  33.709  -13.130  -2.258 0.0000000000
59760  32.744  -12.339  -2.454 0.0000000000
59761  31.873  -11.863  -2.491 0.0000000000
59764  36.154  -13.079  -3.865 0.0000000000
59765  35.816  -13.019  -3.701 0.0000000000
59766  34.775  -12.935  -3.254 0.0000000000
59767  33.695  -12.438  -3.165 0.0000000000
59768  32.985  -12.020  -3.265 0.0000000000
59773  37.214  -12.865  -4.671 0.0000000000
59774  36.494  -12.888  -4.231 0.0000000000
59775  35.816  -12.438  -4.052 0.0000000000
59776  35.238  -12.194  -4.021 0.0000000000
59786  44.921  -12.086  -6.193 0.0000000000
59787  44.509  -12.364  -6.058 0.0000000000
59788  43.690  -12.325  -5.854 0.0000000000
59789  42.681  -12.653  -5.903 0.0000000000
59790  41.502  -12.761  -6.137 0.0000000000
59791  40.394  -12.995  -6.134 0.0000000000
59792  39.326  -12.759  -5.888 0.0000000000
59793  38.283  -12.574  -5.355 0.0000000000
59794  37.629  -12.517  -4.938 0.0000000000
59811  45.203  -12.405  -6.519 0.0000000000
59812  44.681  -12.657  -6.303 0.0000000000
59813  43.048  -12.022  -6.267 0.0000000000
59814  42.202  -12.080  -6.454 0.0000000000
59815  41.349  -12.054  -6.591 0.0000000000
59816  40.573  -12.358  -6.484 0.0000000000
59817  39.950  -12.572  -6.360 0.0000000000
60695  55.376  -11.796  15.354 0.0000000000
60696  54.852  -12.315  14.981 0.0000000000
60702  55.053  -11.396  14.708 0.0000000000
60703  54.429  -11.847  14.417 0.0000000000
60704  53.769  -12.314  14.121 0.0000000000
60708  54.087  -11.408  13.771 0.0000000000
60709  53.379  -11.829  13.503 0.0000000000
60710  52.658  -12.299  13.229 0.0000000000
60713  52.900  -11.237  12.899 0.0000000000
60714  52.241  -11.782  12.779 0.0000000000
60715  51.141  -11.888  12.092 0.0000000000
60718  50.309  -11.666  11.564 0.0000000000
60719  49.720  -11.635  11.218 0.0000000000
60720  49.335  -11.590  10.855 0.0000000000
60729  48.931  -11.617  10.454 0.0000000000
60730  48.535  -11.651  9.954 0.0000000000
60740  47.944  -11.665  9.547 0.0000000000
60741  47.088  -11.674  9.124 0.0000000000
60742  46.590  -12.130  9.027 0.0000000000
60744  46.741  -11.257  8.705 0.0000000000
60745  46.052  -11.650  8.566 0.0000000000
60746  45.309  -11.991  8.437 0.0000000000
60748  45.606  -11.190  8.032 0.0000000000
60749  44.922  -11.610  7.788 0.0000000000
60750  44.303  -12.048  7.471 0.0000000000
60755  44.676  -11.349  7.053 0.0000000000
60756  44.086  -11.735  6.706 0.0000000000
60757  43.397  -12.151  6.352 0.0000000000
60760  43.966  -11.412  5.487 0.0000000000
60761  43.314  -11.909  5.757 0.0000000000
60770  44.312  -11.401  4.420 0.0000000000
60771  43.078  -11.856  4.585 0.0000000000
60772  42.411  -12.181  4.190 0.0000000000
60781  43.385  -11.542  3.426 0.0000000000
60782  42.288  -12.012  3.425 0.0000000000
60783  41.646  -12.220  3.010 0.0000000000
60784  37.963  -11.227  3.394 0.0000000000
60785  37.295  -11.543  3.489 0.0000000000
60786  36.244  -11.449  3.718 0.0000000000
60787  35.202  -11.407  3.683 0.0000000000
60788  34.349  -11.416  3.464 0.0000000000
60789  33.693  -11.409  3.187 0.0000000000
60797  42.657  -11.459  2.546 0.0000000000
60798  41.501  -11.682  2.450 0.0000000000
60799  40.302  -11.658  2.568 0.0000000000
60800  39.382  -11.699  2.776 0.0000000000
60801  38.496  -11.617  3.046 0.0000000000
60802  37.884  -11.702  3.217 0.0000000000
60803  33.124  -11.397  2.714 0.0000000000
60804  32.632  -11.326  2.166 0.0000000000
60813  42.266  -11.099  2.011 0.0000000000
60814  32.167  -11.250  1.470 0.0000000000
60816  31.743  -11.229  0.629 0.0000000000
60817  31.440  -11.221  -0.241 0.0000000000
60819  31.221  -11.351  -1.153 0.0000000000
60821  31.311  -11.347  -2.095 0.0000000000
60823  32.291  -11.763  -3.083 0.0000000000
60824  31.591  -11.292  -2.934 0.0000000000
60827  34.427  -12.169  -3.894 0.0000000000
60828  33.500  -11.918  -3.883 0.0000000000
60829  32.689  -11.593  -3.758 0.0000000000
60830  32.032  -11.288  -3.528 0.0000000000
60835  37.139  -12.355  -4.698 0.0000000000
60836  36.655  -12.012  -4.607 0.0000000000
60837  35.923  -11.789  -4.555 0.0000000000
60838  35.073  -11.855  -4.621 0.0000000000
60839  34.096  -11.856  -4.689 0.0000000000
60840  33.024  -11.545  -4.676 0.0000000000
60857  39.211  -12.214  -6.103 0.0000000000
60858  38.774  -11.933  -5.831 0.0000000000
60859  37.700  -11.758  -5.172 0.0000000000
60860  36.790  -11.250  -5.229 0.0000000000
60861  35.775  -11.460  -5.325 0.0000000000
60862  34.801  -11.669  -5.488 0.0000000000
60863  33.758  -11.588  -5.595 0.0000000000
60864  32.839  -11.148  -5.604 0.0000000000
60889  40.665  -11.626  -6.925 0.0000000000
60890  39.622  -11.911  -6.476 0.0000000000
60891  38.951  -11.282  -6.213 0.0000000000
60892  36.437  -11.020  -6.058 0.0000000000
60893  35.525  -11.396  -6.286 0.0000000000
60894  34.489  -11.508  -6.463 0.0000000000
60895  33.410  -11.237  -6.582 0.0000000000
60896  32.683  -10.749  -6.270 0.0000000000
60923  36.304  -11.152  -7.168 0.0000000000
60924  35.224  -11.406  -7.311 0.0000000000
60925  34.181  -11.288  -7.484 0.0000000000
60926  33.350  -10.924  -7.551 0.0000000000
60944  35.820  -11.322  -8.018 0.0000000000
60945  34.897  -11.242  -8.428 0.0000000000
60946  33.780  -10.883  -8.461 0.0000000000
60947  33.216  -10.632  -8.093 0.0000000000
60961  34.304  -10.870  -9.098 0.0000000000
60962  33.898  -10.664  -9.083 0.0000000000
61856  54.919  -11.126  14.349 0.0000000000
61861  55.123  -10.714  14.100 0.0000000000
61862  54.541  -10.908  13.768 0.0000000000
61863  53.938  -11.097  13.422 0.0000000000
61866  54.139  -10.628  13.203 0.0000000000
61867  53.444  -10.769  12.910 0.0000000000
61868  52.435  -10.597  12.474 0.0000000000
61869  51.602  -10.993  12.325 0.0000000000
61872  51.696  -10.411  11.997 0.0000000000
61873  50.821  -10.645  11.599 0.0000000000
61874  49.906  -11.015  11.191 0.0000000000
61875  49.553  -11.236  10.952 0.0000000000
61882  50.520  -10.132  11.025 0.0000000000
61883  50.040  -10.408  10.914 0.0000000000
61884  49.290  -10.817  10.436 0.0000000000
61885  48.807  -11.198  10.077 0.0000000000
61894  49.000  -10.454  9.813 0.0000000000
61895  48.372  -10.767  9.535 0.0000000000
61896  47.659  -11.176  9.239 0.0000000000
61899  47.976  -10.318  8.971 0.0000000000
61900  47.236  -10.679  8.729 0.0000000000
61901  46.538  -11.034  8.491 0.0000000000
61904  46.848  -10.276  8.213 0.0000000000
61905  46.165  -10.636  7.934 0.0000000000
61906  45.437  -11.053  7.697 0.0000000000
61912  45.916  -10.185  6.791 0.0000000000
61913  45.139  -10.897  7.030 0.0000000000
61914  44.613  -11.248  6.728 0.0000000000
61918  46.956  -9.953  5.169 0.0000000000
61919  46.227  -10.145  5.700 0.0000000000
61920  45.253  -10.599  5.969 0.0000000000
61921  44.563  -11.065  6.205 0.0000000000
61931  46.380  -10.542  4.648 0.0000000000
61932  45.420  -10.942  4.877 0.0000000000
61933  44.693  -11.065  5.378 0.0000000000
61947  39.124  -10.509  3.167 0.0000000000
61948  38.473  -10.678  3.396 0.0000000000
61949  37.636  -10.577  3.698 0.0000000000
61950  36.707  -10.551  3.790 0.0000000000
61951  35.687  -10.522  3.686 0.0000000000
61952  34.599  -10.450  3.343 0.0000000000
61953  34.004  -10.885  3.260 0.0000000000
61968  41.788  -10.642  2.020 0.0000000000
61969  40.788  -10.741  2.386 0.0000000000
61970  39.772  -10.804  2.839 0.0000000000
61971  39.060  -11.076  3.028 0.0000000000
61972  34.274  -9.994  2.851 0.0000000000
61973  33.621  -10.388  2.650 0.0000000000
61974  32.975  -10.832  2.401 0.0000000000
61993  33.344  -9.924  1.983 0.0000000000
61994  32.804  -10.356  1.826 0.0000000000
62002  32.069  -10.291  1.013 0.0000000000
62003  31.518  -10.305  0.207 0.0000000000
62005  30.844  -10.261  -0.644 0.0000000000
62006  30.624  -9.665  -0.905 0.0000000000
62008  30.823  -10.604  -1.614 0.0000000000
62009  30.608  -9.869  -1.311 0.0000000000
62011  31.014  -10.495  -2.567 0.0000000000
62012  30.741  -9.992  -1.929 0.0000000000
62014  32.251  -11.055  -4.158 0.0000000000
62015  31.458  -10.640  -3.635 0.0000000000
62023  32.381  -10.935  -4.897 0.0000000000
62024  31.822  -10.458  -4.541 0.0000000000
62042  38.356  -11.239  -5.803 0.0000000000
62043  37.733  -10.930  -5.757 0.0000000000
62044  37.165  -10.811  -5.999 0.0000000000
62045  32.106  -10.320  -5.487 0.0000000000
62046  31.609  -10.038  -4.851 0.0000000000
62074  40.053  -11.191  -6.989 0.0000000000
62075  39.441  -10.885  -6.734 0.0000000000
62076  38.546  -10.652  -6.395 0.0000000000
62077  37.763  -10.523  -6.511 0.0000000000
62078  37.082  -10.688  -6.723 0.0000000000
62079  32.845  -10.769  -6.968 0.0000000000
62080  32.306  -10.129  -6.703 0.0000000000
62108  39.169  -10.154  -7.119 0.0000000000
62109  38.373  -10.102  -7.071 0.0000000000
62110  37.691  -10.203  -7.330 0.0000000000
62111  37.065  -10.682  -7.516 0.0000000000
62112  32.804  -10.436  -7.629 0.0000000000
62113  32.445  -9.694  -7.648 0.0000000000
62131  37.428  -10.297  -8.125 0.0000000000
62132  36.636  -10.911  -8.302 0.0000000000
62133  35.810  -11.121  -8.778 0.0000000000
62134  33.656  -10.489  -8.982 0.0000000000
62135  33.040  -10.081  -8.652 0.0000000000
62136  32.553  -9.413  -8.200 0.0000000000
62148  37.270  -10.375  -9.037 0.0000000000
62149  36.388  -10.754  -9.423 0.0000000000
62150  35.153  -10.807  -9.577 0.0000000000
62151  33.880  -10.224  -9.694 0.0000000000
62152  33.301  -9.733  -9.360 0.0000000000
62163  38.062  -10.339  -10.771 0.0000000000
62164  37.348  -10.508  -10.278 0.0000000000
62165  36.007  -10.624  -10.547 0.0000000000
62166  34.815  -10.098  -10.768 0.0000000000
62167  34.167  -9.792  -10.468 0.0000000000
62175  37.666  -10.412  -11.482 0.0000000000
62176  36.687  -10.591  -11.372 0.0000000000
62177  35.668  -10.132  -11.672 0.0000000000
62178  35.044  -9.755  -11.451 0.0000000000
62191  37.550  -10.284  -12.197 0.0000000000
62192  36.971  -10.390  -12.101 0.0000000000
62193  36.386  -10.307  -11.955 0.0000000000
63117  54.516  -10.428  13.283 0.0000000000
63124  52.989  -10.050  12.338 0.0000000000
63125  52.547  -10.133  12.224 0.0000000000
63131  52.188  -9.853  11.825 0.0000000000
63132  51.458  -10.133  11.608 0.0000000000
63141  52.219  -9.117  10.790 0.0000000000
63142  51.118  -9.730  10.943 0.0000000000
63143  50.182  -9.933  10.514 0.0000000000
63144  49.716  -10.247  10.447 0.0000000000
63154  51.305  -9.072  10.157 0.0000000000
63155  50.367  -9.320  9.811 0.0000000000
63156  49.438  -10.008  9.824 0.0000000000
63157  48.831  -10.225  9.529 0.0000000000
63160  49.997  -9.039  9.206 0.0000000000
63161  49.518  -9.370  9.217 0.0000000000
63162  48.549  -9.781  8.895 0.0000000000
63163  47.777  -10.137  8.683 0.0000000000
63166  48.180  -9.197  7.794 0.0000000000
63167  47.360  -9.851  8.152 0.0000000000
63168  46.734  -10.128  7.948 0.0000000000
63174  48.096  -8.889  6.797 0.0000000000
63175  47.305  -9.397  7.149 0.0000000000
63176  46.637  -9.910  7.452 0.0000000000
63184  48.408  -8.978  5.810 0.0000000000
63185  47.308  -9.500  6.051 0.0000000000
63186  46.641  -9.760  6.615 0.0000000000
63207  47.689  -9.663  5.236 0.0000000000
63223  39.453  -10.044  3.159 0.0000000000
63224  38.832  -9.907  3.417 0.0000000000
63225  38.105  -9.795  3.726 0.0000000000
63226  37.219  -9.676  3.734 0.0000000000
63227  36.204  -9.614  3.512 0.0000000000
63228  35.332  -9.833  3.356 0.0000000000
63241  41.320  -9.745  2.387 0.0000000000
63242  40.198  -9.693  2.913 0.0000000000
63243  35.559  -9.215  3.007 0.0000000000
63244  34.784  -9.556  2.840 0.0000000000
63245  34.228  -9.701  2.425 0.0000000000
63267  35.284  -9.094  2.312 0.0000000000
63268  34.708  -9.211  1.973 0.0000000000
63269  33.885  -9.453  1.743 0.0000000000
63270  33.236  -9.661  1.562 0.0000000000
63286  33.505  -9.267  1.129 0.0000000000
63287  32.791  -9.432  0.994 0.0000000000
63288  31.974  -9.426  0.432 0.0000000000
63290  31.318  -9.404  -0.148 0.0000000000
63291  30.807  -9.275  -0.662 0.0000000000
63293  30.616  -9.237  -1.154 0.0000000000
63295  30.791  -9.581  -2.400 0.0000000000
63296  30.670  -9.358  -1.746 0.0000000000
63298  30.970  -9.748  -3.205 0.0000000000
63307  31.241  -9.759  -4.221 0.0000000000
63320  31.911  -9.365  -5.907 0.0000000000
63321  31.546  -9.489  -5.059 0.0000000000
63346  32.030  -9.114  -6.843 0.0000000000
63368  38.874  -9.521  -7.519 0.0000000000
63369  38.270  -9.702  -7.597 0.0000000000
63370  32.291  -8.731  -7.732 0.0000000000
63385  38.551  -9.252  -8.239 0.0000000000
63386  37.921  -9.766  -7.965 0.0000000000
63387  32.996  -9.416  -9.187 0.0000000000
63388  32.605  -9.017  -8.697 0.0000000000
63401  38.440  -9.389  -9.178 0.0000000000
63402  37.906  -9.813  -8.656 0.0000000000
63403  33.818  -9.513  -10.330 0.0000000000
63404  33.260  -9.102  -9.852 0.0000000000
63405  32.839  -9.007  -9.283 0.0000000000
63413  39.049  -9.166  -10.671 0.0000000000
63414  38.376  -9.800  -10.161 0.0000000000
63415  37.906  -10.016  -9.449 0.0000000000
63416  34.692  -9.494  -11.355 0.0000000000
63417  34.148  -9.184  -10.984 0.0000000000
63418  33.681  -9.067  -10.509 0.0000000000
63423  38.494  -9.973  -11.191 0.0000000000
63424  35.578  -9.609  -12.271 0.0000000000
63425  34.943  -9.208  -11.996 0.0000000000
63426  34.512  -9.086  -11.521 0.0000000000
63448  37.208  -10.102  -12.787 0.0000000000
63449  36.223  -9.852  -12.588 0.0000000000
63450  35.523  -9.100  -12.734 0.0000000000
64371  50.889  -8.895  9.657 0.0000000000
64377  50.509  -8.631  9.020 0.0000000000
64378  49.670  -8.992  8.741 0.0000000000
64379  49.207  -9.313  8.753 0.0000000000
64386  49.749  -8.571  8.094 0.0000000000
64387  49.045  -9.066  8.269 0.0000000000
64400  48.920  -8.668  7.454 0.0000000000
64419  48.917  -8.559  6.655 0.0000000000
64444  39.269  -9.256  3.313 0.0000000000
64445  38.538  -9.199  3.530 0.0000000000
64446  37.827  -8.915  3.563 0.0000000000
64447  36.898  -8.837  3.377 0.0000000000
64448  36.194  -8.901  3.052 0.0000000000
64466  40.830  -8.660  2.837 0.0000000000
64467  39.775  -8.440  3.079 0.0000000000
64468  38.665  -8.337  3.180 0.0000000000
64469  37.575  -8.121  2.828 0.0000000000
64470  36.657  -8.473  2.538 0.0000000000
64471  35.950  -8.860  2.303 0.0000000000
64492  37.122  -8.064  1.789 0.0000000000
64493  36.417  -8.452  1.539 0.0000000000
64494  35.534  -8.739  1.407 0.0000000000
64495  34.680  -8.876  1.126 0.0000000000
64496  34.041  -8.987  0.946 0.0000000000
64508  36.958  -8.163  0.886 0.0000000000
64509  36.378  -8.375  0.414 0.0000000000
64510  35.450  -8.414  0.359 0.0000000000
64511  34.507  -8.385  0.576 0.0000000000
64512  33.540  -8.572  0.621 0.0000000000
64513  32.569  -8.526  0.231 0.0000000000
64514  31.827  -8.787  -0.040 0.0000000000
64516  36.161  -8.252  -0.210 0.0000000000
64517  35.786  -8.038  -0.247 0.0000000000
64518  32.015  -8.177  -0.245 0.0000000000
64519  31.246  -8.429  -0.516 0.0000000000
64520  30.741  -8.708  -0.935 0.0000000000
64522  30.841  -8.165  -1.098 0.0000000000
64523  30.692  -8.596  -1.552 0.0000000000
64525  30.877  -8.971  -2.742 0.0000000000
64526  30.727  -8.890  -2.169 0.0000000000
64531  31.004  -8.888  -3.519 0.0000000000
64538  31.233  -8.754  -4.434 0.0000000000
64541  31.995  -8.414  -6.055 0.0000000000
64542  31.586  -8.588  -5.285 0.0000000000
64559  32.056  -8.126  -6.858 0.0000000000
64583  32.204  -7.782  -7.489 0.0000000000
64600  39.023  -8.783  -8.356 0.0000000000
64601  32.386  -7.846  -8.321 0.0000000000
64615  38.924  -8.690  -8.848 0.0000000000
64616  32.908  -7.877  -9.931 0.0000000000
64617  32.730  -8.356  -9.222 0.0000000000
64631  38.907  -8.795  -9.715 0.0000000000
64632  33.942  -8.561  -11.195 0.0000000000
64633  33.567  -8.363  -10.735 0.0000000000
64643  34.623  -8.562  -12.208 0.0000000000
64644  34.214  -8.425  -11.753 0.0000000000
64645  33.839  -8.237  -11.285 0.0000000000
64667  34.878  -8.306  -12.713 0.0000000000
64668  34.487  -8.244  -12.307 0.0000000000
65729  41.301  -7.675  2.742 0.0000000000
65730  40.287  -7.525  2.756 0.0000000000
65731  39.274  -7.432  2.515 0.0000000000
65732  38.389  -7.609  2.322 0.0000000000
65733  37.768  -7.724  1.866 0.0000000000
65744  38.866  -7.234  1.755 0.0000000000
65745  38.308  -7.360  1.215 0.0000000000
65746  37.569  -7.763  0.965 0.0000000000
65753  38.141  -7.575  0.180 0.0000000000
65754  37.396  -8.036  -0.101 0.0000000000
65755  36.792  -8.087  -0.409 0.0000000000
65756  35.142  -7.749  0.091 0.0000000000
65757  34.138  -7.623  0.396 0.0000000000
65758  33.199  -7.602  0.251 0.0000000000
65759  32.497  -7.601  -0.199 0.0000000000
65762  38.296  -7.549  -0.900 0.0000000000
65763  37.646  -7.502  -1.165 0.0000000000
65764  36.500  -7.727  -0.533 0.0000000000
65765  35.826  -7.598  -0.269 0.0000000000
65766  31.822  -7.503  -0.610 0.0000000000
65767  31.167  -7.712  -0.980 0.0000000000
65769  39.288  -7.331  -2.422 0.0000000000
65770  38.804  -7.519  -2.069 0.0000000000
65771  38.360  -7.191  -2.287 0.0000000000
65772  31.509  -7.189  -1.264 0.0000000000
65773  30.927  -7.671  -1.762 0.0000000000
65774  30.751  -8.326  -2.129 0.0000000000
65777  39.203  -7.268  -2.628 0.0000000000
65778  38.879  -7.204  -2.684 0.0000000000
65779  38.639  -7.015  -2.712 0.0000000000
65780  31.036  -8.123  -2.709 0.0000000000
65781  30.826  -8.567  -2.442 0.0000000000
65786  31.251  -7.979  -3.711 0.0000000000
65790  31.483  -7.830  -4.629 0.0000000000
65793  32.289  -7.527  -6.119 0.0000000000
65794  31.825  -7.695  -5.447 0.0000000000
65796  32.436  -7.243  -6.855 0.0000000000
65815  32.335  -6.984  -7.619 0.0000000000
65837  32.377  -6.822  -8.271 0.0000000000
65856  32.719  -6.837  -9.810 0.0000000000
65857  32.656  -7.177  -9.028 0.0000000000
65872  33.112  -7.239  -10.579 0.0000000000
65884  33.919  -7.772  -11.974 0.0000000000
65885  33.622  -7.571  -11.441 0.0000000000
65904  34.711  -7.666  -12.897 0.0000000000
65905  34.294  -7.614  -12.462 0.0000000000
65906  33.775  -7.324  -12.081 0.0000000000
65923  34.623  -7.223  -12.987 0.0000000000
67145  42.626  -6.549  2.635 0.0000000000
67146  41.610  -6.661  2.607 0.0000000000
67147  40.726  -6.747  2.426 0.0000000000
67148  39.859  -6.655  1.794 0.0000000000
67149  39.261  -7.007  1.755 0.0000000000
67156  39.822  -6.237  0.284 0.0000000000
67157  39.105  -6.869  0.769 0.0000000000
67158  38.565  -7.231  0.456 0.0000000000
67164  39.998  -6.168  -0.630 0.0000000000
67165  39.549  -6.448  -0.951 0.0000000000
67166  38.776  -7.150  -0.354 0.0000000000
67167  35.693  -6.420  0.160 0.0000000000
67168  34.742  -6.696  0.243 0.0000000000
67169  33.693  -6.692  0.262 0.0000000000
67170  32.848  -6.648  -0.193 0.0000000000
67171  32.346  -7.075  -0.475 0.0000000000
67174  39.704  -6.772  -2.145 0.0000000000
67175  39.168  -7.269  -1.498 0.0000000000
67176  37.105  -6.981  -0.906 0.0000000000
67177  36.211  -7.069  -0.330 0.0000000000
67178  35.541  -7.141  0.001 0.0000000000
67179  32.658  -6.112  -0.611 0.0000000000
67180  32.165  -6.551  -0.953 0.0000000000
67183  39.576  -7.047  -2.688 0.0000000000
67184  39.403  -7.310  -2.211 0.0000000000
67185  37.793  -6.833  -1.941 0.0000000000
67186  31.610  -6.684  -2.112 0.0000000000
67187  31.224  -7.405  -2.395 0.0000000000
67191  39.308  -7.017  -3.037 0.0000000000
67192  38.885  -6.808  -2.969 0.0000000000
67193  38.491  -6.724  -2.574 0.0000000000
67194  31.948  -6.484  -3.262 0.0000000000
67195  31.491  -7.302  -3.007 0.0000000000
67199  32.213  -6.390  -4.241 0.0000000000
67200  31.690  -7.146  -3.942 0.0000000000
67204  32.434  -6.377  -5.141 0.0000000000
67205  31.787  -6.965  -4.875 0.0000000000
67209  33.215  -5.888  -6.655 0.0000000000
67210  32.838  -6.539  -6.080 0.0000000000
67211  32.216  -7.002  -5.543 0.0000000000
67213  33.139  -5.736  -7.221 0.0000000000
67214  32.798  -6.414  -7.042 0.0000000000
67220  33.065  -5.637  -7.503 0.0000000000
67221  32.738  -6.072  -7.751 0.0000000000
67234  32.548  -6.204  -8.473 0.0000000000
67253  32.619  -6.101  -9.690 0.0000000000
67254  32.586  -6.258  -9.144 0.0000000000
67279  32.728  -6.285  -10.348 0.0000000000
67292  33.080  -6.480  -11.170 0.0000000000
67307  33.894  -6.852  -12.366 0.0000000000
67308  33.481  -6.658  -11.916 0.0000000000
67325  34.319  -6.559  -12.818 0.0000000000
68503  41.814  -5.712  2.215 0.0000000000
68504  40.975  -6.019  2.018 0.0000000000
68505  40.476  -6.312  1.914 0.0000000000
68512  42.550  -5.046  1.620 0.0000000000
68513  42.041  -5.217  1.590 0.0000000000
68514  41.144  -5.398  0.958 0.0000000000
68515  40.412  -6.022  1.122 0.0000000000
68521  40.856  -5.312  -0.699 0.0000000000
68522  40.283  -5.744  -0.575 0.0000000000
68523  40.090  -6.083  -1.177 0.0000000000
68524  37.752  -5.443  -0.427 0.0000000000
68525  36.916  -5.547  0.057 0.0000000000
68526  35.959  -5.565  0.467 0.0000000000
68527  35.020  -5.587  0.336 0.0000000000
68528  33.968  -5.614  0.049 0.0000000000
68529  33.410  -6.137  -0.062 0.0000000000
68531  40.728  -5.354  -1.790 0.0000000000
68532  40.327  -5.531  -1.773 0.0000000000
68533  39.969  -5.750  -2.109 0.0000000000
68534  38.652  -5.622  -1.558 0.0000000000
68535  37.623  -6.168  -1.111 0.0000000000
68536  36.609  -6.317  -0.274 0.0000000000
68537  33.512  -5.090  -0.380 0.0000000000
68538  33.082  -5.611  -0.435 0.0000000000
68539  32.569  -5.689  -0.954 0.0000000000
68541  40.565  -5.341  -2.061 0.0000000000
68542  40.329  -5.391  -2.158 0.0000000000
68543  39.589  -6.459  -2.738 0.0000000000
68544  39.141  -6.018  -2.665 0.0000000000
68545  38.343  -6.190  -2.318 0.0000000000
68546  32.286  -5.773  -1.706 0.0000000000
68549  39.577  -6.740  -3.025 0.0000000000
68550  39.283  -6.493  -3.054 0.0000000000
68551  38.823  -6.373  -2.853 0.0000000000
68552  32.242  -5.762  -2.679 0.0000000000
68555  32.454  -5.714  -3.653 0.0000000000
68558  33.217  -5.224  -5.341 0.0000000000
68559  32.701  -5.572  -4.665 0.0000000000
68563  33.558  -5.566  -6.042 0.0000000000
68564  33.012  -5.891  -5.435 0.0000000000
68567  33.961  -4.926  -7.267 0.0000000000
68568  33.691  -5.244  -6.890 0.0000000000
68573  33.806  -4.885  -7.460 0.0000000000
68574  33.403  -5.214  -7.569 0.0000000000
68575  33.021  -5.554  -7.746 0.0000000000
68583  33.263  -5.194  -7.816 0.0000000000
68584  32.951  -5.514  -8.014 0.0000000000
68594  32.599  -5.620  -9.232 0.0000000000
68595  32.678  -5.577  -8.648 0.0000000000
68617  32.670  -5.460  -9.844 0.0000000000
68640  32.741  -5.459  -10.771 0.0000000000
68655  33.737  -6.052  -12.394 0.0000000000
68656  33.220  -5.515  -11.720 0.0000000000
68669  34.119  -5.645  -12.825 0.0000000000
69813  42.188  -4.914  1.034 0.0000000000
69814  41.713  -5.070  1.015 0.0000000000
69815  37.471  -4.335  1.034 0.0000000000
69816  36.665  -4.174  1.177 0.0000000000
69817  36.186  -4.015  1.141 0.0000000000
69827  41.568  -5.022  0.256 0.0000000000
69828  39.131  -4.689  -0.518 0.0000000000
69829  38.325  -4.847  -0.009 0.0000000000
69830  37.226  -4.886  0.528 0.0000000000
69831  36.165  -4.589  0.869 0.0000000000
69832  35.268  -4.601  0.556 0.0000000000
69833  34.498  -4.630  0.137 0.0000000000
69840  41.473  -5.152  -0.985 0.0000000000
69841  40.180  -5.046  -1.894 0.0000000000
69842  39.793  -4.959  -1.434 0.0000000000
69843  39.243  -5.211  -1.189 0.0000000000
69844  33.819  -4.569  -0.306 0.0000000000
69845  33.147  -4.611  -0.851 0.0000000000
69846  32.828  -5.215  -0.870 0.0000000000
69854  40.554  -5.129  -2.146 0.0000000000
69855  32.941  -4.319  -1.837 0.0000000000
69856  32.689  -5.075  -1.382 0.0000000000
69865  32.809  -4.217  -2.794 0.0000000000
69866  32.553  -4.995  -2.246 0.0000000000
69875  32.807  -4.238  -3.761 0.0000000000
69876  32.572  -4.976  -3.181 0.0000000000
69882  33.031  -4.486  -4.788 0.0000000000
69883  32.726  -5.003  -4.000 0.0000000000
69887  34.335  -4.310  -6.400 0.0000000000
69888  33.747  -4.542  -5.762 0.0000000000
69891  34.435  -4.598  -6.967 0.0000000000
69892  34.047  -4.916  -6.416 0.0000000000
69895  34.104  -4.496  -7.556 0.0000000000
69896  33.681  -4.858  -7.645 0.0000000000
69904  33.904  -4.225  -7.919 0.0000000000
69905  33.438  -4.810  -7.984 0.0000000000
69906  33.165  -5.163  -8.016 0.0000000000
69915  32.795  -4.756  -8.888 0.0000000000
69916  32.940  -5.155  -8.249 0.0000000000
69929  32.835  -4.509  -10.061 0.0000000000
69952  32.991  -4.476  -11.123 0.0000000000
69973  33.651  -5.031  -12.427 0.0000000000
69974  33.311  -4.373  -11.908 0.0000000000
71131  39.760  -3.419  0.723 0.0000000000
71132  38.989  -3.580  1.047 0.0000000000
71133  38.047  -3.773  1.221 0.0000000000
71134  36.959  -3.505  1.469 0.0000000000
71135  36.014  -3.376  1.269 0.0000000000
71136  35.420  -2.901  1.012 0.0000000000
71151  40.730  -3.587  -0.721 0.0000000000
71152  40.129  -3.900  -0.433 0.0000000000
71153  39.540  -4.243  -0.165 0.0000000000
71154  38.839  -4.296  0.405 0.0000000000
71155  35.908  -3.898  1.084 0.0000000000
71156  35.357  -3.556  0.828 0.0000000000
71157  34.679  -3.686  0.323 0.0000000000
71169  40.447  -4.436  -1.556 0.0000000000
71170  39.969  -4.517  -1.193 0.0000000000
71171  34.126  -3.739  -0.177 0.0000000000
71172  33.631  -3.765  -0.670 0.0000000000
71184  40.932  -4.734  -2.069 0.0000000000
71185  33.322  -3.614  -1.428 0.0000000000
71199  33.126  -3.451  -2.387 0.0000000000
71211  32.964  -3.373  -3.390 0.0000000000
71217  33.084  -3.456  -4.387 0.0000000000
71220  34.257  -3.580  -6.035 0.0000000000
71221  33.566  -3.526  -5.297 0.0000000000
71224  35.307  -3.265  -7.171 0.0000000000
71225  34.898  -3.661  -6.702 0.0000000000
71228  35.300  -3.288  -7.460 0.0000000000
71229  34.884  -3.787  -7.373 0.0000000000
71234  35.260  -3.272  -7.715 0.0000000000
71235  34.547  -3.590  -7.993 0.0000000000
71236  33.627  -4.014  -8.396 0.0000000000
71244  34.154  -3.335  -8.644 0.0000000000
71245  33.424  -3.585  -9.316 0.0000000000
71256  33.165  -3.553  -10.464 0.0000000000
71270  33.561  -3.366  -11.900 0.0000000000
71271  33.400  -3.562  -11.543 0.0000000000
71289  33.632  -3.784  -12.359 0.0000000000
71290  33.354  -3.887  -11.995 0.0000000000
72408  40.813  -2.454  1.213 0.0000000000
72409  39.993  -2.522  1.362 0.0000000000
72410  39.162  -2.589  1.551 0.0000000000
72411  38.256  -2.655  1.729 0.0000000000
72412  37.229  -2.585  1.746 0.0000000000
72413  36.311  -2.498  1.494 0.0000000000
72414  35.591  -2.347  1.166 0.0000000000
72440  40.488  -3.249  0.470 0.0000000000
72441  35.001  -2.327  0.481 0.0000000000
72442  34.769  -3.026  0.423 0.0000000000
72467  34.723  -1.973  -0.164 0.0000000000
72468  34.353  -2.607  -0.304 0.0000000000
72469  33.938  -3.253  -0.513 0.0000000000
72487  34.069  -2.079  -1.470 0.0000000000
72488  33.741  -2.963  -1.016 0.0000000000
72505  33.978  -1.859  -2.582 0.0000000000
72506  33.501  -2.686  -1.948 0.0000000000
72523  33.997  -1.952  -3.662 0.0000000000
72524  33.372  -2.568  -2.988 0.0000000000
72540  34.069  -2.193  -4.598 0.0000000000
72541  33.346  -2.604  -4.011 0.0000000000
72551  35.169  -2.414  -6.012 0.0000000000
72552  34.378  -2.583  -5.493 0.0000000000
72553  33.592  -2.806  -4.812 0.0000000000
72556  36.164  -2.249  -7.191 0.0000000000
72557  35.526  -2.638  -6.704 0.0000000000
72558  34.798  -2.933  -6.245 0.0000000000
72561  36.307  -2.369  -7.553 0.0000000000
72562  35.753  -2.800  -7.504 0.0000000000
72566  36.380  -2.446  -7.822 0.0000000000
72567  35.719  -2.763  -8.168 0.0000000000
72568  34.846  -2.943  -8.512 0.0000000000
72575  35.335  -2.356  -8.700 0.0000000000
72576  34.366  -2.538  -9.100 0.0000000000
72577  33.554  -2.635  -9.924 0.0000000000
72585  33.824  -2.347  -11.105 0.0000000000
72586  33.493  -2.907  -10.882 0.0000000000
72599  33.779  -2.805  -11.706 0.0000000000
72600  33.545  -3.056  -11.384 0.0000000000
73825  41.095  -1.515  1.626 0.0000000000
73826  40.232  -1.563  1.749 0.0000000000
73827  39.368  -1.599  1.903 0.0000000000
73828  38.468  -1.614  2.012 0.0000000000
73829  37.500  -1.549  1.921 0.0000000000
73830  36.402  -1.365  1.478 0.0000000000
73831  35.873  -1.830  1.322 0.0000000000
73849  35.991  -0.751  0.950 0.0000000000
73850  35.585  -1.266  0.666 0.0000000000
73871  35.102  -1.318  -0.507 0.0000000000
73872  34.669  -1.847  -0.501 0.0000000000
73893  35.304  -1.112  -1.687 0.0000000000
73894  34.667  -1.640  -1.083 0.0000000000
73912  35.388  -1.079  -2.329 0.0000000000
73913  34.827  -1.402  -2.197 0.0000000000
73933  35.406  -1.022  -2.999 0.0000000000
73934  34.854  -1.452  -3.336 0.0000000000
73946  36.347  -1.141  -4.918 0.0000000000
73947  35.866  -1.159  -4.329 0.0000000000
73948  34.840  -1.714  -4.385 0.0000000000
73958  37.245  -1.240  -5.458 0.0000000000
73959  36.757  -1.223  -5.349 0.0000000000
73960  35.488  -1.809  -5.412 0.0000000000
73961  34.644  -1.979  -5.018 0.0000000000
73965  37.425  -1.277  -5.984 0.0000000000
73966  36.491  -1.747  -6.457 0.0000000000
73967  35.716  -2.196  -6.120 0.0000000000
73971  39.093  -1.131  -7.660 0.0000000000
73972  37.812  -1.054  -7.404 0.0000000000
73973  36.857  -1.879  -7.546 0.0000000000
73979  38.889  -1.349  -7.810 0.0000000000
73980  37.962  -1.515  -7.989 0.0000000000
73981  36.893  -1.923  -8.208 0.0000000000
73982  36.118  -1.992  -8.606 0.0000000000
73992  38.062  -1.444  -8.589 0.0000000000
73993  36.982  -1.461  -8.906 0.0000000000
73994  35.592  -1.540  -9.291 0.0000000000
73995  34.239  -1.802  -9.866 0.0000000000
73996  33.780  -2.183  -10.355 0.0000000000
74004  35.039  -1.160  -10.241 0.0000000000
74005  34.269  -1.703  -10.856 0.0000000000
74006  33.822  -2.225  -10.841 0.0000000000
75179  40.467  -0.592  1.818 0.0000000000
75180  39.590  -0.622  1.969 0.0000000000
75181  38.684  -0.613  1.991 0.0000000000
75182  37.830  -0.634  1.861 0.0000000000
75183  37.047  -0.526  1.570 0.0000000000
75193  36.353  -0.260  1.073 0.0000000000
75194  35.940  -0.237  0.404 0.0000000000
75202  35.624  -0.368  -0.425 0.0000000000
75213  35.624  -0.479  -1.505 0.0000000000
75228  35.577  -0.677  -2.430 0.0000000000
75245  35.611  -0.494  -3.485 0.0000000000
75254  36.481  -0.939  -4.924 0.0000000000
75255  35.894  -0.514  -4.720 0.0000000000
75262  37.356  -1.153  -5.660 0.0000000000
75263  36.885  -0.630  -5.571 0.0000000000
75264  35.993  -0.092  -5.517 0.0000000000
75267  37.621  -0.850  -6.345 0.0000000000
75268  37.279  -0.225  -6.605 0.0000000000
75272  38.051  -0.564  -7.557 0.0000000000
75291  38.129  -1.172  -9.375 0.0000000000
75292  36.951  -0.901  -9.604 0.0000000000
75293  35.966  -0.726  -9.919 0.0000000000
76458  40.713  0.328  1.655 0.0000000000
76459  39.820  0.284  1.799 0.0000000000
76460  38.953  0.245  1.835 0.0000000000
76461  37.992  0.398  1.643 0.0000000000
76462  37.446  -0.048  1.553 0.0000000000
76472  37.547  1.050  1.197 0.0000000000
76473  36.965  0.542  1.175 0.0000000000
76474  36.161  0.630  0.572 0.0000000000
76482  35.714  0.665  -0.277 0.0000000000
76490  35.463  0.451  -1.273 0.0000000000
76506  35.256  0.392  -2.577 0.0000000000
76507  34.552  1.174  -2.966 0.0000000000
76518  35.302  0.210  -3.997 0.0000000000
76519  34.543  0.892  -3.663 0.0000000000
76522  35.396  0.310  -5.031 0.0000000000
76527  36.400  0.133  -6.225 0.0000000000
77710  41.006  1.181  1.374 0.0000000000
77711  40.073  1.109  1.452 0.0000000000
77712  39.168  1.008  1.571 0.0000000000
77713  38.575  0.815  1.597 0.0000000000
77728  40.398  1.745  0.804 0.0000000000
77729  39.418  1.712  0.981 0.0000000000
77730  38.282  1.486  1.165 0.0000000000
77731  37.078  1.694  0.675 0.0000000000
77732  36.498  1.184  0.666 0.0000000000
77743  36.640  2.198  0.134 0.0000000000
77744  36.065  1.746  0.019 0.0000000000
77756  35.352  1.650  -1.210 0.0000000000
77757  35.034  2.181  -1.799 0.0000000000
77772  35.025  0.993  -1.743 0.0000000000
77773  34.659  1.718  -2.272 0.0000000000
78946  40.810  2.318  0.061 0.0000000000
78947  39.839  2.311  0.187 0.0000000000
78948  38.842  2.341  0.397 0.0000000000
78949  37.918  2.295  0.459 0.0000000000
78966  40.289  2.575  -0.790 0.0000000000
78967  39.317  2.747  -0.601 0.0000000000
78968  38.321  2.793  -0.367 0.0000000000
78969  37.282  2.597  -0.153 0.0000000000
78970  36.525  2.474  -0.401 0.0000000000
78993  39.791  2.808  -1.708 0.0000000000
78994  38.786  3.039  -1.600 0.0000000000
78995  37.840  3.135  -1.064 0.0000000000
78996  36.926  3.059  -1.002 0.0000000000
78997  35.925  2.764  -1.127 0.0000000000
78998  35.335  2.507  -1.631 0.0000000000
79022  39.441  3.086  -2.402 0.0000000000
79023  38.973  3.134  -2.382 0.0000000000
79024  35.503  3.054  -1.876 0.0000000000
79025  34.942  2.828  -2.205 0.0000000000
80318  38.163  3.234  -1.766 0.0000000000
80319  37.579  3.349  -1.832 0.0000000000
80320  36.682  3.433  -1.856 0.0000000000
80321  35.960  3.416  -1.979 0.0000000000
80344  39.227  3.264  -2.923 0.0000000000
80345  38.452  3.325  -2.620 0.0000000000
80346  37.452  3.551  -2.812 0.0000000000
