#!ascii label  , from subject Broad_82_YZ vox2ras=TkReg
358
111830  45.058  35.899  -18.835 0.0000000000
111831  44.392  35.588  -18.463 0.0000000000
111841  51.410  35.947  -19.737 0.0000000000
111842  50.654  35.880  -19.757 0.0000000000
111843  49.840  35.826  -19.948 0.0000000000
111844  49.434  35.823  -20.053 0.0000000000
111845  46.876  35.761  -19.992 0.0000000000
111846  46.247  35.542  -19.702 0.0000000000
111847  45.525  35.278  -19.416 0.0000000000
111862  48.531  35.222  -20.519 0.0000000000
111863  47.588  35.304  -20.411 0.0000000000
111899  45.097  35.649  -27.185 0.0000000000
111900  44.802  35.721  -26.952 0.0000000000
111907  47.588  35.510  -28.227 0.0000000000
111908  46.503  35.576  -28.106 0.0000000000
111909  45.446  35.622  -27.778 0.0000000000
111910  44.729  35.717  -27.353 0.0000000000
112667  40.253  36.895  -15.826 0.0000000000
112668  39.469  36.590  -15.562 0.0000000000
112675  42.100  36.981  -16.813 0.0000000000
112676  41.454  36.686  -16.537 0.0000000000
112682  43.271  36.855  -17.552 0.0000000000
112683  42.589  36.495  -17.205 0.0000000000
112694  45.156  36.793  -18.798 0.0000000000
112695  44.520  36.547  -18.443 0.0000000000
112696  43.905  36.222  -17.916 0.0000000000
112705  51.766  36.401  -19.877 0.0000000000
112706  50.993  36.815  -19.778 0.0000000000
112707  50.021  36.592  -19.815 0.0000000000
112708  49.186  36.378  -19.992 0.0000000000
112709  48.281  36.542  -19.970 0.0000000000
112710  47.376  36.397  -19.885 0.0000000000
112711  46.436  36.423  -19.533 0.0000000000
112712  45.712  36.205  -19.178 0.0000000000
112720  53.577  36.890  -20.724 0.0000000000
112721  52.400  36.733  -20.217 0.0000000000
112722  51.662  36.923  -20.008 0.0000000000
112723  49.196  35.839  -20.117 0.0000000000
112724  48.796  35.871  -20.185 0.0000000000
112725  48.122  35.882  -20.174 0.0000000000
112736  54.129  37.010  -21.156 0.0000000000
112752  43.048  36.448  -25.176 0.0000000000
112753  42.788  36.463  -25.191 0.0000000000
112763  50.914  36.320  -26.453 0.0000000000
112764  45.047  36.424  -26.224 0.0000000000
112765  44.595  36.408  -26.078 0.0000000000
112766  43.431  36.429  -25.597 0.0000000000
112776  49.049  36.305  -27.256 0.0000000000
112777  47.926  36.443  -27.220 0.0000000000
112778  46.719  36.445  -27.055 0.0000000000
112779  45.367  36.199  -26.680 0.0000000000
112780  44.280  36.088  -26.675 0.0000000000
112789  48.324  35.826  -27.730 0.0000000000
112790  47.173  35.915  -27.629 0.0000000000
112791  46.062  35.926  -27.447 0.0000000000
112792  45.439  35.774  -27.272 0.0000000000
113416  40.408  37.704  -15.932 0.0000000000
113417  39.725  37.492  -15.595 0.0000000000
113418  38.722  37.268  -15.342 0.0000000000
113426  42.114  37.446  -16.889 0.0000000000
113427  41.671  37.595  -16.663 0.0000000000
113428  40.892  37.239  -16.257 0.0000000000
113437  43.282  37.786  -17.710 0.0000000000
113438  42.549  37.489  -17.206 0.0000000000
113439  42.116  37.690  -16.941 0.0000000000
113449  45.176  37.285  -18.837 0.0000000000
113450  44.667  37.515  -18.639 0.0000000000
113451  43.915  37.211  -18.066 0.0000000000
113458  50.722  37.480  -20.088 0.0000000000
113459  50.144  37.382  -19.973 0.0000000000
113460  49.336  37.251  -19.955 0.0000000000
113461  48.543  37.216  -19.931 0.0000000000
113462  47.611  37.483  -19.827 0.0000000000
113463  46.645  37.327  -19.537 0.0000000000
113464  45.696  37.247  -19.092 0.0000000000
113465  45.174  37.532  -18.884 0.0000000000
113471  53.221  37.536  -21.148 0.0000000000
113472  52.560  37.751  -20.932 0.0000000000
113473  51.402  37.642  -20.343 0.0000000000
113474  50.328  38.000  -20.362 0.0000000000
113475  49.457  38.012  -20.231 0.0000000000
113476  48.662  37.879  -20.092 0.0000000000
113477  48.149  37.744  -19.988 0.0000000000
113489  53.677  37.644  -21.664 0.0000000000
113490  53.026  37.764  -21.385 0.0000000000
113500  53.660  37.721  -22.955 0.0000000000
113501  52.993  37.775  -23.279 0.0000000000
113511  52.738  37.521  -23.938 0.0000000000
113512  51.614  37.636  -24.159 0.0000000000
113513  51.042  37.750  -24.209 0.0000000000
113524  51.957  37.224  -25.000 0.0000000000
113525  50.802  37.458  -24.810 0.0000000000
113526  50.109  37.584  -25.066 0.0000000000
113527  43.918  37.178  -24.726 0.0000000000
113528  43.067  36.664  -24.794 0.0000000000
113542  51.264  36.724  -25.733 0.0000000000
113543  49.872  37.018  -25.865 0.0000000000
113544  48.405  37.466  -26.025 0.0000000000
113545  47.175  37.563  -26.059 0.0000000000
113546  46.124  37.307  -25.922 0.0000000000
113547  45.252  36.774  -25.948 0.0000000000
113548  44.400  36.942  -25.390 0.0000000000
113549  43.687  36.691  -25.077 0.0000000000
113559  49.475  36.569  -26.707 0.0000000000
113560  48.734  36.866  -26.663 0.0000000000
113561  47.555  37.037  -26.649 0.0000000000
113562  46.429  36.899  -26.443 0.0000000000
113563  45.775  36.771  -26.233 0.0000000000
114184  40.467  38.066  -16.022 0.0000000000
114185  40.130  38.286  -15.837 0.0000000000
114186  39.240  38.145  -15.504 0.0000000000
114187  38.310  38.106  -15.180 0.0000000000
114198  41.587  38.326  -16.790 0.0000000000
114199  40.859  38.177  -16.349 0.0000000000
114200  40.449  38.655  -16.236 0.0000000000
114210  43.266  38.300  -17.858 0.0000000000
114211  42.764  38.468  -17.582 0.0000000000
114212  42.112  38.113  -17.053 0.0000000000
114218  44.533  38.405  -18.809 0.0000000000
114219  43.751  38.263  -18.255 0.0000000000
114220  43.223  38.610  -17.946 0.0000000000
114227  47.240  38.132  -19.944 0.0000000000
114228  46.771  38.078  -19.735 0.0000000000
114229  45.889  38.287  -19.459 0.0000000000
114230  45.151  37.997  -19.015 0.0000000000
114238  52.167  38.219  -21.428 0.0000000000
114239  51.609  38.325  -21.141 0.0000000000
114240  50.653  38.498  -20.925 0.0000000000
114241  49.529  38.768  -20.802 0.0000000000
114242  48.698  38.599  -20.457 0.0000000000
114243  47.763  38.367  -20.173 0.0000000000
114244  46.805  38.553  -20.088 0.0000000000
114245  46.344  38.549  -19.803 0.0000000000
114255  53.198  38.070  -22.159 0.0000000000
114256  52.687  38.154  -21.840 0.0000000000
114257  51.734  38.449  -21.919 0.0000000000
114258  50.883  38.687  -21.771 0.0000000000
114259  49.977  38.986  -21.598 0.0000000000
114268  53.393  37.939  -22.390 0.0000000000
114269  52.863  38.053  -22.791 0.0000000000
114270  51.965  38.358  -22.752 0.0000000000
114271  51.037  38.584  -22.668 0.0000000000
114272  50.213  38.932  -22.494 0.0000000000
114284  52.693  37.825  -23.369 0.0000000000
114285  52.161  37.936  -23.450 0.0000000000
114286  51.099  38.138  -23.673 0.0000000000
114287  50.303  38.657  -23.383 0.0000000000
114288  42.814  38.212  -23.783 0.0000000000
114301  50.723  37.868  -24.267 0.0000000000
114302  49.977  38.217  -24.443 0.0000000000
114303  48.639  38.571  -24.692 0.0000000000
114304  47.424  38.708  -24.789 0.0000000000
114305  46.214  38.791  -24.932 0.0000000000
114306  45.119  38.554  -24.765 0.0000000000
114307  44.221  38.130  -24.475 0.0000000000
114308  43.366  37.631  -24.282 0.0000000000
114309  42.470  37.358  -24.264 0.0000000000
114326  49.773  37.681  -25.169 0.0000000000
114327  49.111  37.886  -25.299 0.0000000000
114328  47.908  38.078  -25.408 0.0000000000
114329  46.701  38.123  -25.515 0.0000000000
114330  45.455  37.803  -25.432 0.0000000000
114331  44.617  37.705  -24.953 0.0000000000
114967  39.595  38.665  -15.683 0.0000000000
114968  38.977  38.974  -15.507 0.0000000000
114969  37.801  39.065  -15.034 0.0000000000
114970  36.895  39.667  -14.994 0.0000000000
114977  41.312  38.637  -16.753 0.0000000000
114978  40.874  38.969  -16.651 0.0000000000
114979  39.980  39.147  -16.097 0.0000000000
114980  39.252  39.722  -15.943 0.0000000000
114987  42.589  38.950  -17.659 0.0000000000
114988  41.908  38.988  -17.305 0.0000000000
114989  41.074  39.447  -17.172 0.0000000000
114997  44.519  38.733  -18.975 0.0000000000
114998  44.122  38.892  -18.777 0.0000000000
114999  42.995  39.252  -18.232 0.0000000000
115000  42.088  39.625  -17.923 0.0000000000
115009  45.578  38.818  -19.549 0.0000000000
115010  44.923  38.878  -19.305 0.0000000000
115011  43.861  39.571  -19.302 0.0000000000
115012  43.195  39.713  -18.985 0.0000000000
115023  49.140  39.111  -20.991 0.0000000000
115024  48.771  39.124  -20.910 0.0000000000
115025  47.942  39.136  -20.733 0.0000000000
115026  46.955  39.149  -20.551 0.0000000000
115027  45.880  39.170  -19.968 0.0000000000
115028  44.740  39.809  -19.954 0.0000000000
115029  44.094  39.914  -19.830 0.0000000000
115030  39.478  39.790  -20.731 0.0000000000
115031  38.750  39.559  -20.775 0.0000000000
115032  37.935  39.509  -20.883 0.0000000000
115033  37.382  39.714  -21.140 0.0000000000
115043  49.069  39.251  -21.447 0.0000000000
115044  48.155  39.472  -21.431 0.0000000000
115045  47.220  39.683  -21.248 0.0000000000
115046  46.157  39.991  -20.942 0.0000000000
115047  45.262  39.924  -20.510 0.0000000000
115048  44.826  39.993  -20.414 0.0000000000
115049  41.373  39.605  -21.806 0.0000000000
115050  40.476  39.315  -21.611 0.0000000000
115051  39.502  39.221  -21.405 0.0000000000
115052  38.556  39.166  -21.538 0.0000000000
115053  37.789  39.385  -21.664 0.0000000000
115054  37.230  39.759  -21.681 0.0000000000
115061  49.357  39.249  -22.361 0.0000000000
115062  48.427  39.510  -22.282 0.0000000000
115063  47.460  39.878  -22.172 0.0000000000
115064  46.561  40.158  -21.891 0.0000000000
115065  43.528  39.891  -22.710 0.0000000000
115066  42.642  39.513  -22.647 0.0000000000
115067  41.809  39.137  -22.497 0.0000000000
115068  40.942  38.829  -22.292 0.0000000000
115072  37.498  39.617  -22.305 0.0000000000
115080  49.623  39.069  -23.203 0.0000000000
115081  48.740  39.302  -23.165 0.0000000000
115082  47.698  39.577  -23.137 0.0000000000
115083  46.438  40.099  -23.059 0.0000000000
115084  45.133  39.920  -23.444 0.0000000000
115085  44.062  39.616  -23.506 0.0000000000
115086  43.114  39.202  -23.412 0.0000000000
115087  42.313  38.669  -23.131 0.0000000000
115098  49.798  38.787  -23.770 0.0000000000
115099  49.203  39.018  -23.963 0.0000000000
115100  48.136  39.203  -24.029 0.0000000000
115101  46.949  39.352  -24.062 0.0000000000
115102  45.739  39.434  -24.186 0.0000000000
115103  44.616  39.161  -24.191 0.0000000000
115104  43.671  38.698  -24.011 0.0000000000
115769  38.511  39.678  -15.639 0.0000000000
115770  37.743  40.015  -15.604 0.0000000000
115771  36.838  40.361  -15.682 0.0000000000
115772  35.962  40.563  -15.892 0.0000000000
115782  40.486  39.536  -16.792 0.0000000000
115783  39.819  39.949  -16.633 0.0000000000
115784  38.706  40.382  -16.378 0.0000000000
115785  37.648  40.626  -16.264 0.0000000000
115786  36.862  40.928  -16.518 0.0000000000
115787  35.913  40.847  -16.749 0.0000000000
115796  41.475  39.670  -17.616 0.0000000000
115797  40.671  39.993  -17.456 0.0000000000
115798  39.649  40.431  -17.395 0.0000000000
115799  38.539  40.826  -17.376 0.0000000000
115800  37.792  40.893  -17.729 0.0000000000
115801  36.884  40.994  -17.527 0.0000000000
115802  35.766  40.836  -17.681 0.0000000000
115810  42.341  39.812  -18.357 0.0000000000
115811  41.621  40.101  -18.258 0.0000000000
115812  40.574  40.433  -18.288 0.0000000000
115813  39.508  40.570  -18.305 0.0000000000
115814  38.511  40.625  -18.394 0.0000000000
115815  37.571  40.621  -18.464 0.0000000000
115816  36.591  40.677  -18.523 0.0000000000
115817  35.597  40.724  -18.627 0.0000000000
115825  43.305  39.898  -19.328 0.0000000000
115826  42.634  40.088  -19.023 0.0000000000
115827  41.500  40.456  -19.147 0.0000000000
115828  40.390  40.463  -19.205 0.0000000000
115829  39.313  40.433  -19.246 0.0000000000
115830  38.312  40.360  -19.284 0.0000000000
115831  37.356  40.333  -19.367 0.0000000000
115832  36.394  40.501  -19.475 0.0000000000
115833  35.420  40.629  -19.554 0.0000000000
115844  44.225  40.042  -20.120 0.0000000000
115845  43.537  40.152  -19.931 0.0000000000
115846  42.373  40.380  -20.072 0.0000000000
115847  41.230  40.307  -20.128 0.0000000000
115848  40.066  40.166  -20.218 0.0000000000
115849  39.008  40.100  -20.083 0.0000000000
115850  38.093  40.003  -20.139 0.0000000000
115851  37.176  40.094  -20.375 0.0000000000
115852  36.183  40.466  -20.413 0.0000000000
115853  35.223  40.641  -20.483 0.0000000000
115854  34.259  40.607  -20.502 0.0000000000
115865  45.790  40.212  -21.245 0.0000000000
115866  45.393  40.184  -21.154 0.0000000000
115867  44.455  40.122  -20.766 0.0000000000
115868  43.223  40.400  -20.974 0.0000000000
115869  42.012  40.331  -21.194 0.0000000000
115870  40.876  39.978  -21.028 0.0000000000
115871  40.067  39.789  -21.071 0.0000000000
115872  36.777  40.101  -21.181 0.0000000000
115873  35.979  40.586  -21.377 0.0000000000
115874  35.015  40.832  -21.425 0.0000000000
115883  45.781  40.296  -21.693 0.0000000000
115884  44.925  40.314  -21.797 0.0000000000
115885  43.937  40.265  -21.835 0.0000000000
115886  42.920  40.190  -21.946 0.0000000000
115887  42.135  39.868  -22.078 0.0000000000
115888  36.739  40.146  -22.066 0.0000000000
115889  36.048  40.696  -22.213 0.0000000000
115890  35.598  40.769  -21.820 0.0000000000
115899  46.081  40.279  -22.310 0.0000000000
115900  45.481  40.297  -22.535 0.0000000000
115901  44.499  40.202  -22.695 0.0000000000
115902  37.957  40.328  -23.620 0.0000000000
115903  37.232  40.081  -22.969 0.0000000000
115904  36.587  40.505  -22.540 0.0000000000
115933  42.953  40.540  -25.957 0.0000000000
115934  42.461  40.690  -25.759 0.0000000000
115945  43.332  40.644  -26.340 0.0000000000
115946  42.878  40.803  -26.083 0.0000000000
116666  38.137  40.871  -16.734 0.0000000000
116667  37.638  41.033  -16.781 0.0000000000
116668  37.311  41.141  -17.079 0.0000000000
116680  38.059  41.091  -16.996 0.0000000000
116681  37.801  41.077  -17.213 0.0000000000
116682  37.439  41.057  -17.387 0.0000000000
116707  35.011  41.034  -21.831 0.0000000000
116714  35.903  40.959  -22.435 0.0000000000
116715  35.377  41.100  -22.205 0.0000000000
116727  37.870  40.915  -23.757 0.0000000000
116728  37.330  40.989  -23.490 0.0000000000
116729  36.288  41.084  -22.875 0.0000000000
116743  40.308  41.537  -24.647 0.0000000000
116744  39.539  41.279  -24.386 0.0000000000
116745  38.484  41.040  -24.001 0.0000000000
116746  37.770  41.335  -23.801 0.0000000000
116756  42.365  41.743  -25.855 0.0000000000
116757  41.669  41.383  -25.440 0.0000000000
116758  40.899  40.946  -24.987 0.0000000000
116767  43.240  41.660  -26.701 0.0000000000
116768  42.820  41.315  -26.208 0.0000000000
116777  44.186  41.673  -27.711 0.0000000000
116778  43.780  41.177  -27.131 0.0000000000
117436  37.442  41.576  -23.708 0.0000000000
117437  36.931  41.780  -23.540 0.0000000000
117450  40.371  41.995  -24.674 0.0000000000
117451  39.963  42.067  -24.573 0.0000000000
117452  38.922  42.204  -24.475 0.0000000000
117453  37.730  42.122  -24.022 0.0000000000
117466  42.362  42.191  -25.949 0.0000000000
117467  41.900  42.379  -25.737 0.0000000000
117468  40.723  42.242  -25.070 0.0000000000
117469  39.641  42.740  -25.004 0.0000000000
117470  38.856  42.973  -24.983 0.0000000000
117482  43.172  42.114  -26.817 0.0000000000
117483  42.700  42.358  -26.413 0.0000000000
117484  41.980  43.120  -26.183 0.0000000000
117494  44.025  42.103  -27.711 0.0000000000
117495  43.546  42.306  -27.340 0.0000000000
117496  42.998  43.148  -26.960 0.0000000000
117506  43.801  42.966  -28.091 0.0000000000
118084  38.139  42.955  -24.673 0.0000000000
118094  41.126  43.206  -25.940 0.0000000000
118095  40.072  43.173  -25.769 0.0000000000
118105  42.380  43.430  -26.632 0.0000000000
118106  41.601  43.861  -26.646 0.0000000000
118115  43.298  43.558  -27.690 0.0000000000
118116  42.639  43.833  -27.137 0.0000000000
118117  42.145  43.941  -26.876 0.0000000000
118728  41.582  44.160  -26.980 0.0000000000
118729  41.270  44.199  -27.006 0.0000000000
118734  43.202  44.015  -27.815 0.0000000000
118735  42.875  44.204  -27.677 0.0000000000
118736  41.896  44.346  -27.323 0.0000000000
118743  43.285  44.156  -28.176 0.0000000000
118744  42.569  44.767  -28.329 0.0000000000
