#!ascii label  , from subject Broad_82_YZ vox2ras=TkReg
1957
112367  47.191  36.611  11.605 0.0000000000
112381  47.903  36.607  10.758 0.0000000000
112382  46.962  36.771  10.619 0.0000000000
112392  48.438  36.938  10.118 0.0000000000
112393  47.691  36.949  9.928 0.0000000000
112394  46.883  37.104  9.860 0.0000000000
113180  45.709  37.791  12.168 0.0000000000
113191  46.259  37.096  11.391 0.0000000000
113192  45.439  37.764  11.042 0.0000000000
113206  46.136  37.234  10.374 0.0000000000
113207  45.448  37.826  10.046 0.0000000000
113221  48.481  37.668  9.532 0.0000000000
113222  47.437  37.615  9.359 0.0000000000
113223  46.342  37.679  9.443 0.0000000000
113224  45.622  38.164  9.399 0.0000000000
113934  44.906  38.811  11.653 0.0000000000
113935  44.538  39.438  11.283 0.0000000000
113944  44.875  38.471  10.529 0.0000000000
113945  44.487  39.237  10.773 0.0000000000
113953  45.000  38.467  9.664 0.0000000000
113954  44.501  39.096  9.928 0.0000000000
113969  48.070  38.387  8.933 0.0000000000
113970  47.056  38.266  8.814 0.0000000000
113971  46.123  38.404  8.880 0.0000000000
113972  45.363  38.668  9.021 0.0000000000
113973  44.741  39.054  9.160 0.0000000000
113985  48.553  39.140  8.643 0.0000000000
113986  47.611  39.038  8.472 0.0000000000
113987  46.644  38.965  8.439 0.0000000000
113988  45.774  39.031  8.484 0.0000000000
113989  45.120  39.138  8.625 0.0000000000
114028  50.200  38.776  5.276 0.0000000000
114029  49.458  38.885  5.134 0.0000000000
114043  50.786  38.652  4.568 0.0000000000
114044  49.921  38.705  4.483 0.0000000000
114045  49.062  38.813  4.443 0.0000000000
114053  51.415  38.911  3.783 0.0000000000
114054  50.472  38.896  3.749 0.0000000000
114055  49.599  38.879  3.711 0.0000000000
114056  48.874  38.945  3.682 0.0000000000
114703  44.579  39.859  11.684 0.0000000000
114709  44.287  39.909  10.977 0.0000000000
114716  44.225  39.881  10.161 0.0000000000
114717  44.194  40.195  9.956 0.0000000000
114729  44.337  39.843  9.315 0.0000000000
114730  44.226  40.032  9.759 0.0000000000
114743  48.110  39.906  8.116 0.0000000000
114744  47.041  39.673  8.094 0.0000000000
114745  46.176  39.565  8.097 0.0000000000
114746  45.329  39.756  8.136 0.0000000000
114747  44.741  39.564  8.643 0.0000000000
114758  47.773  40.441  7.568 0.0000000000
114759  47.199  40.377  7.669 0.0000000000
114760  46.393  40.170  7.773 0.0000000000
114761  45.861  39.984  7.885 0.0000000000
114771  49.403  39.789  6.253 0.0000000000
114772  48.801  39.941  6.076 0.0000000000
114781  49.769  39.246  5.760 0.0000000000
114782  48.526  39.453  5.386 0.0000000000
114783  47.155  39.840  5.178 0.0000000000
114784  46.535  40.038  5.054 0.0000000000
114793  48.233  39.027  4.101 0.0000000000
114794  47.393  39.432  4.386 0.0000000000
114795  46.378  39.815  4.425 0.0000000000
114796  45.761  39.941  4.013 0.0000000000
114806  52.029  39.509  3.150 0.0000000000
114807  51.006  39.455  3.141 0.0000000000
114808  50.065  39.352  3.086 0.0000000000
114809  49.190  39.290  3.083 0.0000000000
114810  48.377  39.322  3.229 0.0000000000
114811  47.575  39.456  3.450 0.0000000000
114812  46.750  39.654  3.577 0.0000000000
114813  45.969  39.863  3.496 0.0000000000
114823  51.510  40.066  2.531 0.0000000000
114824  50.503  39.956  2.506 0.0000000000
114825  49.554  39.836  2.493 0.0000000000
114826  48.651  39.754  2.539 0.0000000000
114827  47.794  39.757  2.681 0.0000000000
114828  46.998  39.836  2.852 0.0000000000
114829  46.321  39.933  2.953 0.0000000000
115494  44.422  40.699  11.242 0.0000000000
115502  44.235  40.532  10.505 0.0000000000
115503  44.182  40.442  10.044 0.0000000000
115509  44.296  40.767  9.105 0.0000000000
115510  44.225  40.351  9.673 0.0000000000
115521  45.103  40.277  7.936 0.0000000000
115522  44.697  40.386  8.321 0.0000000000
115532  48.425  40.444  7.478 0.0000000000
115533  47.276  41.070  7.191 0.0000000000
115534  46.441  40.949  7.403 0.0000000000
115535  45.569  40.555  7.691 0.0000000000
115536  45.036  40.569  7.877 0.0000000000
115546  48.773  40.361  6.575 0.0000000000
115547  47.480  40.957  6.499 0.0000000000
115548  46.796  41.079  6.064 0.0000000000
115556  48.491  40.039  5.992 0.0000000000
115557  47.843  40.264  5.852 0.0000000000
115558  46.515  40.575  5.513 0.0000000000
115559  45.287  40.808  5.150 0.0000000000
115560  44.720  40.975  4.980 0.0000000000
115569  46.212  40.126  4.923 0.0000000000
115570  45.570  40.302  4.513 0.0000000000
115571  44.573  40.833  4.443 0.0000000000
115572  43.953  40.994  4.063 0.0000000000
115581  45.359  40.204  3.561 0.0000000000
115582  44.776  40.535  3.768 0.0000000000
115583  44.182  40.861  3.692 0.0000000000
115586  51.942  40.632  1.887 0.0000000000
115587  50.899  40.603  1.895 0.0000000000
115588  49.905  40.504  1.959 0.0000000000
115589  48.952  40.371  1.985 0.0000000000
115590  48.037  40.268  2.064 0.0000000000
115591  47.186  40.211  2.211 0.0000000000
115592  46.457  40.286  2.462 0.0000000000
115593  45.619  40.484  2.667 0.0000000000
115594  44.776  40.604  3.071 0.0000000000
115595  44.440  40.743  3.365 0.0000000000
115602  52.329  40.923  1.176 0.0000000000
115603  51.262  41.383  1.185 0.0000000000
115604  50.214  41.289  1.466 0.0000000000
115605  49.243  41.135  1.568 0.0000000000
115606  48.289  40.953  1.583 0.0000000000
115607  47.368  40.791  1.683 0.0000000000
115608  46.571  40.691  1.952 0.0000000000
115609  46.110  40.649  2.263 0.0000000000
115619  51.919  41.404  0.675 0.0000000000
116328  44.314  41.495  10.410 0.0000000000
116329  44.191  40.839  10.184 0.0000000000
116335  44.357  41.679  9.308 0.0000000000
116336  44.176  40.923  9.788 0.0000000000
116343  44.566  41.495  8.402 0.0000000000
116350  46.902  41.456  6.907 0.0000000000
116351  46.458  41.593  7.008 0.0000000000
116352  45.566  41.695  7.236 0.0000000000
116353  44.958  41.166  7.774 0.0000000000
116361  47.105  41.328  6.799 0.0000000000
116362  46.584  41.344  6.438 0.0000000000
116363  45.471  41.669  6.465 0.0000000000
116364  44.334  41.854  6.078 0.0000000000
116365  43.735  41.953  5.952 0.0000000000
116372  46.461  41.111  5.922 0.0000000000
116373  45.854  41.194  5.791 0.0000000000
116374  44.678  41.314  5.418 0.0000000000
116375  43.556  41.740  5.393 0.0000000000
116376  42.943  41.939  5.039 0.0000000000
116383  44.433  41.086  4.849 0.0000000000
116384  43.827  41.276  4.545 0.0000000000
116385  43.053  41.718  4.552 0.0000000000
116395  43.504  41.345  3.574 0.0000000000
116396  43.169  41.513  4.062 0.0000000000
116402  45.353  41.023  2.292 0.0000000000
116403  44.766  41.226  2.425 0.0000000000
116404  44.125  41.016  3.058 0.0000000000
116411  50.981  42.009  0.857 0.0000000000
116412  50.419  42.226  0.957 0.0000000000
116413  49.500  42.059  1.276 0.0000000000
116414  48.555  41.875  1.455 0.0000000000
116415  47.586  41.662  1.514 0.0000000000
116416  46.664  41.411  1.629 0.0000000000
116417  45.827  41.137  2.022 0.0000000000
116418  45.290  41.285  2.174 0.0000000000
116424  52.083  41.693  0.201 0.0000000000
116425  51.435  42.193  0.473 0.0000000000
116426  50.872  42.349  0.751 0.0000000000
116437  51.999  42.103  0.014 0.0000000000
117135  44.625  42.783  9.668 0.0000000000
117142  44.603  42.543  8.595 0.0000000000
117150  45.134  42.152  7.055 0.0000000000
117151  44.594  42.392  7.514 0.0000000000
117152  43.386  42.959  7.163 0.0000000000
117153  42.759  43.235  7.068 0.0000000000
117163  45.301  42.027  6.864 0.0000000000
117164  44.823  42.150  6.744 0.0000000000
117165  43.686  42.308  6.429 0.0000000000
117166  42.454  42.937  6.489 0.0000000000
117167  41.702  43.217  6.178 0.0000000000
117177  43.400  42.013  5.857 0.0000000000
117178  42.738  42.270  5.549 0.0000000000
117179  41.803  42.949  5.608 0.0000000000
117186  42.582  42.192  4.618 0.0000000000
117187  42.026  42.722  4.753 0.0000000000
117196  43.164  41.800  3.198 0.0000000000
117197  42.732  42.128  3.643 0.0000000000
117198  42.268  42.556  4.186 0.0000000000
117204  44.575  42.270  2.145 0.0000000000
117205  43.634  41.842  2.721 0.0000000000
117206  43.085  42.026  3.063 0.0000000000
117212  50.231  42.874  0.777 0.0000000000
117213  49.737  43.114  0.949 0.0000000000
117214  48.845  42.858  1.322 0.0000000000
117215  47.846  42.683  1.473 0.0000000000
117216  46.829  42.391  1.516 0.0000000000
117217  45.957  41.997  1.670 0.0000000000
117218  45.254  41.713  1.967 0.0000000000
117225  51.425  43.350  0.169 0.0000000000
117226  50.690  43.022  0.598 0.0000000000
117227  50.197  43.241  0.754 0.0000000000
117832  44.895  43.590  8.802 0.0000000000
117833  44.316  43.726  8.432 0.0000000000
117834  43.525  43.828  8.266 0.0000000000
117845  44.533  43.136  8.184 0.0000000000
117846  43.885  43.246  7.886 0.0000000000
117847  42.847  43.600  7.626 0.0000000000
117848  42.024  43.657  7.404 0.0000000000
117857  42.325  43.390  7.061 0.0000000000
117858  41.621  43.594  6.737 0.0000000000
117859  41.127  44.079  6.384 0.0000000000
117867  41.285  43.686  5.828 0.0000000000
117868  40.998  44.386  5.948 0.0000000000
117872  41.493  43.531  4.850 0.0000000000
117880  43.274  43.490  2.844 0.0000000000
117881  42.843  43.211  3.068 0.0000000000
117882  41.985  43.266  3.850 0.0000000000
117889  46.565  43.988  1.809 0.0000000000
117890  46.133  43.750  1.895 0.0000000000
117891  45.091  43.276  2.011 0.0000000000
117892  43.743  43.186  2.533 0.0000000000
117893  43.117  42.453  2.925 0.0000000000
117896  49.711  43.922  1.117 0.0000000000
117897  49.207  43.807  1.326 0.0000000000
117898  48.274  43.691  1.464 0.0000000000
117899  47.018  43.682  1.590 0.0000000000
117900  46.014  42.942  1.606 0.0000000000
117901  45.341  42.445  1.804 0.0000000000
117905  51.036  44.087  0.463 0.0000000000
117906  50.240  43.994  0.847 0.0000000000
118452  43.588  44.846  9.204 0.0000000000
118453  42.911  44.889  9.246 0.0000000000
118463  43.955  44.326  8.703 0.0000000000
118464  42.568  44.431  8.541 0.0000000000
118465  41.345  45.038  8.223 0.0000000000
118466  40.857  45.457  8.041 0.0000000000
118476  42.171  43.899  7.834 0.0000000000
118477  41.443  44.216  7.549 0.0000000000
118478  40.783  45.124  7.557 0.0000000000
118485  41.188  44.118  6.834 0.0000000000
118486  40.794  44.753  6.622 0.0000000000
118493  41.160  44.529  5.207 0.0000000000
118494  40.859  44.968  5.806 0.0000000000
118498  42.267  44.486  3.740 0.0000000000
118499  41.676  44.391  4.188 0.0000000000
118506  44.346  44.624  2.978 0.0000000000
118507  43.375  44.085  3.043 0.0000000000
118508  42.474  43.962  3.410 0.0000000000
118509  41.959  44.040  3.681 0.0000000000
118517  48.580  45.255  2.278 0.0000000000
118518  47.637  44.958  2.312 0.0000000000
118519  46.658  44.445  2.158 0.0000000000
118520  45.602  44.193  2.350 0.0000000000
118521  44.606  44.022  2.476 0.0000000000
118522  43.964  44.010  2.678 0.0000000000
118530  49.855  44.671  1.575 0.0000000000
118531  48.873  44.570  1.709 0.0000000000
118532  47.921  44.485  1.772 0.0000000000
118533  47.275  44.433  1.883 0.0000000000
118537  50.432  44.699  1.322 0.0000000000
119058  43.010  45.964  10.394 0.0000000000
119070  43.078  45.457  9.760 0.0000000000
119071  42.167  45.702  9.575 0.0000000000
119072  41.466  46.066  9.286 0.0000000000
119083  42.482  45.141  9.222 0.0000000000
119084  41.814  45.375  8.891 0.0000000000
119085  40.952  45.887  8.566 0.0000000000
119093  40.510  45.869  7.786 0.0000000000
119099  40.315  45.742  6.959 0.0000000000
119105  41.003  45.442  5.376 0.0000000000
119106  40.612  45.795  6.015 0.0000000000
119113  43.345  45.626  4.034 0.0000000000
119114  42.688  45.305  4.115 0.0000000000
119115  41.657  45.507  4.795 0.0000000000
119125  47.800  46.111  3.529 0.0000000000
119126  46.630  45.856  3.404 0.0000000000
119127  45.275  45.503  3.298 0.0000000000
119128  43.820  45.405  3.658 0.0000000000
119129  42.902  44.650  3.584 0.0000000000
119140  48.244  45.746  2.921 0.0000000000
119141  47.164  45.382  2.842 0.0000000000
119142  46.060  45.039  2.774 0.0000000000
119143  45.158  44.680  2.768 0.0000000000
119155  48.254  46.386  1.198 0.0000000000
119156  47.756  46.282  1.125 0.0000000000
119157  46.717  46.006  1.048 0.0000000000
119158  45.616  45.814  0.978 0.0000000000
119159  44.512  45.704  0.904 0.0000000000
119160  43.424  45.645  0.839 0.0000000000
119161  42.391  45.665  0.782 0.0000000000
119162  41.526  45.753  0.747 0.0000000000
119169  48.650  46.177  0.785 0.0000000000
119170  47.419  45.772  0.383 0.0000000000
119171  46.286  45.681  0.191 0.0000000000
119172  45.176  45.670  0.059 0.0000000000
119173  44.080  45.520  -0.008 0.0000000000
119174  43.012  45.468  -0.026 0.0000000000
119175  42.007  45.547  0.011 0.0000000000
119176  41.104  45.861  0.156 0.0000000000
119184  49.358  45.730  -0.329 0.0000000000
119185  48.180  45.604  -0.431 0.0000000000
119186  47.026  45.523  -0.620 0.0000000000
119187  45.904  45.523  -0.772 0.0000000000
119188  44.798  45.442  -0.873 0.0000000000
119189  43.697  45.397  -0.905 0.0000000000
119190  42.652  45.591  -0.818 0.0000000000
119191  41.633  45.873  -0.708 0.0000000000
119192  40.852  46.116  -0.409 0.0000000000
119200  48.938  45.496  -1.404 0.0000000000
119201  47.799  45.532  -1.526 0.0000000000
119202  46.678  45.537  -1.636 0.0000000000
119203  45.571  45.602  -1.733 0.0000000000
119204  44.468  45.637  -1.762 0.0000000000
119205  43.360  45.836  -1.749 0.0000000000
119206  42.376  46.102  -1.433 0.0000000000
119207  41.699  46.377  -1.282 0.0000000000
119216  48.612  45.509  -2.518 0.0000000000
119217  47.481  45.695  -2.550 0.0000000000
119218  46.388  45.800  -2.577 0.0000000000
119219  45.286  45.997  -2.687 0.0000000000
119220  44.225  46.202  -2.468 0.0000000000
119221  43.529  46.484  -2.351 0.0000000000
119233  47.181  46.076  -3.383 0.0000000000
119234  46.237  46.304  -3.345 0.0000000000
119235  45.535  46.610  -3.331 0.0000000000
119756  41.422  47.075  10.566 0.0000000000
119757  40.803  47.294  10.362 0.0000000000
119767  42.533  45.979  10.197 0.0000000000
119768  41.790  46.375  10.038 0.0000000000
119769  40.608  46.912  9.534 0.0000000000
119770  39.892  47.477  9.322 0.0000000000
119779  40.219  46.552  8.285 0.0000000000
119780  39.834  47.282  8.687 0.0000000000
119786  40.124  46.499  7.399 0.0000000000
119787  39.819  47.142  7.775 0.0000000000
119793  40.332  46.774  6.565 0.0000000000
119794  39.965  47.029  7.184 0.0000000000
119800  43.374  46.919  5.039 0.0000000000
119801  42.297  46.840  5.268 0.0000000000
119802  41.203  46.436  5.357 0.0000000000
119803  40.655  46.528  5.892 0.0000000000
119812  45.741  46.955  4.469 0.0000000000
119813  44.656  46.651  4.413 0.0000000000
119814  43.594  46.146  4.360 0.0000000000
119815  42.564  46.144  4.773 0.0000000000
119816  41.906  46.214  5.052 0.0000000000
119825  47.355  46.594  4.072 0.0000000000
119826  46.138  46.433  3.914 0.0000000000
119827  44.938  46.252  3.883 0.0000000000
119828  44.227  46.125  4.061 0.0000000000
119838  47.833  47.142  2.486 0.0000000000
119839  46.672  47.052  2.320 0.0000000000
119840  45.537  46.803  2.346 0.0000000000
119841  44.400  46.696  2.301 0.0000000000
119842  43.295  46.675  2.225 0.0000000000
119843  42.226  46.550  2.271 0.0000000000
119844  41.153  46.570  2.241 0.0000000000
119845  40.261  46.880  2.115 0.0000000000
119846  39.807  47.183  2.029 0.0000000000
119858  48.427  46.645  1.730 0.0000000000
119859  47.229  46.599  1.716 0.0000000000
119860  46.101  46.395  1.680 0.0000000000
119861  44.983  46.210  1.659 0.0000000000
119862  43.880  46.126  1.600 0.0000000000
119863  42.807  46.091  1.547 0.0000000000
119864  41.747  46.017  1.518 0.0000000000
119865  40.562  46.168  1.202 0.0000000000
119866  39.719  46.865  1.575 0.0000000000
119873  49.056  46.588  1.485 0.0000000000
119874  40.233  46.206  0.098 0.0000000000
119875  39.374  46.651  0.651 0.0000000000
119876  38.838  46.948  0.289 0.0000000000
119879  41.026  46.345  -0.972 0.0000000000
119880  40.328  46.449  -0.615 0.0000000000
119881  39.468  46.647  -0.392 0.0000000000
119882  38.961  46.737  0.051 0.0000000000
119884  42.885  46.516  -2.028 0.0000000000
119885  42.230  46.931  -1.793 0.0000000000
119886  41.330  46.895  -1.432 0.0000000000
119887  40.496  46.808  -1.133 0.0000000000
119888  39.965  46.741  -0.840 0.0000000000
119891  44.813  46.664  -3.059 0.0000000000
119892  44.077  47.101  -2.855 0.0000000000
119893  43.227  47.035  -2.457 0.0000000000
119894  42.749  46.987  -2.179 0.0000000000
119900  44.683  47.195  -3.204 0.0000000000
120458  40.358  47.529  10.392 0.0000000000
120459  39.721  47.834  10.028 0.0000000000
120465  39.633  48.032  9.117 0.0000000000
120473  39.638  47.932  8.154 0.0000000000
120481  41.314  48.046  6.142 0.0000000000
120482  40.793  47.820  6.302 0.0000000000
120483  39.972  47.796  7.144 0.0000000000
120493  44.489  47.793  5.341 0.0000000000
120494  43.136  47.672  5.602 0.0000000000
120495  41.741  47.728  5.830 0.0000000000
120496  40.809  47.101  5.858 0.0000000000
120507  45.269  47.409  4.925 0.0000000000
120508  44.255  47.013  4.781 0.0000000000
120519  46.913  48.187  3.487 0.0000000000
120520  45.721  48.068  3.472 0.0000000000
120521  44.506  47.912  3.509 0.0000000000
120522  43.329  47.809  3.537 0.0000000000
120523  42.219  47.811  3.521 0.0000000000
120524  41.307  47.862  3.404 0.0000000000
120536  47.307  47.654  2.992 0.0000000000
120537  46.176  47.514  2.922 0.0000000000
120538  45.008  47.344  2.927 0.0000000000
120539  43.853  47.297  2.861 0.0000000000
120540  42.751  47.194  2.896 0.0000000000
120541  41.697  47.154  2.935 0.0000000000
120542  40.660  47.438  2.856 0.0000000000
120543  39.901  47.547  2.441 0.0000000000
120554  39.433  47.581  1.897 0.0000000000
120555  38.971  47.774  1.471 0.0000000000
120559  39.198  47.224  1.304 0.0000000000
120560  38.719  47.469  0.779 0.0000000000
120563  39.151  46.906  -0.714 0.0000000000
120564  38.591  47.237  -0.381 0.0000000000
120565  38.099  47.873  -0.959 0.0000000000
120567  42.367  47.629  -1.865 0.0000000000
120568  41.820  47.621  -1.715 0.0000000000
120569  40.832  47.541  -1.583 0.0000000000
120570  39.611  47.161  -1.211 0.0000000000
120571  38.625  47.662  -1.510 0.0000000000
120572  38.030  48.122  -1.492 0.0000000000
120576  43.632  47.754  -2.558 0.0000000000
120577  42.868  47.613  -2.118 0.0000000000
120578  40.212  47.863  -1.814 0.0000000000
120579  39.487  47.926  -1.961 0.0000000000
120580  38.825  48.077  -2.173 0.0000000000
121138  39.315  48.610  10.869 0.0000000000
121147  39.126  48.899  9.935 0.0000000000
121148  38.981  49.018  10.693 0.0000000000
121154  39.521  48.831  8.700 0.0000000000
121160  40.272  49.173  7.301 0.0000000000
121161  39.788  48.666  7.727 0.0000000000
121172  43.676  49.213  6.396 0.0000000000
121173  42.554  49.084  6.383 0.0000000000
121174  41.489  48.598  6.374 0.0000000000
121175  40.533  48.566  6.785 0.0000000000
121176  40.077  48.541  7.203 0.0000000000
121186  44.057  48.598  5.795 0.0000000000
121187  42.868  48.464  5.983 0.0000000000
121188  42.145  48.464  6.119 0.0000000000
121199  44.720  49.255  4.566 0.0000000000
121200  43.440  49.146  4.636 0.0000000000
121201  42.301  49.232  4.468 0.0000000000
121202  41.706  49.303  4.293 0.0000000000
121214  45.255  48.657  4.025 0.0000000000
121215  43.998  48.407  4.203 0.0000000000
121216  42.780  48.435  4.144 0.0000000000
121217  41.585  48.723  3.978 0.0000000000
121218  40.561  48.509  3.341 0.0000000000
121219  39.969  48.593  2.956 0.0000000000
121229  40.042  48.054  2.914 0.0000000000
121230  39.519  48.442  2.453 0.0000000000
121231  39.001  48.812  1.960 0.0000000000
121240  39.077  48.206  1.859 0.0000000000
121241  38.607  48.479  1.385 0.0000000000
121245  38.147  48.387  0.427 0.0000000000
121246  37.705  48.797  -0.148 0.0000000000
121249  38.010  48.154  -0.397 0.0000000000
121250  37.657  48.581  -0.958 0.0000000000
121254  42.661  48.372  -1.827 0.0000000000
121255  41.569  48.410  -1.868 0.0000000000
121256  40.814  48.193  -1.976 0.0000000000
121257  38.300  48.158  -1.975 0.0000000000
121258  37.673  48.582  -1.977 0.0000000000
121263  43.354  48.209  -2.135 0.0000000000
121264  42.955  48.057  -1.980 0.0000000000
121265  41.083  48.730  -2.166 0.0000000000
121266  40.319  48.543  -2.387 0.0000000000
121267  39.366  48.426  -2.587 0.0000000000
121268  38.450  48.526  -2.640 0.0000000000
121269  37.669  49.027  -2.795 0.0000000000
121275  39.891  48.888  -2.891 0.0000000000
121276  39.209  48.933  -3.177 0.0000000000
121277  38.323  49.151  -3.262 0.0000000000
121278  37.716  49.466  -3.213 0.0000000000
121842  38.939  50.104  10.332 0.0000000000
121843  38.892  49.491  10.717 0.0000000000
121851  39.404  49.819  9.269 0.0000000000
121859  43.755  50.396  7.330 0.0000000000
121860  41.420  50.067  7.176 0.0000000000
121861  40.716  50.024  7.451 0.0000000000
121862  39.889  49.781  8.133 0.0000000000
121873  43.265  49.927  6.999 0.0000000000
121874  41.970  49.702  6.798 0.0000000000
121875  40.999  49.412  6.841 0.0000000000
121885  44.657  50.345  5.438 0.0000000000
121886  43.748  50.457  5.373 0.0000000000
121887  43.158  50.561  5.378 0.0000000000
121899  44.124  49.816  5.085 0.0000000000
121900  42.847  50.030  5.098 0.0000000000
121901  41.632  49.954  4.496 0.0000000000
121902  41.069  50.343  4.186 0.0000000000
121911  41.401  49.396  4.176 0.0000000000
121912  40.806  49.700  3.845 0.0000000000
121913  39.891  49.405  2.980 0.0000000000
121922  39.284  49.475  2.216 0.0000000000
121923  38.744  49.458  1.681 0.0000000000
121932  38.242  49.378  1.058 0.0000000000
121937  37.773  49.427  0.393 0.0000000000
121938  37.229  49.551  -0.356 0.0000000000
121939  36.795  50.000  -0.467 0.0000000000
121943  37.150  49.211  -1.385 0.0000000000
121944  36.718  49.778  -0.968 0.0000000000
121950  42.211  49.435  -1.915 0.0000000000
121951  41.504  49.032  -2.067 0.0000000000
121952  37.134  49.279  -2.250 0.0000000000
121953  36.692  49.711  -1.820 0.0000000000
121959  41.971  49.942  -2.324 0.0000000000
121960  41.196  49.503  -2.608 0.0000000000
121961  40.391  49.114  -2.815 0.0000000000
121962  37.136  49.741  -2.934 0.0000000000
121963  36.822  49.750  -2.402 0.0000000000
121970  40.872  50.018  -3.258 0.0000000000
121971  40.154  49.561  -3.362 0.0000000000
121972  39.009  49.671  -3.605 0.0000000000
121973  38.067  49.802  -3.514 0.0000000000
121974  37.546  49.838  -3.302 0.0000000000
122487  39.402  50.646  9.796 0.0000000000
122495  41.233  51.427  8.386 0.0000000000
122496  40.711  51.155  8.441 0.0000000000
122497  39.930  50.681  8.832 0.0000000000
122508  43.192  50.767  7.489 0.0000000000
122509  41.659  50.941  7.726 0.0000000000
122510  40.442  50.511  8.093 0.0000000000
122511  40.056  50.318  8.332 0.0000000000
122524  42.386  50.313  7.233 0.0000000000
122525  41.849  50.244  7.225 0.0000000000
122537  44.434  51.002  5.656 0.0000000000
122538  43.404  51.137  5.531 0.0000000000
122539  42.688  51.328  5.388 0.0000000000
122551  42.787  50.763  5.342 0.0000000000
122552  42.102  50.939  5.009 0.0000000000
122553  41.307  50.935  4.397 0.0000000000
122563  40.722  50.830  3.882 0.0000000000
122564  40.124  50.616  3.241 0.0000000000
122574  39.501  50.527  2.365 0.0000000000
122575  39.039  50.143  1.874 0.0000000000
122584  39.025  50.774  1.814 0.0000000000
122585  38.524  50.420  1.399 0.0000000000
122586  37.969  50.797  0.922 0.0000000000
122591  38.032  50.102  0.799 0.0000000000
122592  37.428  50.345  0.460 0.0000000000
122593  36.732  50.350  0.018 0.0000000000
122594  36.009  50.649  -0.039 0.0000000000
122598  36.365  50.243  -0.553 0.0000000000
122599  35.725  50.671  -0.670 0.0000000000
122609  36.223  50.187  -1.343 0.0000000000
122610  35.745  50.789  -1.566 0.0000000000
122618  42.622  50.548  -2.314 0.0000000000
122619  41.864  50.292  -2.639 0.0000000000
122620  36.926  50.162  -3.019 0.0000000000
122621  36.472  50.408  -2.518 0.0000000000
122622  35.803  51.155  -2.171 0.0000000000
122627  42.115  50.883  -2.856 0.0000000000
122628  41.421  50.574  -3.169 0.0000000000
122629  40.570  50.590  -3.655 0.0000000000
122630  39.693  50.456  -3.893 0.0000000000
122631  38.612  50.498  -3.826 0.0000000000
122632  37.385  50.476  -3.377 0.0000000000
122633  36.762  51.149  -3.131 0.0000000000
122638  40.112  50.899  -4.002 0.0000000000
122639  39.813  50.962  -4.095 0.0000000000
123184  40.560  51.985  9.549 0.0000000000
123185  39.870  51.467  9.866 0.0000000000
123196  41.645  51.906  8.555 0.0000000000
123197  40.899  51.754  8.816 0.0000000000
123198  40.353  51.443  9.089 0.0000000000
123208  42.870  51.547  7.944 0.0000000000
123209  42.194  51.654  8.165 0.0000000000
123218  44.457  52.360  6.282 0.0000000000
123230  44.143  51.958  5.922 0.0000000000
123231  43.081  51.981  5.641 0.0000000000
123232  42.299  51.930  5.240 0.0000000000
123245  41.588  51.839  4.685 0.0000000000
123246  40.929  51.758  4.067 0.0000000000
123258  40.391  51.651  3.405 0.0000000000
123259  39.785  51.580  2.747 0.0000000000
123273  39.108  51.612  1.976 0.0000000000
123274  38.629  52.027  1.810 0.0000000000
123278  30.087  51.609  1.790 0.0000000000
123286  38.775  51.095  1.624 0.0000000000
123287  38.285  51.514  1.463 0.0000000000
123288  37.118  51.339  1.048 0.0000000000
123289  35.951  51.715  1.008 0.0000000000
123290  35.388  51.951  0.860 0.0000000000
123291  30.055  51.713  0.907 0.0000000000
123292  29.361  51.434  1.237 0.0000000000
123300  36.920  50.763  0.501 0.0000000000
123301  36.306  50.997  0.496 0.0000000000
123302  35.166  51.438  0.199 0.0000000000
123303  34.394  51.949  -0.081 0.0000000000
123304  29.924  51.943  0.429 0.0000000000
123305  29.406  51.795  0.521 0.0000000000
123306  28.647  51.721  0.814 0.0000000000
123307  28.209  51.770  1.191 0.0000000000
123315  35.134  51.199  -0.951 0.0000000000
123316  34.494  51.741  -0.651 0.0000000000
123325  35.335  51.399  -1.691 0.0000000000
123326  34.758  51.740  -1.444 0.0000000000
123334  42.630  51.585  -2.763 0.0000000000
123335  36.176  51.596  -2.722 0.0000000000
123336  35.479  51.784  -2.195 0.0000000000
123337  35.085  51.811  -1.865 0.0000000000
123343  41.906  51.508  -3.190 0.0000000000
123344  41.146  51.428  -3.538 0.0000000000
123345  40.320  51.437  -3.868 0.0000000000
123346  39.464  51.326  -4.030 0.0000000000
123347  38.230  51.447  -3.779 0.0000000000
123348  37.340  51.585  -3.423 0.0000000000
123349  36.784  51.826  -3.144 0.0000000000
123355  39.958  51.172  -4.082 0.0000000000
123356  39.725  51.195  -4.105 0.0000000000
123849  41.105  52.333  9.148 0.0000000000
123876  44.026  53.084  6.457 0.0000000000
123888  44.156  52.609  6.232 0.0000000000
123889  43.513  52.845  5.986 0.0000000000
123890  42.660  52.781  5.592 0.0000000000
123903  41.868  52.798  5.075 0.0000000000
123904  41.138  52.731  4.360 0.0000000000
123917  40.545  52.583  3.685 0.0000000000
123918  39.987  52.512  3.145 0.0000000000
123932  39.356  52.493  2.652 0.0000000000
123933  38.655  52.556  2.276 0.0000000000
123934  37.845  52.872  2.213 0.0000000000
123935  37.051  52.996  2.037 0.0000000000
123944  38.223  52.271  1.840 0.0000000000
123945  37.519  52.257  1.682 0.0000000000
123946  36.453  52.511  1.569 0.0000000000
123947  35.500  52.563  1.268 0.0000000000
123948  34.811  52.931  1.046 0.0000000000
123949  31.337  52.827  1.868 0.0000000000
123950  30.700  52.163  1.349 0.0000000000
123956  35.000  52.256  0.797 0.0000000000
123957  34.256  52.600  0.402 0.0000000000
123958  33.553  53.068  -0.186 0.0000000000
123959  31.273  52.772  0.827 0.0000000000
123960  30.474  52.266  0.383 0.0000000000
123961  29.707  52.216  -0.020 0.0000000000
123962  28.791  52.341  0.053 0.0000000000
123963  27.869  52.386  0.860 0.0000000000
123972  33.926  52.351  -0.435 0.0000000000
123973  33.325  52.928  -0.922 0.0000000000
123974  31.046  52.813  -0.028 0.0000000000
123975  30.316  52.732  -0.586 0.0000000000
123976  29.380  52.649  -0.656 0.0000000000
123977  28.689  53.032  -0.725 0.0000000000
123988  34.019  52.334  -1.380 0.0000000000
123989  33.323  52.959  -1.818 0.0000000000
123990  30.234  53.064  -1.060 0.0000000000
123991  29.805  52.997  -1.137 0.0000000000
123992  29.170  53.053  -1.188 0.0000000000
124000  43.097  52.646  -2.583 0.0000000000
124001  37.368  52.819  -3.109 0.0000000000
124002  36.660  52.587  -2.898 0.0000000000
124003  35.769  52.520  -2.529 0.0000000000
124004  34.800  52.403  -2.155 0.0000000000
124005  33.952  52.811  -2.161 0.0000000000
124011  42.297  52.418  -3.029 0.0000000000
124012  41.611  52.257  -3.325 0.0000000000
124013  40.840  52.281  -3.540 0.0000000000
124014  39.945  52.313  -3.707 0.0000000000
124015  38.941  52.341  -3.686 0.0000000000
124016  37.910  52.424  -3.451 0.0000000000
124017  37.189  52.248  -3.243 0.0000000000
124512  43.336  53.848  6.666 0.0000000000
124513  42.492  54.394  6.309 0.0000000000
124522  42.972  53.346  5.963 0.0000000000
124523  42.326  53.834  5.662 0.0000000000
124533  41.366  53.711  4.841 0.0000000000
124534  40.434  53.669  4.014 0.0000000000
124535  39.833  54.101  3.827 0.0000000000
124546  40.129  53.099  3.481 0.0000000000
124547  39.391  53.561  3.338 0.0000000000
124548  38.658  54.029  3.290 0.0000000000
124559  38.950  53.046  2.746 0.0000000000
124560  38.337  53.580  2.795 0.0000000000
124561  37.260  53.737  2.475 0.0000000000
124562  36.167  53.751  2.038 0.0000000000
124563  35.476  54.249  1.920 0.0000000000
124564  32.230  54.345  2.080 0.0000000000
124565  31.740  53.620  2.434 0.0000000000
124573  35.833  53.124  1.614 0.0000000000
124574  35.160  53.701  1.547 0.0000000000
124575  34.276  53.695  0.959 0.0000000000
124576  32.252  54.402  1.433 0.0000000000
124577  31.851  53.731  1.289 0.0000000000
124585  33.597  53.740  0.342 0.0000000000
124586  32.807  53.781  -0.348 0.0000000000
124587  31.993  53.841  -0.189 0.0000000000
124588  31.613  53.400  0.248 0.0000000000
124589  28.153  53.138  -0.042 0.0000000000
124590  27.515  53.657  0.500 0.0000000000
124597  32.666  53.320  -1.428 0.0000000000
124598  32.001  53.604  -1.126 0.0000000000
124599  31.160  53.328  -0.786 0.0000000000
124600  30.512  53.143  -0.990 0.0000000000
124601  28.144  53.781  -0.714 0.0000000000
124602  27.847  53.738  -0.177 0.0000000000
124614  32.765  53.271  -2.198 0.0000000000
124615  32.088  53.433  -2.078 0.0000000000
124616  31.279  53.526  -1.838 0.0000000000
124617  30.345  53.318  -1.554 0.0000000000
124618  29.447  53.373  -1.637 0.0000000000
124619  28.722  53.628  -1.482 0.0000000000
124629  42.382  53.646  -2.708 0.0000000000
124630  41.235  53.973  -2.728 0.0000000000
124631  40.162  53.884  -2.719 0.0000000000
124632  39.191  53.848  -2.777 0.0000000000
124633  38.280  53.832  -2.775 0.0000000000
124634  37.315  53.579  -2.720 0.0000000000
124635  36.293  53.497  -2.629 0.0000000000
124636  35.249  53.427  -2.770 0.0000000000
124637  34.283  53.210  -2.735 0.0000000000
124638  33.345  53.283  -2.676 0.0000000000
124639  32.424  53.448  -2.862 0.0000000000
124640  31.497  53.713  -2.893 0.0000000000
124641  30.571  53.738  -2.491 0.0000000000
124642  29.647  53.709  -2.273 0.0000000000
124643  29.118  53.765  -1.989 0.0000000000
124649  41.939  52.852  -3.096 0.0000000000
124650  41.430  53.047  -3.170 0.0000000000
124651  40.526  53.134  -3.252 0.0000000000
124652  39.558  53.146  -3.287 0.0000000000
124653  38.614  53.166  -3.244 0.0000000000
124654  37.879  53.197  -3.114 0.0000000000
124655  34.555  53.815  -3.204 0.0000000000
124656  33.799  53.788  -3.287 0.0000000000
124657  32.914  53.851  -3.379 0.0000000000
124658  32.034  53.927  -3.474 0.0000000000
124659  31.557  54.029  -3.425 0.0000000000
125108  42.358  54.933  6.943 0.0000000000
125116  41.925  54.932  5.992 0.0000000000
125117  41.288  55.175  5.428 0.0000000000
125129  41.558  54.478  5.317 0.0000000000
125130  40.820  54.718  4.786 0.0000000000
125131  39.965  54.705  4.309 0.0000000000
125132  39.325  55.076  4.167 0.0000000000
125146  39.455  54.432  3.841 0.0000000000
125147  38.723  54.760  3.671 0.0000000000
125148  37.806  55.088  3.465 0.0000000000
125149  37.099  55.237  3.262 0.0000000000
125159  38.212  54.355  3.260 0.0000000000
125160  37.543  54.450  3.013 0.0000000000
125161  36.552  54.855  2.720 0.0000000000
125162  35.521  54.970  2.239 0.0000000000
125163  34.771  55.334  1.905 0.0000000000
125164  32.440  55.083  2.938 0.0000000000
125165  32.068  54.236  2.967 0.0000000000
125170  35.041  54.614  1.810 0.0000000000
125171  34.279  54.826  1.411 0.0000000000
125172  33.454  55.078  1.167 0.0000000000
125173  32.704  55.031  1.506 0.0000000000
125174  32.225  54.360  1.011 0.0000000000
125182  33.726  54.433  0.846 0.0000000000
125183  33.097  54.584  0.522 0.0000000000
125184  32.470  54.290  0.502 0.0000000000
125185  32.030  53.974  0.553 0.0000000000
125186  27.344  54.451  0.413 0.0000000000
125198  27.952  54.207  -0.800 0.0000000000
125199  27.654  54.444  -0.382 0.0000000000
125208  41.882  55.498  -1.742 0.0000000000
125209  41.480  55.407  -1.772 0.0000000000
125210  28.112  54.431  -1.260 0.0000000000
125211  27.731  55.104  -1.053 0.0000000000
125220  43.033  54.710  -2.313 0.0000000000
125221  42.057  55.041  -2.053 0.0000000000
125222  40.771  54.802  -2.152 0.0000000000
125223  39.751  54.525  -2.279 0.0000000000
125224  38.834  54.533  -2.327 0.0000000000
125225  37.869  54.590  -2.400 0.0000000000
125226  36.868  54.549  -2.501 0.0000000000
125227  35.903  54.448  -2.779 0.0000000000
125228  31.315  54.087  -3.363 0.0000000000
125229  30.829  54.165  -3.221 0.0000000000
125230  29.865  54.192  -3.027 0.0000000000
125231  28.806  54.471  -2.429 0.0000000000
125241  43.755  54.762  -2.802 0.0000000000
125242  42.930  54.834  -3.055 0.0000000000
125243  42.286  54.932  -3.437 0.0000000000
125244  41.508  54.994  -3.686 0.0000000000
125245  35.068  54.447  -3.229 0.0000000000
125246  34.250  54.542  -3.437 0.0000000000
125247  33.408  54.591  -3.590 0.0000000000
125248  32.476  54.660  -3.827 0.0000000000
125249  31.416  54.570  -3.821 0.0000000000
125250  30.362  54.840  -3.579 0.0000000000
125251  29.422  54.959  -3.262 0.0000000000
125252  28.870  55.207  -3.030 0.0000000000
125259  44.403  54.832  -3.567 0.0000000000
125260  43.648  54.707  -3.828 0.0000000000
125261  42.849  54.626  -4.125 0.0000000000
125262  41.950  54.615  -4.353 0.0000000000
125263  40.880  54.730  -4.483 0.0000000000
125264  39.968  54.771  -4.879 0.0000000000
125265  39.155  54.849  -5.094 0.0000000000
125266  31.967  55.092  -4.157 0.0000000000
125267  31.538  55.334  -4.160 0.0000000000
125274  44.326  54.866  -4.436 0.0000000000
125275  43.635  54.702  -4.964 0.0000000000
125276  42.627  54.517  -5.118 0.0000000000
125277  41.645  54.484  -5.337 0.0000000000
125278  40.630  54.551  -5.544 0.0000000000
125279  39.644  54.524  -5.718 0.0000000000
125280  38.580  54.530  -5.766 0.0000000000
125281  37.661  54.514  -6.014 0.0000000000
125282  36.715  54.680  -6.001 0.0000000000
125283  35.691  54.822  -5.964 0.0000000000
125284  34.768  54.900  -5.971 0.0000000000
125290  43.208  54.822  -5.716 0.0000000000
125291  42.446  54.752  -6.032 0.0000000000
125292  41.406  54.721  -6.412 0.0000000000
125293  40.299  54.557  -6.456 0.0000000000
125294  39.263  54.402  -6.604 0.0000000000
125295  38.216  54.305  -6.712 0.0000000000
125296  37.196  54.294  -6.748 0.0000000000
125297  36.169  54.356  -6.720 0.0000000000
125298  35.119  54.462  -6.632 0.0000000000
125299  33.973  54.733  -6.452 0.0000000000
125300  33.036  54.974  -6.818 0.0000000000
125301  32.570  55.177  -6.980 0.0000000000
125307  41.406  54.988  -6.963 0.0000000000
125308  40.896  54.902  -7.085 0.0000000000
125309  39.937  54.757  -7.282 0.0000000000
125310  38.809  54.731  -7.548 0.0000000000
125311  37.694  54.488  -7.517 0.0000000000
125312  36.671  54.355  -7.569 0.0000000000
125313  35.627  54.310  -7.550 0.0000000000
125314  34.562  54.411  -7.461 0.0000000000
125315  33.548  54.618  -7.464 0.0000000000
125316  32.595  54.940  -7.536 0.0000000000
125317  32.107  54.989  -7.965 0.0000000000
125327  38.609  55.114  -8.067 0.0000000000
125328  38.081  54.961  -8.140 0.0000000000
125329  37.138  54.782  -8.278 0.0000000000
125330  36.116  54.632  -8.352 0.0000000000
125331  35.099  54.601  -8.315 0.0000000000
125332  34.114  54.671  -8.275 0.0000000000
125333  33.193  54.789  -8.262 0.0000000000
125334  32.490  54.943  -8.268 0.0000000000
125756  41.785  55.756  6.571 0.0000000000
125765  41.421  55.834  5.898 0.0000000000
125766  40.591  55.859  5.299 0.0000000000
125767  40.014  56.324  5.182 0.0000000000
125777  40.293  55.288  4.725 0.0000000000
125778  39.708  55.830  4.695 0.0000000000
125779  38.794  55.774  4.306 0.0000000000
125791  38.025  55.818  3.927 0.0000000000
125792  37.241  56.025  3.570 0.0000000000
125793  36.514  55.981  3.180 0.0000000000
125796  32.763  55.931  3.501 0.0000000000
125800  35.805  55.995  2.692 0.0000000000
125801  34.959  56.097  2.324 0.0000000000
125802  34.087  56.037  1.829 0.0000000000
125803  33.391  56.073  2.170 0.0000000000
125804  32.958  55.839  2.515 0.0000000000
125809  33.776  55.441  1.478 0.0000000000
125810  33.401  55.605  1.652 0.0000000000
125811  33.097  55.682  1.937 0.0000000000
125816  27.179  55.288  0.473 0.0000000000
125829  27.473  55.533  -0.559 0.0000000000
125841  41.912  55.960  -1.490 0.0000000000
125842  40.568  55.714  -1.598 0.0000000000
125843  39.268  55.960  -1.531 0.0000000000
125844  38.260  56.135  -1.643 0.0000000000
125845  37.724  56.327  -1.780 0.0000000000
125846  28.072  55.575  -1.764 0.0000000000
125847  27.682  55.634  -1.131 0.0000000000
125855  42.537  55.219  -2.438 0.0000000000
125856  42.420  55.850  -1.987 0.0000000000
125857  40.137  55.004  -1.906 0.0000000000
125858  39.489  55.126  -1.846 0.0000000000
125859  38.489  55.295  -1.888 0.0000000000
125860  37.429  55.704  -2.134 0.0000000000
125861  36.350  55.519  -2.672 0.0000000000
125862  35.470  55.368  -3.062 0.0000000000
125863  28.547  55.552  -2.706 0.0000000000
125872  42.474  55.186  -2.885 0.0000000000
125873  41.986  55.576  -2.794 0.0000000000
125874  40.608  55.559  -3.662 0.0000000000
125875  39.915  56.005  -3.936 0.0000000000
125876  34.695  55.339  -3.365 0.0000000000
125877  33.888  55.408  -3.575 0.0000000000
125878  33.088  55.426  -3.817 0.0000000000
125879  32.433  55.494  -4.063 0.0000000000
125880  30.930  55.709  -4.061 0.0000000000
125881  29.875  55.712  -3.595 0.0000000000
125882  29.149  55.667  -3.243 0.0000000000
125883  28.804  55.596  -3.038 0.0000000000
125892  45.070  55.124  -4.136 0.0000000000
125893  40.211  55.104  -4.339 0.0000000000
125894  39.517  55.546  -4.428 0.0000000000
125895  38.229  55.423  -5.015 0.0000000000
125896  37.152  55.920  -5.106 0.0000000000
125897  36.617  56.168  -5.133 0.0000000000
125898  31.922  55.666  -4.236 0.0000000000
125899  31.526  55.758  -4.209 0.0000000000
125908  44.741  55.533  -5.433 0.0000000000
125909  43.778  55.096  -5.694 0.0000000000
125910  37.941  54.828  -5.537 0.0000000000
125911  37.332  55.123  -5.510 0.0000000000
125912  36.300  55.624  -5.453 0.0000000000
125913  35.139  55.561  -5.582 0.0000000000
125914  34.027  55.469  -5.770 0.0000000000
125915  33.137  55.939  -5.895 0.0000000000
125916  32.639  56.155  -5.993 0.0000000000
125922  44.350  56.037  -6.208 0.0000000000
125923  43.471  55.613  -6.451 0.0000000000
125924  42.214  55.206  -6.764 0.0000000000
125925  41.670  55.053  -6.898 0.0000000000
125926  33.769  55.103  -6.090 0.0000000000
125927  33.377  55.280  -6.230 0.0000000000
125928  32.403  55.653  -6.508 0.0000000000
125929  31.747  55.921  -6.805 0.0000000000
125935  43.209  56.251  -7.078 0.0000000000
125936  42.622  55.948  -7.207 0.0000000000
125937  41.616  55.509  -7.337 0.0000000000
125938  40.592  55.551  -7.759 0.0000000000
125939  39.608  55.328  -7.872 0.0000000000
125940  38.976  55.313  -8.057 0.0000000000
125941  32.314  55.277  -7.113 0.0000000000
125942  31.743  55.454  -7.453 0.0000000000
125943  31.206  55.528  -8.102 0.0000000000
125952  40.004  55.960  -8.219 0.0000000000
125953  39.307  55.889  -8.333 0.0000000000
125954  38.511  55.678  -8.422 0.0000000000
125955  37.576  55.616  -8.641 0.0000000000
125956  36.500  55.550  -8.853 0.0000000000
125957  35.526  55.220  -8.876 0.0000000000
125958  34.615  55.117  -8.938 0.0000000000
125959  33.704  55.099  -8.947 0.0000000000
125960  32.821  55.130  -8.922 0.0000000000
125961  31.833  55.195  -8.616 0.0000000000
125962  30.783  55.574  -8.722 0.0000000000
125963  30.112  55.845  -9.017 0.0000000000
125975  35.750  55.913  -9.217 0.0000000000
125976  35.033  55.808  -9.377 0.0000000000
125977  34.177  55.759  -9.446 0.0000000000
125978  33.335  55.640  -9.551 0.0000000000
125979  32.444  55.442  -9.805 0.0000000000
125980  31.378  55.376  -9.658 0.0000000000
125981  30.491  55.602  -9.665 0.0000000000
125982  29.822  55.958  -9.586 0.0000000000
125991  31.841  55.617  -10.414 0.0000000000
125992  30.983  55.613  -10.583 0.0000000000
125993  30.054  55.842  -10.409 0.0000000000
125994  29.634  56.083  -10.039 0.0000000000
126003  30.424  55.898  -10.994 0.0000000000
126004  30.095  55.996  -10.913 0.0000000000
126364  41.360  56.463  6.905 0.0000000000
126372  41.434  56.226  6.346 0.0000000000
126373  40.974  56.712  6.138 0.0000000000
126374  40.104  56.967  5.614 0.0000000000
126375  39.397  57.285  5.397 0.0000000000
126383  39.618  56.649  5.149 0.0000000000
126384  38.854  56.891  4.834 0.0000000000
126385  37.991  57.242  4.595 0.0000000000
126390  33.122  56.421  3.773 0.0000000000
126395  38.187  56.483  4.409 0.0000000000
126396  37.389  56.881  4.201 0.0000000000
126397  36.484  57.071  3.647 0.0000000000
126398  35.628  57.475  3.543 0.0000000000
126399  33.456  56.790  3.496 0.0000000000
126400  33.177  56.371  3.099 0.0000000000
126405  35.904  56.726  3.213 0.0000000000
126406  35.162  57.072  2.969 0.0000000000
126407  34.383  56.851  2.649 0.0000000000
126408  33.669  56.660  2.742 0.0000000000
126409  33.295  56.265  2.615 0.0000000000
126419  27.173  56.382  1.123 0.0000000000
126427  27.353  56.420  -0.060 0.0000000000
126438  42.140  56.839  -0.837 0.0000000000
126439  41.300  56.727  -1.023 0.0000000000
126440  40.071  56.771  -1.130 0.0000000000
126441  38.877  56.847  -1.251 0.0000000000
126442  37.986  56.837  -1.573 0.0000000000
126443  28.034  56.616  -1.659 0.0000000000
126444  27.634  56.340  -1.067 0.0000000000
126453  42.254  56.753  -1.489 0.0000000000
126454  41.992  57.041  -2.084 0.0000000000
126455  37.345  56.709  -1.922 0.0000000000
126456  36.646  56.581  -2.456 0.0000000000
126457  35.646  56.448  -2.906 0.0000000000
126458  34.884  56.621  -3.065 0.0000000000
126459  28.867  57.154  -2.962 0.0000000000
126460  28.481  56.605  -2.519 0.0000000000
126465  42.247  56.389  -2.211 0.0000000000
126466  41.172  56.511  -2.667 0.0000000000
126467  40.068  56.607  -3.484 0.0000000000
126468  39.264  56.989  -3.863 0.0000000000
126469  35.023  56.015  -3.187 0.0000000000
126470  34.349  56.278  -3.355 0.0000000000
126471  33.469  56.290  -3.654 0.0000000000
126472  32.745  56.149  -3.940 0.0000000000
126473  31.058  56.715  -4.036 0.0000000000
126474  30.264  56.607  -3.765 0.0000000000
126475  29.244  56.601  -3.331 0.0000000000
126476  28.774  56.000  -3.040 0.0000000000
126484  39.482  56.338  -4.053 0.0000000000
126485  38.622  56.474  -4.296 0.0000000000
126486  37.657  56.480  -4.608 0.0000000000
126487  36.762  56.707  -4.818 0.0000000000
126488  36.002  56.920  -4.861 0.0000000000
126489  32.265  56.033  -4.173 0.0000000000
126490  31.742  56.340  -4.197 0.0000000000
126499  45.456  56.430  -5.529 0.0000000000
126500  36.241  56.387  -5.109 0.0000000000
126501  35.487  56.459  -5.192 0.0000000000
126502  34.595  56.326  -5.364 0.0000000000
126503  33.708  56.536  -5.495 0.0000000000
126504  32.819  56.756  -5.716 0.0000000000
126505  32.166  56.993  -5.893 0.0000000000
126513  44.965  56.726  -6.179 0.0000000000
126514  44.195  56.414  -6.580 0.0000000000
126515  32.302  56.396  -6.043 0.0000000000
126516  31.676  56.607  -6.411 0.0000000000
126517  30.982  56.799  -6.960 0.0000000000
126524  44.420  57.069  -6.762 0.0000000000
126525  43.735  56.752  -7.060 0.0000000000
126526  42.953  56.825  -7.340 0.0000000000
126527  42.071  56.674  -7.657 0.0000000000
126528  41.295  56.221  -7.881 0.0000000000
126529  31.360  56.190  -7.066 0.0000000000
126530  30.659  56.228  -7.706 0.0000000000
126531  29.846  56.537  -8.051 0.0000000000
126541  41.421  56.949  -8.088 0.0000000000
126542  40.647  56.622  -8.256 0.0000000000
126543  39.731  56.692  -8.420 0.0000000000
126544  38.889  56.632  -8.569 0.0000000000
126545  38.007  56.561  -8.742 0.0000000000
126546  37.078  56.532  -8.969 0.0000000000
126547  30.171  56.088  -8.437 0.0000000000
126548  29.558  56.464  -8.795 0.0000000000
126549  29.073  56.809  -9.163 0.0000000000
126562  36.187  56.582  -9.178 0.0000000000
126563  35.399  56.620  -9.421 0.0000000000
126564  34.594  56.607  -9.654 0.0000000000
126565  33.771  56.481  -9.967 0.0000000000
126566  33.107  56.093  -10.126 0.0000000000
126567  29.368  56.391  -9.644 0.0000000000
126568  28.828  56.849  -9.800 0.0000000000
126580  33.307  56.700  -10.433 0.0000000000
126581  32.574  56.368  -10.694 0.0000000000
126582  31.721  56.036  -10.987 0.0000000000
126583  29.882  56.082  -10.820 0.0000000000
126584  29.418  56.366  -10.528 0.0000000000
126585  28.704  57.052  -10.665 0.0000000000
126593  32.096  56.676  -11.596 0.0000000000
126594  31.041  56.157  -11.546 0.0000000000
126595  29.955  56.197  -11.431 0.0000000000
126596  29.106  56.722  -11.442 0.0000000000
126597  28.497  57.336  -11.487 0.0000000000
126602  32.118  57.123  -12.222 0.0000000000
126603  31.490  56.840  -12.339 0.0000000000
126604  30.465  56.638  -12.507 0.0000000000
126605  29.461  56.717  -12.395 0.0000000000
126606  28.775  57.025  -12.102 0.0000000000
126611  30.283  56.903  -13.013 0.0000000000
126612  29.952  56.818  -12.999 0.0000000000
126947  40.175  57.542  6.481 0.0000000000
126948  39.499  57.980  5.927 0.0000000000
126949  38.836  57.894  5.424 0.0000000000
126957  38.153  57.899  5.003 0.0000000000
126958  37.342  57.997  4.681 0.0000000000
126968  36.641  57.740  4.315 0.0000000000
126978  34.472  57.437  3.298 0.0000000000
126979  33.961  57.252  3.227 0.0000000000
126980  33.703  57.031  3.296 0.0000000000
126984  27.410  57.404  1.631 0.0000000000
126986  27.541  57.388  0.535 0.0000000000
126989  42.264  58.046  -0.244 0.0000000000
126990  42.097  58.051  -0.079 0.0000000000
126991  41.421  58.149  -0.000 0.0000000000
126992  40.589  58.281  -0.188 0.0000000000
126993  28.015  57.821  -1.164 0.0000000000
126994  27.741  57.507  -0.717 0.0000000000
126998  42.101  57.715  -0.606 0.0000000000
126999  41.775  57.559  -0.517 0.0000000000
127000  40.836  57.555  -0.584 0.0000000000
127001  39.605  57.791  -0.632 0.0000000000
127002  38.281  57.737  -1.204 0.0000000000
127003  37.428  57.987  -1.573 0.0000000000
127004  28.167  57.536  -1.647 0.0000000000
127005  27.810  57.010  -1.308 0.0000000000
127011  41.909  57.646  -1.494 0.0000000000
127012  41.041  57.693  -2.306 0.0000000000
127013  40.277  58.420  -2.487 0.0000000000
127014  37.560  57.349  -1.662 0.0000000000
127015  36.846  57.529  -2.004 0.0000000000
127016  36.027  57.457  -2.530 0.0000000000
127017  34.915  57.456  -2.804 0.0000000000
127018  34.225  57.938  -2.850 0.0000000000
127019  29.216  57.591  -3.202 0.0000000000
127020  28.703  57.792  -2.620 0.0000000000
127025  40.451  57.117  -2.870 0.0000000000
127026  39.755  57.779  -3.233 0.0000000000
127027  38.316  57.580  -3.835 0.0000000000
127028  37.585  57.868  -3.915 0.0000000000
127029  34.507  56.916  -3.117 0.0000000000
127030  33.874  57.307  -3.231 0.0000000000
127031  32.752  57.126  -3.749 0.0000000000
127032  31.719  57.375  -3.940 0.0000000000
127033  30.700  57.475  -3.812 0.0000000000
127034  29.843  57.448  -3.587 0.0000000000
127040  37.940  56.967  -4.197 0.0000000000
127041  37.324  57.427  -4.272 0.0000000000
127042  36.318  57.563  -4.517 0.0000000000
127043  35.179  57.494  -4.733 0.0000000000
127044  34.075  57.933  -4.753 0.0000000000
127045  33.565  58.141  -4.857 0.0000000000
127046  32.355  56.508  -4.064 0.0000000000
127047  32.167  56.864  -4.083 0.0000000000
127053  34.898  56.853  -5.104 0.0000000000
127054  34.305  57.124  -5.097 0.0000000000
127055  33.376  57.638  -5.190 0.0000000000
127056  32.450  57.684  -5.541 0.0000000000
127057  31.714  57.611  -5.937 0.0000000000
127066  31.048  57.556  -6.490 0.0000000000
127067  30.227  57.462  -7.191 0.0000000000
127068  29.629  57.953  -7.366 0.0000000000
127077  44.149  57.730  -7.034 0.0000000000
127078  43.469  57.665  -7.347 0.0000000000
127079  42.659  57.711  -7.579 0.0000000000
127080  41.847  57.700  -7.942 0.0000000000
127081  29.942  56.861  -7.659 0.0000000000
127082  29.298  57.414  -7.991 0.0000000000
127083  28.778  57.934  -8.411 0.0000000000
127094  41.064  57.654  -8.297 0.0000000000
127095  40.191  57.588  -8.442 0.0000000000
127096  39.295  57.571  -8.539 0.0000000000
127097  38.397  57.541  -8.642 0.0000000000
127098  37.475  57.520  -8.796 0.0000000000
127099  36.560  57.517  -9.063 0.0000000000
127100  29.113  57.015  -8.701 0.0000000000
127101  28.690  57.480  -8.985 0.0000000000
127116  35.755  57.449  -9.339 0.0000000000
127117  35.040  57.458  -9.605 0.0000000000
127118  34.191  57.541  -10.145 0.0000000000
127119  33.664  57.062  -10.373 0.0000000000
127120  28.386  57.570  -9.963 0.0000000000
127132  33.851  58.078  -10.493 0.0000000000
127133  33.321  57.573  -10.850 0.0000000000
127134  32.707  57.020  -11.266 0.0000000000
127135  28.249  57.739  -10.795 0.0000000000
127140  33.247  58.123  -11.557 0.0000000000
127141  32.728  57.553  -11.921 0.0000000000
127142  28.004  57.940  -11.547 0.0000000000
127143  27.822  58.214  -11.836 0.0000000000
127148  32.011  57.580  -12.940 0.0000000000
127149  31.001  57.185  -13.016 0.0000000000
127150  30.510  56.989  -13.014 0.0000000000
127151  28.835  57.147  -12.724 0.0000000000
127152  28.208  57.662  -12.367 0.0000000000
127153  27.889  58.017  -12.025 0.0000000000
127162  31.942  57.883  -13.645 0.0000000000
127163  31.308  57.642  -13.886 0.0000000000
127164  30.273  57.176  -13.545 0.0000000000
127165  29.315  57.138  -13.336 0.0000000000
127166  28.573  57.535  -13.307 0.0000000000
127175  31.076  57.847  -14.496 0.0000000000
127176  30.423  57.657  -14.553 0.0000000000
127177  29.411  57.512  -14.329 0.0000000000
127178  28.870  57.472  -13.874 0.0000000000
127183  30.028  57.752  -14.995 0.0000000000
127184  29.814  57.675  -14.779 0.0000000000
127500  37.677  58.376  5.138 0.0000000000
127516  27.637  58.219  2.209 0.0000000000
127519  28.107  58.891  0.446 0.0000000000
127520  27.831  58.370  1.143 0.0000000000
127523  28.143  58.812  -0.293 0.0000000000
127524  27.841  58.215  0.092 0.0000000000
127527  42.058  58.407  -0.201 0.0000000000
127528  41.661  58.714  0.069 0.0000000000
127529  40.932  58.923  0.265 0.0000000000
127530  39.961  58.884  -0.079 0.0000000000
127531  28.177  58.411  -1.114 0.0000000000
127532  27.977  58.232  -0.506 0.0000000000
127536  41.734  58.569  -0.974 0.0000000000
127537  41.265  59.098  -1.174 0.0000000000
127538  38.884  58.744  -0.625 0.0000000000
127539  37.880  58.763  -1.311 0.0000000000
127540  36.670  58.612  -1.636 0.0000000000
127541  35.913  59.028  -1.634 0.0000000000
127542  28.443  58.509  -2.056 0.0000000000
127546  41.451  58.166  -1.628 0.0000000000
127547  40.891  58.750  -1.720 0.0000000000
127548  40.160  59.050  -2.259 0.0000000000
127549  36.293  58.035  -2.148 0.0000000000
127550  35.588  58.474  -2.195 0.0000000000
127551  34.592  58.493  -2.556 0.0000000000
127552  33.572  58.534  -2.919 0.0000000000
127553  32.883  59.061  -3.060 0.0000000000
127554  29.217  58.382  -3.035 0.0000000000
127555  28.813  58.671  -2.638 0.0000000000
127560  39.607  58.831  -2.792 0.0000000000
127561  38.753  58.676  -3.381 0.0000000000
127562  37.565  58.546  -3.746 0.0000000000
127563  36.587  58.925  -3.777 0.0000000000
127564  36.047  59.087  -3.726 0.0000000000
127565  33.162  57.882  -3.366 0.0000000000
127566  32.379  58.513  -3.460 0.0000000000
127567  31.158  58.401  -3.681 0.0000000000
127568  30.203  58.260  -3.630 0.0000000000
127569  29.606  58.093  -3.419 0.0000000000
127578  37.283  57.983  -3.960 0.0000000000
127579  36.804  58.162  -4.069 0.0000000000
127580  35.756  58.548  -4.062 0.0000000000
127581  34.583  58.614  -4.378 0.0000000000
127582  33.573  58.747  -4.681 0.0000000000
127583  33.076  59.183  -4.806 0.0000000000
127596  33.307  58.288  -4.939 0.0000000000
127597  32.807  58.657  -5.139 0.0000000000
127598  31.964  58.514  -5.634 0.0000000000
127613  31.298  58.464  -6.107 0.0000000000
127614  30.565  58.471  -6.561 0.0000000000
127615  29.884  58.522  -7.030 0.0000000000
127629  29.346  58.513  -7.522 0.0000000000
127630  28.855  58.495  -8.078 0.0000000000
127641  37.874  58.519  -8.595 0.0000000000
127642  36.905  58.527  -8.750 0.0000000000
127643  35.892  58.548  -9.236 0.0000000000
127644  35.398  59.096  -9.454 0.0000000000
127645  28.517  58.442  -8.772 0.0000000000
127658  35.423  57.997  -9.502 0.0000000000
127659  34.950  58.535  -9.714 0.0000000000
127660  34.218  58.582  -10.302 0.0000000000
127661  28.302  58.196  -9.456 0.0000000000
127670  33.740  58.553  -10.727 0.0000000000
127671  33.483  58.570  -11.188 0.0000000000
127672  28.053  58.370  -10.211 0.0000000000
127673  27.834  58.707  -10.724 0.0000000000
127678  33.383  58.708  -11.781 0.0000000000
127679  33.142  58.267  -12.068 0.0000000000
127680  27.954  58.253  -10.932 0.0000000000
127681  27.756  58.580  -11.423 0.0000000000
127691  33.201  58.731  -12.275 0.0000000000
127692  32.787  58.369  -12.680 0.0000000000
127693  27.945  57.984  -12.608 0.0000000000
127694  27.743  58.391  -12.363 0.0000000000
127703  32.386  58.358  -13.606 0.0000000000
127704  31.905  58.104  -14.051 0.0000000000
127705  28.017  57.996  -13.083 0.0000000000
127706  27.694  58.658  -13.403 0.0000000000
127711  32.190  58.600  -14.419 0.0000000000
127712  31.524  58.204  -14.582 0.0000000000
127713  30.957  58.029  -14.872 0.0000000000
127714  29.023  57.749  -14.662 0.0000000000
127715  28.401  58.132  -14.331 0.0000000000
127716  27.713  58.869  -14.088 0.0000000000
127722  31.913  58.681  -15.004 0.0000000000
127723  31.315  58.448  -15.371 0.0000000000
127724  30.443  57.989  -15.345 0.0000000000
127725  29.418  57.948  -15.160 0.0000000000
127726  28.628  58.503  -15.407 0.0000000000
127735  30.841  58.372  -16.027 0.0000000000
127736  30.035  58.237  -16.152 0.0000000000
127737  29.105  58.545  -16.113 0.0000000000
127738  28.578  58.820  -16.021 0.0000000000
128044  28.470  59.887  3.328 0.0000000000
128048  28.433  59.727  2.278 0.0000000000
128049  27.870  59.095  2.746 0.0000000000
128051  28.372  59.460  1.175 0.0000000000
128052  28.156  58.906  1.930 0.0000000000
128055  28.366  59.577  0.130 0.0000000000
128058  41.720  59.113  -0.084 0.0000000000
128059  41.135  59.668  0.183 0.0000000000
128060  40.347  59.796  0.289 0.0000000000
128061  39.373  59.746  -0.104 0.0000000000
128062  28.392  59.505  -0.801 0.0000000000
128066  41.749  58.923  -0.401 0.0000000000
128067  41.160  59.593  -0.609 0.0000000000
128068  40.522  60.241  -0.962 0.0000000000
128069  38.414  59.665  -0.758 0.0000000000
128070  37.344  59.639  -1.109 0.0000000000
128071  36.297  59.645  -1.336 0.0000000000
128072  35.282  59.569  -1.723 0.0000000000
128073  34.682  59.975  -1.810 0.0000000000
128074  28.479  59.351  -1.704 0.0000000000
128078  40.931  59.317  -1.303 0.0000000000
128079  40.300  59.767  -1.699 0.0000000000
128080  39.653  59.884  -2.347 0.0000000000
128081  34.957  59.031  -2.243 0.0000000000
128082  34.294  59.511  -2.291 0.0000000000
128083  33.189  59.571  -2.633 0.0000000000
128084  32.306  59.558  -3.146 0.0000000000
128085  31.755  59.850  -3.264 0.0000000000
128086  29.860  60.024  -3.127 0.0000000000
128087  29.280  59.389  -2.924 0.0000000000
128088  28.666  59.187  -2.376 0.0000000000
128094  39.764  59.444  -2.431 0.0000000000
128095  39.102  59.608  -2.798 0.0000000000
128096  38.125  59.510  -3.293 0.0000000000
128097  37.145  59.571  -3.484 0.0000000000
128098  36.198  59.681  -3.525 0.0000000000
128099  35.477  59.918  -3.566 0.0000000000
128100  32.093  59.147  -3.359 0.0000000000
128101  31.560  59.345  -3.443 0.0000000000
128102  30.382  59.339  -3.471 0.0000000000
128103  29.702  58.710  -3.356 0.0000000000
128111  35.664  59.317  -3.702 0.0000000000
128112  34.918  59.471  -3.819 0.0000000000
128113  34.027  59.517  -4.220 0.0000000000
128114  33.297  59.684  -4.554 0.0000000000
128123  32.705  59.655  -4.902 0.0000000000
128124  32.092  59.533  -5.426 0.0000000000
128125  31.493  59.822  -5.748 0.0000000000
128132  31.564  59.165  -5.832 0.0000000000
128133  30.969  59.465  -6.189 0.0000000000
128134  30.176  59.417  -6.654 0.0000000000
128143  29.551  59.368  -7.142 0.0000000000
128144  28.974  59.364  -7.649 0.0000000000
128155  36.399  59.594  -8.749 0.0000000000
128156  35.629  59.662  -9.153 0.0000000000
128157  28.523  59.397  -8.384 0.0000000000
128162  35.026  59.596  -9.553 0.0000000000
128163  34.520  59.415  -10.054 0.0000000000
128164  28.164  59.227  -9.484 0.0000000000
128165  27.775  59.597  -10.145 0.0000000000
128172  34.060  59.323  -10.698 0.0000000000
128173  33.696  59.062  -10.987 0.0000000000
128174  27.850  59.038  -10.260 0.0000000000
128175  27.720  59.361  -10.856 0.0000000000
128185  33.860  59.435  -11.119 0.0000000000
128186  33.671  59.258  -11.479 0.0000000000
128187  27.610  59.348  -11.786 0.0000000000
128198  33.483  59.274  -12.184 0.0000000000
128199  33.108  59.034  -12.648 0.0000000000
128200  27.551  59.406  -12.745 0.0000000000
128207  33.369  59.587  -12.920 0.0000000000
128208  32.871  59.068  -13.262 0.0000000000
128209  27.494  59.506  -13.722 0.0000000000
128215  33.245  59.677  -13.755 0.0000000000
128216  32.713  59.115  -14.107 0.0000000000
128217  28.197  58.734  -15.069 0.0000000000
128218  27.729  59.367  -14.797 0.0000000000
128229  33.038  59.707  -14.519 0.0000000000
128230  32.481  59.314  -15.048 0.0000000000
128231  31.889  59.003  -15.486 0.0000000000
128232  28.177  59.048  -15.695 0.0000000000
128233  27.812  59.833  -15.923 0.0000000000
128242  32.195  59.505  -15.826 0.0000000000
128243  31.512  59.060  -16.142 0.0000000000
128244  30.696  58.880  -16.656 0.0000000000
128245  29.708  58.912  -16.861 0.0000000000
128246  28.529  59.358  -16.758 0.0000000000
128247  27.951  60.208  -16.657 0.0000000000
128253  32.093  59.718  -16.512 0.0000000000
128254  31.475  59.568  -17.017 0.0000000000
128255  30.518  59.436  -17.493 0.0000000000
128256  29.503  59.471  -17.667 0.0000000000
128257  28.775  60.000  -17.856 0.0000000000
128265  30.183  59.772  -18.092 0.0000000000
128266  29.572  60.112  -18.287 0.0000000000
128267  28.975  60.530  -18.370 0.0000000000
128636  29.006  60.532  2.794 0.0000000000
128638  29.461  61.140  2.171 0.0000000000
128639  28.813  60.409  1.714 0.0000000000
128642  29.165  60.994  1.247 0.0000000000
128643  28.727  60.414  0.605 0.0000000000
128647  40.941  60.111  0.257 0.0000000000
128648  40.578  60.420  0.142 0.0000000000
128649  39.654  60.815  0.213 0.0000000000
128650  38.678  61.262  -0.189 0.0000000000
128651  37.756  61.335  -0.461 0.0000000000
128652  28.548  60.315  -0.346 0.0000000000
128659  41.001  60.206  0.058 0.0000000000
128660  40.489  60.711  -0.399 0.0000000000
128661  38.868  60.443  -0.289 0.0000000000
128662  37.992  60.515  -0.635 0.0000000000
128663  36.890  60.660  -0.827 0.0000000000
128664  35.881  60.540  -1.272 0.0000000000
128665  34.924  60.622  -1.569 0.0000000000
128666  34.221  60.890  -1.800 0.0000000000
128667  29.081  60.896  -1.875 0.0000000000
128668  28.694  60.522  -1.468 0.0000000000
128673  40.067  60.787  -1.265 0.0000000000
128674  39.380  60.601  -2.172 0.0000000000
128675  38.333  61.033  -2.499 0.0000000000
128676  37.287  61.086  -2.617 0.0000000000
128677  36.387  61.084  -2.722 0.0000000000
128678  34.334  60.291  -1.911 0.0000000000
128679  33.624  60.505  -2.232 0.0000000000
128680  32.656  60.418  -2.653 0.0000000000
128681  31.757  60.443  -3.073 0.0000000000
128682  30.638  60.453  -3.135 0.0000000000
128683  29.412  60.678  -2.459 0.0000000000
128684  28.788  59.873  -2.261 0.0000000000
128691  38.502  60.203  -2.776 0.0000000000
128692  37.661  60.268  -2.959 0.0000000000
128693  36.716  60.350  -3.074 0.0000000000
128694  35.758  60.609  -3.203 0.0000000000
128695  34.899  60.522  -3.532 0.0000000000
128696  34.207  60.839  -3.726 0.0000000000
128697  31.347  60.021  -3.338 0.0000000000
128698  30.979  59.832  -3.469 0.0000000000
128703  34.305  60.156  -3.862 0.0000000000
128704  33.642  60.506  -4.159 0.0000000000
128705  32.861  60.502  -4.580 0.0000000000
128707  32.260  60.409  -5.030 0.0000000000
128708  31.734  60.434  -5.420 0.0000000000
128709  31.113  60.497  -5.833 0.0000000000
128715  30.426  60.355  -6.306 0.0000000000
128716  29.695  60.329  -6.714 0.0000000000
128717  29.120  60.743  -7.013 0.0000000000
128727  29.199  60.051  -7.257 0.0000000000
128728  28.627  60.413  -7.697 0.0000000000
128741  28.259  60.528  -8.871 0.0000000000
128746  35.267  60.509  -9.396 0.0000000000
128747  34.706  60.280  -9.881 0.0000000000
128748  27.858  60.254  -9.804 0.0000000000
128749  27.732  60.151  -10.485 0.0000000000
128759  34.429  60.088  -10.494 0.0000000000
128760  27.724  60.160  -11.255 0.0000000000
128773  34.138  60.027  -11.441 0.0000000000
128774  33.782  59.627  -11.856 0.0000000000
128775  27.670  60.238  -12.151 0.0000000000
128784  34.316  60.633  -12.498 0.0000000000
128785  33.806  59.941  -12.367 0.0000000000
128786  27.603  60.355  -13.112 0.0000000000
128790  34.384  60.944  -13.174 0.0000000000
128791  33.848  60.398  -13.379 0.0000000000
128792  27.460  60.495  -14.149 0.0000000000
128798  33.477  60.285  -14.302 0.0000000000
128799  27.655  60.620  -15.216 0.0000000000
128808  33.097  60.250  -15.303 0.0000000000
128809  32.598  59.793  -15.589 0.0000000000
128810  27.751  60.780  -16.191 0.0000000000
128816  33.086  60.764  -16.313 0.0000000000
128817  32.605  60.090  -16.148 0.0000000000
128818  28.201  60.332  -17.350 0.0000000000
128819  27.812  60.879  -17.007 0.0000000000
128828  33.146  61.088  -16.901 0.0000000000
128829  32.453  60.579  -17.246 0.0000000000
128830  31.271  60.124  -17.734 0.0000000000
128831  30.655  59.929  -17.961 0.0000000000
128832  28.392  60.798  -18.036 0.0000000000
128833  28.049  60.955  -17.563 0.0000000000
128842  32.389  61.091  -17.960 0.0000000000
128843  31.797  60.864  -18.146 0.0000000000
128844  30.617  60.566  -18.364 0.0000000000
128845  29.619  60.957  -18.638 0.0000000000
128846  28.862  61.157  -18.546 0.0000000000
129209  29.547  61.763  1.465 0.0000000000
129215  29.048  61.410  0.325 0.0000000000
129216  28.688  60.803  0.015 0.0000000000
129223  39.911  61.576  -0.044 0.0000000000
129224  39.203  61.966  0.038 0.0000000000
129225  38.251  62.190  -0.146 0.0000000000
129226  36.935  61.975  -0.588 0.0000000000
129227  36.142  62.415  -0.806 0.0000000000
129228  29.036  61.602  -0.717 0.0000000000
129229  28.715  61.002  -0.557 0.0000000000
129235  39.859  61.845  -0.844 0.0000000000
129236  39.417  62.358  -1.124 0.0000000000
129237  36.331  61.198  -0.980 0.0000000000
129238  35.675  61.682  -1.253 0.0000000000
129239  34.617  61.580  -1.605 0.0000000000
129240  33.742  61.547  -1.952 0.0000000000
129241  29.913  61.739  -1.951 0.0000000000
129242  29.266  61.433  -1.626 0.0000000000
129243  28.824  61.188  -1.126 0.0000000000
129249  39.631  61.304  -1.514 0.0000000000
129250  39.108  61.856  -1.704 0.0000000000
129251  37.986  62.025  -2.223 0.0000000000
129252  36.828  61.984  -2.435 0.0000000000
129253  35.593  61.707  -2.747 0.0000000000
129254  34.934  62.111  -2.833 0.0000000000
129255  32.925  61.308  -2.358 0.0000000000
129256  32.177  61.217  -2.665 0.0000000000
129257  31.292  61.311  -2.741 0.0000000000
129258  30.310  61.438  -2.454 0.0000000000
129259  29.692  61.374  -2.182 0.0000000000
129266  35.184  61.101  -3.217 0.0000000000
129267  34.589  61.604  -3.316 0.0000000000
129268  33.731  61.448  -3.773 0.0000000000
129271  33.127  61.380  -4.231 0.0000000000
129272  32.313  61.425  -4.736 0.0000000000
129273  31.899  61.895  -4.933 0.0000000000
129276  31.949  60.921  -5.129 0.0000000000
129277  31.533  61.421  -5.316 0.0000000000
129278  30.480  61.465  -5.907 0.0000000000
129279  29.928  62.041  -5.997 0.0000000000
129284  30.020  60.910  -6.339 0.0000000000
129285  29.510  61.495  -6.436 0.0000000000
129286  28.760  61.477  -7.163 0.0000000000
129297  28.403  61.466  -8.059 0.0000000000
129308  28.329  61.640  -8.933 0.0000000000
129317  34.970  61.303  -10.065 0.0000000000
129318  34.669  60.623  -10.285 0.0000000000
129319  28.092  61.342  -9.897 0.0000000000
129320  27.806  60.665  -10.207 0.0000000000
129332  35.036  61.634  -11.108 0.0000000000
129333  34.678  60.786  -10.848 0.0000000000
129334  28.155  61.710  -10.968 0.0000000000
129335  27.835  60.855  -10.723 0.0000000000
129345  35.173  61.850  -12.009 0.0000000000
129346  34.694  61.080  -11.776 0.0000000000
129347  28.224  61.873  -11.916 0.0000000000
129348  27.894  61.000  -11.579 0.0000000000
129351  35.165  62.047  -12.534 0.0000000000
129352  34.785  61.539  -12.804 0.0000000000
129353  28.143  62.057  -12.845 0.0000000000
129354  27.879  61.141  -12.502 0.0000000000
129359  34.313  61.363  -13.921 0.0000000000
129360  33.836  60.756  -14.084 0.0000000000
129361  28.236  62.179  -13.744 0.0000000000
129362  27.805  61.332  -13.475 0.0000000000
129373  34.188  61.708  -15.062 0.0000000000
129374  33.724  60.947  -14.720 0.0000000000
129375  28.268  62.296  -14.261 0.0000000000
129376  27.961  61.673  -14.551 0.0000000000
129385  34.090  61.913  -16.004 0.0000000000
129386  33.587  61.198  -15.654 0.0000000000
129387  27.792  61.622  -15.691 0.0000000000
129395  34.083  61.961  -16.852 0.0000000000
129396  33.564  61.429  -16.534 0.0000000000
129397  27.634  61.638  -16.648 0.0000000000
129405  34.019  62.040  -17.340 0.0000000000
129406  33.449  61.624  -17.443 0.0000000000
129407  32.791  61.333  -17.878 0.0000000000
129408  28.119  61.240  -17.837 0.0000000000
129409  27.825  61.565  -17.504 0.0000000000
129414  33.156  61.780  -18.170 0.0000000000
129415  32.456  61.658  -18.501 0.0000000000
129416  31.409  61.490  -18.727 0.0000000000
129417  30.433  61.586  -18.912 0.0000000000
129418  29.411  62.022  -18.936 0.0000000000
129419  28.276  61.775  -18.256 0.0000000000
129420  27.824  62.151  -17.787 0.0000000000
129424  31.988  62.106  -19.103 0.0000000000
129425  31.221  62.189  -19.276 0.0000000000
129426  30.395  62.417  -19.289 0.0000000000
129427  29.901  62.663  -19.234 0.0000000000
129780  29.950  62.673  1.748 0.0000000000
129788  29.536  62.371  0.719 0.0000000000
129798  39.392  62.399  -0.085 0.0000000000
129799  38.711  63.115  0.037 0.0000000000
129800  37.722  63.146  0.037 0.0000000000
129801  36.621  63.137  -0.424 0.0000000000
129802  35.383  62.908  -0.987 0.0000000000
129803  34.656  63.266  -1.235 0.0000000000
129804  29.851  62.719  -0.632 0.0000000000
129805  29.377  62.223  -0.216 0.0000000000
129812  39.618  62.227  -0.335 0.0000000000
129813  39.108  62.883  -0.619 0.0000000000
129814  38.446  63.590  -1.159 0.0000000000
129815  37.976  63.838  -1.343 0.0000000000
129816  34.992  62.202  -1.447 0.0000000000
129817  34.217  62.630  -1.568 0.0000000000
129818  32.802  62.397  -2.012 0.0000000000
129819  31.607  62.704  -1.829 0.0000000000
129820  30.730  62.619  -1.588 0.0000000000
129821  29.957  62.279  -1.421 0.0000000000
129822  29.428  62.112  -0.966 0.0000000000
129831  39.142  62.519  -1.265 0.0000000000
129832  38.601  62.704  -1.466 0.0000000000
129833  37.514  63.083  -1.634 0.0000000000
129834  36.256  62.874  -2.247 0.0000000000
129835  35.258  62.691  -2.535 0.0000000000
129836  32.455  61.723  -2.383 0.0000000000
129837  31.897  61.942  -2.384 0.0000000000
129838  31.033  62.036  -2.197 0.0000000000
129839  30.400  62.015  -1.915 0.0000000000
129845  34.553  62.611  -2.904 0.0000000000
129846  33.743  62.525  -3.476 0.0000000000
129847  33.307  63.042  -3.709 0.0000000000
129850  33.334  61.939  -3.874 0.0000000000
129851  32.934  62.472  -4.131 0.0000000000
129852  32.152  62.464  -4.668 0.0000000000
129855  31.652  62.290  -5.015 0.0000000000
129856  31.082  62.428  -5.372 0.0000000000
129857  30.283  62.606  -5.703 0.0000000000
129864  29.586  62.633  -6.114 0.0000000000
129865  28.948  62.454  -6.707 0.0000000000
129877  28.624  62.366  -7.543 0.0000000000
129884  28.525  62.416  -8.467 0.0000000000
129896  28.521  62.422  -9.420 0.0000000000
129906  35.278  62.356  -10.590 0.0000000000
129907  28.564  62.464  -10.396 0.0000000000
129911  35.344  62.452  -11.448 0.0000000000
129912  28.601  62.608  -11.361 0.0000000000
129917  35.340  62.607  -12.343 0.0000000000
129918  35.128  62.250  -12.901 0.0000000000
129919  28.544  62.777  -12.289 0.0000000000
129926  35.233  62.869  -13.157 0.0000000000
129927  34.893  62.227  -13.542 0.0000000000
129928  28.539  62.921  -13.211 0.0000000000
129937  35.041  62.910  -13.846 0.0000000000
129938  34.716  62.440  -14.493 0.0000000000
129939  28.526  62.913  -14.124 0.0000000000
129940  28.246  62.482  -14.601 0.0000000000
129947  34.557  62.473  -15.489 0.0000000000
129948  28.294  63.030  -14.732 0.0000000000
129949  28.001  62.616  -15.283 0.0000000000
129958  35.176  62.943  -16.522 0.0000000000
129959  34.692  62.605  -16.380 0.0000000000
129960  27.518  62.576  -16.220 0.0000000000
129967  35.192  62.743  -17.033 0.0000000000
129968  34.524  62.388  -17.329 0.0000000000
129969  34.041  62.185  -17.697 0.0000000000
129970  27.424  62.536  -17.272 0.0000000000
129975  35.083  62.849  -17.827 0.0000000000
129976  34.486  62.550  -18.053 0.0000000000
129977  33.819  62.231  -18.281 0.0000000000
129978  33.225  62.161  -18.667 0.0000000000
129979  29.514  63.056  -19.173 0.0000000000
129980  28.638  62.838  -18.772 0.0000000000
129981  27.859  62.796  -18.112 0.0000000000
129987  34.964  62.848  -18.350 0.0000000000
129988  34.632  62.684  -18.714 0.0000000000
129989  33.889  62.544  -19.118 0.0000000000
129990  32.888  62.531  -19.240 0.0000000000
129991  32.001  62.807  -19.455 0.0000000000
129992  31.166  62.995  -19.524 0.0000000000
129993  30.352  63.253  -19.413 0.0000000000
130320  30.082  63.328  1.570 0.0000000000
130329  30.274  63.896  1.160 0.0000000000
130330  29.907  63.172  0.864 0.0000000000
130340  38.593  63.955  0.187 0.0000000000
130341  38.157  64.000  0.346 0.0000000000
130342  37.208  64.102  0.244 0.0000000000
130343  36.032  64.085  -0.341 0.0000000000
130344  34.781  63.973  -0.785 0.0000000000
130345  33.913  64.149  -1.061 0.0000000000
130346  30.929  64.003  -0.408 0.0000000000
130347  30.410  63.601  -0.059 0.0000000000
130348  29.762  62.857  0.110 0.0000000000
130356  38.734  63.819  -0.068 0.0000000000
130357  38.611  63.994  -0.457 0.0000000000
130358  38.132  64.369  -0.914 0.0000000000
130359  37.503  64.592  -1.071 0.0000000000
130360  34.174  63.535  -1.292 0.0000000000
130361  33.272  63.586  -1.388 0.0000000000
130362  32.137  63.477  -1.462 0.0000000000
130363  31.102  63.588  -1.072 0.0000000000
130364  30.349  63.030  -1.022 0.0000000000
130374  37.611  64.030  -1.370 0.0000000000
130375  36.786  63.993  -1.549 0.0000000000
130376  35.642  63.738  -2.106 0.0000000000
130377  34.905  63.992  -2.307 0.0000000000
130386  34.858  63.292  -2.501 0.0000000000
130387  34.266  63.590  -2.826 0.0000000000
130388  33.598  63.621  -3.381 0.0000000000
130394  33.096  63.588  -3.860 0.0000000000
130395  32.510  63.451  -4.358 0.0000000000
130397  31.661  63.283  -4.821 0.0000000000
130398  30.825  63.497  -5.323 0.0000000000
130399  30.004  63.606  -5.781 0.0000000000
130407  29.292  63.626  -6.512 0.0000000000
130408  28.813  63.155  -7.166 0.0000000000
130420  29.078  64.014  -7.446 0.0000000000
130421  28.780  63.240  -7.984 0.0000000000
130434  29.136  64.130  -8.431 0.0000000000
130435  28.757  63.318  -8.942 0.0000000000
130448  29.320  64.122  -9.418 0.0000000000
130449  29.002  63.282  -9.902 0.0000000000
130456  29.530  64.086  -10.387 0.0000000000
130457  29.106  63.330  -10.863 0.0000000000
130463  35.488  63.023  -10.990 0.0000000000
130464  29.492  64.164  -11.345 0.0000000000
130465  29.021  63.476  -11.789 0.0000000000
130473  35.543  63.268  -11.693 0.0000000000
130474  29.390  64.290  -12.234 0.0000000000
130475  28.965  63.635  -12.676 0.0000000000
130484  35.514  63.511  -12.577 0.0000000000
130485  29.370  64.368  -12.939 0.0000000000
130486  29.000  63.892  -13.612 0.0000000000
130494  35.438  63.658  -13.611 0.0000000000
130495  35.140  63.233  -14.377 0.0000000000
130496  28.461  63.808  -14.495 0.0000000000
130497  27.848  64.008  -14.961 0.0000000000
130505  35.943  64.334  -14.999 0.0000000000
130506  35.618  64.014  -14.718 0.0000000000
130507  35.011  63.090  -15.148 0.0000000000
130508  28.020  63.411  -15.048 0.0000000000
130509  27.410  63.668  -15.676 0.0000000000
130510  26.818  64.156  -16.288 0.0000000000
130517  35.999  64.094  -15.452 0.0000000000
130518  35.306  63.367  -15.932 0.0000000000
130519  34.830  62.938  -15.764 0.0000000000
130520  27.022  63.460  -16.699 0.0000000000
130521  26.688  64.321  -16.996 0.0000000000
130528  36.146  63.673  -16.511 0.0000000000
130529  35.525  63.147  -16.696 0.0000000000
130530  27.269  63.889  -17.751 0.0000000000
130531  26.880  64.716  -17.502 0.0000000000
130537  37.135  64.122  -17.992 0.0000000000
130538  36.560  63.755  -17.639 0.0000000000
130539  35.719  63.204  -17.422 0.0000000000
130540  29.900  63.899  -19.319 0.0000000000
130541  29.069  63.810  -19.043 0.0000000000
130542  28.151  63.777  -18.593 0.0000000000
130547  37.402  64.234  -18.323 0.0000000000
130548  36.967  63.905  -18.543 0.0000000000
130549  35.740  63.257  -18.651 0.0000000000
130550  34.737  63.222  -19.359 0.0000000000
130551  33.796  63.326  -19.586 0.0000000000
130552  32.851  63.516  -19.592 0.0000000000
130553  31.961  63.680  -19.531 0.0000000000
130554  31.165  63.853  -19.470 0.0000000000
130555  30.573  64.047  -19.407 0.0000000000
130859  32.520  65.760  0.486 0.0000000000
130860  31.785  65.421  0.440 0.0000000000
130861  30.785  64.772  0.722 0.0000000000
130867  38.635  64.170  0.068 0.0000000000
130868  38.409  64.357  0.142 0.0000000000
130869  37.656  64.911  0.211 0.0000000000
130870  36.548  65.076  0.350 0.0000000000
130871  35.294  64.989  -0.056 0.0000000000
130872  34.041  64.929  -0.431 0.0000000000
130873  32.813  65.161  -0.105 0.0000000000
130874  31.539  64.441  -0.301 0.0000000000
130875  30.881  64.216  -0.023 0.0000000000
130882  38.634  64.319  -0.102 0.0000000000
130883  38.315  64.597  -0.172 0.0000000000
130884  37.685  65.062  -0.373 0.0000000000
130885  36.930  65.075  -0.892 0.0000000000
130886  36.190  65.299  -1.188 0.0000000000
130887  33.277  64.463  -0.850 0.0000000000
130888  32.430  64.287  -0.965 0.0000000000
130889  31.754  64.026  -1.039 0.0000000000
130897  36.162  64.562  -1.479 0.0000000000
130898  35.370  64.749  -1.687 0.0000000000
130899  34.556  64.651  -2.280 0.0000000000
130907  33.915  64.545  -2.864 0.0000000000
130908  33.363  64.488  -3.416 0.0000000000
130917  32.906  64.487  -3.997 0.0000000000
130918  32.260  64.444  -4.502 0.0000000000
130924  31.456  64.483  -4.966 0.0000000000
130925  30.632  64.597  -5.490 0.0000000000
130926  29.894  64.648  -6.086 0.0000000000
130934  29.483  64.796  -6.894 0.0000000000
130947  29.446  65.009  -7.891 0.0000000000
130959  29.685  64.959  -8.905 0.0000000000
130968  29.725  64.867  -9.827 0.0000000000
130985  35.732  63.794  -10.975 0.0000000000
130993  36.231  65.146  -11.950 0.0000000000
130994  35.821  64.177  -11.818 0.0000000000
131001  36.321  65.260  -12.912 0.0000000000
131002  35.866  64.386  -12.774 0.0000000000
131004  28.890  64.774  -14.027 0.0000000000
131008  36.264  65.283  -13.815 0.0000000000
131009  35.875  64.570  -13.705 0.0000000000
131010  28.046  64.701  -14.522 0.0000000000
131011  27.376  64.590  -15.108 0.0000000000
131019  36.902  65.226  -15.296 0.0000000000
131020  36.339  64.845  -14.776 0.0000000000
131021  35.996  64.684  -14.263 0.0000000000
131022  26.861  64.629  -15.678 0.0000000000
131023  26.570  64.917  -16.400 0.0000000000
131030  37.835  65.299  -16.410 0.0000000000
131031  37.299  65.073  -16.015 0.0000000000
131032  36.618  64.492  -15.794 0.0000000000
131033  26.627  65.145  -17.128 0.0000000000
131039  38.137  65.100  -17.056 0.0000000000
131040  37.557  64.657  -16.900 0.0000000000
131041  36.940  64.231  -16.711 0.0000000000
131042  27.253  65.051  -17.963 0.0000000000
131043  26.901  65.330  -17.587 0.0000000000
131047  38.374  64.927  -17.919 0.0000000000
131048  37.680  64.482  -17.800 0.0000000000
131049  37.187  64.208  -17.430 0.0000000000
131050  29.655  64.674  -19.176 0.0000000000
131051  28.816  64.735  -18.844 0.0000000000
131052  27.899  64.804  -18.438 0.0000000000
131056  38.515  65.032  -18.504 0.0000000000
131057  37.842  64.526  -18.740 0.0000000000
131058  36.846  64.168  -19.549 0.0000000000
131059  35.626  63.928  -19.736 0.0000000000
131060  34.644  64.049  -19.868 0.0000000000
131061  33.753  64.403  -19.894 0.0000000000
131062  32.747  64.483  -19.625 0.0000000000
131063  31.888  64.588  -19.427 0.0000000000
131064  31.110  64.655  -19.356 0.0000000000
131065  30.390  64.641  -19.319 0.0000000000
131070  36.874  64.668  -20.064 0.0000000000
131071  36.329  64.654  -20.154 0.0000000000
131072  35.389  64.704  -20.222 0.0000000000
131073  34.613  64.799  -20.192 0.0000000000
131330  36.217  66.575  0.532 0.0000000000
131331  35.780  66.563  0.725 0.0000000000
131332  34.767  66.484  0.893 0.0000000000
131333  33.401  66.189  0.643 0.0000000000
131341  37.450  65.541  0.090 0.0000000000
131342  36.740  66.050  0.399 0.0000000000
131343  35.679  65.853  0.653 0.0000000000
131344  34.489  65.689  0.388 0.0000000000
131345  33.678  65.543  0.120 0.0000000000
131352  37.255  65.682  -0.203 0.0000000000
131353  36.618  66.006  -0.498 0.0000000000
131354  35.692  65.895  -1.196 0.0000000000
131355  34.948  66.128  -1.490 0.0000000000
131364  34.881  65.395  -1.701 0.0000000000
131365  34.171  65.700  -2.161 0.0000000000
131366  33.544  65.984  -2.688 0.0000000000
131374  33.582  65.239  -2.893 0.0000000000
131375  33.232  65.518  -3.406 0.0000000000
131384  32.850  65.519  -4.162 0.0000000000
131385  32.181  65.522  -4.713 0.0000000000
131394  31.417  65.589  -5.274 0.0000000000
131395  30.542  65.731  -5.855 0.0000000000
131396  29.948  65.442  -6.476 0.0000000000
131402  30.279  66.123  -6.540 0.0000000000
131403  29.912  65.843  -7.289 0.0000000000
131413  30.377  66.278  -8.591 0.0000000000
131414  30.183  65.912  -8.407 0.0000000000
131422  30.383  66.207  -8.873 0.0000000000
131423  30.069  65.624  -9.266 0.0000000000
131484  27.319  65.613  -14.652 0.0000000000
131485  26.740  66.166  -14.956 0.0000000000
131497  26.960  65.079  -15.209 0.0000000000
131498  26.615  65.678  -15.609 0.0000000000
131508  26.504  65.846  -16.686 0.0000000000
131514  38.771  65.602  -17.171 0.0000000000
131515  27.245  65.923  -17.844 0.0000000000
131516  26.765  65.947  -17.380 0.0000000000
131522  38.982  65.455  -18.067 0.0000000000
131523  31.363  65.985  -18.973 0.0000000000
131524  30.699  65.968  -18.910 0.0000000000
131525  29.698  65.688  -18.868 0.0000000000
131526  28.668  65.727  -18.601 0.0000000000
131527  27.818  65.811  -18.304 0.0000000000
131534  38.809  65.437  -19.106 0.0000000000
131535  37.711  64.922  -19.695 0.0000000000
131536  37.156  64.721  -19.969 0.0000000000
131537  33.460  65.373  -19.784 0.0000000000
131538  32.631  65.449  -19.438 0.0000000000
131539  31.762  65.513  -19.199 0.0000000000
131540  30.923  65.339  -19.190 0.0000000000
131541  30.255  65.270  -19.161 0.0000000000
131549  38.362  65.722  -20.166 0.0000000000
131550  37.158  65.313  -20.341 0.0000000000
131551  36.087  65.471  -20.414 0.0000000000
131552  35.137  65.518  -20.342 0.0000000000
131553  34.262  65.420  -20.159 0.0000000000
131802  36.403  66.586  0.389 0.0000000000
131803  35.924  66.967  0.481 0.0000000000
131804  35.100  67.122  0.974 0.0000000000
131805  34.027  67.115  1.126 0.0000000000
131812  36.402  66.636  0.086 0.0000000000
131813  35.917  67.037  -0.146 0.0000000000
131821  36.067  66.526  -0.527 0.0000000000
131822  35.397  66.767  -0.863 0.0000000000
131851  32.132  66.390  -4.988 0.0000000000
131863  31.592  66.899  -5.562 0.0000000000
131864  30.753  66.623  -6.204 0.0000000000
131870  31.213  67.323  -6.275 0.0000000000
131871  30.619  66.871  -7.093 0.0000000000
131872  30.294  66.327  -7.878 0.0000000000
131880  30.452  66.684  -8.254 0.0000000000
131881  30.326  66.294  -8.222 0.0000000000
131972  26.460  66.787  -15.299 0.0000000000
131981  26.397  66.749  -16.259 0.0000000000
131988  27.083  66.778  -17.693 0.0000000000
131989  26.589  66.781  -17.123 0.0000000000
131996  33.111  66.986  -18.853 0.0000000000
131997  32.464  66.991  -18.632 0.0000000000
131998  31.518  66.799  -18.626 0.0000000000
131999  30.468  66.762  -18.617 0.0000000000
132000  29.433  66.691  -18.558 0.0000000000
132001  28.477  66.704  -18.433 0.0000000000
132002  27.686  66.748  -18.161 0.0000000000
132008  34.236  66.703  -19.818 0.0000000000
132009  33.477  66.462  -19.427 0.0000000000
132010  32.552  66.290  -19.073 0.0000000000
132011  31.935  66.298  -18.857 0.0000000000
132017  37.885  66.483  -20.724 0.0000000000
132018  36.788  66.353  -20.654 0.0000000000
132019  35.800  66.390  -20.464 0.0000000000
132020  34.802  66.393  -20.196 0.0000000000
132021  33.992  66.089  -19.995 0.0000000000
132239  35.663  67.230  0.154 0.0000000000
132240  35.242  67.347  0.365 0.0000000000
132248  35.367  67.313  -0.244 0.0000000000
132308  30.993  67.588  -7.666 0.0000000000
132404  26.932  67.688  -17.478 0.0000000000
132405  26.471  67.740  -16.805 0.0000000000
132410  33.212  67.770  -18.428 0.0000000000
132411  32.383  67.853  -18.218 0.0000000000
132412  31.306  67.778  -18.339 0.0000000000
132413  30.190  67.679  -18.440 0.0000000000
132414  29.163  67.648  -18.438 0.0000000000
132415  28.257  67.656  -18.313 0.0000000000
132416  27.543  67.661  -17.948 0.0000000000
132420  34.153  67.308  -19.484 0.0000000000
132421  33.722  67.474  -18.950 0.0000000000
132427  37.415  67.332  -20.941 0.0000000000
132428  36.467  67.229  -20.763 0.0000000000
132429  35.547  67.366  -20.518 0.0000000000
132430  34.665  67.305  -20.074 0.0000000000
132440  38.314  68.476  -21.011 0.0000000000
132441  37.842  68.212  -21.116 0.0000000000
132442  37.041  67.998  -21.087 0.0000000000
132443  36.293  67.899  -20.942 0.0000000000
132777  33.447  69.541  -17.694 0.0000000000
132778  33.080  69.435  -17.680 0.0000000000
132782  33.359  68.880  -17.801 0.0000000000
132783  32.276  68.869  -17.966 0.0000000000
132784  30.995  68.638  -18.422 0.0000000000
132785  29.850  68.581  -18.597 0.0000000000
132792  34.164  67.836  -19.135 0.0000000000
132793  33.975  68.473  -18.654 0.0000000000
132798  35.018  67.924  -20.462 0.0000000000
132799  34.372  68.199  -19.866 0.0000000000
132800  34.062  68.827  -19.368 0.0000000000
132809  38.191  68.932  -21.109 0.0000000000
132810  37.563  68.774  -21.318 0.0000000000
132811  36.735  68.552  -21.387 0.0000000000
132812  35.724  68.328  -21.037 0.0000000000
132813  34.865  68.461  -20.803 0.0000000000
133169  33.719  69.713  -17.780 0.0000000000
133170  33.434  69.917  -17.755 0.0000000000
133174  33.966  69.490  -17.992 0.0000000000
133175  32.777  69.873  -17.949 0.0000000000
133176  31.795  69.634  -18.673 0.0000000000
133189  33.997  69.442  -18.752 0.0000000000
133202  34.008  68.778  -20.050 0.0000000000
133203  33.730  69.338  -19.809 0.0000000000
133217  38.058  69.419  -21.264 0.0000000000
133218  37.520  69.513  -21.682 0.0000000000
133219  36.336  69.032  -21.776 0.0000000000
133220  35.261  68.905  -21.592 0.0000000000
133221  33.999  68.967  -21.127 0.0000000000
133222  33.559  69.560  -20.582 0.0000000000
133231  36.870  69.628  -22.283 0.0000000000
133232  35.937  69.446  -22.389 0.0000000000
133233  34.814  69.421  -22.252 0.0000000000
133234  34.155  69.477  -22.085 0.0000000000
133555  33.983  69.945  -17.844 0.0000000000
133556  33.782  70.091  -17.872 0.0000000000
133565  33.877  70.180  -18.238 0.0000000000
133566  33.335  70.547  -18.311 0.0000000000
133567  32.570  70.421  -18.563 0.0000000000
133582  33.741  70.111  -19.026 0.0000000000
133583  32.727  71.165  -18.904 0.0000000000
133599  33.437  70.131  -19.987 0.0000000000
133614  33.833  69.571  -21.922 0.0000000000
133615  33.363  70.003  -21.364 0.0000000000
133625  36.706  70.029  -22.925 0.0000000000
133626  35.611  69.958  -23.108 0.0000000000
133627  34.174  70.126  -22.887 0.0000000000
133628  33.296  70.483  -22.270 0.0000000000
133644  35.566  70.727  -23.764 0.0000000000
133645  34.831  71.060  -23.902 0.0000000000
133981  33.678  70.483  -18.689 0.0000000000
133982  33.495  70.696  -18.694 0.0000000000
133989  33.499  70.768  -19.206 0.0000000000
133990  33.023  71.672  -19.345 0.0000000000
134002  33.188  70.990  -20.249 0.0000000000
134003  32.756  71.925  -20.644 0.0000000000
134014  32.901  71.016  -21.566 0.0000000000
134015  32.666  71.889  -21.936 0.0000000000
134023  34.093  70.877  -23.547 0.0000000000
134024  33.303  71.101  -23.000 0.0000000000
134025  32.781  71.963  -23.056 0.0000000000
134042  34.175  71.276  -23.996 0.0000000000
134043  33.502  71.583  -23.901 0.0000000000
