#!ascii label  , from subject Broad_82_YZ vox2ras=TkReg
1120
49358  13.285  -20.069  32.082 0.0000000000
50431  10.941  -18.842  38.948 0.0000000000
50444  11.081  -18.997  38.334 0.0000000000
50460  11.284  -19.156  37.583 0.0000000000
50529  12.592  -19.595  33.322 0.0000000000
50542  13.334  -19.554  31.951 0.0000000000
50543  13.007  -19.338  32.618 0.0000000000
50558  13.764  -19.571  31.027 0.0000000000
50617  13.763  -19.272  27.801 0.0000000000
50634  13.480  -19.315  27.248 0.0000000000
51601  10.617  -18.084  40.115 0.0000000000
51612  11.047  -18.302  38.561 0.0000000000
51613  10.856  -18.191  39.248 0.0000000000
51625  11.271  -18.329  37.877 0.0000000000
51640  11.579  -18.402  37.075 0.0000000000
51654  11.728  -18.482  36.162 0.0000000000
51670  12.222  -18.651  35.010 0.0000000000
51671  12.017  -18.546  35.436 0.0000000000
51690  12.350  -18.780  34.595 0.0000000000
51707  12.522  -18.784  33.871 0.0000000000
51727  13.090  -18.769  32.179 0.0000000000
51728  12.670  -18.561  32.928 0.0000000000
51749  13.241  -18.690  31.344 0.0000000000
51750  12.576  -18.132  31.932 0.0000000000
51751  7.876  -18.289  30.899 0.0000000000
51752  7.296  -18.148  31.141 0.0000000000
51753  6.814  -17.813  31.300 0.0000000000
51754  6.661  -17.537  31.370 0.0000000000
51774  13.416  -18.828  30.206 0.0000000000
51775  12.128  -18.230  30.631 0.0000000000
51776  10.668  -18.293  30.269 0.0000000000
51777  9.469  -18.353  30.231 0.0000000000
51778  8.360  -18.480  30.393 0.0000000000
51779  7.431  -18.426  30.463 0.0000000000
51780  6.783  -18.129  30.689 0.0000000000
51781  6.592  -17.628  30.947 0.0000000000
51799  13.594  -19.123  29.096 0.0000000000
51800  12.582  -18.666  29.261 0.0000000000
51801  11.291  -18.597  29.377 0.0000000000
51802  10.011  -18.548  29.372 0.0000000000
51803  8.811  -18.604  29.480 0.0000000000
51804  7.712  -18.627  29.662 0.0000000000
51805  6.821  -18.333  29.868 0.0000000000
51806  6.390  -17.773  30.161 0.0000000000
51825  13.819  -19.248  28.361 0.0000000000
51826  13.044  -18.952  28.041 0.0000000000
51827  11.778  -18.796  28.278 0.0000000000
51828  10.525  -18.667  28.381 0.0000000000
51829  9.244  -18.593  28.488 0.0000000000
51830  8.047  -18.553  28.712 0.0000000000
51831  7.006  -18.460  28.969 0.0000000000
51832  6.163  -17.919  29.114 0.0000000000
51848  12.929  -19.062  27.088 0.0000000000
51849  12.184  -18.850  27.236 0.0000000000
51850  11.055  -18.592  27.296 0.0000000000
51851  9.769  -18.358  27.443 0.0000000000
51852  8.302  -18.268  27.574 0.0000000000
51853  7.275  -18.334  28.110 0.0000000000
51854  6.479  -18.151  28.337 0.0000000000
51865  12.641  -18.927  26.395 0.0000000000
51866  11.710  -18.603  26.286 0.0000000000
51867  10.374  -18.067  26.132 0.0000000000
51868  9.061  -18.022  26.708 0.0000000000
51869  8.286  -17.933  26.853 0.0000000000
52809  10.053  -17.000  40.515 0.0000000000
52818  10.831  -17.692  38.741 0.0000000000
52819  10.421  -17.231  39.323 0.0000000000
52828  10.945  -17.710  38.141 0.0000000000
52829  10.502  -17.197  38.378 0.0000000000
52840  11.103  -17.428  37.381 0.0000000000
52841  10.687  -17.285  37.873 0.0000000000
52855  11.451  -17.637  36.477 0.0000000000
52870  12.193  -18.144  34.917 0.0000000000
52871  11.532  -17.536  35.482 0.0000000000
52872  10.936  -17.033  35.263 0.0000000000
52887  12.323  -18.200  34.310 0.0000000000
52888  11.849  -17.637  34.446 0.0000000000
52889  10.787  -17.108  34.624 0.0000000000
52890  9.462  -17.086  34.366 0.0000000000
52891  8.268  -17.088  34.210 0.0000000000
52892  7.335  -17.061  33.925 0.0000000000
52893  6.797  -17.030  33.602 0.0000000000
52908  12.242  -17.962  33.659 0.0000000000
52909  11.387  -17.433  33.610 0.0000000000
52910  10.222  -17.235  33.548 0.0000000000
52911  8.996  -17.341  33.456 0.0000000000
52912  7.891  -17.428  33.346 0.0000000000
52913  7.036  -17.324  33.174 0.0000000000
52914  6.531  -17.099  33.002 0.0000000000
52929  11.975  -17.747  32.749 0.0000000000
52930  10.924  -17.402  32.652 0.0000000000
52931  9.741  -17.410  32.599 0.0000000000
52932  8.570  -17.585  32.534 0.0000000000
52933  7.544  -17.607  32.486 0.0000000000
52934  6.816  -17.408  32.418 0.0000000000
52935  6.455  -17.074  32.176 0.0000000000
52946  11.574  -17.710  31.773 0.0000000000
52947  10.444  -17.606  31.769 0.0000000000
52948  9.288  -17.698  31.699 0.0000000000
52949  8.093  -17.919  31.541 0.0000000000
52950  7.161  -17.747  31.781 0.0000000000
52951  6.710  -17.451  31.756 0.0000000000
52952  6.567  -17.233  31.424 0.0000000000
52961  10.999  -17.890  31.055 0.0000000000
52962  9.980  -17.940  30.961 0.0000000000
52963  8.914  -18.086  30.939 0.0000000000
52964  8.301  -18.218  30.934 0.0000000000
52965  6.501  -17.185  30.624 0.0000000000
52976  6.182  -17.181  29.509 0.0000000000
52977  5.856  -16.851  28.833 0.0000000000
52994  5.770  -17.267  28.774 0.0000000000
52995  5.626  -16.836  28.293 0.0000000000
53015  7.387  -18.128  27.520 0.0000000000
53016  6.676  -17.988  27.590 0.0000000000
53017  5.808  -17.498  27.952 0.0000000000
53018  5.671  -16.669  27.640 0.0000000000
53035  9.242  -17.716  25.966 0.0000000000
53036  8.369  -17.687  26.263 0.0000000000
53037  7.395  -17.782  26.820 0.0000000000
53038  6.232  -17.430  26.986 0.0000000000
54116  9.095  -16.336  40.367 0.0000000000
54128  9.414  -16.578  39.547 0.0000000000
54129  8.349  -16.204  39.731 0.0000000000
54139  9.700  -16.691  38.580 0.0000000000
54140  8.590  -16.384  38.791 0.0000000000
54141  7.654  -16.049  39.059 0.0000000000
54153  10.663  -16.873  37.071 0.0000000000
54154  10.152  -16.776  37.601 0.0000000000
54155  8.816  -16.581  37.832 0.0000000000
54156  7.807  -16.312  38.075 0.0000000000
54157  7.319  -15.675  38.402 0.0000000000
54171  10.971  -16.999  36.583 0.0000000000
54172  10.179  -16.648  36.640 0.0000000000
54173  9.090  -16.545  36.866 0.0000000000
54174  8.026  -16.439  37.073 0.0000000000
54175  7.422  -16.077  37.322 0.0000000000
54188  11.192  -17.223  36.081 0.0000000000
54189  10.637  -16.856  35.782 0.0000000000
54190  9.433  -16.609  35.927 0.0000000000
54191  8.268  -16.625  36.042 0.0000000000
54192  7.563  -16.322  36.205 0.0000000000
54207  10.581  -16.928  35.202 0.0000000000
54208  9.939  -16.783  35.147 0.0000000000
54209  8.764  -16.702  35.087 0.0000000000
54210  7.684  -16.546  34.867 0.0000000000
54211  7.010  -16.736  34.134 0.0000000000
54226  6.683  -16.728  33.555 0.0000000000
54240  6.550  -16.641  32.759 0.0000000000
54255  8.356  -15.925  31.129 0.0000000000
54256  7.751  -15.993  31.224 0.0000000000
54257  6.783  -16.531  31.520 0.0000000000
54272  12.620  -16.145  30.037 0.0000000000
54273  12.068  -16.186  30.080 0.0000000000
54274  11.024  -16.184  30.135 0.0000000000
54275  9.886  -16.242  30.253 0.0000000000
54276  8.613  -16.198  30.506 0.0000000000
54277  7.455  -16.373  30.353 0.0000000000
54278  6.689  -16.745  30.065 0.0000000000
54290  14.476  -16.044  29.165 0.0000000000
54291  13.997  -16.182  29.245 0.0000000000
54292  12.880  -16.342  29.495 0.0000000000
54293  11.754  -16.436  29.373 0.0000000000
54294  10.632  -16.461  29.381 0.0000000000
54295  9.466  -16.483  29.441 0.0000000000
54296  8.308  -16.470  29.430 0.0000000000
54297  7.270  -16.498  29.282 0.0000000000
54298  6.370  -16.588  28.974 0.0000000000
54299  5.946  -16.568  28.445 0.0000000000
54310  15.332  -15.943  28.407 0.0000000000
54311  14.772  -16.103  28.695 0.0000000000
54312  13.669  -16.428  28.571 0.0000000000
54313  12.546  -16.498  28.547 0.0000000000
54314  11.430  -16.552  28.513 0.0000000000
54315  10.307  -16.576  28.510 0.0000000000
54316  9.182  -16.549  28.506 0.0000000000
54317  8.107  -16.492  28.453 0.0000000000
54318  7.139  -16.348  28.319 0.0000000000
54319  6.386  -16.321  28.103 0.0000000000
54320  5.895  -16.405  27.893 0.0000000000
54333  15.988  -16.029  27.478 0.0000000000
54334  15.523  -16.074  27.831 0.0000000000
54335  14.431  -16.414  27.728 0.0000000000
54336  13.328  -16.468  27.667 0.0000000000
54337  12.228  -16.443  27.644 0.0000000000
54338  11.138  -16.492  27.616 0.0000000000
54339  10.047  -16.523  27.601 0.0000000000
54340  8.978  -16.457  27.594 0.0000000000
54341  7.978  -16.262  27.553 0.0000000000
54342  7.046  -16.088  27.406 0.0000000000
54343  6.287  -16.061  27.457 0.0000000000
54344  5.840  -16.133  27.323 0.0000000000
54358  16.004  -16.190  27.007 0.0000000000
54359  15.171  -16.460  26.839 0.0000000000
54360  14.071  -16.514  26.783 0.0000000000
54361  12.985  -16.413  26.762 0.0000000000
54362  11.932  -16.328  26.766 0.0000000000
54363  10.893  -16.240  26.718 0.0000000000
54364  9.824  -16.287  26.792 0.0000000000
54365  8.851  -16.132  26.774 0.0000000000
54366  7.931  -15.855  26.775 0.0000000000
54367  7.240  -15.733  26.690 0.0000000000
54385  16.640  -16.299  25.265 0.0000000000
54386  16.103  -16.351  25.816 0.0000000000
54387  14.767  -16.471  25.848 0.0000000000
54388  13.673  -16.448  25.901 0.0000000000
54389  12.615  -16.257  25.852 0.0000000000
54390  11.717  -16.107  26.053 0.0000000000
54391  11.088  -15.900  26.016 0.0000000000
54408  16.863  -16.301  24.983 0.0000000000
54409  16.382  -16.366  24.701 0.0000000000
54410  15.313  -16.390  24.757 0.0000000000
54411  14.223  -16.314  25.060 0.0000000000
54412  13.360  -16.154  25.227 0.0000000000
54428  16.344  -16.275  24.139 0.0000000000
54429  15.949  -16.320  24.131 0.0000000000
55488  7.475  -14.853  38.677 0.0000000000
55497  9.298  -14.999  37.252 0.0000000000
55498  8.326  -14.968  37.515 0.0000000000
55499  7.631  -15.123  37.906 0.0000000000
55500  7.251  -15.240  38.326 0.0000000000
55512  9.457  -15.219  36.321 0.0000000000
55513  8.439  -15.233  36.611 0.0000000000
55514  7.704  -15.420  37.043 0.0000000000
55515  7.343  -15.579  37.589 0.0000000000
55528  9.659  -15.407  35.353 0.0000000000
55529  8.603  -15.459  35.635 0.0000000000
55530  7.745  -15.631  36.009 0.0000000000
55531  7.353  -15.903  36.580 0.0000000000
55545  10.931  -15.302  34.151 0.0000000000
55546  9.867  -15.433  34.354 0.0000000000
55547  8.790  -15.558  34.628 0.0000000000
55548  7.895  -15.816  34.937 0.0000000000
55549  7.524  -16.206  35.171 0.0000000000
55550  7.206  -16.485  34.567 0.0000000000
55562  12.211  -15.175  33.095 0.0000000000
55563  11.190  -15.268  33.218 0.0000000000
55564  10.120  -15.389  33.375 0.0000000000
55565  8.989  -15.443  33.608 0.0000000000
55566  7.888  -15.549  33.937 0.0000000000
55567  7.117  -15.877  34.227 0.0000000000
55568  6.946  -16.405  34.201 0.0000000000
55582  12.558  -15.180  32.213 0.0000000000
55583  11.559  -15.324  32.327 0.0000000000
55584  10.475  -15.382  32.446 0.0000000000
55585  9.322  -15.446  32.594 0.0000000000
55586  8.143  -15.463  32.858 0.0000000000
55587  7.198  -15.736  33.235 0.0000000000
55588  6.743  -16.234  33.473 0.0000000000
55602  14.575  -14.533  31.447 0.0000000000
55603  14.022  -15.034  31.406 0.0000000000
55604  13.107  -15.408  31.414 0.0000000000
55605  12.052  -15.495  31.463 0.0000000000
55606  10.948  -15.516  31.578 0.0000000000
55607  9.807  -15.552  31.683 0.0000000000
55608  8.533  -15.636  31.694 0.0000000000
55609  7.382  -15.764  32.174 0.0000000000
55610  6.805  -16.133  32.649 0.0000000000
55627  15.551  -14.632  30.250 0.0000000000
55628  14.884  -14.881  30.632 0.0000000000
55629  13.809  -15.528  30.580 0.0000000000
55630  12.682  -15.853  30.539 0.0000000000
55631  11.509  -15.798  30.762 0.0000000000
55632  10.393  -15.828  30.893 0.0000000000
55633  9.296  -15.885  31.020 0.0000000000
55634  8.676  -15.909  31.091 0.0000000000
55649  15.493  -15.123  29.749 0.0000000000
55650  14.623  -15.700  29.512 0.0000000000
55651  13.461  -15.927  29.877 0.0000000000
55652  12.906  -16.109  30.004 0.0000000000
55665  17.158  -14.947  28.103 0.0000000000
55666  16.766  -15.117  28.271 0.0000000000
55667  15.692  -15.599  28.703 0.0000000000
55668  15.043  -15.849  28.985 0.0000000000
55684  17.273  -15.090  27.731 0.0000000000
55685  16.405  -15.735  27.591 0.0000000000
55686  15.872  -15.815  28.038 0.0000000000
55687  6.684  -15.863  26.942 0.0000000000
55703  18.037  -15.070  26.293 0.0000000000
55704  17.576  -15.262  26.660 0.0000000000
55705  16.644  -15.929  26.418 0.0000000000
55706  10.466  -15.905  26.270 0.0000000000
55707  9.747  -15.686  26.224 0.0000000000
55708  8.812  -15.415  26.254 0.0000000000
55709  7.833  -15.134  26.257 0.0000000000
55710  6.885  -15.402  26.355 0.0000000000
55724  18.064  -15.251  25.807 0.0000000000
55725  17.117  -15.942  25.552 0.0000000000
55726  16.620  -16.065  25.922 0.0000000000
55727  12.139  -15.955  25.573 0.0000000000
55728  11.626  -15.744  25.492 0.0000000000
55729  10.701  -15.460  25.633 0.0000000000
55730  9.706  -15.047  25.605 0.0000000000
55731  8.719  -14.789  25.760 0.0000000000
55732  7.964  -14.457  25.750 0.0000000000
55745  18.042  -15.413  24.611 0.0000000000
55746  17.072  -16.077  24.407 0.0000000000
55747  16.583  -16.226  24.196 0.0000000000
55748  14.533  -16.044  24.302 0.0000000000
55749  13.680  -15.886  24.478 0.0000000000
55750  12.543  -15.759  24.893 0.0000000000
55751  11.475  -15.388  24.798 0.0000000000
55752  10.530  -14.941  24.867 0.0000000000
55753  9.865  -14.724  25.043 0.0000000000
55767  18.281  -15.039  23.785 0.0000000000
55768  17.636  -15.473  23.327 0.0000000000
55769  16.427  -16.078  23.559 0.0000000000
55770  15.245  -15.956  23.647 0.0000000000
55771  14.169  -15.643  23.620 0.0000000000
55772  13.159  -15.506  23.786 0.0000000000
55773  12.158  -15.368  23.936 0.0000000000
55774  11.196  -15.076  23.976 0.0000000000
55787  17.410  -15.314  22.280 0.0000000000
55788  16.699  -15.623  22.538 0.0000000000
55789  15.704  -15.517  22.555 0.0000000000
55790  14.677  -15.356  22.808 0.0000000000
55791  13.627  -15.219  22.714 0.0000000000
55792  12.656  -15.323  23.048 0.0000000000
55793  11.807  -15.261  23.056 0.0000000000
55814  17.367  -15.037  21.703 0.0000000000
55815  16.734  -15.218  21.825 0.0000000000
55816  16.217  -15.325  22.065 0.0000000000
55817  13.389  -14.960  21.975 0.0000000000
55818  12.780  -15.209  22.242 0.0000000000
55819  12.272  -15.301  22.541 0.0000000000
56874  11.424  -14.470  41.197 0.0000000000
56888  11.435  -14.428  40.284 0.0000000000
56889  10.591  -14.494  40.473 0.0000000000
56901  11.796  -14.400  39.555 0.0000000000
56902  10.805  -14.460  39.587 0.0000000000
56903  9.822  -14.538  39.717 0.0000000000
56912  12.810  -14.252  38.125 0.0000000000
56913  12.135  -14.387  38.580 0.0000000000
56914  11.037  -14.482  38.697 0.0000000000
56915  10.015  -14.586  38.832 0.0000000000
56916  9.012  -14.643  38.997 0.0000000000
56926  12.983  -14.174  37.371 0.0000000000
56927  12.137  -14.446  37.539 0.0000000000
56928  11.200  -14.567  37.752 0.0000000000
56929  10.176  -14.680  37.932 0.0000000000
56930  9.154  -14.733  38.125 0.0000000000
56931  8.209  -14.745  38.361 0.0000000000
56940  13.173  -14.195  36.413 0.0000000000
56941  12.280  -14.533  36.611 0.0000000000
56942  11.344  -14.767  36.812 0.0000000000
56943  10.344  -14.961  37.032 0.0000000000
56952  13.298  -14.251  35.407 0.0000000000
56953  12.455  -14.638  35.663 0.0000000000
56954  11.519  -14.913  35.870 0.0000000000
56955  10.524  -15.167  36.091 0.0000000000
56963  13.371  -14.309  34.441 0.0000000000
56964  12.630  -14.725  34.716 0.0000000000
56965  11.720  -15.047  34.924 0.0000000000
56966  10.712  -15.231  35.116 0.0000000000
56975  14.034  -14.055  33.203 0.0000000000
56976  13.579  -14.354  33.552 0.0000000000
56977  12.846  -14.839  33.811 0.0000000000
56978  11.911  -15.019  33.980 0.0000000000
56988  14.347  -13.947  32.636 0.0000000000
56989  13.788  -14.455  32.748 0.0000000000
56990  13.095  -14.886  32.935 0.0000000000
57002  15.252  -13.753  31.519 0.0000000000
57003  14.751  -13.942  31.884 0.0000000000
57004  14.130  -14.446  32.020 0.0000000000
57005  13.408  -14.840  32.090 0.0000000000
57019  16.268  -13.481  30.146 0.0000000000
57020  15.748  -13.876  30.695 0.0000000000
57021  15.082  -14.250  31.270 0.0000000000
57036  16.347  -13.889  29.787 0.0000000000
57037  15.970  -14.527  29.827 0.0000000000
57050  17.270  -14.493  28.176 0.0000000000
57051  16.440  -14.444  28.982 0.0000000000
57052  15.922  -14.945  29.317 0.0000000000
57068  18.225  -14.005  26.810 0.0000000000
57069  17.856  -14.444  27.212 0.0000000000
57085  18.222  -14.546  26.320 0.0000000000
57086  17.924  -14.769  26.743 0.0000000000
57087  7.338  -14.603  25.952 0.0000000000
57103  18.543  -14.609  25.185 0.0000000000
57104  9.303  -14.634  25.281 0.0000000000
57105  8.573  -14.310  25.226 0.0000000000
57106  7.379  -13.759  25.306 0.0000000000
57123  18.602  -14.585  24.153 0.0000000000
57124  10.082  -14.700  24.695 0.0000000000
57125  9.483  -14.468  24.650 0.0000000000
57126  8.520  -13.945  24.451 0.0000000000
57127  7.653  -13.315  24.198 0.0000000000
57144  19.152  -14.057  22.545 0.0000000000
57145  18.692  -14.583  23.025 0.0000000000
57146  18.030  -15.053  22.521 0.0000000000
57147  10.314  -14.672  24.148 0.0000000000
57148  9.513  -14.352  23.551 0.0000000000
57149  8.422  -13.752  23.434 0.0000000000
57150  7.547  -13.201  23.221 0.0000000000
57165  18.980  -14.234  22.111 0.0000000000
57166  18.395  -14.655  22.042 0.0000000000
57167  17.855  -15.025  21.946 0.0000000000
57168  15.046  -14.895  22.197 0.0000000000
57169  14.277  -14.804  22.194 0.0000000000
57170  13.781  -14.844  22.095 0.0000000000
57171  10.736  -14.881  22.981 0.0000000000
57172  9.910  -14.524  22.485 0.0000000000
57173  9.010  -14.226  22.512 0.0000000000
57174  8.098  -13.635  22.402 0.0000000000
57192  19.181  -13.955  21.647 0.0000000000
57193  18.757  -14.192  21.290 0.0000000000
57194  17.856  -14.643  21.333 0.0000000000
57195  16.911  -14.697  21.285 0.0000000000
57196  15.811  -14.674  21.544 0.0000000000
57197  14.721  -14.366  21.684 0.0000000000
57198  13.783  -14.426  21.483 0.0000000000
57199  12.879  -14.887  21.444 0.0000000000
57200  11.778  -15.208  21.855 0.0000000000
57201  10.548  -14.742  21.726 0.0000000000
57202  9.571  -14.446  21.613 0.0000000000
57203  8.605  -14.081  21.476 0.0000000000
57219  18.659  -13.936  20.760 0.0000000000
57220  18.200  -14.143  20.649 0.0000000000
57221  17.297  -14.254  20.628 0.0000000000
57222  16.460  -14.164  20.832 0.0000000000
57223  13.656  -14.077  20.914 0.0000000000
57224  13.153  -14.235  20.787 0.0000000000
57225  12.185  -14.565  20.695 0.0000000000
57226  11.107  -14.598  20.798 0.0000000000
57227  10.082  -14.434  20.772 0.0000000000
57228  9.218  -14.208  20.788 0.0000000000
58105  13.171  -13.570  41.401 0.0000000000
58106  12.314  -14.076  41.866 0.0000000000
58115  13.293  -13.568  40.359 0.0000000000
58116  12.391  -14.215  40.615 0.0000000000
58126  14.126  -13.275  38.878 0.0000000000
58127  13.550  -13.529  39.364 0.0000000000
58128  12.740  -14.086  39.556 0.0000000000
58142  14.412  -13.239  38.102 0.0000000000
58143  13.577  -13.811  38.285 0.0000000000
58144  13.002  -14.070  38.799 0.0000000000
58159  14.623  -13.183  37.103 0.0000000000
58160  13.840  -13.750  37.246 0.0000000000
58173  14.705  -13.061  36.294 0.0000000000
58174  14.038  -13.648  36.143 0.0000000000
58189  14.528  -13.185  35.473 0.0000000000
58190  13.895  -13.718  35.010 0.0000000000
58205  14.398  -13.262  34.503 0.0000000000
58206  13.869  -13.783  34.079 0.0000000000
58221  14.371  -13.445  33.446 0.0000000000
58222  13.951  -13.906  33.571 0.0000000000
58236  15.278  -12.939  32.285 0.0000000000
58237  14.951  -13.222  32.488 0.0000000000
58252  15.509  -13.075  31.763 0.0000000000
58253  15.124  -13.518  31.925 0.0000000000
58269  16.262  -12.996  30.445 0.0000000000
58270  16.003  -12.992  31.111 0.0000000000
58289  17.100  -12.903  29.188 0.0000000000
58290  16.658  -13.139  29.626 0.0000000000
58309  17.242  -13.478  28.778 0.0000000000
58310  16.671  -13.733  29.287 0.0000000000
58330  18.170  -13.465  27.208 0.0000000000
58331  17.813  -13.746  27.893 0.0000000000
58349  18.364  -13.508  26.420 0.0000000000
58369  18.610  -13.652  25.505 0.0000000000
58395  19.214  -13.218  23.862 0.0000000000
58396  18.878  -13.823  24.540 0.0000000000
58418  19.307  -13.574  22.922 0.0000000000
58419  19.004  -13.975  23.720 0.0000000000
58431  19.381  -13.723  22.058 0.0000000000
58443  19.317  -13.499  21.123 0.0000000000
58444  18.916  -13.818  20.845 0.0000000000
58445  15.044  -13.893  21.211 0.0000000000
58446  14.307  -13.904  21.112 0.0000000000
58447  13.887  -14.005  20.987 0.0000000000
58463  19.157  -12.997  20.489 0.0000000000
58464  18.628  -13.432  20.326 0.0000000000
58465  17.724  -13.732  20.019 0.0000000000
58466  16.693  -13.523  20.145 0.0000000000
58467  15.670  -13.493  20.708 0.0000000000
58468  14.645  -13.203  20.768 0.0000000000
58469  13.644  -13.462  20.656 0.0000000000
58470  12.447  -13.451  20.204 0.0000000000
58471  11.510  -13.862  20.123 0.0000000000
58472  10.569  -13.880  20.088 0.0000000000
58473  9.560  -13.758  20.059 0.0000000000
58474  8.420  -13.516  20.332 0.0000000000
58491  18.051  -13.171  19.671 0.0000000000
58492  17.328  -13.035  19.571 0.0000000000
58493  16.591  -12.771  19.702 0.0000000000
58494  11.646  -13.122  19.789 0.0000000000
58495  10.999  -13.151  19.717 0.0000000000
58496  10.101  -13.020  19.475 0.0000000000
58497  8.993  -12.902  19.352 0.0000000000
59289  14.324  -12.238  41.634 0.0000000000
59290  13.773  -12.885  42.014 0.0000000000
59298  14.423  -12.334  40.658 0.0000000000
59299  13.797  -12.894  41.033 0.0000000000
59312  14.496  -12.562  39.887 0.0000000000
59313  13.959  -12.981  40.141 0.0000000000
59327  14.745  -12.613  39.048 0.0000000000
59328  14.204  -13.026  39.489 0.0000000000
59342  15.357  -11.714  37.792 0.0000000000
59343  15.063  -12.316  37.909 0.0000000000
59356  15.406  -11.821  37.250 0.0000000000
59357  15.133  -12.550  36.814 0.0000000000
59365  15.453  -11.941  36.331 0.0000000000
59366  15.071  -12.617  35.885 0.0000000000
59371  15.346  -12.028  35.382 0.0000000000
59372  14.911  -12.676  34.963 0.0000000000
59377  15.229  -12.123  34.470 0.0000000000
59378  14.779  -12.720  34.014 0.0000000000
59384  15.229  -12.227  33.586 0.0000000000
59385  14.892  -12.789  33.132 0.0000000000
59390  15.345  -12.485  32.592 0.0000000000
59391  15.051  -12.835  32.740 0.0000000000
59397  16.083  -11.982  31.429 0.0000000000
59398  15.829  -12.133  31.729 0.0000000000
59405  16.230  -12.257  31.066 0.0000000000
59406  15.910  -12.622  31.428 0.0000000000
59416  16.969  -12.474  29.402 0.0000000000
59417  16.525  -12.171  30.003 0.0000000000
59426  17.435  -12.504  28.861 0.0000000000
59440  18.213  -12.991  27.313 0.0000000000
59441  18.030  -12.718  27.836 0.0000000000
59456  18.266  -12.786  26.866 0.0000000000
59457  18.140  -12.129  27.060 0.0000000000
59474  18.501  -12.602  25.789 0.0000000000
59492  19.227  -12.502  23.972 0.0000000000
59493  18.923  -12.815  24.698 0.0000000000
59510  19.433  -12.545  23.162 0.0000000000
59524  19.624  -12.731  21.944 0.0000000000
59534  19.519  -12.516  20.733 0.0000000000
59545  18.943  -12.479  19.806 0.0000000000
59546  18.421  -12.887  19.724 0.0000000000
59547  15.997  -12.683  20.171 0.0000000000
59548  15.095  -12.226  20.358 0.0000000000
59549  13.989  -12.316  20.433 0.0000000000
59550  12.894  -12.357  20.305 0.0000000000
59551  11.800  -12.273  19.805 0.0000000000
59552  11.292  -11.753  19.539 0.0000000000
59565  18.623  -12.079  19.239 0.0000000000
59566  17.973  -12.379  19.187 0.0000000000
59567  16.915  -12.228  19.227 0.0000000000
59568  16.114  -12.154  19.682 0.0000000000
59569  15.655  -12.072  20.059 0.0000000000
59570  11.314  -12.689  19.651 0.0000000000
59571  10.809  -12.184  19.367 0.0000000000
59572  9.602  -11.975  18.685 0.0000000000
59588  17.537  -11.910  18.855 0.0000000000
59589  17.344  -12.041  18.986 0.0000000000
59590  9.372  -11.483  18.126 0.0000000000
60385  14.690  -11.453  41.172 0.0000000000
60404  14.926  -11.684  39.963 0.0000000000
60418  15.369  -10.933  38.530 0.0000000000
60419  15.258  -11.630  38.857 0.0000000000
60429  15.470  -11.118  37.752 0.0000000000
60430  15.333  -11.548  38.180 0.0000000000
60442  15.600  -11.152  36.780 0.0000000000
60456  15.629  -11.267  35.778 0.0000000000
60468  15.575  -11.413  34.800 0.0000000000
60474  15.458  -11.618  34.022 0.0000000000
60480  15.601  -11.569  33.241 0.0000000000
60487  15.914  -11.266  31.888 0.0000000000
60488  15.755  -11.525  32.331 0.0000000000
60494  16.143  -11.545  31.447 0.0000000000
60495  15.867  -11.610  31.839 0.0000000000
60500  16.473  -11.469  30.655 0.0000000000
60510  17.153  -11.676  29.281 0.0000000000
60511  16.713  -11.319  29.927 0.0000000000
60521  17.551  -11.756  28.357 0.0000000000
60533  17.751  -11.672  27.459 0.0000000000
60549  18.305  -12.109  26.437 0.0000000000
60550  17.869  -11.529  26.546 0.0000000000
60569  18.260  -11.687  25.792 0.0000000000
60570  17.752  -11.227  25.821 0.0000000000
60584  19.044  -12.190  24.306 0.0000000000
60585  18.629  -11.724  24.752 0.0000000000
60596  19.182  -11.743  23.707 0.0000000000
60597  18.811  -10.974  23.943 0.0000000000
60609  19.484  -11.454  22.435 0.0000000000
60620  19.699  -11.588  21.144 0.0000000000
60629  19.494  -11.606  20.046 0.0000000000
60630  14.955  -11.575  20.267 0.0000000000
60631  14.348  -11.269  20.354 0.0000000000
60632  13.177  -11.297  20.471 0.0000000000
60633  12.254  -11.273  20.220 0.0000000000
60634  11.589  -11.259  19.733 0.0000000000
60644  18.998  -11.556  19.136 0.0000000000
60645  18.421  -11.801  18.926 0.0000000000
60646  16.725  -11.857  19.048 0.0000000000
60647  16.315  -11.722  19.223 0.0000000000
60648  15.338  -11.267  19.877 0.0000000000
60649  14.628  -10.801  20.180 0.0000000000
60650  11.099  -11.274  19.017 0.0000000000
60651  10.423  -11.522  18.674 0.0000000000
60660  18.525  -11.323  18.574 0.0000000000
60661  17.861  -11.591  18.558 0.0000000000
60662  16.902  -11.591  18.706 0.0000000000
60663  15.918  -11.068  18.939 0.0000000000
60664  15.463  -10.733  19.266 0.0000000000
60665  10.614  -11.031  18.364 0.0000000000
60666  9.967  -11.183  18.028 0.0000000000
61509  14.806  -10.507  40.591 0.0000000000
61524  15.248  -10.565  38.699 0.0000000000
61525  15.096  -10.446  39.230 0.0000000000
61538  15.216  -10.332  38.315 0.0000000000
61539  14.958  -9.948  38.722 0.0000000000
61553  15.407  -10.312  37.262 0.0000000000
61567  15.485  -10.416  36.170 0.0000000000
61584  15.644  -10.570  35.107 0.0000000000
61599  15.706  -10.778  33.969 0.0000000000
61613  15.901  -10.751  32.867 0.0000000000
61623  16.100  -10.809  31.693 0.0000000000
61624  15.924  -10.883  32.177 0.0000000000
61637  16.367  -10.808  31.070 0.0000000000
61649  16.545  -10.703  30.288 0.0000000000
61664  17.265  -11.039  28.691 0.0000000000
61665  16.881  -10.644  29.382 0.0000000000
61683  17.274  -10.997  27.876 0.0000000000
61684  16.870  -10.406  28.420 0.0000000000
61701  17.179  -11.090  26.948 0.0000000000
61702  16.433  -10.403  27.388 0.0000000000
61703  15.519  -10.012  27.205 0.0000000000
61704  15.068  -9.756  27.278 0.0000000000
61719  17.328  -11.062  26.181 0.0000000000
61720  16.699  -10.632  26.299 0.0000000000
61721  15.892  -10.039  26.472 0.0000000000
61722  15.138  -9.735  26.907 0.0000000000
61736  18.052  -11.155  25.260 0.0000000000
61737  17.347  -10.592  25.381 0.0000000000
61738  16.524  -10.006  25.639 0.0000000000
61739  15.996  -9.490  25.808 0.0000000000
61749  18.175  -10.586  24.511 0.0000000000
61750  17.564  -9.963  24.619 0.0000000000
61760  19.097  -10.875  23.187 0.0000000000
61761  18.677  -10.012  23.418 0.0000000000
61773  19.334  -10.148  22.483 0.0000000000
61774  19.032  -9.626  22.795 0.0000000000
61787  19.679  -10.481  21.428 0.0000000000
61788  11.659  -9.698  21.415 0.0000000000
61789  11.495  -9.841  21.157 0.0000000000
61802  19.643  -10.637  20.333 0.0000000000
61803  14.131  -10.355  20.348 0.0000000000
61804  13.334  -10.367  20.681 0.0000000000
61805  12.214  -10.271  21.042 0.0000000000
61806  11.546  -10.362  20.430 0.0000000000
61816  19.425  -10.688  19.307 0.0000000000
61817  15.056  -10.289  19.405 0.0000000000
61818  14.611  -10.336  19.922 0.0000000000
61819  11.306  -10.448  19.396 0.0000000000
61828  18.969  -10.660  18.345 0.0000000000
61829  18.206  -10.928  17.992 0.0000000000
61830  17.317  -10.921  17.976 0.0000000000
61831  16.312  -10.408  18.203 0.0000000000
61832  15.537  -10.279  18.841 0.0000000000
61833  11.024  -10.471  18.359 0.0000000000
61834  10.551  -10.786  17.906 0.0000000000
61841  18.482  -10.267  17.633 0.0000000000
61842  17.730  -10.303  17.471 0.0000000000
61843  16.878  -10.199  17.519 0.0000000000
61844  16.439  -9.928  17.718 0.0000000000
61846  10.406  -10.963  17.617 0.0000000000
62715  14.313  -9.586  40.104 0.0000000000
62729  14.888  -9.820  38.423 0.0000000000
62730  14.417  -9.387  38.835 0.0000000000
62731  13.290  -8.974  38.482 0.0000000000
62746  14.905  -9.675  37.819 0.0000000000
62747  14.097  -8.947  37.415 0.0000000000
62748  12.785  -8.945  37.493 0.0000000000
62761  15.038  -9.511  36.590 0.0000000000
62762  14.343  -9.037  36.329 0.0000000000
62763  12.101  -8.941  36.958 0.0000000000
62778  15.301  -9.757  35.418 0.0000000000
62779  14.696  -9.198  35.540 0.0000000000
62794  15.519  -9.861  34.396 0.0000000000
62795  15.045  -9.253  34.600 0.0000000000
62811  15.624  -9.656  33.221 0.0000000000
62812  15.252  -9.406  33.943 0.0000000000
62828  16.137  -10.283  31.377 0.0000000000
62829  15.992  -10.117  32.103 0.0000000000
62845  16.226  -10.120  30.708 0.0000000000
62846  15.799  -9.687  31.206 0.0000000000
62847  12.149  -9.181  31.175 0.0000000000
62866  16.370  -9.979  29.863 0.0000000000
62867  15.823  -9.500  30.293 0.0000000000
62868  13.969  -9.379  29.211 0.0000000000
62869  13.392  -9.442  29.617 0.0000000000
62870  12.511  -9.407  30.169 0.0000000000
62893  16.451  -9.861  28.958 0.0000000000
62894  15.854  -9.441  29.395 0.0000000000
62895  14.076  -9.493  28.672 0.0000000000
62896  13.419  -9.580  28.806 0.0000000000
62897  12.586  -9.630  29.116 0.0000000000
62898  11.592  -9.505  29.393 0.0000000000
62921  16.335  -9.913  28.174 0.0000000000
62922  15.634  -9.530  28.461 0.0000000000
62923  14.715  -9.471  28.319 0.0000000000
62924  13.815  -9.537  28.173 0.0000000000
62925  12.856  -9.382  28.317 0.0000000000
62926  11.882  -9.199  28.752 0.0000000000
62946  15.856  -9.838  27.737 0.0000000000
62947  15.199  -9.680  27.694 0.0000000000
62948  14.558  -9.418  27.527 0.0000000000
62949  13.566  -9.125  27.757 0.0000000000
62950  12.895  -8.718  27.938 0.0000000000
62967  15.468  -9.272  26.319 0.0000000000
62968  14.895  -8.969  26.894 0.0000000000
62979  17.059  -9.760  25.007 0.0000000000
62980  16.606  -9.086  25.224 0.0000000000
62981  15.865  -8.715  25.706 0.0000000000
62991  18.080  -9.687  24.140 0.0000000000
62992  17.527  -8.937  24.410 0.0000000000
62993  16.941  -8.380  24.802 0.0000000000
63002  18.317  -8.949  23.593 0.0000000000
63003  17.981  -8.529  23.863 0.0000000000
63013  19.247  -9.210  22.377 0.0000000000
63014  18.854  -9.104  22.916 0.0000000000
63026  19.532  -9.401  21.590 0.0000000000
63027  11.790  -9.385  21.645 0.0000000000
63028  11.145  -9.285  21.598 0.0000000000
63029  10.679  -9.016  21.324 0.0000000000
63044  19.631  -9.631  20.575 0.0000000000
63045  14.192  -9.877  20.124 0.0000000000
63046  13.588  -9.452  20.500 0.0000000000
63047  12.591  -9.494  21.170 0.0000000000
63048  10.974  -9.463  20.895 0.0000000000
63049  10.662  -9.003  21.043 0.0000000000
63066  19.638  -9.766  19.556 0.0000000000
63067  15.069  -9.707  19.006 0.0000000000
63068  14.359  -9.371  19.528 0.0000000000
63069  13.757  -8.960  20.004 0.0000000000
63070  11.169  -9.612  19.849 0.0000000000
63081  19.525  -9.829  18.540 0.0000000000
63082  16.094  -9.697  17.841 0.0000000000
63083  15.413  -9.432  18.270 0.0000000000
63084  14.828  -9.269  18.850 0.0000000000
63085  11.258  -9.623  18.764 0.0000000000
63092  19.082  -9.755  17.616 0.0000000000
63093  18.161  -9.535  16.982 0.0000000000
63094  17.214  -9.769  17.000 0.0000000000
63095  16.433  -9.390  17.339 0.0000000000
63096  15.885  -9.304  17.731 0.0000000000
63100  17.817  -9.057  16.571 0.0000000000
63101  17.341  -9.244  16.660 0.0000000000
63102  16.863  -9.356  16.836 0.0000000000
63966  13.910  -9.134  39.733 0.0000000000
63978  13.264  -8.824  37.039 0.0000000000
63979  12.960  -8.838  37.078 0.0000000000
63987  13.616  -8.784  36.469 0.0000000000
63988  12.764  -8.807  36.655 0.0000000000
63989  12.074  -8.874  36.496 0.0000000000
63999  13.956  -8.767  35.605 0.0000000000
64000  13.046  -8.752  35.735 0.0000000000
64001  12.160  -8.859  35.899 0.0000000000
64013  14.288  -8.817  34.662 0.0000000000
64014  13.313  -8.725  34.807 0.0000000000
64015  12.375  -8.943  34.969 0.0000000000
64027  15.126  -9.043  32.757 0.0000000000
64028  14.726  -8.896  33.516 0.0000000000
64029  13.567  -8.569  33.794 0.0000000000
64030  12.530  -8.745  33.999 0.0000000000
64044  15.305  -9.236  31.944 0.0000000000
64045  14.572  -8.708  32.292 0.0000000000
64046  13.697  -8.557  32.690 0.0000000000
64047  12.718  -8.750  32.960 0.0000000000
64061  15.250  -9.058  30.743 0.0000000000
64062  14.508  -8.731  31.185 0.0000000000
64063  13.677  -8.608  31.604 0.0000000000
64064  12.851  -8.828  31.938 0.0000000000
64077  15.262  -9.047  29.747 0.0000000000
64078  14.375  -8.957  29.992 0.0000000000
64079  13.554  -8.934  30.576 0.0000000000
64080  12.932  -8.924  31.067 0.0000000000
64102  15.270  -9.204  28.990 0.0000000000
64103  14.652  -9.179  29.071 0.0000000000
64125  15.143  -9.346  28.615 0.0000000000
64126  14.941  -9.253  28.733 0.0000000000
64127  12.185  -8.436  28.366 0.0000000000
64128  11.216  -8.500  28.509 0.0000000000
64147  14.169  -8.622  27.328 0.0000000000
64148  13.378  -8.262  27.610 0.0000000000
64149  12.659  -7.941  27.925 0.0000000000
64163  15.301  -8.356  26.306 0.0000000000
64164  14.648  -8.029  26.809 0.0000000000
64178  16.431  -8.127  25.252 0.0000000000
64179  15.802  -7.738  25.737 0.0000000000
64191  17.308  -8.029  24.416 0.0000000000
64192  16.889  -7.634  24.755 0.0000000000
64204  18.214  -8.249  23.494 0.0000000000
64205  17.784  -7.960  23.883 0.0000000000
64217  19.075  -8.681  22.504 0.0000000000
64218  18.730  -8.107  22.790 0.0000000000
64219  10.741  -8.104  22.458 0.0000000000
64220  10.290  -8.137  22.377 0.0000000000
64234  19.267  -8.348  21.850 0.0000000000
64235  19.014  -7.770  22.128 0.0000000000
64236  12.025  -8.699  21.700 0.0000000000
64237  11.133  -8.574  22.213 0.0000000000
64238  10.393  -8.581  21.840 0.0000000000
64253  19.521  -8.635  20.784 0.0000000000
64254  13.325  -8.513  20.366 0.0000000000
64255  12.693  -8.676  20.988 0.0000000000
64256  10.710  -8.964  20.812 0.0000000000
64257  10.254  -8.463  20.883 0.0000000000
64272  19.688  -8.844  19.825 0.0000000000
64273  14.250  -8.773  19.258 0.0000000000
64274  13.800  -8.472  19.550 0.0000000000
64275  10.879  -8.882  20.270 0.0000000000
64276  10.601  -8.234  19.801 0.0000000000
64283  19.744  -8.936  18.861 0.0000000000
64284  15.093  -8.826  18.043 0.0000000000
64285  14.536  -8.531  18.639 0.0000000000
64286  13.904  -7.989  19.120 0.0000000000
64287  11.049  -8.682  19.172 0.0000000000
64288  10.799  -8.183  19.260 0.0000000000
64297  19.484  -8.959  17.894 0.0000000000
64298  19.042  -8.870  16.997 0.0000000000
64299  16.186  -8.839  17.162 0.0000000000
64300  15.608  -8.692  17.498 0.0000000000
64301  14.989  -8.529  17.901 0.0000000000
64309  18.242  -8.656  16.540 0.0000000000
64310  17.457  -8.666  16.378 0.0000000000
64311  16.590  -8.790  16.718 0.0000000000
64312  16.035  -8.554  17.023 0.0000000000
65337  12.127  -7.638  28.220 0.0000000000
65338  11.462  -7.571  28.354 0.0000000000
65354  13.989  -7.541  27.287 0.0000000000
65355  13.134  -7.283  27.656 0.0000000000
65356  12.375  -7.118  27.988 0.0000000000
65357  11.840  -7.115  28.195 0.0000000000
65372  15.170  -7.241  26.374 0.0000000000
65373  14.488  -7.222  26.821 0.0000000000
65388  16.433  -7.112  25.230 0.0000000000
65389  15.859  -6.751  25.806 0.0000000000
65401  17.387  -7.170  24.219 0.0000000000
65402  16.901  -6.897  24.677 0.0000000000
65417  18.185  -7.686  23.294 0.0000000000
65418  17.823  -7.053  23.446 0.0000000000
65437  18.287  -7.076  22.796 0.0000000000
65438  17.948  -6.691  23.029 0.0000000000
65439  11.012  -8.016  22.450 0.0000000000
65440  10.456  -7.597  22.397 0.0000000000
65459  19.132  -7.414  21.634 0.0000000000
65460  18.774  -7.259  22.193 0.0000000000
65461  12.180  -8.186  21.352 0.0000000000
65462  11.510  -7.680  21.871 0.0000000000
65463  10.803  -7.248  22.134 0.0000000000
65483  19.411  -7.666  20.913 0.0000000000
65484  13.243  -8.028  20.048 0.0000000000
65485  12.570  -7.623  20.651 0.0000000000
65486  11.853  -7.236  21.090 0.0000000000
65499  19.569  -7.932  20.011 0.0000000000
65500  13.301  -7.525  19.556 0.0000000000
65501  12.797  -7.134  19.957 0.0000000000
65510  19.668  -8.186  19.234 0.0000000000
65511  14.441  -7.788  18.233 0.0000000000
65512  13.947  -7.502  18.692 0.0000000000
65513  10.870  -8.134  18.980 0.0000000000
65522  19.508  -8.011  18.325 0.0000000000
65523  19.301  -8.217  17.431 0.0000000000
65524  15.393  -8.205  17.233 0.0000000000
65525  14.903  -7.965  17.564 0.0000000000
65536  19.354  -7.549  17.541 0.0000000000
65537  18.855  -7.676  16.629 0.0000000000
65538  17.861  -7.977  16.121 0.0000000000
65539  16.888  -8.055  16.172 0.0000000000
65540  15.743  -7.908  16.716 0.0000000000
65541  15.069  -7.341  17.007 0.0000000000
65552  18.688  -6.956  16.131 0.0000000000
65553  18.219  -7.201  15.832 0.0000000000
65554  17.348  -7.363  15.720 0.0000000000
65555  16.490  -7.332  15.991 0.0000000000
66736  11.459  -6.913  28.239 0.0000000000
66737  10.786  -6.636  28.295 0.0000000000
66753  14.167  -6.879  27.031 0.0000000000
66754  13.628  -6.397  27.257 0.0000000000
66755  12.706  -6.373  27.767 0.0000000000
66756  11.718  -6.346  28.013 0.0000000000
66757  10.989  -5.944  27.947 0.0000000000
66774  15.429  -6.159  26.261 0.0000000000
66775  14.504  -6.320  26.695 0.0000000000
66776  13.946  -5.848  26.879 0.0000000000
66800  16.308  -6.188  25.347 0.0000000000
66801  15.939  -5.996  25.806 0.0000000000
66823  17.152  -6.152  24.355 0.0000000000
66824  16.667  -6.346  24.865 0.0000000000
66848  17.552  -6.421  23.792 0.0000000000
66872  18.081  -6.292  22.739 0.0000000000
66873  17.760  -6.273  23.239 0.0000000000
66874  10.342  -6.983  22.252 0.0000000000
66875  9.489  -6.843  22.467 0.0000000000
66894  18.903  -6.803  21.681 0.0000000000
66895  18.537  -6.407  22.140 0.0000000000
66896  11.531  -6.919  21.284 0.0000000000
66897  10.865  -6.683  21.666 0.0000000000
66898  10.022  -6.500  21.996 0.0000000000
66919  19.198  -6.713  21.005 0.0000000000
66920  18.792  -6.255  21.449 0.0000000000
66921  12.531  -6.827  20.140 0.0000000000
66922  11.982  -6.615  20.581 0.0000000000
66923  11.370  -6.420  20.971 0.0000000000
66941  19.423  -7.052  20.165 0.0000000000
66942  13.357  -6.940  18.933 0.0000000000
66943  12.800  -6.625  19.417 0.0000000000
66944  12.342  -6.339  19.899 0.0000000000
66959  19.558  -7.271  19.195 0.0000000000
66960  14.300  -7.257  17.956 0.0000000000
66961  13.620  -6.690  18.248 0.0000000000
66962  13.101  -6.446  18.708 0.0000000000
66975  19.445  -7.021  18.186 0.0000000000
66976  14.639  -7.141  17.371 0.0000000000
66977  14.130  -6.615  17.503 0.0000000000
66987  19.316  -6.854  17.288 0.0000000000
66988  19.045  -6.582  16.507 0.0000000000
66989  15.318  -7.107  16.635 0.0000000000
66990  14.789  -6.608  16.802 0.0000000000
66991  14.131  -6.092  17.053 0.0000000000
67004  18.599  -6.326  15.639 0.0000000000
67005  17.721  -6.647  15.200 0.0000000000
67006  16.726  -6.750  15.352 0.0000000000
67007  15.655  -6.629  16.022 0.0000000000
67008  14.841  -6.180  16.164 0.0000000000
67022  18.042  -5.776  14.697 0.0000000000
67023  17.041  -6.073  14.572 0.0000000000
67024  16.000  -6.138  15.007 0.0000000000
67025  15.453  -6.074  15.417 0.0000000000
68123  12.916  -5.693  27.432 0.0000000000
68124  12.170  -5.599  27.598 0.0000000000
68125  11.264  -5.236  27.598 0.0000000000
68146  14.955  -5.355  26.352 0.0000000000
68147  14.215  -5.359  26.614 0.0000000000
68148  13.382  -5.308  26.875 0.0000000000
68149  12.411  -5.063  27.095 0.0000000000
68150  11.844  -5.065  27.336 0.0000000000
68170  16.090  -5.590  25.416 0.0000000000
68171  15.620  -5.307  25.827 0.0000000000
68186  17.109  -5.504  24.252 0.0000000000
68187  16.518  -5.300  24.725 0.0000000000
68188  15.951  -5.130  25.306 0.0000000000
68203  17.457  -5.430  23.640 0.0000000000
68204  17.089  -5.153  24.157 0.0000000000
68219  18.194  -5.594  22.372 0.0000000000
68220  17.828  -5.654  22.915 0.0000000000
68236  18.514  -5.625  21.675 0.0000000000
68237  10.212  -6.030  21.506 0.0000000000
68238  9.208  -5.838  21.835 0.0000000000
68259  19.249  -6.307  20.258 0.0000000000
68260  18.821  -5.741  20.788 0.0000000000
68261  11.536  -6.117  20.524 0.0000000000
68262  10.911  -5.770  20.734 0.0000000000
68263  9.940  -5.450  21.027 0.0000000000
68284  19.397  -6.503  19.628 0.0000000000
68285  19.149  -5.659  19.676 0.0000000000
68286  12.405  -6.102  19.442 0.0000000000
68287  11.816  -5.730  19.749 0.0000000000
68288  10.985  -5.131  19.828 0.0000000000
68309  19.432  -6.323  18.865 0.0000000000
68310  19.194  -5.456  18.597 0.0000000000
68311  13.180  -6.203  18.313 0.0000000000
68312  12.647  -5.797  18.665 0.0000000000
68313  11.925  -5.167  18.761 0.0000000000
68329  19.411  -6.175  17.928 0.0000000000
68330  19.197  -5.394  17.587 0.0000000000
68331  13.408  -5.922  17.652 0.0000000000
68332  12.834  -5.279  17.798 0.0000000000
68343  19.313  -6.102  17.122 0.0000000000
68344  19.098  -5.517  16.464 0.0000000000
68345  14.415  -5.964  16.538 0.0000000000
68346  13.854  -5.494  16.717 0.0000000000
68358  18.672  -5.182  15.377 0.0000000000
68359  15.059  -6.019  15.667 0.0000000000
68360  14.403  -5.558  15.872 0.0000000000
68361  13.824  -5.097  16.112 0.0000000000
68376  18.218  -4.691  14.468 0.0000000000
68377  17.268  -5.068  13.992 0.0000000000
68378  16.127  -5.325  14.198 0.0000000000
68379  15.071  -5.471  15.017 0.0000000000
68380  14.397  -5.093  15.326 0.0000000000
68401  16.459  -4.816  13.713 0.0000000000
68402  16.075  -4.856  13.815 0.0000000000
69361  11.105  -4.674  27.365 0.0000000000
69378  14.901  -4.950  26.250 0.0000000000
69379  14.586  -4.832  26.238 0.0000000000
69380  13.794  -4.611  26.294 0.0000000000
69381  12.661  -4.247  26.419 0.0000000000
69382  11.506  -4.387  27.059 0.0000000000
69398  15.062  -4.745  26.007 0.0000000000
69399  14.395  -4.200  25.571 0.0000000000
69400  13.419  -3.907  25.812 0.0000000000
69401  12.834  -3.635  25.922 0.0000000000
69417  16.127  -4.121  24.370 0.0000000000
69418  15.375  -4.415  25.125 0.0000000000
69419  14.733  -4.015  25.138 0.0000000000
69431  17.388  -4.702  23.341 0.0000000000
69432  16.976  -4.474  23.830 0.0000000000
69448  18.235  -5.012  21.999 0.0000000000
69449  17.693  -4.643  22.635 0.0000000000
69450  17.259  -4.342  23.189 0.0000000000
69465  18.386  -4.791  21.294 0.0000000000
69466  18.094  -4.546  21.908 0.0000000000
69485  18.602  -4.837  20.262 0.0000000000
69486  10.220  -4.954  20.234 0.0000000000
69487  9.111  -4.624  20.772 0.0000000000
69503  18.783  -4.725  19.265 0.0000000000
69504  11.341  -4.840  19.108 0.0000000000
69505  10.583  -4.379  19.358 0.0000000000
69506  9.807  -4.240  19.862 0.0000000000
69525  18.849  -4.630  18.258 0.0000000000
69526  12.315  -4.919  18.122 0.0000000000
69527  11.624  -4.479  18.327 0.0000000000
69528  11.052  -4.237  18.693 0.0000000000
69548  18.864  -4.583  17.233 0.0000000000
69549  13.186  -5.135  17.138 0.0000000000
69550  12.584  -4.773  17.404 0.0000000000
69551  11.964  -4.409  17.605 0.0000000000
69573  18.792  -4.439  16.209 0.0000000000
69574  13.455  -4.946  16.516 0.0000000000
69575  12.849  -4.616  16.649 0.0000000000
69576  12.214  -4.427  17.007 0.0000000000
69599  18.597  -4.099  15.266 0.0000000000
69600  14.024  -4.941  15.596 0.0000000000
69601  13.404  -4.565  15.838 0.0000000000
69602  12.720  -4.263  16.081 0.0000000000
69622  18.285  -3.617  14.434 0.0000000000
69623  17.707  -4.049  13.692 0.0000000000
69624  15.826  -4.857  13.900 0.0000000000
69625  15.246  -4.806  14.153 0.0000000000
69626  14.082  -4.417  14.824 0.0000000000
69627  13.336  -4.143  15.320 0.0000000000
69657  16.856  -4.272  13.296 0.0000000000
69658  15.815  -4.379  13.492 0.0000000000
69659  14.728  -4.069  13.833 0.0000000000
69660  14.206  -3.817  14.182 0.0000000000
70751  11.812  -3.648  26.544 0.0000000000
70766  13.780  -3.586  25.297 0.0000000000
70767  13.022  -3.159  25.398 0.0000000000
70768  12.190  -3.234  26.065 0.0000000000
70779  15.851  -3.612  24.065 0.0000000000
70780  15.391  -3.642  24.370 0.0000000000
70781  14.417  -3.441  24.723 0.0000000000
70782  13.646  -3.199  25.016 0.0000000000
70792  16.255  -3.688  23.704 0.0000000000
70794  15.003  -3.178  24.180 0.0000000000
70807  17.354  -3.878  22.274 0.0000000000
70808  16.776  -3.694  22.865 0.0000000000
70809  16.042  -3.346  23.229 0.0000000000
70823  18.214  -4.130  20.720 0.0000000000
70824  17.810  -3.903  21.604 0.0000000000
70825  16.990  -3.449  21.907 0.0000000000
70843  18.243  -4.031  19.853 0.0000000000
70844  17.684  -3.355  20.494 0.0000000000
70845  17.189  -3.192  21.211 0.0000000000
70846  8.296  -3.753  20.570 0.0000000000
70863  18.458  -3.879  18.911 0.0000000000
70864  17.904  -3.221  19.493 0.0000000000
70865  10.019  -3.732  19.336 0.0000000000
70866  9.113  -3.433  19.848 0.0000000000
70882  18.523  -3.805  17.935 0.0000000000
70883  18.067  -3.087  18.564 0.0000000000
70884  11.199  -3.918  18.259 0.0000000000
70885  10.590  -3.540  18.631 0.0000000000
70886  9.802  -3.187  19.048 0.0000000000
70901  18.582  -3.712  16.978 0.0000000000
70902  18.225  -2.998  17.610 0.0000000000
70903  11.505  -4.001  17.806 0.0000000000
70904  11.074  -3.521  17.827 0.0000000000
70930  18.517  -3.499  16.088 0.0000000000
70931  12.289  -4.207  16.500 0.0000000000
70932  11.562  -3.816  16.947 0.0000000000
70933  10.844  -3.173  17.267 0.0000000000
70961  12.911  -4.060  15.612 0.0000000000
70962  12.217  -3.695  15.899 0.0000000000
70963  11.471  -3.246  16.174 0.0000000000
70984  13.774  -3.395  14.355 0.0000000000
70985  12.944  -3.502  15.051 0.0000000000
70986  12.199  -3.203  15.374 0.0000000000
70999  16.258  -3.549  12.864 0.0000000000
71000  15.164  -3.185  13.246 0.0000000000
71001  14.293  -3.312  13.830 0.0000000000
72190  8.442  -2.587  19.891 0.0000000000
72208  10.025  -2.829  18.540 0.0000000000
72209  9.107  -2.453  19.027 0.0000000000
72210  8.279  -2.037  19.634 0.0000000000
72228  18.388  -2.968  16.788 0.0000000000
72230  10.529  -2.873  17.930 0.0000000000
72231  9.767  -2.292  18.066 0.0000000000
72251  10.981  -3.057  16.632 0.0000000000
72252  10.219  -2.407  16.986 0.0000000000
72253  9.572  -1.913  17.574 0.0000000000
72272  11.721  -3.064  15.620 0.0000000000
72273  10.896  -2.503  15.838 0.0000000000
72274  10.202  -2.157  16.211 0.0000000000
72295  13.884  -2.873  14.038 0.0000000000
72296  13.215  -2.432  14.271 0.0000000000
72297  11.859  -2.554  14.968 0.0000000000
72298  11.063  -2.205  15.163 0.0000000000
72311  14.206  -2.360  13.710 0.0000000000
72312  13.642  -1.913  13.931 0.0000000000
73639  8.490  -1.823  19.101 0.0000000000
73664  8.786  -1.460  18.317 0.0000000000
73665  8.010  -0.843  18.876 0.0000000000
73685  9.897  -1.944  16.446 0.0000000000
73686  9.483  -1.419  17.000 0.0000000000
73706  10.661  -2.018  15.297 0.0000000000
73707  9.986  -1.540  15.706 0.0000000000
73708  9.396  -0.915  16.348 0.0000000000
73730  13.156  -1.342  13.894 0.0000000000
73731  12.174  -1.528  14.342 0.0000000000
73732  10.934  -1.560  14.824 0.0000000000
73733  10.225  -1.151  14.968 0.0000000000
75024  8.808  -0.856  17.634 0.0000000000
75025  7.981  -0.131  18.275 0.0000000000
75044  8.784  -0.478  16.926 0.0000000000
75045  8.182  0.335  17.168 0.0000000000
75062  9.842  -0.773  15.126 0.0000000000
75063  9.254  -0.201  15.781 0.0000000000
75064  8.611  0.112  16.503 0.0000000000
75081  11.523  -0.588  14.454 0.0000000000
75082  10.408  -0.489  14.728 0.0000000000
75083  9.741  -0.238  15.014 0.0000000000
76284  7.780  0.590  17.776 0.0000000000
76301  7.750  1.092  17.338 0.0000000000
76314  9.021  0.690  15.542 0.0000000000
76315  8.450  0.944  16.334 0.0000000000
76330  9.749  0.607  14.900 0.0000000000
