#!ascii label  , from subject Broad_82_YZ vox2ras=TkReg
1960
90645  52.668  12.918  -8.199 0.0000000000
90646  52.194  13.117  -8.095 0.0000000000
90656  53.712  12.732  -9.359 0.0000000000
90657  52.851  12.705  -9.046 0.0000000000
90658  52.031  13.012  -8.702 0.0000000000
90659  51.555  13.245  -8.905 0.0000000000
90670  53.065  12.558  -9.970 0.0000000000
90671  52.271  12.731  -9.659 0.0000000000
90672  51.659  13.100  -9.434 0.0000000000
90687  52.444  12.618  -10.599 0.0000000000
90688  51.747  12.913  -10.294 0.0000000000
91558  45.448  13.559  15.948 0.0000000000
91559  44.635  13.579  15.808 0.0000000000
91560  43.830  13.565  15.677 0.0000000000
91571  46.021  13.330  15.292 0.0000000000
91572  45.136  13.375  15.090 0.0000000000
91573  44.250  13.382  14.976 0.0000000000
91574  43.297  13.578  14.941 0.0000000000
91575  42.586  13.675  14.617 0.0000000000
91583  46.702  13.256  14.514 0.0000000000
91584  45.731  13.144  14.303 0.0000000000
91585  44.797  13.246  14.171 0.0000000000
91586  43.880  13.429  14.090 0.0000000000
91587  43.009  13.588  13.995 0.0000000000
91588  42.163  13.688  13.969 0.0000000000
91597  47.445  13.414  13.731 0.0000000000
91598  46.407  13.278  13.472 0.0000000000
91599  45.407  13.320  13.326 0.0000000000
91600  44.446  13.325  13.248 0.0000000000
91601  43.506  13.414  13.189 0.0000000000
91602  42.601  13.574  13.141 0.0000000000
91603  41.751  13.819  13.131 0.0000000000
91609  48.313  13.557  12.939 0.0000000000
91610  47.141  13.370  12.625 0.0000000000
91611  46.042  13.333  12.461 0.0000000000
91612  45.015  13.355  12.372 0.0000000000
91613  44.026  13.378  12.328 0.0000000000
91614  43.087  13.489  12.297 0.0000000000
91615  42.237  13.814  12.296 0.0000000000
91616  41.644  14.169  12.536 0.0000000000
91623  50.145  13.654  11.494 0.0000000000
91624  49.548  13.674  12.030 0.0000000000
91625  47.941  13.475  11.706 0.0000000000
91626  46.683  13.405  11.529 0.0000000000
91627  45.577  13.339  11.462 0.0000000000
91628  44.509  13.427  11.372 0.0000000000
91629  43.561  13.565  11.513 0.0000000000
91630  42.743  13.876  11.438 0.0000000000
91631  42.280  14.097  11.752 0.0000000000
91637  51.763  13.704  9.796 0.0000000000
91638  50.884  13.635  10.120 0.0000000000
91639  50.017  13.550  10.738 0.0000000000
91640  48.628  13.490  10.665 0.0000000000
91641  47.277  13.457  10.477 0.0000000000
91642  46.059  13.384  10.455 0.0000000000
91643  45.093  13.475  10.623 0.0000000000
91644  44.455  13.627  10.662 0.0000000000
91645  43.792  13.784  10.739 0.0000000000
91646  43.244  13.791  11.016 0.0000000000
91652  51.804  13.682  8.911 0.0000000000
91653  51.005  13.543  9.166 0.0000000000
91654  50.098  13.513  9.431 0.0000000000
91655  49.057  13.451  9.561 0.0000000000
91656  47.861  13.449  9.427 0.0000000000
91657  46.408  13.668  9.095 0.0000000000
91658  45.324  13.697  9.749 0.0000000000
91659  44.601  13.809  10.187 0.0000000000
91660  44.202  13.851  10.445 0.0000000000
91669  54.467  13.745  8.189 0.0000000000
91670  53.559  13.617  8.167 0.0000000000
91671  52.711  13.550  8.128 0.0000000000
91672  51.923  13.561  8.142 0.0000000000
91673  51.127  13.538  8.260 0.0000000000
91674  50.265  13.459  8.419 0.0000000000
91675  49.321  13.409  8.510 0.0000000000
91676  48.356  13.462  8.501 0.0000000000
91677  47.407  13.665  8.246 0.0000000000
91690  54.856  13.599  7.368 0.0000000000
91691  53.924  13.542  7.375 0.0000000000
91692  53.016  13.525  7.382 0.0000000000
91693  52.145  13.552  7.384 0.0000000000
91694  51.289  13.542  7.388 0.0000000000
91695  50.421  13.490  7.480 0.0000000000
91696  49.550  13.445  7.607 0.0000000000
91697  48.548  13.601  7.451 0.0000000000
91698  47.941  13.636  7.805 0.0000000000
91712  54.240  13.545  6.503 0.0000000000
91713  53.305  13.547  6.564 0.0000000000
91714  52.384  13.557  6.602 0.0000000000
91715  51.520  13.586  6.616 0.0000000000
91716  50.585  13.663  6.424 0.0000000000
91717  49.658  13.623  6.781 0.0000000000
91718  49.067  13.626  7.015 0.0000000000
91735  54.534  13.706  5.526 0.0000000000
91736  53.592  13.682  5.748 0.0000000000
91737  52.638  13.666  5.823 0.0000000000
91738  51.679  13.680  5.895 0.0000000000
91739  51.074  13.701  6.045 0.0000000000
91799  51.961  13.823  -3.241 0.0000000000
91800  51.436  13.901  -3.142 0.0000000000
91804  53.039  13.747  -4.136 0.0000000000
91805  52.292  13.700  -3.983 0.0000000000
91806  51.353  13.814  -3.786 0.0000000000
91807  50.763  13.986  -4.121 0.0000000000
91815  54.032  13.739  -4.966 0.0000000000
91816  53.359  13.666  -4.838 0.0000000000
91817  52.713  13.630  -4.611 0.0000000000
91818  52.013  13.597  -4.678 0.0000000000
91819  51.115  13.705  -4.719 0.0000000000
91831  54.294  13.713  -5.454 0.0000000000
91832  53.823  13.605  -5.520 0.0000000000
91833  52.853  13.546  -5.440 0.0000000000
91834  51.817  13.553  -5.586 0.0000000000
91835  50.856  13.781  -5.660 0.0000000000
91845  55.210  13.965  -6.324 0.0000000000
91846  54.687  13.742  -6.070 0.0000000000
91847  53.643  13.476  -6.381 0.0000000000
91848  52.580  13.421  -6.491 0.0000000000
91849  51.576  13.508  -6.557 0.0000000000
91850  50.743  13.817  -6.722 0.0000000000
91862  55.981  14.132  -7.204 0.0000000000
91863  55.513  13.975  -6.906 0.0000000000
91864  54.513  13.507  -7.256 0.0000000000
91865  53.350  13.176  -7.539 0.0000000000
91866  52.223  13.245  -7.471 0.0000000000
91867  51.372  13.453  -7.466 0.0000000000
91868  50.701  13.756  -7.720 0.0000000000
91881  56.114  14.076  -7.665 0.0000000000
91882  55.477  13.611  -8.083 0.0000000000
91883  54.391  13.109  -8.547 0.0000000000
91884  53.403  12.830  -8.511 0.0000000000
91885  51.831  13.255  -8.018 0.0000000000
91886  51.322  13.397  -8.362 0.0000000000
91887  50.690  13.761  -8.623 0.0000000000
91903  55.566  13.343  -9.346 0.0000000000
91904  54.593  13.028  -9.850 0.0000000000
91905  51.186  13.441  -9.128 0.0000000000
91906  50.731  13.842  -9.505 0.0000000000
91924  51.238  13.410  -9.955 0.0000000000
91925  50.776  13.844  -10.476 0.0000000000
91944  51.296  13.313  -10.912 0.0000000000
92766  42.175  14.840  17.930 0.0000000000
92767  41.629  14.945  17.816 0.0000000000
92786  42.499  14.398  17.170 0.0000000000
92787  41.439  14.692  17.218 0.0000000000
92788  40.800  14.822  16.873 0.0000000000
92809  44.117  13.769  16.530 0.0000000000
92810  42.928  13.849  16.033 0.0000000000
92811  41.728  14.231  16.227 0.0000000000
92812  40.894  14.607  16.341 0.0000000000
92827  42.655  13.710  15.157 0.0000000000
92828  41.844  13.842  14.997 0.0000000000
92829  40.932  14.375  15.446 0.0000000000
92841  41.394  14.075  13.896 0.0000000000
92842  40.892  14.410  14.432 0.0000000000
92856  41.137  14.578  13.111 0.0000000000
92857  40.917  14.545  13.757 0.0000000000
92869  41.922  14.293  11.987 0.0000000000
92870  41.499  14.687  12.302 0.0000000000
92881  52.233  14.046  11.517 0.0000000000
92882  50.871  13.763  11.694 0.0000000000
92883  50.431  13.790  12.434 0.0000000000
92884  42.663  14.212  11.106 0.0000000000
92885  42.313  14.534  11.383 0.0000000000
92886  41.836  14.675  11.853 0.0000000000
92898  52.669  14.064  10.407 0.0000000000
92899  51.551  13.791  10.730 0.0000000000
92900  50.835  13.685  10.823 0.0000000000
92901  43.592  14.139  10.530 0.0000000000
92902  43.071  14.373  10.669 0.0000000000
92903  42.506  14.857  10.867 0.0000000000
92916  53.424  14.181  9.597 0.0000000000
92917  52.545  13.876  9.375 0.0000000000
92918  45.804  14.483  8.285 0.0000000000
92919  45.324  14.378  8.959 0.0000000000
92920  44.613  14.356  9.582 0.0000000000
92921  43.923  14.327  10.253 0.0000000000
92922  43.549  14.697  10.309 0.0000000000
92933  53.987  14.065  8.886 0.0000000000
92934  53.120  13.829  8.824 0.0000000000
92935  52.426  13.697  8.690 0.0000000000
92936  46.564  14.343  7.777 0.0000000000
92937  46.854  14.588  7.214 0.0000000000
92946  48.208  13.940  6.954 0.0000000000
92947  47.545  14.237  7.150 0.0000000000
92948  47.075  14.545  7.089 0.0000000000
92953  50.344  13.883  5.905 0.0000000000
92954  49.828  13.933  6.006 0.0000000000
92955  48.610  14.268  6.407 0.0000000000
92956  47.769  14.717  6.515 0.0000000000
92961  54.328  13.945  5.080 0.0000000000
92962  53.886  14.004  5.122 0.0000000000
92963  52.968  14.085  5.209 0.0000000000
92964  51.965  14.184  5.342 0.0000000000
92965  50.661  14.304  5.504 0.0000000000
92966  49.440  14.648  5.711 0.0000000000
92967  48.844  14.891  5.799 0.0000000000
92975  53.391  14.559  4.729 0.0000000000
92976  52.418  14.680  4.855 0.0000000000
92977  51.507  14.782  4.962 0.0000000000
92978  50.921  14.945  4.935 0.0000000000
93005  52.896  15.024  -0.081 0.0000000000
93006  52.502  14.910  -0.074 0.0000000000
93007  51.765  14.788  -0.076 0.0000000000
93011  54.554  15.122  -1.097 0.0000000000
93012  54.155  14.992  -0.953 0.0000000000
93013  53.187  14.850  -0.538 0.0000000000
93014  52.226  14.534  -0.716 0.0000000000
93015  51.199  14.597  -0.642 0.0000000000
93016  50.419  14.821  -0.929 0.0000000000
93020  55.190  15.057  -1.799 0.0000000000
93021  54.773  15.001  -1.530 0.0000000000
93022  53.885  14.633  -1.568 0.0000000000
93023  52.891  14.417  -1.590 0.0000000000
93024  51.862  14.294  -1.604 0.0000000000
93025  50.893  14.429  -1.612 0.0000000000
93026  50.046  14.806  -1.623 0.0000000000
93034  55.254  14.936  -2.228 0.0000000000
93035  54.590  14.643  -2.416 0.0000000000
93036  53.648  14.335  -2.525 0.0000000000
93037  52.568  14.086  -2.641 0.0000000000
93038  51.465  14.109  -2.529 0.0000000000
93039  50.577  14.396  -2.467 0.0000000000
93040  49.806  14.866  -2.537 0.0000000000
93047  55.882  14.928  -3.664 0.0000000000
93048  55.475  14.820  -3.291 0.0000000000
93049  54.451  14.406  -3.413 0.0000000000
93050  53.485  14.044  -3.571 0.0000000000
93051  52.673  13.846  -3.503 0.0000000000
93052  51.009  14.011  -3.054 0.0000000000
93053  50.475  14.332  -3.445 0.0000000000
93054  49.748  15.014  -3.551 0.0000000000
93061  55.869  14.806  -4.101 0.0000000000
93062  55.182  14.462  -4.237 0.0000000000
93063  54.358  14.071  -4.418 0.0000000000
93064  53.664  13.830  -4.376 0.0000000000
93065  50.331  14.311  -4.573 0.0000000000
93066  49.682  15.215  -4.665 0.0000000000
93079  55.802  14.606  -5.113 0.0000000000
93080  55.073  14.157  -5.097 0.0000000000
93081  54.585  13.866  -5.263 0.0000000000
93082  50.132  14.545  -5.865 0.0000000000
93083  49.560  15.517  -5.681 0.0000000000
93097  56.781  14.696  -6.543 0.0000000000
93098  56.184  14.591  -6.106 0.0000000000
93099  55.390  14.212  -5.986 0.0000000000
93100  54.960  13.958  -5.602 0.0000000000
93101  50.251  14.390  -7.112 0.0000000000
93102  49.756  15.114  -6.676 0.0000000000
93116  56.301  14.344  -7.011 0.0000000000
93117  55.840  14.308  -6.516 0.0000000000
93118  50.258  14.279  -8.083 0.0000000000
93119  49.868  14.931  -7.630 0.0000000000
93134  50.303  14.319  -8.969 0.0000000000
93135  49.946  14.860  -8.485 0.0000000000
93147  50.424  14.597  -9.916 0.0000000000
93148  50.044  14.912  -9.201 0.0000000000
93159  50.485  14.487  -11.062 0.0000000000
93923  41.388  15.872  19.377 0.0000000000
93924  40.292  15.929  19.102 0.0000000000
93925  39.744  16.014  18.993 0.0000000000
93936  41.623  15.319  18.329 0.0000000000
93937  40.524  15.565  18.383 0.0000000000
93938  39.545  15.905  18.395 0.0000000000
93939  38.939  16.086  18.043 0.0000000000
93948  41.322  14.997  17.717 0.0000000000
93949  40.660  15.128  17.419 0.0000000000
93950  39.749  15.578  17.550 0.0000000000
93951  39.023  15.939  17.513 0.0000000000
93963  40.325  15.025  16.434 0.0000000000
93964  39.747  15.430  16.668 0.0000000000
93965  39.178  15.765  16.892 0.0000000000
93976  40.373  14.841  15.728 0.0000000000
93977  39.633  15.415  15.562 0.0000000000
93978  39.120  15.790  16.201 0.0000000000
93985  40.253  14.905  14.866 0.0000000000
93986  39.780  15.591  14.516 0.0000000000
93995  40.843  15.058  13.124 0.0000000000
93996  40.453  15.286  13.631 0.0000000000
93997  39.859  15.827  14.009 0.0000000000
94006  41.064  15.353  12.711 0.0000000000
94007  40.696  15.778  13.003 0.0000000000
94019  42.292  15.323  11.214 0.0000000000
94020  41.738  15.227  11.846 0.0000000000
94032  43.828  15.773  10.052 0.0000000000
94033  43.466  15.281  10.283 0.0000000000
94034  42.769  15.317  10.685 0.0000000000
94042  45.941  15.237  7.793 0.0000000000
94043  45.317  15.306  8.386 0.0000000000
94044  44.737  15.241  9.063 0.0000000000
94045  44.076  15.261  9.769 0.0000000000
94046  43.748  14.875  10.128 0.0000000000
94050  46.496  15.201  7.179 0.0000000000
94051  46.868  14.798  6.927 0.0000000000
94056  47.151  15.205  6.615 0.0000000000
94057  47.132  14.655  6.891 0.0000000000
94059  48.511  15.412  5.927 0.0000000000
94060  47.944  15.350  6.298 0.0000000000
94065  50.567  15.468  5.147 0.0000000000
94066  49.841  15.366  5.444 0.0000000000
94067  49.135  15.462  5.715 0.0000000000
94074  53.800  15.280  4.345 0.0000000000
94075  52.807  15.324  4.534 0.0000000000
94076  51.983  15.378  4.764 0.0000000000
94077  51.262  15.490  4.932 0.0000000000
94097  52.747  15.887  0.897 0.0000000000
94098  52.247  15.788  1.002 0.0000000000
94099  51.351  15.617  1.116 0.0000000000
94100  50.534  15.638  1.062 0.0000000000
94107  55.680  16.209  -0.021 0.0000000000
94108  55.134  15.953  0.043 0.0000000000
94109  54.121  15.691  0.143 0.0000000000
94110  53.016  15.412  0.295 0.0000000000
94111  51.971  15.224  0.477 0.0000000000
94112  51.015  15.117  0.365 0.0000000000
94113  50.056  15.504  0.442 0.0000000000
94119  56.483  16.166  -0.989 0.0000000000
94120  55.850  15.949  -0.660 0.0000000000
94121  54.758  15.377  -0.812 0.0000000000
94122  53.737  15.265  -0.340 0.0000000000
94123  53.305  15.167  -0.173 0.0000000000
94124  50.444  15.053  -0.250 0.0000000000
94125  49.680  15.426  -0.618 0.0000000000
94126  49.056  15.870  -1.025 0.0000000000
94132  56.405  15.829  -1.531 0.0000000000
94133  55.536  15.311  -1.674 0.0000000000
94134  55.013  15.230  -1.336 0.0000000000
94135  49.400  15.426  -1.656 0.0000000000
94136  48.955  16.045  -1.633 0.0000000000
94143  57.285  15.910  -2.989 0.0000000000
94144  56.633  15.624  -2.550 0.0000000000
94145  55.844  15.140  -2.760 0.0000000000
94146  49.207  15.743  -2.483 0.0000000000
94147  48.984  16.171  -2.019 0.0000000000
94152  57.160  15.723  -3.541 0.0000000000
94153  56.276  15.201  -3.606 0.0000000000
94154  55.865  15.048  -3.221 0.0000000000
94155  49.349  15.941  -3.615 0.0000000000
94159  57.349  15.581  -4.547 0.0000000000
94160  56.461  15.060  -4.725 0.0000000000
94161  49.297  16.259  -4.720 0.0000000000
94165  57.055  15.206  -5.451 0.0000000000
94166  56.464  14.864  -5.481 0.0000000000
94167  49.373  16.284  -5.688 0.0000000000
94178  56.786  14.886  -5.998 0.0000000000
94179  49.435  15.935  -6.478 0.0000000000
94189  49.625  15.651  -7.305 0.0000000000
94201  50.036  16.030  -8.822 0.0000000000
94202  49.820  15.639  -8.132 0.0000000000
94212  50.266  15.628  -9.600 0.0000000000
94213  49.930  15.400  -8.867 0.0000000000
94224  50.468  15.399  -10.650 0.0000000000
94974  39.744  16.214  19.564 0.0000000000
94975  38.655  16.393  19.764 0.0000000000
94978  39.441  16.091  18.897 0.0000000000
94979  38.785  16.264  18.646 0.0000000000
94980  37.807  16.674  18.961 0.0000000000
94985  38.499  16.327  17.634 0.0000000000
94986  37.918  16.707  17.961 0.0000000000
94994  38.565  16.367  16.571 0.0000000000
94995  38.019  16.748  17.161 0.0000000000
95005  39.293  15.967  14.875 0.0000000000
95006  38.931  16.276  15.446 0.0000000000
95011  39.546  16.293  14.338 0.0000000000
95012  39.133  16.515  14.788 0.0000000000
95014  41.116  16.648  12.727 0.0000000000
95015  40.575  16.390  13.184 0.0000000000
95016  40.007  16.256  13.784 0.0000000000
95018  42.203  16.426  11.796 0.0000000000
95019  41.580  16.204  12.247 0.0000000000
95020  40.954  16.081  12.719 0.0000000000
95023  43.972  16.714  10.561 0.0000000000
95024  43.428  16.597  10.867 0.0000000000
95025  42.650  16.175  11.205 0.0000000000
95026  42.067  15.869  11.637 0.0000000000
95031  44.827  16.610  9.567 0.0000000000
95032  44.228  16.399  9.981 0.0000000000
95033  43.664  16.130  10.363 0.0000000000
95034  43.170  15.916  10.625 0.0000000000
95038  46.345  15.957  7.702 0.0000000000
95039  45.926  16.273  8.301 0.0000000000
95040  45.146  16.294  8.945 0.0000000000
95041  44.521  15.994  9.383 0.0000000000
95045  46.899  16.375  7.313 0.0000000000
95046  46.539  16.661  7.999 0.0000000000
95051  48.386  16.770  6.593 0.0000000000
95052  47.729  16.415  6.744 0.0000000000
95054  49.546  16.714  5.908 0.0000000000
95055  48.913  16.443  6.087 0.0000000000
95056  48.243  16.111  6.254 0.0000000000
95060  52.575  16.647  4.829 0.0000000000
95061  51.945  16.698  5.076 0.0000000000
95062  51.039  16.429  5.250 0.0000000000
95063  50.079  16.345  5.546 0.0000000000
95064  49.478  16.077  5.709 0.0000000000
95072  55.090  16.450  4.114 0.0000000000
95073  54.120  16.291  4.327 0.0000000000
95074  53.119  16.218  4.533 0.0000000000
95075  52.331  16.057  4.725 0.0000000000
95076  51.696  16.021  4.919 0.0000000000
95089  51.952  16.931  1.910 0.0000000000
95090  51.489  16.909  1.879 0.0000000000
95096  55.196  17.177  1.070 0.0000000000
95097  54.708  16.936  1.116 0.0000000000
95098  53.858  16.657  1.286 0.0000000000
95099  52.776  16.444  1.412 0.0000000000
95100  51.665  16.342  1.594 0.0000000000
95101  50.759  16.209  1.558 0.0000000000
95102  49.780  16.282  1.267 0.0000000000
95103  48.981  16.760  0.952 0.0000000000
95108  56.350  16.866  0.265 0.0000000000
95109  55.695  16.742  0.523 0.0000000000
95110  54.518  16.299  0.686 0.0000000000
95111  53.548  16.051  0.803 0.0000000000
95112  53.007  15.945  0.853 0.0000000000
95113  49.305  16.075  0.359 0.0000000000
95114  48.751  16.747  0.139 0.0000000000
95117  58.348  17.278  -0.877 0.0000000000
95118  57.874  17.048  -0.713 0.0000000000
95119  56.750  16.679  -0.337 0.0000000000
95120  56.006  16.354  -0.098 0.0000000000
95121  49.043  16.114  -0.384 0.0000000000
95122  48.760  16.632  -0.846 0.0000000000
95126  58.313  17.098  -1.310 0.0000000000
95127  57.674  16.614  -1.351 0.0000000000
95128  56.957  16.230  -1.425 0.0000000000
95129  49.170  17.128  -2.019 0.0000000000
95130  48.975  16.737  -1.743 0.0000000000
95135  58.354  16.895  -2.095 0.0000000000
95136  57.532  16.257  -2.391 0.0000000000
95137  56.896  15.946  -1.966 0.0000000000
95138  49.183  16.730  -2.603 0.0000000000
95139  49.045  16.320  -2.216 0.0000000000
95144  57.752  16.169  -3.486 0.0000000000
95145  49.340  16.903  -3.666 0.0000000000
95150  57.643  15.933  -4.054 0.0000000000
95151  49.416  17.112  -4.427 0.0000000000
95157  49.397  16.968  -5.258 0.0000000000
95170  50.022  17.208  -6.538 0.0000000000
95171  49.677  16.835  -6.253 0.0000000000
95183  50.015  17.061  -7.056 0.0000000000
95184  49.645  16.386  -7.165 0.0000000000
95196  50.128  16.616  -8.047 0.0000000000
95197  49.713  16.081  -7.689 0.0000000000
95210  51.195  17.184  -9.559 0.0000000000
95211  50.665  16.705  -9.281 0.0000000000
95222  51.209  17.042  -10.084 0.0000000000
95223  50.741  16.298  -10.317 0.0000000000
95908  37.000  17.380  19.312 0.0000000000
95915  37.354  17.405  18.212 0.0000000000
95921  37.973  17.281  16.503 0.0000000000
95922  37.650  17.372  17.320 0.0000000000
95932  38.954  17.731  15.126 0.0000000000
95933  38.574  17.257  15.507 0.0000000000
95942  41.055  17.783  14.108 0.0000000000
95943  40.474  17.554  14.207 0.0000000000
95944  39.414  17.235  14.596 0.0000000000
95945  38.864  16.823  14.970 0.0000000000
95952  43.198  17.944  13.139 0.0000000000
95953  42.582  17.678  13.104 0.0000000000
95954  41.303  17.400  13.317 0.0000000000
95955  40.252  16.931  13.857 0.0000000000
95956  39.803  16.694  14.138 0.0000000000
95958  45.264  18.120  12.095 0.0000000000
95959  44.647  17.954  12.057 0.0000000000
95960  43.476  17.757  12.387 0.0000000000
95961  42.261  17.058  12.303 0.0000000000
95962  41.525  16.882  12.591 0.0000000000
95965  46.173  18.185  11.287 0.0000000000
95966  45.482  17.903  11.447 0.0000000000
95967  44.168  17.344  11.154 0.0000000000
95968  43.030  17.045  11.520 0.0000000000
95969  42.533  16.702  11.692 0.0000000000
95973  47.668  18.587  10.380 0.0000000000
95974  47.249  18.477  10.355 0.0000000000
95975  46.365  18.054  10.551 0.0000000000
95976  45.077  17.252  10.204 0.0000000000
95977  44.362  16.966  10.466 0.0000000000
95981  47.675  18.452  10.103 0.0000000000
95982  47.112  18.189  9.593 0.0000000000
95983  46.062  17.226  9.233 0.0000000000
95984  45.287  16.871  9.484 0.0000000000
95987  47.923  18.083  8.139 0.0000000000
95988  47.179  17.533  8.302 0.0000000000
95989  46.404  16.974  8.442 0.0000000000
95993  49.144  18.109  7.153 0.0000000000
95994  48.350  17.613  7.317 0.0000000000
95995  47.529  17.021  7.411 0.0000000000
95998  51.212  18.071  6.299 0.0000000000
95999  50.655  17.846  6.313 0.0000000000
96000  49.540  17.552  6.465 0.0000000000
96001  48.759  17.153  6.570 0.0000000000
96005  54.130  17.947  5.043 0.0000000000
96006  53.585  17.701  5.067 0.0000000000
96007  52.651  17.355  5.153 0.0000000000
96008  51.471  17.569  5.697 0.0000000000
96009  50.404  17.198  5.766 0.0000000000
96010  49.854  17.008  5.856 0.0000000000
96018  55.444  17.339  4.406 0.0000000000
96019  54.430  17.392  4.637 0.0000000000
96020  53.448  16.996  4.691 0.0000000000
96021  52.928  16.825  4.771 0.0000000000
96033  54.454  18.006  1.945 0.0000000000
96034  53.597  17.846  2.160 0.0000000000
96035  52.560  17.535  2.222 0.0000000000
96036  51.268  17.567  2.191 0.0000000000
96037  50.157  18.036  2.136 0.0000000000
96038  49.627  18.352  1.956 0.0000000000
96044  56.983  17.983  1.032 0.0000000000
96045  56.267  17.853  1.178 0.0000000000
96046  55.565  17.544  1.228 0.0000000000
96047  54.863  17.489  1.457 0.0000000000
96048  54.142  17.335  1.630 0.0000000000
96049  53.388  17.144  1.766 0.0000000000
96050  51.101  16.804  1.827 0.0000000000
96051  50.385  17.080  1.771 0.0000000000
96052  49.348  17.657  1.562 0.0000000000
96053  48.600  17.622  0.747 0.0000000000
96058  58.096  17.704  0.212 0.0000000000
96059  57.475  17.690  0.528 0.0000000000
96060  56.574  17.291  0.530 0.0000000000
96061  56.016  17.356  0.858 0.0000000000
96062  48.429  17.568  -0.193 0.0000000000
96065  59.083  17.779  -0.748 0.0000000000
96066  58.453  17.564  -0.407 0.0000000000
96067  57.617  17.312  -0.094 0.0000000000
96068  57.098  17.231  0.159 0.0000000000
96069  48.684  17.560  -1.050 0.0000000000
96072  59.369  17.791  -1.347 0.0000000000
96073  58.732  17.477  -1.081 0.0000000000
96074  49.372  17.558  -2.160 0.0000000000
96075  49.091  17.569  -1.640 0.0000000000
96082  58.849  17.422  -1.770 0.0000000000
96083  49.592  17.542  -2.868 0.0000000000
96092  50.188  18.092  -4.246 0.0000000000
96093  49.790  17.712  -3.728 0.0000000000
96101  50.282  17.956  -5.058 0.0000000000
96102  49.795  17.548  -4.716 0.0000000000
96113  50.355  17.812  -5.889 0.0000000000
96114  49.920  17.406  -5.562 0.0000000000
96128  50.353  17.601  -6.668 0.0000000000
96129  50.074  17.355  -6.179 0.0000000000
96142  51.185  17.955  -8.231 0.0000000000
96143  50.593  17.609  -7.582 0.0000000000
96153  51.511  17.748  -8.899 0.0000000000
96154  50.843  17.342  -8.551 0.0000000000
96165  52.362  17.884  -10.385 0.0000000000
96166  51.735  17.644  -9.699 0.0000000000
96167  51.212  17.300  -9.180 0.0000000000
96175  51.841  17.398  -10.634 0.0000000000
96849  36.956  18.764  19.150 0.0000000000
96852  37.109  18.341  18.505 0.0000000000
96853  36.815  18.166  19.221 0.0000000000
96858  37.998  18.539  16.920 0.0000000000
96859  37.532  18.294  17.534 0.0000000000
96866  38.892  18.486  15.770 0.0000000000
96867  38.298  18.236  16.172 0.0000000000
96868  37.785  17.967  16.828 0.0000000000
96876  42.828  18.755  14.586 0.0000000000
96877  42.132  18.767  14.735 0.0000000000
96878  41.220  18.637  14.974 0.0000000000
96879  40.326  18.479  15.172 0.0000000000
96880  39.390  18.223  15.257 0.0000000000
96881  38.739  18.041  15.481 0.0000000000
96890  46.687  18.923  13.237 0.0000000000
96891  46.063  18.865  13.584 0.0000000000
96892  45.135  18.906  13.796 0.0000000000
96893  44.220  18.700  13.988 0.0000000000
96894  43.324  18.557  14.171 0.0000000000
96895  42.513  18.399  14.172 0.0000000000
96896  41.606  18.153  14.230 0.0000000000
96897  40.794  18.087  14.586 0.0000000000
96898  40.063  17.929  14.750 0.0000000000
96907  46.846  18.884  12.636 0.0000000000
96908  46.247  18.674  12.847 0.0000000000
96909  45.493  18.721  13.020 0.0000000000
96910  44.634  18.699  13.176 0.0000000000
96911  43.721  18.349  13.299 0.0000000000
96912  42.937  18.129  13.620 0.0000000000
96913  42.195  17.961  13.687 0.0000000000
96919  47.676  19.094  11.665 0.0000000000
96920  47.135  18.942  11.983 0.0000000000
96921  46.464  18.635  12.146 0.0000000000
96922  45.756  18.372  12.273 0.0000000000
96923  45.028  18.409  12.526 0.0000000000
96924  44.289  18.331  12.648 0.0000000000
96926  48.462  19.108  10.701 0.0000000000
96927  47.955  19.112  11.053 0.0000000000
96928  47.326  18.905  11.232 0.0000000000
96929  46.652  18.555  11.379 0.0000000000
96930  46.115  18.329  11.713 0.0000000000
96933  48.700  18.957  10.125 0.0000000000
96934  48.047  18.694  10.392 0.0000000000
96935  47.568  18.738  10.680 0.0000000000
96936  47.017  18.620  10.802 0.0000000000
96940  49.965  18.878  8.897 0.0000000000
96941  49.199  18.854  9.305 0.0000000000
96942  48.083  18.528  9.501 0.0000000000
96943  47.480  18.277  9.022 0.0000000000
96945  50.213  18.836  8.185 0.0000000000
96946  49.502  18.632  8.347 0.0000000000
96947  48.546  18.445  8.416 0.0000000000
96948  47.792  18.309  8.662 0.0000000000
96952  51.134  19.024  6.900 0.0000000000
96953  50.598  18.827  7.382 0.0000000000
96954  49.764  18.448  7.415 0.0000000000
96955  49.044  18.366  7.695 0.0000000000
96958  53.411  18.729  5.797 0.0000000000
96959  52.692  18.733  6.031 0.0000000000
96960  51.721  18.547  6.368 0.0000000000
96961  50.915  18.466  6.664 0.0000000000
96962  50.278  18.302  6.810 0.0000000000
96967  56.373  18.728  5.237 0.0000000000
96968  55.570  18.762  5.274 0.0000000000
96969  54.721  18.362  5.091 0.0000000000
96970  53.838  18.302  5.392 0.0000000000
96971  53.061  18.185  5.483 0.0000000000
96972  52.308  18.091  5.727 0.0000000000
96983  55.759  18.136  4.744 0.0000000000
96984  55.067  17.846  4.659 0.0000000000
96997  56.471  19.215  2.116 0.0000000000
96998  55.967  19.020  2.185 0.0000000000
96999  55.043  18.661  2.297 0.0000000000
97000  54.003  18.630  2.531 0.0000000000
97001  52.982  18.611  2.591 0.0000000000
97002  51.868  18.672  2.630 0.0000000000
97003  50.733  18.837  2.532 0.0000000000
97004  49.830  18.936  2.267 0.0000000000
97011  57.870  18.530  1.111 0.0000000000
97012  56.688  18.727  1.619 0.0000000000
97013  55.763  18.326  1.673 0.0000000000
97014  55.135  18.002  1.720 0.0000000000
97015  49.234  18.835  1.810 0.0000000000
97016  48.665  18.668  1.220 0.0000000000
97022  58.797  18.196  0.307 0.0000000000
97023  58.066  18.001  0.566 0.0000000000
97024  48.211  18.653  0.362 0.0000000000
97025  47.937  19.102  -0.173 0.0000000000
97030  59.046  17.918  -0.339 0.0000000000
97031  48.296  18.406  -0.536 0.0000000000
97032  48.062  19.086  -0.795 0.0000000000
97038  49.314  18.018  -1.788 0.0000000000
97039  48.742  18.551  -1.447 0.0000000000
97040  48.190  19.176  -1.229 0.0000000000
97048  50.292  18.943  -2.528 0.0000000000
97049  49.670  18.457  -2.263 0.0000000000
97050  49.072  18.866  -1.892 0.0000000000
97058  51.115  19.159  -3.410 0.0000000000
97059  50.526  18.638  -3.278 0.0000000000
97060  49.975  18.037  -2.968 0.0000000000
97065  51.195  19.054  -3.957 0.0000000000
97066  50.716  18.502  -4.475 0.0000000000
97073  51.335  18.911  -4.940 0.0000000000
97074  50.755  18.407  -5.471 0.0000000000
97084  51.279  18.910  -6.068 0.0000000000
97085  50.729  18.246  -6.421 0.0000000000
97093  51.267  18.519  -7.370 0.0000000000
97094  50.691  18.013  -7.022 0.0000000000
97100  52.448  18.729  -8.954 0.0000000000
97101  51.887  18.479  -8.664 0.0000000000
97109  52.671  18.447  -9.627 0.0000000000
97110  51.932  18.092  -9.236 0.0000000000
97736  37.259  19.763  28.089 0.0000000000
97737  36.873  19.297  27.619 0.0000000000
97746  37.173  19.778  27.217 0.0000000000
97747  36.718  19.164  26.841 0.0000000000
97756  37.074  19.731  26.321 0.0000000000
97757  36.628  19.122  25.870 0.0000000000
97766  37.022  19.687  25.478 0.0000000000
97767  36.671  19.253  24.791 0.0000000000
97775  37.009  19.794  23.540 0.0000000000
97783  37.091  19.698  23.016 0.0000000000
97792  36.997  19.713  22.081 0.0000000000
97801  36.955  19.647  21.044 0.0000000000
97811  36.936  19.390  19.848 0.0000000000
97819  38.004  19.719  18.176 0.0000000000
97820  37.508  19.347  18.579 0.0000000000
97823  39.834  19.861  17.183 0.0000000000
97824  39.214  19.614  17.127 0.0000000000
97825  38.167  19.292  17.462 0.0000000000
97826  37.461  18.883  17.949 0.0000000000
97833  49.366  20.264  16.242 0.0000000000
97834  48.698  20.149  16.110 0.0000000000
97835  47.656  19.947  16.001 0.0000000000
97836  46.561  19.742  15.978 0.0000000000
97837  45.470  19.674  16.009 0.0000000000
97838  44.398  19.631  16.074 0.0000000000
97839  43.310  19.611  16.077 0.0000000000
97840  42.208  19.626  16.075 0.0000000000
97841  41.183  19.583  16.186 0.0000000000
97842  40.098  19.624  16.482 0.0000000000
97843  38.945  19.057  16.332 0.0000000000
97844  38.351  18.790  16.716 0.0000000000
97851  50.544  20.215  15.553 0.0000000000
97852  49.759  20.197  15.618 0.0000000000
97853  48.562  19.875  15.292 0.0000000000
97854  47.371  19.633  15.124 0.0000000000
97855  46.191  19.446  15.146 0.0000000000
97856  45.068  19.384  15.266 0.0000000000
97857  44.015  19.260  15.342 0.0000000000
97858  42.898  19.183  15.171 0.0000000000
97859  41.722  19.204  15.435 0.0000000000
97860  40.718  19.086  15.663 0.0000000000
97861  39.763  18.921  15.734 0.0000000000
97862  39.235  18.697  15.759 0.0000000000
97870  51.366  20.236  14.635 0.0000000000
97871  50.807  20.144  14.912 0.0000000000
97872  49.525  19.827  14.569 0.0000000000
97873  48.287  19.573  14.293 0.0000000000
97874  46.974  19.161  14.037 0.0000000000
97875  45.689  19.142  14.409 0.0000000000
97876  44.645  19.082  14.582 0.0000000000
97877  43.726  18.944  14.662 0.0000000000
97878  43.205  18.864  14.652 0.0000000000
97886  52.070  20.256  13.693 0.0000000000
97887  51.545  20.208  14.009 0.0000000000
97888  50.390  19.763  13.749 0.0000000000
97889  49.195  19.497  13.482 0.0000000000
97890  48.050  19.337  13.250 0.0000000000
97891  47.269  19.088  13.011 0.0000000000
97900  52.204  20.076  13.059 0.0000000000
97901  51.125  19.688  12.811 0.0000000000
97902  49.970  19.430  12.624 0.0000000000
97903  48.775  19.351  12.340 0.0000000000
97904  47.768  19.179  12.356 0.0000000000
97905  47.254  19.045  12.503 0.0000000000
97911  51.742  19.996  11.591 0.0000000000
97912  50.536  19.583  11.663 0.0000000000
97913  49.507  19.407  11.579 0.0000000000
97914  48.655  19.298  11.348 0.0000000000
97915  48.167  19.235  11.745 0.0000000000
97918  51.767  20.090  10.172 0.0000000000
97919  50.839  19.709  10.554 0.0000000000
97920  49.912  19.435  10.721 0.0000000000
97921  49.093  19.287  10.750 0.0000000000
97925  51.838  19.895  9.082 0.0000000000
97926  51.064  19.579  9.483 0.0000000000
97927  50.107  19.334  9.676 0.0000000000
97928  49.368  19.266  10.090 0.0000000000
97932  51.842  19.822  8.170 0.0000000000
97933  51.215  19.471  8.559 0.0000000000
97934  50.555  19.187  8.822 0.0000000000
97938  52.852  19.663  7.021 0.0000000000
97939  52.176  19.690  7.401 0.0000000000
97940  51.303  19.344  7.632 0.0000000000
97941  50.764  19.124  8.128 0.0000000000
97946  56.536  20.016  6.231 0.0000000000
97947  55.474  19.954  6.246 0.0000000000
97948  54.459  19.654  6.365 0.0000000000
97949  53.382  19.356  6.452 0.0000000000
97950  52.392  19.256  6.653 0.0000000000
97951  51.670  19.276  6.916 0.0000000000
97958  56.940  19.344  5.683 0.0000000000
97959  55.982  19.396  5.639 0.0000000000
97960  55.041  19.209  5.690 0.0000000000
97961  54.139  18.927  5.803 0.0000000000
97962  43.425  19.720  4.918 0.0000000000
97963  42.607  19.721  5.046 0.0000000000
97964  41.725  19.775  5.116 0.0000000000
97965  40.926  19.874  5.130 0.0000000000
97966  40.486  20.107  5.055 0.0000000000
97979  45.538  19.728  3.904 0.0000000000
97980  44.885  19.487  3.980 0.0000000000
97981  43.999  19.534  4.244 0.0000000000
97982  43.000  19.663  4.221 0.0000000000
97983  42.098  19.669  4.292 0.0000000000
97984  41.258  19.780  4.404 0.0000000000
97985  40.585  20.065  4.531 0.0000000000
97994  55.781  19.997  3.254 0.0000000000
97995  54.926  20.008  3.478 0.0000000000
97996  53.901  20.133  3.517 0.0000000000
97997  52.877  20.342  3.267 0.0000000000
97998  52.073  20.529  2.861 0.0000000000
97999  51.662  20.729  2.657 0.0000000000
98000  45.823  19.927  3.576 0.0000000000
98001  45.332  19.760  3.186 0.0000000000
98002  44.355  19.477  3.265 0.0000000000
98003  43.379  19.515  3.365 0.0000000000
98004  42.468  19.667  3.458 0.0000000000
98005  41.518  19.883  3.473 0.0000000000
98006  40.820  20.050  3.883 0.0000000000
98012  57.857  19.906  2.123 0.0000000000
98013  57.243  19.783  2.361 0.0000000000
98014  56.435  19.660  2.656 0.0000000000
98015  55.442  19.437  2.829 0.0000000000
98016  54.460  19.369  2.970 0.0000000000
98017  53.436  19.448  2.970 0.0000000000
98018  52.407  19.597  2.901 0.0000000000
98019  51.322  20.065  2.663 0.0000000000
98020  50.208  19.901  2.343 0.0000000000
98021  49.422  19.794  1.993 0.0000000000
98022  45.402  19.905  2.439 0.0000000000
98023  44.735  19.665  2.472 0.0000000000
98024  43.730  19.647  2.367 0.0000000000
98025  42.807  19.732  2.670 0.0000000000
98026  42.067  19.924  2.816 0.0000000000
98034  57.459  19.358  1.778 0.0000000000
98035  56.845  19.369  2.084 0.0000000000
98036  48.837  19.711  1.491 0.0000000000
98037  48.370  19.667  0.859 0.0000000000
98038  45.575  20.084  2.013 0.0000000000
98039  45.123  19.929  1.863 0.0000000000
98040  44.371  19.827  1.797 0.0000000000
98047  47.920  19.714  0.261 0.0000000000
98048  47.712  19.758  -0.377 0.0000000000
98054  47.783  19.676  -1.069 0.0000000000
98060  48.713  19.126  -1.831 0.0000000000
98061  48.217  19.444  -1.660 0.0000000000
98067  51.288  19.870  -2.967 0.0000000000
98068  50.610  19.475  -2.773 0.0000000000
98069  49.821  19.416  -2.447 0.0000000000
98070  48.992  19.343  -2.211 0.0000000000
98071  48.502  19.451  -2.028 0.0000000000
98077  52.410  20.005  -3.868 0.0000000000
98078  51.620  19.575  -3.459 0.0000000000
98079  51.082  19.316  -3.109 0.0000000000
98082  52.593  19.856  -4.780 0.0000000000
98083  51.863  19.469  -4.367 0.0000000000
98090  53.344  20.272  -6.053 0.0000000000
98091  52.723  19.851  -5.790 0.0000000000
98092  51.967  19.427  -5.436 0.0000000000
98100  53.397  20.240  -6.641 0.0000000000
98101  52.997  19.922  -6.687 0.0000000000
98102  52.111  19.435  -6.743 0.0000000000
98108  53.484  20.157  -7.274 0.0000000000
98109  52.866  19.688  -7.705 0.0000000000
98110  52.083  19.194  -8.086 0.0000000000
98119  53.884  19.869  -8.428 0.0000000000
98120  52.893  19.143  -8.853 0.0000000000
98121  52.308  18.904  -8.662 0.0000000000
98132  53.224  18.866  -9.478 0.0000000000
98732  38.287  20.817  28.222 0.0000000000
98733  37.813  20.270  28.663 0.0000000000
98739  38.200  20.796  27.253 0.0000000000
98740  37.666  20.337  27.702 0.0000000000
98747  38.157  20.761  26.257 0.0000000000
98748  37.601  20.295  26.753 0.0000000000
98755  38.050  20.784  25.204 0.0000000000
98756  37.536  20.217  25.775 0.0000000000
98764  38.034  20.769  24.120 0.0000000000
98765  37.291  20.086  24.641 0.0000000000
98766  36.859  19.656  24.267 0.0000000000
98774  38.040  20.818  23.083 0.0000000000
98775  37.392  20.225  23.549 0.0000000000
98776  36.964  19.880  23.933 0.0000000000
98782  38.167  20.712  22.107 0.0000000000
98783  37.539  20.243  22.561 0.0000000000
98790  38.240  20.718  21.124 0.0000000000
98791  37.570  20.224  21.558 0.0000000000
98797  38.480  20.639  20.143 0.0000000000
98798  37.616  20.203  20.475 0.0000000000
98804  39.520  20.903  19.354 0.0000000000
98805  38.921  20.599  19.257 0.0000000000
98806  37.930  20.114  19.271 0.0000000000
98813  51.064  21.307  18.273 0.0000000000
98814  50.528  21.050  18.270 0.0000000000
98815  49.607  20.768  18.289 0.0000000000
98816  48.546  20.681  18.242 0.0000000000
98817  47.485  20.734  18.116 0.0000000000
98818  46.453  20.810  17.972 0.0000000000
98819  45.460  20.808  17.878 0.0000000000
98820  44.752  20.786  17.767 0.0000000000
98821  42.717  21.318  18.189 0.0000000000
98822  42.074  21.159  18.145 0.0000000000
98823  41.076  20.883  18.232 0.0000000000
98824  39.858  20.656  18.600 0.0000000000
98825  38.620  20.038  18.315 0.0000000000
98826  37.968  19.870  18.553 0.0000000000
98832  51.654  21.498  17.372 0.0000000000
98833  51.222  21.209  17.636 0.0000000000
98834  50.319  20.666  17.510 0.0000000000
98835  49.275  20.450  17.484 0.0000000000
98836  48.208  20.374  17.487 0.0000000000
98837  47.164  20.379  17.414 0.0000000000
98838  46.142  20.398  17.345 0.0000000000
98839  45.183  20.409  17.337 0.0000000000
98840  44.244  20.659  17.387 0.0000000000
98841  43.041  20.927  17.549 0.0000000000
98842  41.795  20.581  17.457 0.0000000000
98843  40.559  20.181  17.403 0.0000000000
98844  39.504  19.947  17.749 0.0000000000
98845  38.859  19.739  17.654 0.0000000000
98848  51.568  21.335  16.867 0.0000000000
98849  51.051  20.735  16.707 0.0000000000
98850  50.038  20.357  16.497 0.0000000000
98851  48.919  20.256  16.773 0.0000000000
98852  47.916  20.111  16.780 0.0000000000
98853  46.868  20.031  16.733 0.0000000000
98854  45.825  20.016  16.710 0.0000000000
98855  44.799  20.120  16.695 0.0000000000
98856  43.723  20.254  16.703 0.0000000000
98857  42.591  20.192  16.749 0.0000000000
98858  41.527  19.993  16.776 0.0000000000
98859  40.837  19.863  16.709 0.0000000000
98864  52.234  21.284  15.368 0.0000000000
98865  51.760  21.020  15.824 0.0000000000
98866  50.999  20.314  15.730 0.0000000000
98867  50.386  20.287  15.849 0.0000000000
98873  52.934  21.301  14.563 0.0000000000
98874  52.519  21.029  14.914 0.0000000000
98875  51.675  20.385  14.900 0.0000000000
98876  51.201  20.260  15.232 0.0000000000
98882  53.164  21.135  14.284 0.0000000000
98883  52.444  20.524  14.004 0.0000000000
98884  51.889  20.375  14.329 0.0000000000
98892  53.554  20.985  13.537 0.0000000000
98893  53.087  20.500  13.052 0.0000000000
98902  54.527  21.353  12.115 0.0000000000
98903  53.917  21.011  12.395 0.0000000000
98904  52.970  20.344  12.028 0.0000000000
98907  54.542  21.242  11.532 0.0000000000
98908  53.780  20.738  11.195 0.0000000000
98909  52.765  20.374  10.764 0.0000000000
98911  54.531  21.280  10.421 0.0000000000
98912  53.619  20.808  9.960 0.0000000000
98913  52.615  20.406  9.540 0.0000000000
98917  55.415  21.446  8.706 0.0000000000
98918  54.653  21.283  9.040 0.0000000000
98919  53.394  20.695  8.737 0.0000000000
98920  52.472  20.240  8.497 0.0000000000
98925  57.571  21.240  7.418 0.0000000000
98926  56.592  21.171  7.519 0.0000000000
98927  55.492  21.228  7.923 0.0000000000
98928  54.172  20.784  7.821 0.0000000000
98929  53.020  20.222  7.624 0.0000000000
98930  52.334  20.059  7.897 0.0000000000
98931  42.432  20.882  7.031 0.0000000000
98932  42.031  20.788  7.066 0.0000000000
98933  41.372  20.896  6.969 0.0000000000
98939  57.153  20.661  6.828 0.0000000000
98940  56.025  20.616  6.934 0.0000000000
98941  54.872  20.518  6.945 0.0000000000
98942  53.833  20.114  6.980 0.0000000000
98943  53.271  19.825  7.012 0.0000000000
98944  46.509  20.896  5.974 0.0000000000
98945  45.906  20.786  6.066 0.0000000000
98946  44.828  20.568  6.184 0.0000000000
98947  43.715  20.515  6.309 0.0000000000
98948  42.641  20.576  6.573 0.0000000000
98949  41.729  20.499  6.482 0.0000000000
98950  40.839  20.691  6.464 0.0000000000
98951  40.122  20.724  6.227 0.0000000000
98957  47.224  20.803  5.055 0.0000000000
98958  46.663  20.685  5.291 0.0000000000
98959  45.531  20.332  5.263 0.0000000000
98960  44.316  20.013  5.234 0.0000000000
98961  43.160  20.048  5.693 0.0000000000
98962  42.197  20.067  5.829 0.0000000000
98963  41.309  20.168  5.800 0.0000000000
98964  40.472  20.342  5.621 0.0000000000
98965  39.635  20.676  5.633 0.0000000000
98966  39.040  20.914  5.386 0.0000000000
98975  57.616  21.006  3.751 0.0000000000
98976  57.166  20.937  3.917 0.0000000000
98977  56.200  20.972  4.160 0.0000000000
98978  55.311  21.134  4.289 0.0000000000
98979  47.949  20.750  4.177 0.0000000000
98980  47.478  20.660  4.457 0.0000000000
98981  46.267  20.095  4.178 0.0000000000
98982  45.189  19.908  4.521 0.0000000000
98983  44.600  19.739  4.507 0.0000000000
98984  40.053  20.332  4.898 0.0000000000
98985  39.306  20.732  4.689 0.0000000000
98986  38.724  21.051  4.966 0.0000000000
98994  58.184  20.608  2.865 0.0000000000
98995  57.710  20.730  3.364 0.0000000000
98996  56.567  20.398  3.455 0.0000000000
98997  55.539  20.520  3.828 0.0000000000
98998  54.489  20.865  3.998 0.0000000000
98999  53.418  21.095  3.607 0.0000000000
99000  52.283  21.426  3.014 0.0000000000
99001  51.864  21.010  2.706 0.0000000000
99002  47.950  20.755  3.790 0.0000000000
99003  47.311  20.659  3.104 0.0000000000
99004  46.115  20.206  3.048 0.0000000000
99005  45.682  20.018  2.756 0.0000000000
99006  40.796  20.318  3.270 0.0000000000
99007  40.054  20.486  3.849 0.0000000000
99008  39.154  20.999  3.795 0.0000000000
99014  57.758  20.275  2.639 0.0000000000
99015  57.142  20.154  2.898 0.0000000000
99016  51.665  21.753  2.753 0.0000000000
99017  51.363  21.267  2.577 0.0000000000
99018  50.432  20.938  2.254 0.0000000000
99019  49.627  20.708  2.021 0.0000000000
99020  47.513  20.942  1.972 0.0000000000
99021  46.644  20.562  2.175 0.0000000000
99022  45.884  20.191  2.315 0.0000000000
99023  43.027  20.070  2.032 0.0000000000
99024  42.347  20.294  2.257 0.0000000000
99025  41.373  20.566  2.513 0.0000000000
99026  40.322  20.811  2.863 0.0000000000
99027  39.633  21.015  3.204 0.0000000000
99035  49.079  20.614  1.595 0.0000000000
99036  48.677  20.604  1.046 0.0000000000
99037  47.688  21.289  1.492 0.0000000000
99038  47.068  21.212  1.275 0.0000000000
99039  45.845  20.430  1.424 0.0000000000
99040  44.707  20.222  1.201 0.0000000000
99041  43.609  20.283  1.336 0.0000000000
99042  42.727  20.629  1.639 0.0000000000
99043  42.085  20.901  1.920 0.0000000000
99049  48.176  20.574  0.562 0.0000000000
99050  47.717  20.554  0.024 0.0000000000
99051  47.020  21.473  0.704 0.0000000000
99052  46.345  21.209  0.455 0.0000000000
99053  45.121  20.710  0.351 0.0000000000
99054  44.211  20.593  0.639 0.0000000000
99059  47.580  20.509  -0.723 0.0000000000
99060  46.153  21.395  -0.097 0.0000000000
99061  45.671  21.226  -0.123 0.0000000000
99065  47.663  20.328  -1.581 0.0000000000
99067  51.322  20.302  -3.039 0.0000000000
99068  50.821  20.209  -2.916 0.0000000000
99069  50.019  20.101  -2.874 0.0000000000
99070  48.973  20.132  -2.851 0.0000000000
99071  48.237  20.036  -2.270 0.0000000000
99074  53.418  20.931  -4.116 0.0000000000
99075  52.842  20.711  -3.708 0.0000000000
99076  51.920  20.478  -3.261 0.0000000000
99077  51.149  20.773  -3.172 0.0000000000
99078  50.316  20.748  -3.282 0.0000000000
99079  49.468  20.678  -3.298 0.0000000000
99082  53.644  20.825  -4.719 0.0000000000
99083  53.062  20.407  -4.340 0.0000000000
99090  54.192  21.206  -6.213 0.0000000000
99091  53.828  20.842  -5.566 0.0000000000
99092  53.253  20.283  -5.167 0.0000000000
99102  54.399  21.045  -7.001 0.0000000000
99103  53.805  20.610  -6.602 0.0000000000
99112  54.064  20.519  -7.575 0.0000000000
99691  39.267  21.130  29.000 0.0000000000
99699  40.494  21.750  28.272 0.0000000000
99700  39.492  21.346  28.382 0.0000000000
99701  38.872  21.117  28.552 0.0000000000
99707  40.290  21.905  26.905 0.0000000000
99708  39.575  21.495  27.407 0.0000000000
99709  38.826  21.214  27.779 0.0000000000
99714  40.199  21.966  25.792 0.0000000000
99715  39.503  21.611  26.316 0.0000000000
99716  38.817  21.216  26.796 0.0000000000
99722  40.112  22.105  24.808 0.0000000000
99723  39.462  21.692  25.231 0.0000000000
99724  38.737  21.302  25.751 0.0000000000
99731  40.092  22.202  24.244 0.0000000000
99732  39.511  21.909  24.073 0.0000000000
99733  38.723  21.331  24.662 0.0000000000
99740  39.327  21.654  23.022 0.0000000000
99741  38.708  21.308  23.594 0.0000000000
99747  39.307  21.523  22.203 0.0000000000
99748  38.701  21.230  22.615 0.0000000000
99754  40.140  21.720  21.095 0.0000000000
99755  39.542  21.513  21.449 0.0000000000
99756  38.806  21.160  21.712 0.0000000000
99762  49.909  22.007  20.253 0.0000000000
99763  49.054  22.013  20.379 0.0000000000
99764  48.333  22.140  20.341 0.0000000000
99765  41.402  21.859  20.200 0.0000000000
99766  40.649  21.675  20.481 0.0000000000
99767  39.765  21.402  20.566 0.0000000000
99768  38.978  21.136  20.808 0.0000000000
99775  52.014  22.113  18.732 0.0000000000
99776  51.522  21.828  19.233 0.0000000000
99777  50.563  21.701  19.677 0.0000000000
99778  49.450  21.547  19.712 0.0000000000
99779  48.197  21.704  19.738 0.0000000000
99780  47.180  21.629  19.320 0.0000000000
99781  46.215  21.665  19.198 0.0000000000
99782  45.187  21.811  19.081 0.0000000000
99783  44.101  22.021  19.049 0.0000000000
99784  43.044  21.948  19.298 0.0000000000
99785  41.998  21.855  19.580 0.0000000000
99786  41.068  21.521  19.639 0.0000000000
99787  40.102  21.233  19.643 0.0000000000
99788  39.289  20.975  19.965 0.0000000000
99796  52.130  22.038  18.034 0.0000000000
99797  51.571  21.612  18.356 0.0000000000
99798  50.920  21.344  18.844 0.0000000000
99799  50.043  21.030  19.079 0.0000000000
99800  48.939  21.063  19.029 0.0000000000
99801  47.841  21.132  18.866 0.0000000000
99802  46.808  21.222  18.644 0.0000000000
99803  45.770  21.294  18.485 0.0000000000
99804  44.603  21.307  18.270 0.0000000000
99805  43.394  21.483  18.400 0.0000000000
99806  42.442  21.537  18.745 0.0000000000
99807  41.547  21.386  18.878 0.0000000000
99808  40.690  21.264  18.947 0.0000000000
99816  51.824  21.942  17.247 0.0000000000
99817  51.763  21.617  17.728 0.0000000000
99818  44.367  20.953  17.825 0.0000000000
99819  43.918  21.084  17.871 0.0000000000
99823  51.566  21.798  16.346 0.0000000000
99825  52.430  21.517  15.097 0.0000000000
99826  52.003  21.766  15.517 0.0000000000
99828  53.162  21.577  14.358 0.0000000000
99829  52.762  21.633  14.683 0.0000000000
99830  52.350  21.988  14.835 0.0000000000
99836  54.397  22.238  13.133 0.0000000000
99837  53.697  21.834  13.809 0.0000000000
99838  53.002  22.067  14.251 0.0000000000
99839  52.619  22.016  14.486 0.0000000000
99846  55.584  22.314  12.232 0.0000000000
99847  54.901  21.968  12.703 0.0000000000
99848  54.206  21.576  13.065 0.0000000000
99849  46.742  21.863  12.255 0.0000000000
99850  45.785  21.838  12.328 0.0000000000
99851  44.838  21.888  12.347 0.0000000000
99852  44.359  22.082  12.231 0.0000000000
99861  55.822  22.083  11.439 0.0000000000
99862  55.133  21.606  12.006 0.0000000000
99863  54.542  21.512  12.482 0.0000000000
99864  47.061  21.798  11.349 0.0000000000
99865  46.228  21.680  11.449 0.0000000000
99866  45.302  21.606  11.570 0.0000000000
99867  44.311  21.770  11.661 0.0000000000
99868  43.365  21.850  11.271 0.0000000000
99869  42.820  21.885  11.122 0.0000000000
99876  56.042  22.021  10.501 0.0000000000
99877  55.283  21.616  10.969 0.0000000000
99878  47.195  21.835  10.861 0.0000000000
99879  46.731  21.749  10.575 0.0000000000
99880  45.747  21.593  10.666 0.0000000000
99881  44.916  21.614  10.865 0.0000000000
99882  44.092  21.613  10.615 0.0000000000
99883  42.938  21.662  10.455 0.0000000000
99884  41.985  21.556  9.875 0.0000000000
99885  41.449  21.566  9.488 0.0000000000
99888  56.951  22.258  9.617 0.0000000000
99889  56.423  22.008  9.633 0.0000000000
99890  55.474  21.672  9.776 0.0000000000
99891  46.859  21.974  9.818 0.0000000000
99892  46.178  21.753  9.790 0.0000000000
99893  45.083  21.606  9.856 0.0000000000
99894  43.909  21.645  9.573 0.0000000000
99895  42.866  21.596  9.312 0.0000000000
99896  41.978  21.430  9.068 0.0000000000
99897  41.107  21.488  8.988 0.0000000000
99898  40.438  21.531  8.676 0.0000000000
99904  58.278  22.094  8.551 0.0000000000
99905  57.227  22.102  8.921 0.0000000000
99906  56.085  21.667  8.772 0.0000000000
99907  55.411  21.531  9.081 0.0000000000
99908  46.716  22.183  9.113 0.0000000000
99909  45.876  21.876  8.872 0.0000000000
99910  44.784  21.640  8.729 0.0000000000
99911  43.685  21.645  8.548 0.0000000000
99912  42.695  21.462  8.387 0.0000000000
99913  41.785  21.320  8.281 0.0000000000
99914  40.934  21.388  8.141 0.0000000000
99915  40.052  21.429  8.068 0.0000000000
99916  39.421  21.468  7.774 0.0000000000
99923  57.876  21.674  8.018 0.0000000000
99924  56.960  21.545  8.127 0.0000000000
99925  56.288  21.458  8.063 0.0000000000
99926  47.782  22.291  7.524 0.0000000000
99927  46.998  21.987  7.949 0.0000000000
99928  45.678  21.510  7.817 0.0000000000
99929  44.481  21.516  7.730 0.0000000000
99930  43.422  21.401  7.651 0.0000000000
99931  42.464  21.129  7.498 0.0000000000
99932  41.543  21.109  7.561 0.0000000000
99933  40.684  21.167  7.313 0.0000000000
99934  39.829  21.309  7.266 0.0000000000
99935  39.063  21.444  7.199 0.0000000000
99936  38.537  21.587  6.931 0.0000000000
99944  49.878  22.228  5.879 0.0000000000
99945  49.286  22.138  6.078 0.0000000000
99946  48.037  21.903  6.662 0.0000000000
99947  46.608  21.240  6.602 0.0000000000
99948  45.263  21.168  6.881 0.0000000000
99949  44.133  21.108  6.929 0.0000000000
99950  43.163  21.017  6.964 0.0000000000
99951  42.675  20.937  7.008 0.0000000000
99952  40.206  21.037  6.749 0.0000000000
99953  39.528  21.062  6.511 0.0000000000
99954  38.808  21.303  6.455 0.0000000000
99955  38.171  21.581  6.395 0.0000000000
99959  50.544  22.192  4.902 0.0000000000
99960  49.987  21.995  5.282 0.0000000000
99961  48.859  21.523  5.378 0.0000000000
99962  47.549  21.056  5.384 0.0000000000
99963  46.841  20.946  5.839 0.0000000000
99964  39.088  21.003  5.947 0.0000000000
99965  38.523  21.255  5.655 0.0000000000
99966  37.795  21.695  5.610 0.0000000000
99975  57.981  21.384  3.956 0.0000000000
99976  56.848  21.506  4.483 0.0000000000
99977  55.774  21.665  4.609 0.0000000000
99978  54.690  21.839  4.425 0.0000000000
99979  53.915  22.327  4.115 0.0000000000
99980  50.384  22.137  4.413 0.0000000000
99981  49.636  21.691  4.351 0.0000000000
99982  48.389  21.043  4.287 0.0000000000
99983  47.818  20.870  4.725 0.0000000000
99984  38.727  21.122  4.368 0.0000000000
99985  38.161  21.472  4.745 0.0000000000
99986  37.507  21.988  4.868 0.0000000000
99999  58.156  21.049  3.487 0.0000000000
100000  53.924  21.676  3.945 0.0000000000
100001  53.169  22.128  3.594 0.0000000000
100002  52.240  22.289  3.330 0.0000000000
100003  51.467  22.340  3.342 0.0000000000
100004  50.530  22.154  3.531 0.0000000000
100005  49.471  21.625  3.283 0.0000000000
100006  48.469  21.182  2.973 0.0000000000
100007  48.045  21.034  2.320 0.0000000000
100008  38.453  21.592  3.767 0.0000000000
100009  37.733  22.042  4.138 0.0000000000
100010  37.386  22.334  4.452 0.0000000000
100018  51.792  22.071  2.923 0.0000000000
100019  51.190  22.048  2.794 0.0000000000
100020  50.393  21.735  2.639 0.0000000000
100021  49.472  21.402  2.300 0.0000000000
100022  48.678  21.243  2.020 0.0000000000
100023  48.128  21.251  1.665 0.0000000000
100024  40.701  21.528  2.393 0.0000000000
100025  39.795  21.588  2.732 0.0000000000
100026  39.109  21.581  3.219 0.0000000000
100032  49.129  21.129  1.805 0.0000000000
100033  48.674  21.249  1.360 0.0000000000
100034  47.960  21.527  1.095 0.0000000000
100035  47.439  21.463  0.756 0.0000000000
100036  43.024  20.896  1.156 0.0000000000
100037  42.490  21.557  1.387 0.0000000000
100038  41.582  21.557  1.982 0.0000000000
100042  48.378  21.196  0.835 0.0000000000
100043  47.800  21.262  0.468 0.0000000000
100044  47.149  21.564  0.224 0.0000000000
100045  46.561  21.533  -0.108 0.0000000000
100046  44.345  20.949  0.171 0.0000000000
100047  43.493  21.335  0.503 0.0000000000
100048  42.806  22.166  0.861 0.0000000000
100050  47.452  21.248  -0.259 0.0000000000
100051  46.958  21.684  -0.538 0.0000000000
100052  46.041  21.579  -0.613 0.0000000000
100053  44.703  21.510  -0.512 0.0000000000
100054  43.747  22.131  -0.163 0.0000000000
100056  47.324  21.241  -1.144 0.0000000000
100057  46.634  21.843  -1.425 0.0000000000
100058  45.603  22.087  -1.242 0.0000000000
100059  44.870  22.400  -1.144 0.0000000000
100062  48.242  20.652  -2.757 0.0000000000
100063  47.453  21.250  -2.366 0.0000000000
100064  46.622  22.061  -2.233 0.0000000000
100068  53.241  21.339  -3.817 0.0000000000
100069  52.553  21.383  -3.520 0.0000000000
100070  51.645  21.456  -3.388 0.0000000000
100071  50.705  21.509  -3.518 0.0000000000
100072  49.687  21.456  -3.622 0.0000000000
100073  48.467  21.302  -3.335 0.0000000000
100074  47.471  21.939  -3.192 0.0000000000
100077  54.199  21.913  -4.896 0.0000000000
100078  53.841  21.646  -4.492 0.0000000000
100083  54.309  21.753  -5.448 0.0000000000
100084  53.985  21.211  -5.005 0.0000000000
100095  54.706  21.779  -6.524 0.0000000000
100701  41.035  22.360  27.384 0.0000000000
100709  41.649  22.824  26.700 0.0000000000
100710  40.930  22.332  26.269 0.0000000000
100717  42.384  23.078  25.998 0.0000000000
100718  41.570  22.769  25.624 0.0000000000
100719  40.790  22.450  25.233 0.0000000000
100724  42.286  23.013  24.953 0.0000000000
100725  41.486  22.745  24.598 0.0000000000
100726  40.683  22.393  24.238 0.0000000000
100727  40.154  22.247  23.819 0.0000000000
100731  42.190  23.082  23.933 0.0000000000
100732  41.471  22.636  23.599 0.0000000000
100733  40.665  22.373  23.340 0.0000000000
100734  39.934  22.136  23.195 0.0000000000
100739  43.825  23.040  22.236 0.0000000000
100740  43.400  23.030  22.338 0.0000000000
100741  42.438  22.913  22.818 0.0000000000
100742  41.311  22.509  22.653 0.0000000000
100743  40.465  22.194  22.534 0.0000000000
100744  39.808  21.855  22.450 0.0000000000
100750  49.581  23.141  21.593 0.0000000000
100751  48.974  22.965  21.623 0.0000000000
100752  47.826  22.903  21.421 0.0000000000
100753  46.454  22.844  21.171 0.0000000000
100754  45.135  23.008  21.358 0.0000000000
100755  44.014  22.908  21.806 0.0000000000
100756  42.911  22.791  21.760 0.0000000000
100757  41.853  22.673  21.794 0.0000000000
100758  40.988  22.197  21.832 0.0000000000
100759  40.195  21.847  21.801 0.0000000000
100760  39.710  21.679  21.977 0.0000000000
100767  51.858  22.837  20.276 0.0000000000
100768  51.037  22.811  20.680 0.0000000000
100769  49.849  22.650  21.049 0.0000000000
100770  48.590  22.433  20.915 0.0000000000
100771  47.494  22.394  20.369 0.0000000000
100772  46.381  22.500  20.255 0.0000000000
100773  45.472  22.597  20.497 0.0000000000
100774  44.393  22.693  20.692 0.0000000000
100775  43.349  22.620  20.876 0.0000000000
100776  42.351  22.535  20.950 0.0000000000
100777  41.362  22.256  20.936 0.0000000000
100778  40.658  21.950  21.226 0.0000000000
100785  52.152  22.583  19.461 0.0000000000
100786  51.353  22.268  20.004 0.0000000000
100787  50.571  22.256  20.359 0.0000000000
100788  47.396  21.998  19.754 0.0000000000
100789  46.734  22.133  19.718 0.0000000000
100790  45.778  22.215  19.727 0.0000000000
100791  44.763  22.268  19.838 0.0000000000
100792  43.721  22.296  19.987 0.0000000000
100793  42.731  22.262  20.156 0.0000000000
100794  41.941  22.221  20.326 0.0000000000
100801  52.229  22.733  18.511 0.0000000000
100810  51.889  22.740  17.695 0.0000000000
100817  51.203  22.833  16.744 0.0000000000
100818  50.557  23.396  16.504 0.0000000000
100821  51.167  22.273  15.762 0.0000000000
100822  50.215  23.061  15.922 0.0000000000
100823  49.502  23.329  15.668 0.0000000000
100825  51.547  22.221  14.854 0.0000000000
100826  50.397  22.426  14.937 0.0000000000
100827  49.171  22.902  15.034 0.0000000000
100828  47.901  23.146  14.609 0.0000000000
100829  46.866  23.448  14.345 0.0000000000
100830  46.308  23.729  14.152 0.0000000000
100835  54.389  22.666  12.911 0.0000000000
100836  53.896  22.598  13.182 0.0000000000
100837  53.078  22.458  13.464 0.0000000000
100838  52.082  22.184  13.907 0.0000000000
100839  50.716  22.285  13.904 0.0000000000
100840  49.467  22.419  13.957 0.0000000000
100841  48.231  22.453  13.986 0.0000000000
100842  47.067  22.588  13.933 0.0000000000
100843  45.967  23.189  13.704 0.0000000000
100844  44.815  23.220  13.344 0.0000000000
100845  44.272  23.301  13.164 0.0000000000
100852  56.440  23.121  11.895 0.0000000000
100853  55.989  22.974  12.331 0.0000000000
100854  55.029  22.833  12.632 0.0000000000
100855  54.241  23.114  12.685 0.0000000000
100856  53.296  23.051  12.466 0.0000000000
100857  52.186  22.775  12.687 0.0000000000
100858  50.950  22.730  12.855 0.0000000000
100859  49.719  22.411  12.891 0.0000000000
100860  48.531  22.253  12.984 0.0000000000
100861  47.408  22.149  13.097 0.0000000000
100862  46.347  22.207  13.125 0.0000000000
100863  45.292  22.396  13.008 0.0000000000
100864  44.173  22.719  12.668 0.0000000000
100865  43.099  22.981  12.269 0.0000000000
100866  42.537  22.986  12.138 0.0000000000
100873  56.679  23.033  11.295 0.0000000000
100874  56.224  22.646  11.753 0.0000000000
100875  53.065  23.487  11.920 0.0000000000
100876  52.444  23.327  11.835 0.0000000000
100877  51.140  23.179  11.590 0.0000000000
100878  49.909  22.704  11.768 0.0000000000
100879  48.748  22.302  11.900 0.0000000000
100880  47.696  22.047  12.077 0.0000000000
100881  44.115  22.181  12.139 0.0000000000
100882  43.606  22.314  11.930 0.0000000000
100883  42.509  22.452  11.585 0.0000000000
100884  41.228  22.618  11.207 0.0000000000
100885  39.996  22.739  10.999 0.0000000000
100886  39.301  22.820  10.939 0.0000000000
100893  57.778  22.829  10.134 0.0000000000
100894  57.110  22.878  10.507 0.0000000000
100895  56.417  22.534  10.941 0.0000000000
100896  50.765  23.426  10.873 0.0000000000
100897  50.034  23.234  10.620 0.0000000000
100898  48.879  22.684  10.835 0.0000000000
100899  47.788  22.038  10.960 0.0000000000
100900  47.244  21.911  10.625 0.0000000000
100901  42.535  21.904  11.013 0.0000000000
100902  41.979  21.968  10.715 0.0000000000
100903  40.766  21.926  9.991 0.0000000000
100904  39.121  22.400  10.301 0.0000000000
100905  37.823  22.693  10.087 0.0000000000
100906  37.192  22.954  9.985 0.0000000000
100910  58.740  22.855  9.496 0.0000000000
100911  58.159  22.645  9.661 0.0000000000
100912  57.433  22.472  9.772 0.0000000000
100913  56.733  22.362  10.168 0.0000000000
100914  49.745  23.423  9.862 0.0000000000
100915  48.999  23.157  9.704 0.0000000000
100916  48.035  22.514  10.045 0.0000000000
100917  47.319  22.075  10.237 0.0000000000
100918  40.478  21.628  9.177 0.0000000000
100919  39.659  21.747  8.981 0.0000000000
100920  38.352  22.253  9.146 0.0000000000
100921  37.083  22.697  9.264 0.0000000000
100922  36.439  22.987  8.831 0.0000000000
100927  58.594  22.458  9.072 0.0000000000
100928  57.947  22.364  9.200 0.0000000000
100929  48.666  23.239  8.654 0.0000000000
100930  47.999  22.808  9.128 0.0000000000
100931  47.362  22.343  9.499 0.0000000000
100932  39.461  21.566  8.229 0.0000000000
100933  38.751  21.707  8.040 0.0000000000
100934  37.652  22.226  8.193 0.0000000000
100935  36.704  22.685  8.178 0.0000000000
100940  50.492  23.246  7.175 0.0000000000
100941  49.612  23.138  7.391 0.0000000000
100942  48.765  23.001  7.766 0.0000000000
100943  47.962  22.616  8.164 0.0000000000
100944  47.371  22.436  8.761 0.0000000000
100945  38.593  21.652  7.358 0.0000000000
100946  38.041  21.878  7.230 0.0000000000
100947  37.122  22.371  7.247 0.0000000000
100953  51.710  23.227  6.205 0.0000000000
100954  51.136  23.020  6.394 0.0000000000
100955  50.059  22.583  6.402 0.0000000000
100956  48.971  22.590  6.921 0.0000000000
100957  48.275  22.508  7.393 0.0000000000
100958  37.504  22.042  6.396 0.0000000000
100959  36.765  22.576  6.289 0.0000000000
100965  58.299  22.785  5.479 0.0000000000
100966  57.090  22.867  5.473 0.0000000000
100967  55.962  22.984  5.369 0.0000000000
100968  55.070  23.129  5.151 0.0000000000
100969  52.481  23.295  5.210 0.0000000000
100970  51.862  23.099  5.514 0.0000000000
100971  50.812  22.453  5.428 0.0000000000
100972  50.191  22.285  5.747 0.0000000000
100973  37.205  22.250  5.560 0.0000000000
100974  36.614  22.760  5.383 0.0000000000
100982  58.786  22.174  4.716 0.0000000000
100983  57.569  22.110  4.903 0.0000000000
100984  56.410  22.231  5.019 0.0000000000
100985  55.338  22.443  4.915 0.0000000000
100986  54.375  22.835  4.633 0.0000000000
100987  53.437  22.896  4.226 0.0000000000
100988  52.525  23.081  4.592 0.0000000000
100989  51.539  22.688  4.617 0.0000000000
100990  50.868  22.397  4.524 0.0000000000
100991  37.075  22.497  4.804 0.0000000000
100992  36.658  22.995  4.619 0.0000000000
101006  52.668  22.666  3.850 0.0000000000
101007  51.932  22.620  3.902 0.0000000000
101008  51.153  22.523  3.932 0.0000000000
101009  50.714  22.374  4.047 0.0000000000
101010  38.665  22.012  3.238 0.0000000000
101011  38.122  22.530  3.330 0.0000000000
101012  37.208  22.813  4.024 0.0000000000
101013  36.710  23.218  4.162 0.0000000000
101017  41.114  22.425  2.212 0.0000000000
101018  40.176  22.447  2.470 0.0000000000
101019  39.073  22.474  2.817 0.0000000000
101020  38.490  22.914  2.884 0.0000000000
101022  42.399  22.638  1.322 0.0000000000
101023  41.871  22.451  1.796 0.0000000000
101025  43.197  22.559  0.426 0.0000000000
101026  42.757  22.840  0.924 0.0000000000
101028  44.179  22.681  -0.661 0.0000000000
101029  43.581  22.856  -0.095 0.0000000000
101031  46.100  22.361  -1.851 0.0000000000
101032  45.392  22.911  -1.776 0.0000000000
101033  44.646  23.021  -1.255 0.0000000000
101036  46.930  22.167  -2.759 0.0000000000
101037  46.299  22.898  -2.509 0.0000000000
101038  45.731  23.309  -2.239 0.0000000000
101041  53.204  22.170  -3.779 0.0000000000
101042  52.213  22.278  -3.554 0.0000000000
101043  51.203  22.344  -3.661 0.0000000000
101044  50.165  22.366  -3.840 0.0000000000
101045  49.051  22.367  -3.829 0.0000000000
101046  47.983  22.522  -3.574 0.0000000000
101047  47.058  22.804  -3.184 0.0000000000
101048  46.674  23.221  -2.936 0.0000000000
101050  54.344  22.416  -4.872 0.0000000000
101051  53.820  22.500  -4.284 0.0000000000
101054  54.925  22.614  -5.618 0.0000000000
101061  54.809  22.215  -6.012 0.0000000000
101694  43.130  23.246  25.279 0.0000000000
101704  44.846  23.708  24.768 0.0000000000
101705  43.823  23.503  24.520 0.0000000000
101706  42.935  23.336  24.274 0.0000000000
101715  45.626  23.730  23.905 0.0000000000
101716  44.517  23.495  23.702 0.0000000000
101717  43.544  23.404  23.553 0.0000000000
101718  42.827  23.225  23.406 0.0000000000
101726  47.599  23.668  23.166 0.0000000000
101727  46.371  23.586  23.042 0.0000000000
101728  45.192  23.402  22.912 0.0000000000
101729  44.065  23.232  22.616 0.0000000000
101730  43.162  23.219  22.926 0.0000000000
101731  42.802  23.118  23.034 0.0000000000
101739  50.230  24.270  22.404 0.0000000000
101740  49.525  23.630  22.164 0.0000000000
101741  48.315  23.402  22.294 0.0000000000
101742  47.072  23.413  22.144 0.0000000000
101743  45.818  23.370  22.074 0.0000000000
101744  44.738  23.185  22.138 0.0000000000
101745  44.266  23.094  22.168 0.0000000000
101754  51.577  23.540  20.601 0.0000000000
101755  50.636  23.605  21.467 0.0000000000
101756  49.922  23.261  21.573 0.0000000000
101764  52.293  23.488  19.954 0.0000000000
101774  52.381  23.514  19.019 0.0000000000
101783  51.934  23.647  18.122 0.0000000000
101784  51.318  24.152  17.614 0.0000000000
101792  51.394  23.479  17.448 0.0000000000
101793  50.574  24.131  16.891 0.0000000000
101794  49.909  24.602  16.571 0.0000000000
101797  50.191  23.629  16.390 0.0000000000
101798  49.452  24.022  16.114 0.0000000000
101799  48.403  24.526  15.572 0.0000000000
101800  47.888  24.840  15.312 0.0000000000
101803  49.170  23.447  15.552 0.0000000000
101804  48.588  23.669  15.332 0.0000000000
101805  47.559  24.261  14.919 0.0000000000
101806  46.587  24.240  14.399 0.0000000000
101811  45.933  24.177  14.007 0.0000000000
101812  45.169  24.089  13.652 0.0000000000
101813  44.171  23.991  13.374 0.0000000000
101814  43.622  24.363  13.217 0.0000000000
101821  56.261  23.447  12.116 0.0000000000
101822  55.703  23.624  12.311 0.0000000000
101823  54.832  23.786  12.347 0.0000000000
101824  53.857  23.657  12.156 0.0000000000
101825  53.351  23.557  11.984 0.0000000000
101826  43.980  23.417  13.077 0.0000000000
101827  43.406  23.812  12.860 0.0000000000
101828  42.313  23.641  12.427 0.0000000000
101829  41.257  23.930  12.412 0.0000000000
101830  40.680  24.114  12.378 0.0000000000
101837  56.565  23.585  11.580 0.0000000000
101838  56.249  23.838  12.010 0.0000000000
101839  54.836  24.220  11.990 0.0000000000
101840  54.285  24.212  11.810 0.0000000000
101841  53.094  24.089  11.396 0.0000000000
101842  51.769  23.711  11.060 0.0000000000
101843  51.119  23.515  10.959 0.0000000000
101844  42.246  23.015  12.090 0.0000000000
101845  41.657  23.148  12.003 0.0000000000
101846  40.464  23.540  11.902 0.0000000000
101847  39.135  23.419  11.412 0.0000000000
101848  38.012  23.805  11.328 0.0000000000
101849  37.461  24.033  11.199 0.0000000000
101858  58.203  23.418  10.191 0.0000000000
101859  57.728  23.279  10.404 0.0000000000
101860  57.053  23.464  10.869 0.0000000000
101861  52.867  24.478  10.580 0.0000000000
101862  52.010  24.418  10.254 0.0000000000
101863  50.858  23.727  10.310 0.0000000000
101864  50.170  23.508  10.050 0.0000000000
101865  38.965  22.879  10.908 0.0000000000
101866  38.344  23.063  10.824 0.0000000000
101867  37.129  23.541  10.576 0.0000000000
101868  36.386  23.959  10.298 0.0000000000
101872  58.690  23.424  9.706 0.0000000000
101873  58.269  23.038  10.011 0.0000000000
101874  51.749  24.513  9.504 0.0000000000
101875  51.013  24.311  9.285 0.0000000000
101876  50.077  23.758  9.519 0.0000000000
101877  49.522  23.512  9.520 0.0000000000
101878  36.849  23.135  9.864 0.0000000000
101879  36.163  23.578  9.499 0.0000000000
101880  35.624  24.212  9.089 0.0000000000
101884  51.809  23.930  7.945 0.0000000000
101885  51.280  23.999  8.054 0.0000000000
101886  50.788  24.131  8.368 0.0000000000
101887  50.059  23.987  8.712 0.0000000000
101888  49.373  23.656  9.050 0.0000000000
101889  36.089  23.320  8.293 0.0000000000
101890  35.613  24.000  8.510 0.0000000000
101896  53.529  24.072  6.925 0.0000000000
101897  52.893  23.901  7.070 0.0000000000
101898  52.220  23.819  7.388 0.0000000000
101899  51.502  23.717  7.516 0.0000000000
101900  50.874  23.726  7.694 0.0000000000
101901  50.149  23.728  7.895 0.0000000000
101902  49.393  23.520  8.226 0.0000000000
101903  36.265  23.082  7.154 0.0000000000
101904  35.687  23.874  7.544 0.0000000000
101911  57.069  24.057  6.713 0.0000000000
101912  55.920  24.061  6.392 0.0000000000
101913  54.937  24.053  6.140 0.0000000000
101914  54.042  24.057  6.274 0.0000000000
101915  53.191  23.747  6.363 0.0000000000
101916  52.467  23.619  6.581 0.0000000000
101917  51.738  23.484  6.759 0.0000000000
101918  51.148  23.414  7.132 0.0000000000
101919  36.077  23.157  5.986 0.0000000000
101920  35.683  23.831  6.520 0.0000000000
101927  57.772  23.510  6.100 0.0000000000
101928  56.552  23.587  5.882 0.0000000000
101929  55.456  23.625  5.648 0.0000000000
101930  54.332  23.563  5.300 0.0000000000
101931  53.437  23.608  5.581 0.0000000000
101932  52.644  23.441  5.772 0.0000000000
101933  52.091  23.357  6.159 0.0000000000
101934  36.142  23.341  5.076 0.0000000000
101935  35.672  23.889  5.527 0.0000000000
101938  53.887  23.211  4.701 0.0000000000
101939  53.425  23.346  4.862 0.0000000000
101940  52.902  23.410  5.144 0.0000000000
101941  36.308  23.491  4.341 0.0000000000
101942  35.796  23.955  4.645 0.0000000000
101953  38.117  23.220  2.913 0.0000000000
101954  37.442  23.475  3.212 0.0000000000
101955  36.662  23.600  3.703 0.0000000000
101964  41.555  23.259  2.137 0.0000000000
101965  40.739  23.364  2.376 0.0000000000
101966  39.688  23.418  2.502 0.0000000000
101967  38.660  23.505  2.620 0.0000000000
101968  37.909  23.791  2.721 0.0000000000
101970  43.120  23.835  1.028 0.0000000000
101971  42.649  23.553  1.354 0.0000000000
101972  42.103  23.297  1.788 0.0000000000
101974  43.361  23.455  0.413 0.0000000000
101975  42.993  23.261  0.823 0.0000000000
101977  44.265  23.609  -0.827 0.0000000000
101978  43.744  23.501  -0.227 0.0000000000
101980  45.367  23.735  -2.074 0.0000000000
101981  44.808  23.669  -1.514 0.0000000000
101984  46.493  23.638  -2.795 0.0000000000
101985  45.965  23.726  -2.465 0.0000000000
101989  53.529  23.018  -3.977 0.0000000000
101990  52.804  23.133  -3.652 0.0000000000
101991  51.750  23.224  -3.667 0.0000000000
101992  50.691  23.283  -3.850 0.0000000000
101993  49.618  23.326  -3.918 0.0000000000
101994  48.568  23.382  -3.756 0.0000000000
101995  47.620  23.498  -3.455 0.0000000000
101996  46.936  23.594  -3.127 0.0000000000
102002  54.179  23.295  -4.371 0.0000000000
102585  50.323  24.869  22.710 0.0000000000
102596  50.958  24.644  21.865 0.0000000000
102606  51.969  24.297  20.261 0.0000000000
102607  51.318  24.369  20.888 0.0000000000
102617  52.196  24.373  19.416 0.0000000000
102629  52.022  24.305  18.645 0.0000000000
102643  51.602  24.610  18.044 0.0000000000
102644  51.026  24.875  17.498 0.0000000000
102656  50.526  25.138  17.145 0.0000000000
102657  50.085  25.104  16.806 0.0000000000
102665  49.524  25.079  16.464 0.0000000000
102666  48.882  25.096  16.069 0.0000000000
102667  48.145  25.314  15.599 0.0000000000
102670  47.503  25.229  15.120 0.0000000000
102671  46.774  25.111  14.671 0.0000000000
102672  46.051  25.433  14.315 0.0000000000
102675  46.172  24.816  14.216 0.0000000000
102676  45.507  25.048  13.838 0.0000000000
102677  44.642  24.972  13.591 0.0000000000
102678  43.726  25.047  13.380 0.0000000000
102679  42.977  25.277  13.175 0.0000000000
102685  55.426  24.017  12.231 0.0000000000
102686  55.207  24.197  12.044 0.0000000000
102687  43.257  24.654  13.093 0.0000000000
102688  42.561  24.747  12.837 0.0000000000
102689  41.709  24.624  12.674 0.0000000000
102690  40.784  24.772  12.592 0.0000000000
102691  39.900  25.046  12.464 0.0000000000
102692  39.130  25.072  12.292 0.0000000000
102698  56.414  23.979  11.664 0.0000000000
102699  55.887  24.215  11.812 0.0000000000
102700  55.026  24.548  11.542 0.0000000000
102701  54.094  24.680  11.128 0.0000000000
102702  53.395  24.611  10.689 0.0000000000
102703  40.265  24.334  12.338 0.0000000000
102704  39.559  24.299  12.101 0.0000000000
102705  38.549  24.558  11.852 0.0000000000
102706  37.661  24.615  11.532 0.0000000000
102707  37.038  24.942  11.356 0.0000000000
102715  57.963  23.570  10.382 0.0000000000
102716  57.604  23.776  10.561 0.0000000000
102717  56.795  24.144  11.037 0.0000000000
102718  55.899  24.649  10.895 0.0000000000
102719  54.935  24.929  10.621 0.0000000000
102720  53.983  24.837  10.249 0.0000000000
102721  52.975  24.748  9.979 0.0000000000
102722  52.243  24.638  9.548 0.0000000000
102723  37.124  24.323  11.136 0.0000000000
102724  36.471  24.627  10.765 0.0000000000
102727  58.210  23.808  10.200 0.0000000000
102728  57.697  24.292  10.228 0.0000000000
102729  56.823  24.702  10.178 0.0000000000
102730  55.821  24.945  9.943 0.0000000000
102731  54.783  24.920  9.616 0.0000000000
102732  53.755  24.793  9.314 0.0000000000
102733  52.780  24.615  9.058 0.0000000000
102734  51.833  24.529  8.928 0.0000000000
102735  51.257  24.344  8.659 0.0000000000
102736  35.998  24.300  10.142 0.0000000000
102740  58.629  24.120  9.550 0.0000000000
102741  57.748  24.679  9.446 0.0000000000
102742  56.719  24.920  9.236 0.0000000000
102743  55.638  24.992  8.912 0.0000000000
102744  54.551  24.816  8.570 0.0000000000
102745  53.511  24.473  8.370 0.0000000000
102746  52.464  24.162  8.187 0.0000000000
102747  51.621  24.208  8.371 0.0000000000
102748  51.210  24.195  8.371 0.0000000000
102754  57.570  24.735  8.532 0.0000000000
102755  56.507  24.804  8.242 0.0000000000
102756  55.405  24.747  7.866 0.0000000000
102757  54.261  24.422  7.381 0.0000000000
102758  53.235  24.140  7.598 0.0000000000
102759  52.709  23.966  7.580 0.0000000000
102763  58.191  24.432  7.939 0.0000000000
102764  57.364  24.460  7.633 0.0000000000
102765  56.253  24.438  7.292 0.0000000000
102766  55.231  24.362  6.934 0.0000000000
102767  54.620  24.248  6.658 0.0000000000
102791  43.199  24.993  2.576 0.0000000000
102792  42.605  24.738  2.556 0.0000000000
102793  41.561  24.285  2.407 0.0000000000
102794  40.273  24.391  2.364 0.0000000000
102795  39.151  24.403  2.291 0.0000000000
102801  43.937  24.922  1.639 0.0000000000
102802  43.328  24.529  1.830 0.0000000000
102803  42.396  23.988  2.091 0.0000000000
102804  41.930  23.698  2.171 0.0000000000
102807  43.927  24.759  1.043 0.0000000000
102808  43.508  24.175  0.746 0.0000000000
102810  43.980  24.382  -0.056 0.0000000000
102811  43.608  23.901  0.211 0.0000000000
102813  45.086  24.394  -1.679 0.0000000000
102814  44.592  24.342  -0.981 0.0000000000
102816  46.891  24.865  -2.703 0.0000000000
102817  46.449  24.405  -2.615 0.0000000000
102818  45.692  24.412  -2.196 0.0000000000
102820  54.200  24.609  -4.008 0.0000000000
102821  53.616  24.026  -3.917 0.0000000000
102822  52.320  24.123  -3.680 0.0000000000
102823  51.214  24.197  -3.770 0.0000000000
102824  50.148  24.255  -3.746 0.0000000000
102825  49.126  24.275  -3.639 0.0000000000
102826  48.166  24.300  -3.489 0.0000000000
102827  47.230  24.405  -3.088 0.0000000000
102828  46.754  24.015  -2.949 0.0000000000
102835  54.667  24.098  -4.348 0.0000000000
102836  54.157  23.795  -4.191 0.0000000000
103407  46.398  26.450  24.268 0.0000000000
103408  45.837  26.301  24.192 0.0000000000
103409  44.975  26.049  24.099 0.0000000000
103419  48.131  26.388  23.397 0.0000000000
103420  47.618  26.338  23.450 0.0000000000
103421  46.610  26.218  23.630 0.0000000000
103422  45.479  25.863  23.387 0.0000000000
103423  44.320  25.766  23.344 0.0000000000
103437  48.028  26.239  22.876 0.0000000000
103438  47.227  25.960  22.673 0.0000000000
103439  46.152  25.698  22.534 0.0000000000
103440  44.998  25.609  22.357 0.0000000000
103441  43.901  25.297  22.246 0.0000000000
103454  50.642  25.577  22.155 0.0000000000
103455  50.230  25.984  22.383 0.0000000000
103456  48.682  26.262  21.365 0.0000000000
103457  48.028  26.167  21.807 0.0000000000
103458  46.834  25.768  21.598 0.0000000000
103459  45.712  25.482  21.426 0.0000000000
103460  44.566  25.300  21.255 0.0000000000
103472  51.642  24.815  20.458 0.0000000000
103473  51.163  25.434  20.739 0.0000000000
103474  50.974  26.253  20.139 0.0000000000
103475  48.375  26.165  20.728 0.0000000000
103476  47.466  25.954  20.665 0.0000000000
103477  46.422  25.627  20.467 0.0000000000
103478  45.306  25.385  20.311 0.0000000000
103479  44.257  25.111  20.143 0.0000000000
103491  51.841  25.113  19.867 0.0000000000
103492  51.351  25.955  19.514 0.0000000000
103493  50.678  26.443  19.332 0.0000000000
103494  47.972  26.124  19.973 0.0000000000
103495  47.183  25.964  19.462 0.0000000000
103496  46.017  25.590  19.363 0.0000000000
103497  44.924  25.367  19.222 0.0000000000
103498  43.985  24.967  19.149 0.0000000000
103510  51.641  25.312  18.614 0.0000000000
103511  50.878  26.398  18.360 0.0000000000
103512  50.399  26.536  18.685 0.0000000000
103513  47.147  26.107  18.697 0.0000000000
103514  46.563  25.914  18.646 0.0000000000
103515  45.634  25.814  18.161 0.0000000000
103516  44.397  25.342  18.208 0.0000000000
103531  51.343  25.217  17.843 0.0000000000
103532  50.740  25.837  17.428 0.0000000000
103533  50.125  26.159  17.072 0.0000000000
103534  45.652  26.236  17.056 0.0000000000
103535  44.788  25.762  17.165 0.0000000000
103536  43.712  25.378  17.265 0.0000000000
103546  50.292  25.555  16.992 0.0000000000
103547  49.758  25.891  16.675 0.0000000000
103548  49.198  26.199  16.476 0.0000000000
103549  45.626  26.576  16.544 0.0000000000
103550  45.042  26.406  16.501 0.0000000000
103551  44.061  26.170  16.251 0.0000000000
103552  42.996  25.635  16.441 0.0000000000
103562  49.230  25.570  16.313 0.0000000000
103563  48.755  25.954  16.067 0.0000000000
103564  47.517  26.024  15.424 0.0000000000
103565  46.860  26.371  15.318 0.0000000000
103566  43.802  26.481  15.804 0.0000000000
103567  43.383  26.331  15.724 0.0000000000
103568  42.382  25.974  15.460 0.0000000000
103573  47.080  25.641  14.982 0.0000000000
103574  46.477  26.032  14.843 0.0000000000
103575  45.245  25.991  14.290 0.0000000000
103576  44.551  26.425  14.175 0.0000000000
103577  42.151  26.292  14.869 0.0000000000
103578  41.728  26.031  14.958 0.0000000000
103581  44.921  25.528  13.828 0.0000000000
103582  44.242  25.991  13.778 0.0000000000
103583  43.174  25.984  13.482 0.0000000000
103584  42.138  25.812  13.215 0.0000000000
103585  41.063  26.162  13.221 0.0000000000
103586  40.516  26.341  13.207 0.0000000000
103591  41.949  25.179  12.892 0.0000000000
103592  41.342  25.449  12.878 0.0000000000
103593  40.347  25.915  12.784 0.0000000000
103594  39.320  25.827  12.613 0.0000000000
103602  38.014  25.119  11.871 0.0000000000
103647  45.068  25.738  1.785 0.0000000000
103648  44.546  25.621  2.308 0.0000000000
103649  43.758  25.425  2.593 0.0000000000
103650  42.990  25.518  2.755 0.0000000000
103651  42.020  25.464  2.571 0.0000000000
103652  40.854  25.424  2.362 0.0000000000
103664  45.118  25.615  0.941 0.0000000000
103665  44.467  25.248  1.501 0.0000000000
103666  44.020  25.132  2.026 0.0000000000
103673  45.116  25.557  -0.035 0.0000000000
103674  44.497  25.145  0.489 0.0000000000
103677  45.249  25.371  -0.865 0.0000000000
103678  44.660  25.010  -0.472 0.0000000000
103681  46.184  25.339  -1.902 0.0000000000
103682  45.594  25.132  -1.624 0.0000000000
103683  44.983  24.883  -1.169 0.0000000000
103686  48.996  25.854  -3.120 0.0000000000
103687  48.275  25.784  -2.858 0.0000000000
103688  47.324  25.407  -2.683 0.0000000000
103689  46.577  25.233  -2.341 0.0000000000
103690  46.083  24.915  -2.170 0.0000000000
103698  54.750  25.162  -3.950 0.0000000000
103699  53.786  25.149  -3.797 0.0000000000
103700  52.798  25.070  -3.647 0.0000000000
103701  51.705  25.094  -3.581 0.0000000000
103702  50.637  25.152  -3.537 0.0000000000
103703  49.585  25.262  -3.419 0.0000000000
103704  48.669  25.110  -3.341 0.0000000000
103705  47.904  25.042  -3.191 0.0000000000
104275  48.305  26.535  23.954 0.0000000000
104276  47.445  26.541  24.178 0.0000000000
104277  46.808  26.547  24.367 0.0000000000
104278  43.650  25.897  23.658 0.0000000000
104289  49.805  26.210  22.604 0.0000000000
104290  49.210  26.437  22.971 0.0000000000
104291  48.577  26.435  23.274 0.0000000000
104300  50.577  25.943  21.096 0.0000000000
104301  50.050  26.221  21.674 0.0000000000
104302  49.103  26.363  21.998 0.0000000000
104303  48.584  26.372  22.586 0.0000000000
104311  50.783  26.092  20.597 0.0000000000
104312  50.191  26.442  20.335 0.0000000000
104313  49.219  26.309  20.956 0.0000000000
104321  49.881  26.478  19.047 0.0000000000
104322  48.818  26.460  19.673 0.0000000000
104323  47.958  26.257  19.412 0.0000000000
104333  50.432  26.566  17.865 0.0000000000
104334  50.053  26.717  18.131 0.0000000000
104335  49.053  26.676  18.371 0.0000000000
104336  47.851  26.396  18.577 0.0000000000
104337  46.954  26.191  18.157 0.0000000000
104338  46.377  26.078  18.137 0.0000000000
104349  50.584  26.394  17.712 0.0000000000
104350  50.088  26.461  17.385 0.0000000000
104351  49.278  26.689  17.463 0.0000000000
104352  48.315  26.691  17.512 0.0000000000
104353  47.276  26.527  17.475 0.0000000000
104354  46.375  26.309  17.588 0.0000000000
104364  49.847  26.267  16.964 0.0000000000
104365  49.406  26.432  16.822 0.0000000000
104366  48.632  26.638  16.782 0.0000000000
104367  47.644  26.675  16.667 0.0000000000
104368  46.385  26.676  16.581 0.0000000000
104369  45.449  26.847  16.136 0.0000000000
104370  44.693  26.771  15.993 0.0000000000
104380  48.847  26.369  16.427 0.0000000000
104381  48.091  26.426  16.160 0.0000000000
104382  47.023  26.687  15.796 0.0000000000
104383  45.997  26.881  15.688 0.0000000000
104384  45.055  26.831  15.487 0.0000000000
104385  44.020  26.790  15.448 0.0000000000
104386  43.094  26.748  15.064 0.0000000000
104387  42.495  26.525  14.795 0.0000000000
104392  46.406  26.566  15.313 0.0000000000
104393  45.640  26.587  15.008 0.0000000000
104394  44.633  26.760  14.662 0.0000000000
104395  43.680  26.958  14.542 0.0000000000
104396  42.864  26.788  14.368 0.0000000000
104397  41.993  26.555  14.408 0.0000000000
104398  40.844  26.032  14.753 0.0000000000
104402  44.121  26.706  14.125 0.0000000000
104403  43.435  26.663  13.920 0.0000000000
104404  42.510  26.566  13.771 0.0000000000
104405  41.496  26.572  13.745 0.0000000000
104406  40.477  26.445  13.802 0.0000000000
104413  40.090  26.419  13.323 0.0000000000
104414  39.482  26.446  13.159 0.0000000000
104464  46.037  27.084  3.042 0.0000000000
104465  45.710  26.912  3.078 0.0000000000
104466  45.008  26.712  3.211 0.0000000000
104467  44.337  26.677  3.209 0.0000000000
104475  46.044  26.930  2.743 0.0000000000
104476  45.354  26.322  2.514 0.0000000000
104477  44.481  26.073  3.019 0.0000000000
104478  43.628  26.332  2.967 0.0000000000
104493  46.183  26.732  1.896 0.0000000000
104494  45.659  26.181  1.395 0.0000000000
104502  47.014  26.967  0.519 0.0000000000
104503  46.491  26.667  0.739 0.0000000000
104504  45.739  26.041  0.348 0.0000000000
104506  47.761  27.055  -0.300 0.0000000000
104507  47.223  26.865  -0.130 0.0000000000
104508  46.365  26.353  -0.396 0.0000000000
104509  45.697  25.830  -0.595 0.0000000000
104513  48.850  27.060  -1.258 0.0000000000
104514  48.080  26.870  -1.004 0.0000000000
104515  47.034  26.465  -1.231 0.0000000000
104516  46.197  25.829  -1.394 0.0000000000
104517  45.655  25.582  -1.149 0.0000000000
104527  53.726  26.660  -2.827 0.0000000000
104528  52.676  26.740  -2.867 0.0000000000
104529  51.603  26.750  -2.760 0.0000000000
104530  50.510  26.717  -2.575 0.0000000000
104531  49.131  26.638  -2.283 0.0000000000
104532  47.754  26.270  -2.079 0.0000000000
104533  46.821  25.926  -2.048 0.0000000000
104534  46.443  25.589  -1.934 0.0000000000
104543  54.234  25.941  -3.401 0.0000000000
104544  53.217  25.972  -3.426 0.0000000000
104545  52.168  25.984  -3.365 0.0000000000
104546  51.109  25.966  -3.188 0.0000000000
104547  50.068  26.007  -3.080 0.0000000000
104548  49.444  26.018  -3.070 0.0000000000
105186  46.290  27.374  3.185 0.0000000000
105187  45.386  27.338  3.196 0.0000000000
105188  44.611  27.332  3.124 0.0000000000
105189  43.944  27.073  3.110 0.0000000000
105195  46.739  27.152  2.389 0.0000000000
105213  47.546  27.363  1.835 0.0000000000
105214  46.883  27.053  1.411 0.0000000000
105236  48.304  27.561  1.062 0.0000000000
105237  47.439  27.225  0.682 0.0000000000
105238  46.942  27.012  0.834 0.0000000000
105249  50.013  27.854  0.085 0.0000000000
105250  48.969  27.668  0.107 0.0000000000
105251  48.121  27.289  -0.024 0.0000000000
105252  47.635  27.122  0.043 0.0000000000
105263  51.697  27.841  -1.166 0.0000000000
105264  50.625  27.581  -0.957 0.0000000000
105265  49.501  27.312  -0.977 0.0000000000
105266  48.703  27.266  -0.650 0.0000000000
105276  53.242  27.331  -2.163 0.0000000000
105277  52.164  27.428  -2.148 0.0000000000
105278  51.081  27.429  -2.029 0.0000000000
105279  50.138  27.249  -1.839 0.0000000000
105954  45.601  28.153  3.155 0.0000000000
105955  45.000  27.779  2.950 0.0000000000
