#!ascii label  , from subject Broad_82_YZ vox2ras=TkReg
477
105470  32.189  27.596  -26.886 0.0000000000
105473  32.637  27.123  -27.286 0.0000000000
105474  32.079  27.517  -27.543 0.0000000000
105487  32.607  26.943  -28.210 0.0000000000
105488  32.151  27.537  -28.510 0.0000000000
105504  32.838  26.938  -29.299 0.0000000000
105505  32.091  27.501  -29.623 0.0000000000
105506  31.485  27.645  -30.113 0.0000000000
106184  32.981  28.087  -26.134 0.0000000000
106191  32.331  28.136  -26.495 0.0000000000
106192  31.672  28.076  -26.854 0.0000000000
106193  31.038  28.388  -27.024 0.0000000000
106202  31.535  28.028  -27.695 0.0000000000
106203  30.705  28.432  -27.761 0.0000000000
106204  30.123  28.671  -28.225 0.0000000000
106213  31.483  28.044  -28.639 0.0000000000
106214  30.780  28.409  -28.829 0.0000000000
106215  30.111  28.861  -29.077 0.0000000000
106223  31.335  27.969  -29.420 0.0000000000
106224  30.751  28.181  -29.917 0.0000000000
106225  30.031  28.899  -30.129 0.0000000000
106234  30.377  28.079  -31.011 0.0000000000
106235  29.662  28.693  -31.091 0.0000000000
106246  29.340  28.681  -31.978 0.0000000000
106247  28.806  28.856  -32.225 0.0000000000
106260  29.163  28.314  -32.680 0.0000000000
106261  28.482  28.578  -32.707 0.0000000000
106262  27.864  28.488  -33.099 0.0000000000
106267  27.192  28.344  -33.456 0.0000000000
106268  26.396  28.185  -33.772 0.0000000000
106269  25.852  28.400  -34.141 0.0000000000
106945  33.227  29.275  -25.336 0.0000000000
106951  33.379  28.645  -25.763 0.0000000000
106952  32.600  29.019  -26.035 0.0000000000
106953  31.786  29.304  -26.152 0.0000000000
106954  31.149  29.564  -26.277 0.0000000000
106960  31.981  28.735  -26.479 0.0000000000
106961  31.372  28.919  -26.613 0.0000000000
106962  30.466  29.199  -26.800 0.0000000000
106963  29.731  29.534  -27.266 0.0000000000
106973  29.951  28.863  -27.533 0.0000000000
106974  29.521  29.341  -28.156 0.0000000000
106983  29.340  29.498  -29.286 0.0000000000
106984  28.933  29.841  -29.722 0.0000000000
106990  29.369  29.432  -30.299 0.0000000000
106991  28.824  29.959  -30.411 0.0000000000
106998  29.107  29.327  -31.129 0.0000000000
106999  28.670  29.984  -31.296 0.0000000000
107006  28.821  29.256  -31.725 0.0000000000
107007  28.333  29.589  -32.124 0.0000000000
107008  27.758  29.770  -32.469 0.0000000000
107016  27.961  29.167  -32.662 0.0000000000
107017  27.364  29.382  -33.034 0.0000000000
107018  26.763  29.568  -33.276 0.0000000000
107023  26.808  28.969  -33.491 0.0000000000
107024  26.158  29.183  -33.660 0.0000000000
107025  25.638  29.006  -34.397 0.0000000000
107031  25.611  28.867  -35.389 0.0000000000
107819  32.248  29.993  -25.049 0.0000000000
107820  31.085  30.564  -25.261 0.0000000000
107821  30.514  30.882  -25.535 0.0000000000
107827  32.012  29.514  -25.668 0.0000000000
107828  31.439  29.840  -25.668 0.0000000000
107829  30.524  30.305  -26.014 0.0000000000
107834  29.824  30.222  -26.709 0.0000000000
107835  29.324  30.321  -27.515 0.0000000000
107844  28.959  30.383  -28.599 0.0000000000
107845  28.815  30.962  -28.968 0.0000000000
107852  28.859  30.001  -29.243 0.0000000000
107853  28.628  30.548  -29.542 0.0000000000
107859  28.371  30.660  -30.569 0.0000000000
107864  27.915  30.612  -31.535 0.0000000000
107865  27.224  30.825  -31.593 0.0000000000
107871  27.838  30.145  -32.142 0.0000000000
107872  27.156  30.410  -32.329 0.0000000000
107873  26.612  30.718  -32.606 0.0000000000
107880  26.928  29.910  -32.930 0.0000000000
107881  26.441  30.254  -33.177 0.0000000000
107889  25.806  29.924  -33.941 0.0000000000
107890  25.712  29.738  -34.729 0.0000000000
107898  25.649  29.764  -35.621 0.0000000000
108678  32.843  31.225  -24.501 0.0000000000
108679  31.453  31.256  -24.656 0.0000000000
108680  30.592  31.372  -25.217 0.0000000000
108683  29.989  31.350  -25.857 0.0000000000
108684  29.653  31.929  -26.331 0.0000000000
108691  29.861  30.777  -26.266 0.0000000000
108692  29.390  31.326  -26.817 0.0000000000
108701  28.889  31.240  -27.836 0.0000000000
108702  28.753  31.357  -28.534 0.0000000000
108709  28.558  31.455  -29.170 0.0000000000
108716  28.267  31.385  -29.938 0.0000000000
108721  27.935  31.376  -30.727 0.0000000000
108722  27.274  31.275  -31.165 0.0000000000
108727  26.856  31.126  -31.672 0.0000000000
108728  26.641  31.069  -32.216 0.0000000000
108733  26.388  31.095  -32.861 0.0000000000
108740  25.822  30.961  -33.840 0.0000000000
108741  25.733  30.306  -34.301 0.0000000000
108748  25.972  31.268  -34.998 0.0000000000
108749  25.735  30.479  -34.854 0.0000000000
108756  25.743  30.617  -35.806 0.0000000000
109409  32.002  33.134  -23.777 0.0000000000
109416  31.897  32.456  -24.053 0.0000000000
109417  30.473  32.365  -24.839 0.0000000000
109418  29.675  32.856  -25.152 0.0000000000
109423  30.200  31.894  -25.421 0.0000000000
109424  29.766  32.478  -25.836 0.0000000000
109431  29.295  32.496  -26.769 0.0000000000
109439  28.921  32.327  -27.777 0.0000000000
109440  28.743  31.797  -28.160 0.0000000000
109447  28.836  32.672  -28.380 0.0000000000
109448  28.627  32.212  -28.633 0.0000000000
109454  28.340  32.181  -29.529 0.0000000000
109459  28.052  32.083  -30.282 0.0000000000
109460  27.590  32.049  -30.838 0.0000000000
109465  27.022  32.027  -31.587 0.0000000000
109466  26.766  31.470  -31.917 0.0000000000
109471  26.990  32.422  -32.595 0.0000000000
109472  26.667  31.651  -32.354 0.0000000000
109477  27.083  32.526  -33.639 0.0000000000
109478  26.500  31.771  -33.211 0.0000000000
109485  27.228  32.576  -34.706 0.0000000000
109486  26.494  31.867  -34.256 0.0000000000
109491  27.657  32.492  -35.849 0.0000000000
109492  26.728  31.912  -35.350 0.0000000000
110210  31.791  33.742  -23.561 0.0000000000
110211  30.986  33.916  -23.697 0.0000000000
110213  31.635  33.208  -23.888 0.0000000000
110214  30.884  33.452  -24.122 0.0000000000
110215  29.823  33.435  -24.783 0.0000000000
110220  29.482  33.489  -25.665 0.0000000000
110223  29.363  33.456  -26.602 0.0000000000
110229  29.296  33.409  -27.557 0.0000000000
110238  29.153  33.275  -28.554 0.0000000000
110239  28.778  32.782  -28.657 0.0000000000
110246  29.166  33.490  -29.618 0.0000000000
110247  28.690  32.840  -29.174 0.0000000000
110254  29.099  33.658  -30.562 0.0000000000
110255  28.419  32.906  -30.240 0.0000000000
110256  27.924  32.495  -30.574 0.0000000000
110262  29.070  33.803  -31.064 0.0000000000
110263  28.458  33.609  -31.259 0.0000000000
110264  27.692  32.795  -30.985 0.0000000000
110269  28.322  33.752  -32.438 0.0000000000
110270  27.620  33.022  -31.957 0.0000000000
110275  28.330  33.915  -33.616 0.0000000000
110276  27.582  33.246  -33.050 0.0000000000
110283  28.418  33.817  -34.730 0.0000000000
110284  27.694  33.281  -34.138 0.0000000000
110294  28.726  33.398  -35.840 0.0000000000
110295  27.879  33.189  -35.071 0.0000000000
110997  32.285  35.023  -22.516 0.0000000000
111002  32.148  34.635  -22.923 0.0000000000
111003  30.833  34.539  -23.457 0.0000000000
111004  30.111  34.927  -23.742 0.0000000000
111006  30.621  34.057  -23.846 0.0000000000
111007  29.973  34.405  -24.217 0.0000000000
111012  29.425  34.408  -25.334 0.0000000000
111016  29.411  34.448  -26.436 0.0000000000
111022  29.600  34.371  -27.387 0.0000000000
111031  30.560  34.580  -28.937 0.0000000000
111032  29.914  34.312  -28.319 0.0000000000
111039  31.311  34.725  -30.072 0.0000000000
111040  30.741  34.577  -29.614 0.0000000000
111041  29.916  34.046  -29.173 0.0000000000
111047  32.185  34.639  -31.104 0.0000000000
111048  31.553  34.602  -30.760 0.0000000000
111049  30.656  34.367  -30.520 0.0000000000
111050  29.870  34.049  -30.101 0.0000000000
111059  32.589  34.605  -31.721 0.0000000000
111060  31.660  34.475  -31.686 0.0000000000
111061  30.747  34.318  -31.463 0.0000000000
111062  29.689  34.038  -31.140 0.0000000000
111063  29.028  33.966  -31.314 0.0000000000
111075  32.941  34.511  -32.713 0.0000000000
111076  31.943  34.517  -32.625 0.0000000000
111077  30.952  34.387  -32.471 0.0000000000
111078  29.938  34.338  -32.194 0.0000000000
111079  29.012  34.199  -31.844 0.0000000000
111094  32.324  34.495  -33.634 0.0000000000
111095  31.271  34.421  -33.537 0.0000000000
111096  30.179  34.447  -33.345 0.0000000000
111097  29.165  34.206  -32.966 0.0000000000
111114  31.715  34.451  -34.625 0.0000000000
111115  30.570  34.354  -34.558 0.0000000000
111116  29.297  34.341  -34.350 0.0000000000
111139  29.866  34.147  -35.828 0.0000000000
111140  29.003  34.085  -35.234 0.0000000000
111834  32.753  35.766  -18.593 0.0000000000
111849  32.505  35.770  -19.664 0.0000000000
111850  32.034  36.371  -20.187 0.0000000000
111865  32.463  35.344  -20.569 0.0000000000
111866  31.955  36.111  -20.642 0.0000000000
111875  32.491  35.183  -21.390 0.0000000000
111876  32.049  35.903  -21.415 0.0000000000
111879  32.633  35.011  -21.853 0.0000000000
111880  32.096  35.625  -22.250 0.0000000000
111881  31.397  35.979  -22.546 0.0000000000
111885  31.952  35.203  -22.625 0.0000000000
111886  31.247  35.467  -22.830 0.0000000000
111887  30.269  35.447  -23.405 0.0000000000
111890  29.663  35.413  -24.050 0.0000000000
111895  29.397  35.377  -25.000 0.0000000000
111901  29.398  35.455  -26.157 0.0000000000
111911  30.487  35.628  -28.007 0.0000000000
111912  29.828  35.445  -27.302 0.0000000000
111927  31.386  35.734  -28.927 0.0000000000
111928  30.878  35.317  -28.624 0.0000000000
111929  30.145  35.009  -27.929 0.0000000000
111944  33.493  35.884  -29.967 0.0000000000
111945  32.942  35.789  -29.871 0.0000000000
111946  31.660  35.487  -29.486 0.0000000000
111947  31.001  34.952  -29.140 0.0000000000
111957  33.740  35.622  -30.356 0.0000000000
111958  32.493  34.994  -30.416 0.0000000000
111959  31.785  34.882  -30.136 0.0000000000
111970  33.236  34.836  -31.053 0.0000000000
111971  32.635  34.703  -31.034 0.0000000000
112697  32.452  36.783  -18.701 0.0000000000
112698  32.127  37.291  -19.356 0.0000000000
112713  32.524  36.309  -19.202 0.0000000000
112714  32.051  36.842  -19.778 0.0000000000
112726  31.611  36.772  -20.615 0.0000000000
112737  31.487  36.714  -21.474 0.0000000000
112738  31.182  37.175  -21.981 0.0000000000
112743  31.804  36.317  -21.955 0.0000000000
112744  31.122  36.612  -22.375 0.0000000000
112745  30.338  36.776  -22.733 0.0000000000
112748  31.035  36.076  -22.663 0.0000000000
112749  30.412  36.204  -22.899 0.0000000000
112754  29.716  36.243  -23.685 0.0000000000
112768  29.410  36.295  -24.652 0.0000000000
112783  29.415  36.386  -25.727 0.0000000000
112795  31.218  36.697  -28.188 0.0000000000
112796  30.704  36.412  -27.838 0.0000000000
112797  29.800  36.552  -26.851 0.0000000000
112806  32.175  36.808  -28.934 0.0000000000
112807  31.575  36.425  -28.689 0.0000000000
112808  30.945  35.928  -28.264 0.0000000000
112825  34.967  36.779  -29.803 0.0000000000
112826  33.764  36.318  -29.761 0.0000000000
112827  32.462  36.556  -29.306 0.0000000000
112828  31.858  36.204  -29.226 0.0000000000
112846  34.490  36.143  -30.197 0.0000000000
112847  34.009  36.010  -30.090 0.0000000000
113453  32.134  37.708  -19.092 0.0000000000
113466  31.694  37.784  -19.781 0.0000000000
113478  31.297  37.623  -20.659 0.0000000000
113479  30.993  38.005  -21.127 0.0000000000
113491  31.308  37.176  -21.072 0.0000000000
113492  31.013  37.642  -21.559 0.0000000000
113502  30.697  37.477  -22.217 0.0000000000
113503  30.279  37.273  -22.629 0.0000000000
113516  29.812  37.076  -23.202 0.0000000000
113531  29.500  37.164  -24.260 0.0000000000
113552  29.431  37.198  -25.261 0.0000000000
113566  30.162  37.613  -26.699 0.0000000000
113567  29.728  37.318  -26.223 0.0000000000
113576  31.936  37.504  -28.315 0.0000000000
113577  31.337  37.253  -28.054 0.0000000000
113578  30.486  37.326  -27.258 0.0000000000
113579  29.992  37.230  -26.802 0.0000000000
113586  35.213  37.991  -29.029 0.0000000000
113587  34.754  37.918  -29.020 0.0000000000
113588  33.757  37.739  -28.946 0.0000000000
113589  32.528  37.370  -28.727 0.0000000000
113590  31.837  37.156  -28.463 0.0000000000
113602  35.551  37.666  -29.281 0.0000000000
113603  34.351  37.269  -29.365 0.0000000000
113604  33.245  37.102  -29.281 0.0000000000
113605  32.734  37.037  -29.139 0.0000000000
114222  32.180  38.129  -18.845 0.0000000000
114231  32.361  38.979  -19.264 0.0000000000
114232  32.015  38.604  -19.544 0.0000000000
114246  31.307  38.656  -20.655 0.0000000000
114247  31.089  38.214  -20.957 0.0000000000
114260  31.071  39.009  -21.260 0.0000000000
114261  30.924  38.572  -21.439 0.0000000000
114277  30.407  38.368  -22.360 0.0000000000
114278  30.256  37.762  -22.498 0.0000000000
114294  29.930  38.640  -23.320 0.0000000000
114295  29.863  37.887  -22.890 0.0000000000
114313  29.869  38.693  -23.864 0.0000000000
114314  29.708  38.129  -23.905 0.0000000000
114336  29.800  38.576  -25.472 0.0000000000
114337  29.458  38.002  -24.892 0.0000000000
114347  30.891  38.521  -26.621 0.0000000000
114348  30.138  38.147  -26.245 0.0000000000
114349  29.617  37.890  -25.666 0.0000000000
114356  33.041  38.541  -27.838 0.0000000000
114357  32.099  38.122  -27.900 0.0000000000
114358  31.120  38.063  -27.367 0.0000000000
114359  30.550  37.953  -26.858 0.0000000000
114365  35.997  38.771  -28.862 0.0000000000
114366  35.252  38.394  -28.807 0.0000000000
114367  34.280  38.380  -28.627 0.0000000000
114368  33.367  38.187  -28.426 0.0000000000
114369  32.753  38.087  -28.242 0.0000000000
114379  36.518  38.295  -29.197 0.0000000000
114380  35.859  38.258  -29.003 0.0000000000
115015  32.223  39.330  -19.701 0.0000000000
115034  32.377  39.805  -20.013 0.0000000000
115035  31.827  39.654  -20.500 0.0000000000
115055  31.225  39.594  -21.440 0.0000000000
115056  30.948  39.168  -21.539 0.0000000000
115073  31.006  39.953  -21.960 0.0000000000
115074  30.752  39.429  -22.075 0.0000000000
115092  30.274  39.378  -23.012 0.0000000000
115108  30.089  39.220  -24.082 0.0000000000
115109  29.818  38.717  -24.131 0.0000000000
115125  30.865  39.706  -25.592 0.0000000000
115126  30.081  39.327  -25.142 0.0000000000
115127  29.695  38.736  -24.636 0.0000000000
115137  32.997  39.692  -26.809 0.0000000000
115138  32.140  39.479  -26.609 0.0000000000
115139  31.303  39.242  -26.302 0.0000000000
115140  30.521  38.922  -25.895 0.0000000000
115147  34.189  39.531  -27.747 0.0000000000
115148  33.430  39.232  -27.427 0.0000000000
115149  32.604  38.933  -27.213 0.0000000000
115150  31.720  38.708  -26.975 0.0000000000
115156  36.897  39.698  -28.886 0.0000000000
115157  36.183  39.510  -28.721 0.0000000000
115158  35.459  39.259  -28.544 0.0000000000
115159  34.668  39.037  -28.320 0.0000000000
115160  33.833  38.835  -28.071 0.0000000000
115167  38.843  39.792  -29.888 0.0000000000
115168  38.104  39.191  -29.501 0.0000000000
115169  37.215  39.034  -29.221 0.0000000000
115170  36.573  39.048  -28.998 0.0000000000
115836  32.853  40.104  -20.015 0.0000000000
115855  33.368  40.486  -20.586 0.0000000000
115856  32.497  40.304  -20.716 0.0000000000
115857  31.994  40.277  -21.019 0.0000000000
115875  34.030  40.867  -21.286 0.0000000000
115876  33.138  40.843  -21.373 0.0000000000
115877  32.212  40.773  -21.652 0.0000000000
115878  31.681  40.202  -21.342 0.0000000000
115891  31.916  40.984  -22.196 0.0000000000
115892  31.349  40.571  -22.194 0.0000000000
115893  30.901  40.063  -22.220 0.0000000000
115905  31.003  40.884  -23.304 0.0000000000
115906  30.705  40.144  -22.723 0.0000000000
115919  30.983  40.819  -24.383 0.0000000000
115920  30.533  40.129  -23.711 0.0000000000
115937  31.983  40.837  -25.787 0.0000000000
115938  31.216  40.513  -25.308 0.0000000000
115939  30.539  40.028  -24.740 0.0000000000
115947  34.022  40.790  -26.911 0.0000000000
115948  33.261  40.529  -26.637 0.0000000000
115949  32.464  40.287  -26.365 0.0000000000
115950  31.662  40.023  -26.013 0.0000000000
115955  35.936  40.890  -28.132 0.0000000000
115956  35.197  40.599  -27.831 0.0000000000
115957  34.472  40.300  -27.492 0.0000000000
115958  33.754  39.991  -27.131 0.0000000000
115963  37.892  40.844  -28.983 0.0000000000
115964  37.193  40.528  -28.733 0.0000000000
115965  36.436  40.301  -28.562 0.0000000000
115966  35.660  40.088  -28.407 0.0000000000
115967  34.904  39.833  -28.138 0.0000000000
115974  38.988  40.808  -29.793 0.0000000000
115975  38.379  40.276  -29.396 0.0000000000
115976  37.651  39.901  -29.100 0.0000000000
115991  39.790  40.941  -30.922 0.0000000000
115992  39.445  40.361  -30.368 0.0000000000
116708  34.630  41.134  -21.867 0.0000000000
116709  33.806  41.330  -21.958 0.0000000000
116710  32.992  41.328  -22.025 0.0000000000
116716  34.552  41.646  -22.494 0.0000000000
116717  33.559  41.949  -22.835 0.0000000000
116718  32.386  41.375  -22.524 0.0000000000
116719  31.814  41.102  -22.460 0.0000000000
116730  35.319  41.717  -22.881 0.0000000000
116731  34.781  41.946  -22.944 0.0000000000
116732  33.361  42.185  -23.535 0.0000000000
116733  32.630  41.900  -23.645 0.0000000000
116734  31.720  41.329  -22.985 0.0000000000
116747  32.261  41.887  -24.717 0.0000000000
116748  31.639  41.434  -24.021 0.0000000000
116759  33.906  41.982  -26.024 0.0000000000
116760  33.139  41.735  -25.800 0.0000000000
116761  32.395  41.535  -25.495 0.0000000000
116762  31.613  41.320  -25.037 0.0000000000
116769  35.897  42.161  -27.011 0.0000000000
116770  35.062  41.843  -26.830 0.0000000000
116771  34.319  41.530  -26.605 0.0000000000
116772  33.541  41.318  -26.413 0.0000000000
116773  32.749  41.104  -26.180 0.0000000000
116779  37.810  42.134  -27.976 0.0000000000
116780  37.058  41.858  -27.846 0.0000000000
116781  36.296  41.616  -27.683 0.0000000000
116782  35.527  41.359  -27.446 0.0000000000
116783  34.768  41.067  -27.184 0.0000000000
116790  38.646  42.158  -28.847 0.0000000000
116791  38.111  41.714  -28.671 0.0000000000
116792  37.459  41.383  -28.474 0.0000000000
116793  36.721  41.114  -28.293 0.0000000000
116799  39.018  41.803  -29.542 0.0000000000
116800  38.524  41.262  -29.238 0.0000000000
116814  39.688  41.455  -30.907 0.0000000000
116815  39.434  41.490  -30.396 0.0000000000
116832  39.856  41.759  -31.421 0.0000000000
116833  39.644  41.775  -30.890 0.0000000000
117425  34.388  42.077  -22.955 0.0000000000
117426  34.188  42.252  -23.210 0.0000000000
117438  36.011  42.115  -23.409 0.0000000000
117439  34.893  42.325  -23.441 0.0000000000
117440  33.963  42.431  -23.698 0.0000000000
117441  33.339  42.306  -24.018 0.0000000000
117454  36.721  42.604  -23.934 0.0000000000
117455  35.785  42.852  -24.202 0.0000000000
117456  34.754  42.737  -24.448 0.0000000000
117457  33.807  42.535  -24.610 0.0000000000
117458  33.006  42.271  -24.619 0.0000000000
117471  36.339  43.187  -25.626 0.0000000000
117472  35.749  43.130  -25.282 0.0000000000
117473  34.492  42.568  -25.494 0.0000000000
117474  33.492  42.270  -25.333 0.0000000000
117475  32.807  42.043  -25.244 0.0000000000
117485  38.255  43.021  -26.790 0.0000000000
117486  37.815  42.988  -26.674 0.0000000000
117487  36.637  42.960  -26.283 0.0000000000
117488  35.369  42.566  -26.257 0.0000000000
117489  34.601  42.159  -26.284 0.0000000000
117497  38.883  43.025  -27.579 0.0000000000
117498  38.427  42.854  -27.307 0.0000000000
117499  37.395  42.544  -27.254 0.0000000000
117500  36.634  42.293  -27.278 0.0000000000
117507  38.842  42.909  -28.114 0.0000000000
117508  38.357  42.386  -28.210 0.0000000000
117516  39.120  42.697  -29.014 0.0000000000
117532  39.317  42.510  -29.882 0.0000000000
117546  39.841  42.601  -31.487 0.0000000000
117547  39.607  42.510  -30.813 0.0000000000
117558  40.203  42.695  -32.202 0.0000000000
118085  37.235  43.058  -24.507 0.0000000000
118086  36.442  43.118  -24.561 0.0000000000
118087  36.024  43.163  -24.736 0.0000000000
118096  39.131  43.190  -25.654 0.0000000000
118097  38.314  43.251  -25.461 0.0000000000
118098  37.531  43.307  -25.231 0.0000000000
118099  36.653  43.285  -25.264 0.0000000000
118100  36.205  43.264  -24.953 0.0000000000
118107  40.426  43.845  -26.744 0.0000000000
118108  39.387  43.368  -26.442 0.0000000000
118109  38.487  43.210  -26.398 0.0000000000
118110  37.648  43.289  -25.977 0.0000000000
118111  37.112  43.280  -25.696 0.0000000000
118118  39.984  44.141  -27.808 0.0000000000
118119  39.274  43.393  -27.377 0.0000000000
118120  38.917  43.180  -26.864 0.0000000000
118126  39.789  44.156  -28.772 0.0000000000
118127  39.376  43.486  -28.382 0.0000000000
118137  39.747  44.060  -29.663 0.0000000000
118138  39.449  43.363  -29.305 0.0000000000
118155  39.785  43.941  -30.508 0.0000000000
118156  39.538  43.280  -30.158 0.0000000000
118166  39.909  43.488  -31.397 0.0000000000
118167  39.660  43.306  -30.735 0.0000000000
118177  40.322  43.690  -32.285 0.0000000000
118737  40.903  44.451  -27.536 0.0000000000
118745  41.432  44.937  -28.187 0.0000000000
118746  40.493  44.779  -28.428 0.0000000000
118759  40.115  44.757  -29.209 0.0000000000
118775  40.073  44.771  -30.054 0.0000000000
118789  40.079  44.654  -31.007 0.0000000000
118798  40.184  44.477  -31.956 0.0000000000
119447  41.848  45.438  -28.932 0.0000000000
119448  40.956  45.363  -28.882 0.0000000000
119449  40.493  45.119  -28.968 0.0000000000
119462  41.230  45.907  -29.680 0.0000000000
119463  40.517  45.333  -29.511 0.0000000000
119478  40.972  46.117  -30.235 0.0000000000
119479  40.503  45.690  -30.477 0.0000000000
119494  40.250  45.476  -31.655 0.0000000000
