#!ascii label  , from subject Broad_82_YZ vox2ras=TkReg
853
12685  38.330  -54.117  -18.030 0.0000000000
13462  37.977  -53.580  -14.696 0.0000000000
13472  37.466  -53.355  -15.131 0.0000000000
13490  37.165  -53.405  -16.015 0.0000000000
13506  37.941  -53.209  -17.642 0.0000000000
13507  37.422  -53.709  -16.937 0.0000000000
13530  38.876  -53.308  -18.339 0.0000000000
14280  38.671  -52.556  -13.948 0.0000000000
14281  38.149  -52.575  -14.149 0.0000000000
14292  38.346  -53.023  -14.337 0.0000000000
14293  37.619  -52.702  -14.512 0.0000000000
14294  36.972  -52.244  -14.673 0.0000000000
14305  37.045  -52.663  -15.259 0.0000000000
14306  36.631  -51.951  -15.209 0.0000000000
14325  36.778  -52.194  -16.026 0.0000000000
14326  36.532  -51.646  -15.684 0.0000000000
14341  37.719  -52.090  -17.626 0.0000000000
14342  37.232  -52.539  -16.920 0.0000000000
14367  39.642  -52.398  -18.568 0.0000000000
14368  38.568  -52.095  -18.165 0.0000000000
15119  41.519  -50.900  -5.630 0.0000000000
15135  41.330  -51.205  -6.407 0.0000000000
15136  40.578  -51.111  -6.800 0.0000000000
15147  41.795  -51.560  -7.595 0.0000000000
15148  40.547  -51.226  -7.630 0.0000000000
15149  39.878  -50.998  -8.194 0.0000000000
15161  41.169  -51.502  -8.722 0.0000000000
15162  40.165  -51.199  -8.847 0.0000000000
15181  40.654  -51.320  -9.815 0.0000000000
15196  40.227  -51.133  -10.670 0.0000000000
15221  39.576  -51.450  -13.107 0.0000000000
15232  39.010  -51.873  -13.489 0.0000000000
15233  38.012  -52.028  -13.810 0.0000000000
15234  37.219  -51.622  -13.683 0.0000000000
15243  37.254  -52.069  -14.179 0.0000000000
15244  36.595  -51.617  -14.296 0.0000000000
15255  36.204  -51.185  -15.232 0.0000000000
15270  36.887  -51.730  -16.648 0.0000000000
15271  36.532  -51.276  -16.180 0.0000000000
15284  37.955  -51.179  -17.876 0.0000000000
15285  37.191  -51.408  -17.232 0.0000000000
15286  36.794  -51.234  -16.756 0.0000000000
15304  40.444  -51.556  -18.608 0.0000000000
15305  39.439  -51.361  -18.447 0.0000000000
15306  38.686  -51.106  -18.239 0.0000000000
16032  41.266  -50.437  -5.151 0.0000000000
16033  40.111  -49.693  -5.313 0.0000000000
16034  39.392  -49.507  -5.696 0.0000000000
16037  41.107  -50.855  -5.821 0.0000000000
16038  40.365  -50.680  -6.259 0.0000000000
16039  39.124  -49.873  -6.389 0.0000000000
16040  38.358  -49.649  -6.786 0.0000000000
16043  40.191  -51.026  -7.020 0.0000000000
16044  39.484  -50.686  -7.520 0.0000000000
16045  38.227  -49.918  -7.523 0.0000000000
16046  37.613  -49.646  -8.029 0.0000000000
16049  39.365  -50.815  -8.772 0.0000000000
16050  38.569  -50.334  -8.544 0.0000000000
16051  37.822  -49.868  -8.545 0.0000000000
16061  39.601  -50.899  -9.928 0.0000000000
16062  38.721  -50.403  -9.579 0.0000000000
16063  38.003  -50.040  -9.342 0.0000000000
16071  39.533  -50.781  -11.101 0.0000000000
16072  38.730  -50.432  -10.652 0.0000000000
16073  38.025  -50.098  -10.212 0.0000000000
16081  39.621  -50.809  -12.035 0.0000000000
16082  38.721  -50.576  -11.745 0.0000000000
16083  37.708  -50.180  -11.292 0.0000000000
16084  37.050  -49.971  -11.564 0.0000000000
16094  38.854  -51.125  -12.766 0.0000000000
16095  37.799  -50.674  -12.407 0.0000000000
16096  37.036  -50.201  -12.142 0.0000000000
16105  38.424  -51.559  -13.326 0.0000000000
16106  37.818  -51.303  -13.189 0.0000000000
16107  36.648  -50.794  -13.191 0.0000000000
16108  35.921  -50.407  -13.655 0.0000000000
16117  35.994  -50.807  -14.228 0.0000000000
16118  35.659  -50.051  -14.126 0.0000000000
16126  35.766  -50.276  -14.951 0.0000000000
16127  35.548  -49.628  -14.659 0.0000000000
16138  36.134  -50.370  -15.865 0.0000000000
16154  37.958  -50.514  -17.800 0.0000000000
16155  37.480  -50.540  -17.493 0.0000000000
16156  36.764  -50.489  -16.787 0.0000000000
16173  41.221  -50.703  -18.596 0.0000000000
16174  40.193  -50.599  -18.452 0.0000000000
16175  39.222  -50.430  -18.256 0.0000000000
16176  38.423  -50.508  -18.002 0.0000000000
16814  35.482  -49.189  -0.432 0.0000000000
16821  35.483  -48.942  -1.256 0.0000000000
16829  35.711  -49.074  -1.808 0.0000000000
16849  39.764  -48.556  -4.685 0.0000000000
16861  39.997  -49.206  -4.986 0.0000000000
16862  39.359  -48.951  -5.284 0.0000000000
16863  38.577  -48.650  -5.636 0.0000000000
16870  39.018  -49.383  -5.905 0.0000000000
16871  38.221  -49.112  -6.300 0.0000000000
16872  37.467  -48.774  -6.784 0.0000000000
16874  37.979  -49.513  -7.010 0.0000000000
16875  37.290  -49.160  -7.526 0.0000000000
16876  36.580  -48.765  -8.075 0.0000000000
16879  37.258  -49.466  -8.548 0.0000000000
16880  36.704  -49.042  -8.584 0.0000000000
16893  37.404  -49.669  -9.286 0.0000000000
16894  36.832  -49.308  -9.314 0.0000000000
16904  37.558  -49.841  -9.883 0.0000000000
16905  36.970  -49.593  -10.070 0.0000000000
16906  36.440  -49.352  -10.555 0.0000000000
16916  37.420  -49.887  -10.497 0.0000000000
16917  36.893  -49.730  -11.010 0.0000000000
16918  36.173  -49.327  -11.271 0.0000000000
16929  36.586  -49.758  -11.780 0.0000000000
16930  36.002  -49.405  -12.164 0.0000000000
16944  36.352  -50.031  -12.458 0.0000000000
16945  35.765  -49.735  -13.169 0.0000000000
16957  35.370  -49.304  -14.039 0.0000000000
16968  35.710  -49.410  -15.370 0.0000000000
16969  35.385  -49.079  -14.685 0.0000000000
16984  37.056  -49.220  -16.778 0.0000000000
16985  36.395  -49.467  -16.303 0.0000000000
17001  41.687  -49.185  -17.753 0.0000000000
17002  40.562  -49.155  -17.771 0.0000000000
17003  39.624  -49.221  -17.715 0.0000000000
17004  38.830  -49.410  -17.669 0.0000000000
17005  38.027  -49.844  -17.672 0.0000000000
17006  37.250  -49.834  -17.192 0.0000000000
17007  36.855  -49.752  -16.786 0.0000000000
17026  40.940  -49.818  -18.313 0.0000000000
17027  39.954  -49.802  -18.156 0.0000000000
17028  39.269  -49.775  -17.971 0.0000000000
17029  38.744  -49.988  -17.956 0.0000000000
17719  35.710  -48.762  0.878 0.0000000000
17745  35.358  -48.608  0.234 0.0000000000
17762  35.227  -48.374  -0.530 0.0000000000
17770  35.298  -48.129  -1.191 0.0000000000
17779  35.648  -48.385  -1.889 0.0000000000
17792  39.219  -47.302  -4.541 0.0000000000
17802  39.415  -48.336  -4.879 0.0000000000
17803  38.657  -47.922  -5.264 0.0000000000
17804  37.855  -47.559  -5.725 0.0000000000
17814  38.167  -48.488  -5.835 0.0000000000
17815  37.407  -48.098  -6.353 0.0000000000
17816  36.670  -47.691  -6.928 0.0000000000
17819  37.087  -48.580  -7.041 0.0000000000
17820  36.375  -48.130  -7.616 0.0000000000
17821  35.790  -47.577  -8.245 0.0000000000
17825  36.159  -48.538  -8.645 0.0000000000
17826  35.649  -47.884  -8.714 0.0000000000
17841  36.269  -48.874  -9.423 0.0000000000
17842  35.666  -48.294  -9.558 0.0000000000
17855  36.459  -49.197  -9.967 0.0000000000
17856  35.860  -48.809  -10.476 0.0000000000
17867  35.570  -48.668  -11.666 0.0000000000
17868  35.253  -48.152  -11.975 0.0000000000
17874  35.589  -48.940  -12.572 0.0000000000
17875  35.260  -48.374  -12.463 0.0000000000
17884  35.199  -48.633  -13.309 0.0000000000
17885  34.982  -48.146  -12.865 0.0000000000
17896  35.185  -48.560  -14.200 0.0000000000
17909  35.974  -48.496  -15.750 0.0000000000
17910  35.390  -48.476  -14.964 0.0000000000
17927  41.569  -47.842  -16.604 0.0000000000
17928  40.471  -47.828  -16.811 0.0000000000
17929  39.429  -47.927  -16.875 0.0000000000
17930  38.452  -48.127  -16.845 0.0000000000
17931  37.549  -48.500  -16.744 0.0000000000
17932  36.740  -48.525  -16.352 0.0000000000
17949  41.107  -48.468  -17.258 0.0000000000
17950  40.045  -48.500  -17.351 0.0000000000
17951  39.092  -48.652  -17.351 0.0000000000
17952  38.233  -48.929  -17.322 0.0000000000
17953  37.599  -49.248  -17.195 0.0000000000
18696  35.792  -48.147  1.476 0.0000000000
18697  35.396  -48.053  0.827 0.0000000000
18722  34.988  -47.684  0.182 0.0000000000
18723  34.782  -47.134  -0.312 0.0000000000
18742  35.014  -47.617  -0.709 0.0000000000
18743  34.841  -47.008  -0.871 0.0000000000
18759  35.233  -47.308  -1.461 0.0000000000
18760  34.939  -46.814  -1.191 0.0000000000
18767  36.920  -47.402  -2.503 0.0000000000
18768  35.903  -47.438  -2.220 0.0000000000
18785  39.239  -46.793  -4.323 0.0000000000
18794  38.723  -46.787  -4.770 0.0000000000
18795  38.072  -46.994  -5.436 0.0000000000
18805  37.405  -47.116  -5.993 0.0000000000
18806  36.774  -47.192  -6.586 0.0000000000
18813  36.307  -47.219  -7.279 0.0000000000
18814  35.868  -47.142  -7.967 0.0000000000
18824  35.427  -47.084  -8.753 0.0000000000
18843  35.108  -47.379  -9.729 0.0000000000
18844  34.793  -47.019  -10.237 0.0000000000
18863  35.271  -48.055  -10.456 0.0000000000
18864  34.852  -47.345  -10.671 0.0000000000
18880  35.411  -48.386  -10.992 0.0000000000
18881  35.101  -47.919  -11.394 0.0000000000
18893  34.949  -47.766  -12.345 0.0000000000
18905  35.014  -48.159  -13.794 0.0000000000
18906  34.851  -47.709  -13.344 0.0000000000
18914  35.058  -47.706  -14.256 0.0000000000
18915  34.863  -47.311  -13.820 0.0000000000
18924  37.118  -46.946  -15.974 0.0000000000
18925  36.568  -47.520  -15.891 0.0000000000
18926  35.577  -47.596  -15.176 0.0000000000
18937  40.888  -47.128  -16.352 0.0000000000
18938  39.777  -47.184  -16.447 0.0000000000
18939  38.756  -47.340  -16.438 0.0000000000
18940  37.673  -47.445  -16.319 0.0000000000
18941  37.119  -47.993  -16.349 0.0000000000
19654  36.172  -46.838  2.116 0.0000000000
19655  35.737  -46.345  1.672 0.0000000000
19678  35.868  -47.474  1.759 0.0000000000
19679  35.390  -47.001  1.199 0.0000000000
19698  34.790  -46.737  0.258 0.0000000000
19699  34.682  -46.568  -0.441 0.0000000000
19716  34.777  -46.547  -0.959 0.0000000000
19731  35.498  -46.658  -1.934 0.0000000000
19732  35.039  -46.383  -1.391 0.0000000000
19737  38.374  -46.514  -2.718 0.0000000000
19738  37.358  -46.441  -2.556 0.0000000000
19739  36.203  -46.402  -2.376 0.0000000000
19744  39.205  -46.451  -3.537 0.0000000000
19751  39.416  -46.641  -4.018 0.0000000000
19752  39.087  -46.185  -4.235 0.0000000000
19761  38.631  -46.026  -4.685 0.0000000000
19762  38.234  -46.189  -5.200 0.0000000000
19772  45.769  -45.868  -6.567 0.0000000000
19773  37.585  -46.320  -5.735 0.0000000000
19774  36.965  -46.423  -6.324 0.0000000000
19784  45.357  -46.039  -7.236 0.0000000000
19785  44.576  -45.952  -7.733 0.0000000000
19786  36.462  -46.418  -7.082 0.0000000000
19787  36.110  -46.612  -7.721 0.0000000000
19797  45.024  -46.359  -8.246 0.0000000000
19798  44.041  -46.089  -8.471 0.0000000000
19799  43.163  -46.024  -8.806 0.0000000000
19800  42.575  -45.984  -9.036 0.0000000000
19801  36.220  -46.063  -7.783 0.0000000000
19802  35.770  -46.200  -8.502 0.0000000000
19817  44.560  -46.371  -9.223 0.0000000000
19818  43.629  -46.291  -9.362 0.0000000000
19819  42.846  -46.217  -9.478 0.0000000000
19820  42.187  -46.122  -9.520 0.0000000000
19821  41.801  -46.129  -9.794 0.0000000000
19822  35.229  -46.327  -9.737 0.0000000000
19823  34.903  -46.807  -10.052 0.0000000000
19843  45.003  -46.339  -10.094 0.0000000000
19844  44.044  -46.302  -10.082 0.0000000000
19845  43.193  -46.216  -10.161 0.0000000000
19846  42.405  -46.221  -10.039 0.0000000000
19847  41.990  -46.213  -9.942 0.0000000000
19848  35.056  -45.968  -10.465 0.0000000000
19849  34.788  -46.544  -10.640 0.0000000000
19868  46.328  -46.273  -11.351 0.0000000000
19869  45.300  -46.181  -11.044 0.0000000000
19870  44.309  -46.102  -10.871 0.0000000000
19871  43.616  -46.069  -10.647 0.0000000000
19872  34.594  -47.042  -11.663 0.0000000000
19889  47.506  -46.291  -12.438 0.0000000000
19890  46.726  -46.222  -12.034 0.0000000000
19891  34.661  -47.105  -12.693 0.0000000000
19907  34.904  -46.424  -14.032 0.0000000000
19908  34.780  -46.721  -13.588 0.0000000000
19923  35.146  -46.737  -14.451 0.0000000000
19924  34.895  -47.112  -14.059 0.0000000000
19936  38.388  -45.807  -15.918 0.0000000000
19937  37.675  -46.344  -15.897 0.0000000000
19938  36.663  -46.525  -15.621 0.0000000000
19939  35.934  -46.725  -15.251 0.0000000000
19949  41.325  -46.249  -16.194 0.0000000000
19950  40.185  -46.367  -16.284 0.0000000000
19951  38.969  -46.388  -16.150 0.0000000000
19952  38.264  -46.888  -16.178 0.0000000000
20648  36.630  -45.885  2.350 0.0000000000
20649  35.968  -45.857  1.934 0.0000000000
20674  35.443  -45.720  1.371 0.0000000000
20697  34.917  -45.989  0.660 0.0000000000
20698  34.598  -46.008  -0.018 0.0000000000
20715  34.703  -45.968  -0.778 0.0000000000
20729  35.444  -45.735  -1.913 0.0000000000
20730  34.954  -45.651  -1.277 0.0000000000
20737  38.618  -45.943  -3.106 0.0000000000
20738  37.810  -45.469  -2.773 0.0000000000
20739  36.715  -45.538  -2.552 0.0000000000
20740  35.999  -45.590  -2.374 0.0000000000
20752  38.743  -45.366  -3.731 0.0000000000
20753  38.328  -45.334  -3.171 0.0000000000
20764  38.703  -45.512  -4.404 0.0000000000
20772  45.143  -44.928  -5.708 0.0000000000
20773  44.904  -45.070  -5.744 0.0000000000
20774  38.430  -45.408  -5.019 0.0000000000
20775  37.913  -45.559  -5.635 0.0000000000
20783  46.316  -45.381  -6.358 0.0000000000
20784  45.532  -45.321  -6.047 0.0000000000
20785  44.772  -45.317  -6.138 0.0000000000
20786  37.315  -45.640  -6.225 0.0000000000
20787  36.795  -45.854  -6.737 0.0000000000
20798  45.199  -45.610  -6.533 0.0000000000
20799  44.494  -45.360  -7.011 0.0000000000
20800  43.586  -45.103  -7.592 0.0000000000
20801  43.085  -45.131  -8.057 0.0000000000
20802  37.008  -45.311  -6.847 0.0000000000
20803  36.619  -45.574  -7.431 0.0000000000
20812  49.127  -45.463  -8.156 0.0000000000
20813  44.022  -45.642  -7.799 0.0000000000
20814  43.427  -45.580  -8.219 0.0000000000
20815  42.652  -45.398  -8.549 0.0000000000
20816  41.914  -45.297  -8.816 0.0000000000
20817  41.259  -45.242  -9.030 0.0000000000
20818  36.318  -45.514  -8.256 0.0000000000
20819  35.995  -45.574  -8.770 0.0000000000
20830  42.171  -45.773  -9.042 0.0000000000
20831  41.631  -45.822  -9.416 0.0000000000
20832  40.774  -45.590  -9.639 0.0000000000
20833  40.030  -45.493  -9.980 0.0000000000
20834  39.474  -45.277  -10.095 0.0000000000
20835  36.305  -45.135  -9.019 0.0000000000
20836  35.791  -45.545  -9.393 0.0000000000
20846  43.206  -45.953  -10.693 0.0000000000
20847  42.650  -45.928  -10.641 0.0000000000
20848  41.612  -46.016  -10.340 0.0000000000
20849  40.514  -45.666  -10.536 0.0000000000
20850  39.735  -45.376  -10.645 0.0000000000
20851  39.222  -45.145  -10.481 0.0000000000
20852  36.169  -44.931  -9.815 0.0000000000
20853  35.558  -45.316  -10.615 0.0000000000
20854  34.887  -45.819  -10.971 0.0000000000
20869  46.110  -46.012  -12.057 0.0000000000
20870  45.566  -45.841  -11.716 0.0000000000
20871  44.654  -45.566  -11.611 0.0000000000
20872  43.378  -45.601  -11.225 0.0000000000
20873  42.135  -45.445  -11.173 0.0000000000
20874  41.042  -45.397  -11.167 0.0000000000
20875  40.100  -45.273  -11.167 0.0000000000
20876  39.622  -45.184  -11.089 0.0000000000
20877  34.975  -45.428  -11.813 0.0000000000
20878  34.608  -46.162  -11.492 0.0000000000
20899  47.532  -45.264  -12.633 0.0000000000
20900  46.580  -45.556  -12.284 0.0000000000
20901  45.819  -45.497  -12.027 0.0000000000
20902  45.321  -45.357  -11.856 0.0000000000
20903  34.912  -45.482  -12.981 0.0000000000
20904  34.596  -46.247  -12.503 0.0000000000
20926  34.980  -45.860  -13.974 0.0000000000
20927  34.759  -46.055  -13.272 0.0000000000
20949  35.879  -45.154  -14.905 0.0000000000
20950  35.661  -45.869  -14.886 0.0000000000
20973  39.959  -44.648  -16.080 0.0000000000
20974  39.122  -45.182  -16.025 0.0000000000
20975  37.822  -45.204  -15.795 0.0000000000
20976  36.552  -45.449  -15.430 0.0000000000
20977  36.189  -46.142  -15.300 0.0000000000
20997  40.530  -45.301  -16.163 0.0000000000
20998  39.683  -45.826  -16.195 0.0000000000
21788  37.011  -45.117  2.182 0.0000000000
21789  36.184  -45.146  2.071 0.0000000000
21790  35.770  -45.311  1.782 0.0000000000
21812  37.436  -44.417  1.768 0.0000000000
21813  36.518  -44.450  1.746 0.0000000000
21814  35.660  -44.662  1.459 0.0000000000
21838  34.981  -44.993  0.603 0.0000000000
21839  34.735  -45.547  0.268 0.0000000000
21856  34.907  -44.408  -0.219 0.0000000000
21857  34.705  -45.273  -0.313 0.0000000000
21876  35.034  -44.789  -1.246 0.0000000000
21877  34.762  -45.404  -0.925 0.0000000000
21893  37.641  -44.912  -2.898 0.0000000000
21894  37.103  -44.688  -2.793 0.0000000000
21895  35.900  -44.684  -2.335 0.0000000000
21912  38.506  -44.543  -3.794 0.0000000000
21913  37.951  -44.611  -3.232 0.0000000000
21914  37.215  -44.005  -3.035 0.0000000000
21931  38.684  -44.523  -4.536 0.0000000000
21947  45.353  -44.648  -5.818 0.0000000000
21948  44.757  -44.482  -5.687 0.0000000000
21949  44.354  -43.974  -5.610 0.0000000000
21950  38.293  -44.685  -5.807 0.0000000000
21951  37.769  -45.206  -6.048 0.0000000000
21963  47.242  -45.204  -6.991 0.0000000000
21964  46.471  -44.685  -6.669 0.0000000000
21965  45.877  -44.821  -6.134 0.0000000000
21966  44.376  -44.865  -5.915 0.0000000000
21967  43.977  -44.169  -5.703 0.0000000000
21968  37.969  -44.274  -6.887 0.0000000000
21969  37.540  -44.941  -6.529 0.0000000000
21981  48.517  -45.199  -8.041 0.0000000000
21982  47.872  -45.153  -7.525 0.0000000000
21983  47.111  -44.553  -7.441 0.0000000000
21984  44.326  -45.076  -6.341 0.0000000000
21985  43.729  -44.565  -6.598 0.0000000000
21986  42.625  -44.481  -7.771 0.0000000000
21987  41.879  -44.032  -7.903 0.0000000000
21988  38.040  -44.226  -7.888 0.0000000000
21989  37.204  -44.797  -7.547 0.0000000000
21990  36.723  -45.199  -7.919 0.0000000000
21995  49.587  -45.137  -8.595 0.0000000000
21996  48.868  -44.564  -8.714 0.0000000000
21997  48.031  -44.510  -8.245 0.0000000000
21998  47.544  -44.540  -7.897 0.0000000000
21999  42.233  -44.881  -8.475 0.0000000000
22000  41.619  -44.510  -8.444 0.0000000000
22001  40.448  -44.766  -8.906 0.0000000000
22002  39.350  -44.553  -8.870 0.0000000000
22003  38.422  -44.468  -8.801 0.0000000000
22004  37.526  -44.535  -8.607 0.0000000000
22005  36.801  -44.907  -8.461 0.0000000000
22017  49.907  -44.562  -9.033 0.0000000000
22018  49.420  -44.585  -8.912 0.0000000000
22019  40.222  -45.272  -9.519 0.0000000000
22020  39.698  -45.097  -9.527 0.0000000000
22021  38.800  -44.929  -9.810 0.0000000000
22022  37.905  -44.606  -9.445 0.0000000000
22023  36.970  -44.624  -9.489 0.0000000000
22035  39.316  -45.147  -10.939 0.0000000000
22036  38.803  -44.854  -10.793 0.0000000000
22037  37.811  -44.637  -10.469 0.0000000000
22038  36.621  -44.686  -10.673 0.0000000000
22039  36.092  -44.800  -11.158 0.0000000000
22054  46.438  -43.853  -11.900 0.0000000000
22055  45.987  -44.107  -11.813 0.0000000000
22056  45.127  -44.627  -11.759 0.0000000000
22057  43.877  -44.698  -11.782 0.0000000000
22058  42.685  -44.720  -11.648 0.0000000000
22059  41.550  -44.662  -11.518 0.0000000000
22060  40.464  -44.628  -11.489 0.0000000000
22061  39.384  -44.653  -11.353 0.0000000000
22062  38.307  -44.311  -11.391 0.0000000000
22063  37.321  -44.300  -11.477 0.0000000000
22064  36.448  -44.385  -11.659 0.0000000000
22065  35.724  -44.800  -11.684 0.0000000000
22081  47.697  -44.312  -12.609 0.0000000000
22082  46.757  -44.399  -12.239 0.0000000000
22083  45.958  -44.910  -12.004 0.0000000000
22084  45.541  -45.115  -11.940 0.0000000000
22085  36.027  -44.265  -12.322 0.0000000000
22086  35.420  -44.778  -12.610 0.0000000000
22098  35.914  -44.154  -13.242 0.0000000000
22099  35.362  -44.881  -13.665 0.0000000000
22112  36.127  -44.285  -14.559 0.0000000000
22113  35.514  -45.166  -14.440 0.0000000000
22129  40.691  -44.147  -15.753 0.0000000000
22130  39.515  -44.034  -15.926 0.0000000000
22131  38.278  -44.115  -15.860 0.0000000000
22132  37.088  -44.262  -15.483 0.0000000000
22219  38.997  -44.549  -22.202 0.0000000000
22235  39.270  -44.616  -23.073 0.0000000000
22255  40.141  -44.232  -24.788 0.0000000000
22256  39.753  -44.569  -24.281 0.0000000000
22274  41.138  -44.056  -25.990 0.0000000000
22275  40.521  -44.373  -25.448 0.0000000000
22276  39.883  -45.254  -24.964 0.0000000000
22296  40.697  -45.109  -26.344 0.0000000000
23036  36.907  -43.746  1.342 0.0000000000
23037  36.096  -43.847  1.296 0.0000000000
23064  37.148  -43.065  1.030 0.0000000000
23065  36.349  -43.173  0.891 0.0000000000
23066  35.421  -43.641  0.486 0.0000000000
23087  35.168  -43.604  -0.767 0.0000000000
23105  35.449  -43.752  -1.765 0.0000000000
23119  36.499  -43.656  -2.733 0.0000000000
23120  35.854  -43.753  -2.316 0.0000000000
23141  38.331  -43.718  -3.816 0.0000000000
23142  37.516  -43.585  -3.347 0.0000000000
23143  37.032  -43.548  -3.070 0.0000000000
23162  39.326  -43.016  -4.694 0.0000000000
23163  38.958  -43.276  -4.517 0.0000000000
23182  45.137  -44.207  -5.751 0.0000000000
23183  44.711  -43.747  -5.741 0.0000000000
23184  43.962  -43.413  -5.581 0.0000000000
23185  43.213  -42.991  -5.624 0.0000000000
23186  42.588  -42.821  -5.669 0.0000000000
23187  39.522  -43.171  -5.032 0.0000000000
23188  38.995  -43.747  -5.386 0.0000000000
23203  46.085  -44.169  -6.807 0.0000000000
23204  45.543  -43.958  -6.388 0.0000000000
23205  44.791  -43.192  -6.206 0.0000000000
23206  43.518  -43.575  -5.708 0.0000000000
23207  42.978  -43.348  -5.889 0.0000000000
23208  42.238  -43.045  -6.132 0.0000000000
23209  40.198  -43.063  -6.463 0.0000000000
23210  39.749  -43.197  -6.114 0.0000000000
23211  38.778  -43.830  -6.447 0.0000000000
23227  46.312  -43.742  -7.418 0.0000000000
23228  45.598  -43.157  -7.209 0.0000000000
23229  43.408  -43.888  -6.043 0.0000000000
23230  42.858  -43.678  -6.664 0.0000000000
23231  41.711  -43.323  -7.297 0.0000000000
23232  40.407  -43.136  -7.075 0.0000000000
23233  39.340  -43.551  -7.239 0.0000000000
23234  38.577  -43.933  -7.315 0.0000000000
23238  48.958  -43.619  -9.176 0.0000000000
23239  48.297  -43.631  -8.799 0.0000000000
23240  47.317  -43.804  -8.283 0.0000000000
23241  41.535  -43.893  -7.963 0.0000000000
23242  40.950  -43.773  -8.105 0.0000000000
23243  39.880  -43.817  -8.172 0.0000000000
23244  38.914  -44.030  -8.086 0.0000000000
23257  49.412  -44.064  -9.188 0.0000000000
23281  46.232  -43.260  -11.723 0.0000000000
23282  45.386  -43.469  -11.539 0.0000000000
23283  44.368  -43.639  -11.557 0.0000000000
23284  43.242  -43.697  -11.598 0.0000000000
23285  42.108  -43.680  -11.447 0.0000000000
23286  40.973  -43.632  -11.454 0.0000000000
23287  39.841  -43.571  -11.509 0.0000000000
23288  38.784  -43.524  -11.651 0.0000000000
23289  37.757  -43.358  -12.066 0.0000000000
23290  36.882  -43.782  -12.114 0.0000000000
23291  36.447  -44.031  -12.184 0.0000000000
23304  48.223  -43.502  -12.748 0.0000000000
23305  47.360  -43.529  -12.268 0.0000000000
23306  46.758  -43.572  -11.957 0.0000000000
23307  37.554  -42.838  -12.613 0.0000000000
23308  37.042  -43.144  -12.825 0.0000000000
23309  36.463  -43.767  -12.701 0.0000000000
23325  36.895  -43.029  -13.300 0.0000000000
23326  36.564  -43.343  -13.575 0.0000000000
23340  37.179  -42.881  -14.625 0.0000000000
23341  36.783  -43.236  -14.494 0.0000000000
23355  40.166  -43.163  -15.552 0.0000000000
23356  38.917  -43.141  -15.613 0.0000000000
23357  37.563  -43.094  -15.230 0.0000000000
23358  36.787  -43.661  -15.043 0.0000000000
23425  38.358  -43.119  -19.675 0.0000000000
23432  38.487  -43.350  -20.625 0.0000000000
23444  38.624  -43.782  -21.338 0.0000000000
23461  39.201  -43.726  -22.600 0.0000000000
23462  38.822  -43.977  -21.963 0.0000000000
23483  40.021  -43.304  -23.853 0.0000000000
23484  39.560  -43.825  -23.546 0.0000000000
23506  40.206  -43.778  -24.578 0.0000000000
23507  39.828  -43.840  -24.109 0.0000000000
23526  41.313  -43.513  -25.683 0.0000000000
23527  40.754  -43.447  -25.028 0.0000000000
24346  37.825  -42.652  0.794 0.0000000000
24347  36.818  -42.439  0.481 0.0000000000
24348  36.016  -42.702  0.306 0.0000000000
24374  36.326  -42.074  -0.118 0.0000000000
24375  35.629  -42.594  -0.484 0.0000000000
24392  35.504  -42.852  -1.418 0.0000000000
24405  36.398  -42.702  -2.774 0.0000000000
24406  35.831  -42.971  -2.237 0.0000000000
24426  38.371  -42.920  -4.032 0.0000000000
24427  37.676  -42.672  -3.685 0.0000000000
24428  36.941  -43.025  -3.184 0.0000000000
24447  40.168  -42.051  -4.833 0.0000000000
24448  39.368  -42.531  -4.672 0.0000000000
24449  38.592  -42.477  -4.267 0.0000000000
24450  38.153  -42.487  -4.013 0.0000000000
24473  44.325  -42.964  -5.824 0.0000000000
24474  43.550  -42.384  -5.827 0.0000000000
24475  42.644  -42.310  -5.549 0.0000000000
24476  41.808  -42.406  -5.470 0.0000000000
24477  40.818  -42.440  -5.418 0.0000000000
24478  40.082  -42.825  -5.361 0.0000000000
24493  45.092  -42.976  -6.775 0.0000000000
24494  44.402  -42.195  -6.570 0.0000000000
24495  43.762  -41.879  -6.241 0.0000000000
24496  41.342  -42.781  -6.162 0.0000000000
24497  40.465  -42.916  -6.184 0.0000000000
24498  40.107  -42.992  -5.867 0.0000000000
24520  40.913  -42.930  -6.720 0.0000000000
24521  40.594  -42.987  -6.669 0.0000000000
24565  46.333  -42.504  -11.805 0.0000000000
24566  45.715  -42.529  -11.610 0.0000000000
24567  44.824  -42.587  -11.390 0.0000000000
24568  43.795  -42.671  -11.436 0.0000000000
24569  42.712  -42.658  -11.304 0.0000000000
24570  41.563  -42.574  -11.258 0.0000000000
24571  40.412  -42.498  -11.421 0.0000000000
24572  39.180  -42.310  -11.805 0.0000000000
24573  38.406  -42.831  -12.011 0.0000000000
24578  48.239  -42.607  -12.766 0.0000000000
24579  47.681  -42.616  -12.414 0.0000000000
24580  46.908  -42.725  -11.963 0.0000000000
24581  38.913  -41.707  -12.407 0.0000000000
24582  38.103  -42.217  -12.701 0.0000000000
24583  37.442  -42.695  -12.904 0.0000000000
24598  48.648  -42.771  -13.090 0.0000000000
24599  37.951  -41.963  -13.850 0.0000000000
24600  37.208  -42.693  -13.523 0.0000000000
24601  36.795  -42.936  -13.959 0.0000000000
24625  39.050  -41.880  -14.762 0.0000000000
24626  38.239  -42.138  -14.557 0.0000000000
24627  37.518  -42.516  -14.437 0.0000000000
24628  37.030  -42.796  -14.217 0.0000000000
24647  40.620  -42.260  -15.584 0.0000000000
24648  39.571  -42.374  -15.258 0.0000000000
24649  38.516  -42.466  -15.112 0.0000000000
24650  37.917  -42.506  -14.885 0.0000000000
24668  40.294  -42.238  -16.518 0.0000000000
24685  39.486  -42.258  -17.158 0.0000000000
24686  38.834  -42.212  -17.778 0.0000000000
24707  38.585  -42.046  -18.432 0.0000000000
24726  38.545  -42.200  -19.270 0.0000000000
24738  39.275  -42.108  -20.900 0.0000000000
24739  38.850  -42.292  -20.492 0.0000000000
24754  39.349  -42.294  -21.333 0.0000000000
24755  38.884  -42.956  -21.345 0.0000000000
24772  42.961  -42.174  -22.416 0.0000000000
24773  42.309  -41.889  -22.520 0.0000000000
24774  39.906  -42.517  -22.788 0.0000000000
24775  39.391  -42.737  -22.201 0.0000000000
24776  38.960  -43.423  -21.906 0.0000000000
24792  42.086  -42.006  -23.266 0.0000000000
24793  41.049  -42.152  -23.572 0.0000000000
24794  40.296  -42.572  -23.360 0.0000000000
24795  39.677  -43.074  -23.098 0.0000000000
24808  42.494  -42.291  -24.361 0.0000000000
24809  41.547  -42.365  -24.335 0.0000000000
24810  40.666  -42.847  -24.301 0.0000000000
24823  41.936  -42.615  -25.263 0.0000000000
24824  41.200  -42.874  -24.977 0.0000000000
25613  37.422  -41.828  0.218 0.0000000000
25614  36.817  -41.855  0.072 0.0000000000
25641  37.979  -41.119  -0.198 0.0000000000
25642  36.856  -41.297  -0.455 0.0000000000
25643  36.109  -41.818  -0.735 0.0000000000
25663  36.324  -41.356  -1.361 0.0000000000
25664  35.807  -42.082  -1.347 0.0000000000
25677  36.179  -41.885  -2.290 0.0000000000
25678  35.785  -42.418  -1.827 0.0000000000
25698  37.412  -41.775  -3.657 0.0000000000
25699  36.816  -42.070  -3.251 0.0000000000
25718  40.015  -41.229  -4.913 0.0000000000
25719  39.347  -41.483  -4.670 0.0000000000
25720  38.652  -41.732  -4.375 0.0000000000
25721  37.990  -41.896  -4.052 0.0000000000
25744  43.393  -41.639  -6.104 0.0000000000
25745  42.775  -41.499  -5.796 0.0000000000
25746  41.955  -41.575  -5.404 0.0000000000
25747  40.930  -41.495  -5.147 0.0000000000
25770  43.793  -41.269  -6.455 0.0000000000
25771  43.181  -41.118  -6.199 0.0000000000
25863  46.612  -42.156  -12.008 0.0000000000
25864  46.166  -41.907  -11.941 0.0000000000
25865  45.262  -41.541  -11.769 0.0000000000
25866  44.307  -41.750  -11.476 0.0000000000
25867  43.347  -41.718  -11.347 0.0000000000
25868  42.264  -41.604  -11.296 0.0000000000
25869  41.082  -41.435  -11.444 0.0000000000
25870  40.115  -41.620  -11.697 0.0000000000
25877  48.415  -42.325  -13.041 0.0000000000
25878  48.053  -41.965  -12.847 0.0000000000
25879  46.984  -41.582  -12.491 0.0000000000
25880  45.983  -41.336  -12.314 0.0000000000
25881  45.447  -41.041  -12.278 0.0000000000
25882  40.470  -40.954  -11.906 0.0000000000
25883  39.686  -41.168  -12.433 0.0000000000
25884  38.938  -41.407  -12.875 0.0000000000
25894  48.684  -42.053  -13.547 0.0000000000
25895  47.711  -41.287  -13.630 0.0000000000
25896  47.093  -41.098  -13.219 0.0000000000
25897  40.175  -40.693  -13.753 0.0000000000
25898  39.669  -40.973  -13.476 0.0000000000
25899  38.728  -41.485  -13.568 0.0000000000
25921  48.600  -41.559  -14.500 0.0000000000
25922  47.802  -41.117  -14.845 0.0000000000
25923  40.310  -40.767  -14.301 0.0000000000
25924  39.541  -41.356  -14.319 0.0000000000
25925  38.652  -41.691  -14.223 0.0000000000
25948  48.426  -41.382  -15.480 0.0000000000
25949  47.821  -41.140  -15.541 0.0000000000
25950  40.408  -41.241  -15.132 0.0000000000
25951  39.917  -41.766  -14.934 0.0000000000
25966  47.875  -41.235  -16.213 0.0000000000
25967  40.466  -41.549  -16.032 0.0000000000
25968  39.746  -41.558  -16.726 0.0000000000
25980  47.902  -41.500  -17.324 0.0000000000
25981  39.180  -41.580  -17.388 0.0000000000
25982  38.809  -41.540  -17.975 0.0000000000
25996  46.616  -41.304  -18.808 0.0000000000
25997  46.142  -40.925  -18.714 0.0000000000
25998  39.318  -41.036  -19.312 0.0000000000
25999  38.885  -41.388  -18.739 0.0000000000
26019  46.741  -41.684  -19.545 0.0000000000
26020  45.801  -41.137  -19.311 0.0000000000
26021  45.198  -40.857  -19.484 0.0000000000
26022  39.488  -41.262  -20.040 0.0000000000
26023  38.951  -41.600  -19.723 0.0000000000
26037  45.942  -41.838  -20.166 0.0000000000
26038  44.734  -41.335  -20.141 0.0000000000
26039  43.417  -41.296  -20.509 0.0000000000
26040  42.401  -41.236  -20.700 0.0000000000
26041  41.464  -41.197  -20.825 0.0000000000
26042  40.590  -41.326  -20.918 0.0000000000
26043  39.644  -41.725  -20.862 0.0000000000
26044  39.188  -41.703  -20.300 0.0000000000
26052  43.883  -41.890  -20.970 0.0000000000
26053  42.958  -41.787  -21.384 0.0000000000
26054  42.024  -41.519  -21.487 0.0000000000
26055  41.166  -41.483  -21.600 0.0000000000
26056  40.342  -41.678  -21.621 0.0000000000
26057  39.788  -41.972  -21.620 0.0000000000
26071  42.404  -41.801  -22.033 0.0000000000
26072  41.735  -41.702  -22.321 0.0000000000
26073  40.851  -41.715  -22.311 0.0000000000
26074  40.054  -42.073  -22.311 0.0000000000
26075  39.626  -42.241  -21.884 0.0000000000
26091  41.268  -41.849  -22.903 0.0000000000
26092  40.613  -42.044  -22.912 0.0000000000
26093  40.221  -42.285  -22.852 0.0000000000
26849  37.621  -40.461  -0.839 0.0000000000
26850  36.907  -40.709  -1.277 0.0000000000
26878  38.190  -39.963  -1.219 0.0000000000
26879  37.553  -40.171  -1.809 0.0000000000
26880  36.705  -40.829  -2.110 0.0000000000
26897  37.307  -40.386  -2.813 0.0000000000
26898  36.853  -41.183  -2.986 0.0000000000
26916  38.127  -40.401  -4.014 0.0000000000
26917  37.635  -40.884  -3.753 0.0000000000
26918  37.141  -41.452  -3.425 0.0000000000
26940  40.290  -40.479  -4.994 0.0000000000
26941  39.430  -40.609  -4.707 0.0000000000
26942  38.531  -40.761  -4.372 0.0000000000
26943  38.143  -41.298  -4.209 0.0000000000
26969  42.092  -40.667  -5.671 0.0000000000
26970  41.415  -40.901  -5.406 0.0000000000
26971  40.922  -40.624  -5.238 0.0000000000
26999  43.389  -40.511  -6.237 0.0000000000
27000  42.762  -40.651  -6.023 0.0000000000
27108  44.585  -41.171  -11.778 0.0000000000
27109  43.963  -40.995  -11.677 0.0000000000
27110  43.003  -40.842  -11.601 0.0000000000
27111  41.980  -40.677  -11.705 0.0000000000
27112  41.145  -40.596  -11.954 0.0000000000
27122  46.321  -41.100  -12.665 0.0000000000
27123  45.765  -40.824  -12.693 0.0000000000
27124  44.739  -40.588  -12.451 0.0000000000
27125  43.657  -40.425  -12.192 0.0000000000
27126  42.757  -40.208  -12.266 0.0000000000
27127  41.798  -40.107  -12.647 0.0000000000
27128  40.712  -40.484  -12.750 0.0000000000
27129  40.114  -40.674  -13.165 0.0000000000
27137  47.089  -40.925  -13.607 0.0000000000
27138  46.488  -40.816  -13.299 0.0000000000
27139  45.469  -40.474  -13.415 0.0000000000
27140  44.750  -40.155  -13.598 0.0000000000
27141  41.418  -39.914  -13.641 0.0000000000
27142  40.601  -40.406  -13.747 0.0000000000
27143  40.136  -40.685  -13.508 0.0000000000
27158  46.982  -40.733  -14.340 0.0000000000
27159  45.964  -40.495  -14.258 0.0000000000
27160  45.048  -40.140  -14.272 0.0000000000
27161  44.717  -40.028  -14.039 0.0000000000
27162  41.121  -39.922  -14.295 0.0000000000
27163  40.817  -40.205  -14.628 0.0000000000
27186  47.213  -40.828  -15.619 0.0000000000
27187  46.313  -40.426  -15.225 0.0000000000
27188  45.575  -40.176  -14.939 0.0000000000
27189  40.623  -40.466  -15.240 0.0000000000
27203  47.178  -40.932  -16.808 0.0000000000
27204  46.445  -40.417  -16.339 0.0000000000
27205  45.650  -39.978  -15.834 0.0000000000
27206  40.240  -40.636  -16.193 0.0000000000
27207  39.933  -41.087  -16.464 0.0000000000
27218  47.163  -41.047  -17.861 0.0000000000
27219  46.484  -40.533  -17.483 0.0000000000
27220  45.668  -40.065  -17.034 0.0000000000
27221  39.922  -40.364  -16.816 0.0000000000
27222  39.526  -40.787  -17.181 0.0000000000
27223  39.083  -41.208  -17.635 0.0000000000
27236  46.981  -41.225  -18.412 0.0000000000
27237  46.541  -40.838  -18.315 0.0000000000
27238  45.602  -40.403  -18.401 0.0000000000
27239  44.949  -40.166  -18.593 0.0000000000
27240  40.253  -40.177  -18.829 0.0000000000
27241  39.548  -40.500  -18.413 0.0000000000
27242  39.016  -41.006  -17.968 0.0000000000
27260  45.366  -40.683  -19.118 0.0000000000
27261  44.783  -40.417  -19.190 0.0000000000
27262  44.001  -40.282  -19.386 0.0000000000
27263  43.213  -40.216  -19.414 0.0000000000
27264  42.261  -40.129  -19.399 0.0000000000
27265  41.078  -40.107  -19.202 0.0000000000
27266  40.026  -40.615  -19.533 0.0000000000
27282  44.323  -40.667  -19.675 0.0000000000
27283  43.754  -40.713  -19.891 0.0000000000
27284  42.810  -40.667  -20.039 0.0000000000
27285  41.800  -40.632  -20.110 0.0000000000
27286  40.824  -40.769  -20.205 0.0000000000
27287  40.093  -41.106  -20.343 0.0000000000
28048  38.684  -39.852  -1.212 0.0000000000
28071  38.633  -39.552  -1.937 0.0000000000
28072  37.912  -39.827  -2.614 0.0000000000
28090  39.471  -39.021  -2.833 0.0000000000
28091  38.517  -39.433  -3.108 0.0000000000
28092  37.890  -40.017  -3.400 0.0000000000
28107  39.246  -39.192  -3.713 0.0000000000
28108  38.505  -39.866  -4.024 0.0000000000
28109  38.003  -40.255  -3.810 0.0000000000
28130  41.395  -39.375  -5.022 0.0000000000
28131  40.592  -39.698  -4.924 0.0000000000
28132  39.609  -39.693  -4.501 0.0000000000
28133  38.976  -40.183  -4.453 0.0000000000
28161  42.155  -39.775  -5.548 0.0000000000
28162  41.288  -40.124  -5.396 0.0000000000
28163  40.744  -40.196  -5.196 0.0000000000
28195  42.862  -39.996  -5.948 0.0000000000
28196  42.456  -40.243  -5.836 0.0000000000
28320  44.001  -40.220  -12.642 0.0000000000
28321  43.451  -39.984  -12.795 0.0000000000
28322  42.688  -39.767  -13.068 0.0000000000
28323  42.099  -39.708  -13.443 0.0000000000
28333  44.139  -40.007  -13.197 0.0000000000
28334  43.438  -39.671  -13.598 0.0000000000
28335  42.662  -39.532  -13.889 0.0000000000
28336  42.049  -39.571  -14.052 0.0000000000
28345  44.769  -39.904  -14.529 0.0000000000
28346  44.356  -39.772  -14.232 0.0000000000
28347  43.306  -39.394  -14.537 0.0000000000
28348  42.470  -39.387  -14.693 0.0000000000
28349  41.700  -39.603  -14.644 0.0000000000
28350  41.196  -39.810  -14.879 0.0000000000
28368  44.879  -39.831  -15.083 0.0000000000
28369  43.972  -39.391  -15.358 0.0000000000
28370  42.918  -39.180  -15.540 0.0000000000
28371  42.234  -39.341  -15.504 0.0000000000
28372  41.455  -39.547  -15.466 0.0000000000
28373  40.896  -39.891  -15.370 0.0000000000
28385  44.693  -39.603  -16.407 0.0000000000
28386  43.536  -39.259  -16.399 0.0000000000
28387  42.609  -39.211  -16.356 0.0000000000
28388  41.817  -39.306  -16.245 0.0000000000
28389  40.946  -39.580  -16.140 0.0000000000
28390  40.516  -40.016  -15.926 0.0000000000
28400  44.923  -39.827  -17.684 0.0000000000
28401  44.002  -39.456  -17.419 0.0000000000
28402  43.001  -39.249  -17.281 0.0000000000
28403  42.071  -39.235  -17.170 0.0000000000
28404  41.131  -39.386  -17.073 0.0000000000
28405  40.265  -39.905  -16.830 0.0000000000
28406  39.840  -40.268  -17.081 0.0000000000
28417  44.978  -40.046  -18.288 0.0000000000
28418  44.373  -39.873  -18.433 0.0000000000
28419  43.382  -39.498  -18.186 0.0000000000
28420  42.435  -39.351  -18.048 0.0000000000
28421  41.523  -39.425  -17.940 0.0000000000
28422  40.522  -39.752  -18.069 0.0000000000
28423  39.849  -40.160  -17.512 0.0000000000
28438  44.219  -40.059  -19.017 0.0000000000
28439  43.672  -39.861  -18.922 0.0000000000
28440  42.805  -39.695  -18.823 0.0000000000
28441  41.880  -39.665  -18.677 0.0000000000
28442  41.235  -39.688  -18.485 0.0000000000
29303  39.728  -38.906  -3.490 0.0000000000
29319  40.035  -38.921  -4.076 0.0000000000
29336  40.746  -39.062  -4.531 0.0000000000
29337  40.234  -39.303  -4.512 0.0000000000
29526  42.641  -39.306  -15.652 0.0000000000
29527  42.460  -39.330  -15.767 0.0000000000
29544  42.638  -39.273  -15.888 0.0000000000
29545  42.339  -39.287  -15.998 0.0000000000
