#!ascii label  , from subject Broad_82_YZ vox2ras=TkReg
1105
73343  18.141  -1.704  36.412 0.0000000000
73344  17.027  -1.534  36.417 0.0000000000
73345  16.149  -1.177  36.240 0.0000000000
73359  22.694  -1.569  35.336 0.0000000000
73360  21.665  -1.675  35.363 0.0000000000
73361  20.667  -1.724  35.327 0.0000000000
73362  19.660  -1.599  35.386 0.0000000000
73363  18.715  -1.343  35.532 0.0000000000
73364  17.710  -1.315  35.541 0.0000000000
73365  16.696  -1.039  35.470 0.0000000000
73366  16.102  -0.946  35.731 0.0000000000
73375  22.167  -1.261  34.662 0.0000000000
73376  21.254  -1.250  34.601 0.0000000000
73377  20.217  -1.216  34.626 0.0000000000
73378  19.217  -1.063  34.764 0.0000000000
73379  18.248  -0.965  34.829 0.0000000000
73380  17.344  -0.848  34.878 0.0000000000
73381  16.833  -0.737  34.919 0.0000000000
74718  15.503  -0.990  36.618 0.0000000000
74728  15.606  -0.826  35.935 0.0000000000
74729  14.957  -0.624  36.293 0.0000000000
74730  14.256  -0.258  36.528 0.0000000000
74735  25.782  -0.702  35.616 0.0000000000
74736  24.991  -0.681  34.968 0.0000000000
74737  23.980  -1.090  34.938 0.0000000000
74738  23.350  -1.293  35.017 0.0000000000
74739  16.458  -0.606  34.978 0.0000000000
74740  15.936  -0.602  35.351 0.0000000000
74741  15.089  -0.234  35.558 0.0000000000
74742  14.544  -0.290  35.957 0.0000000000
74749  24.752  -0.167  34.775 0.0000000000
74750  24.200  -0.291  34.724 0.0000000000
74751  23.087  -0.681  34.585 0.0000000000
74752  21.884  -0.548  34.206 0.0000000000
74753  20.782  -0.479  34.215 0.0000000000
74754  19.728  -0.410  34.335 0.0000000000
74755  18.726  -0.312  34.477 0.0000000000
74756  17.744  -0.290  34.445 0.0000000000
74757  16.796  -0.312  34.534 0.0000000000
74758  16.005  -0.206  34.796 0.0000000000
74759  15.583  -0.184  35.150 0.0000000000
76039  26.029  0.818  35.917 0.0000000000
76046  26.148  -0.151  35.758 0.0000000000
76047  25.516  0.382  35.361 0.0000000000
76048  24.518  1.044  35.055 0.0000000000
76049  23.906  1.246  35.077 0.0000000000
76050  14.788  0.221  35.353 0.0000000000
76051  14.031  0.313  35.658 0.0000000000
76057  25.056  -0.023  34.839 0.0000000000
76058  24.656  0.290  34.812 0.0000000000
76059  23.640  0.600  34.717 0.0000000000
76060  22.436  0.380  34.360 0.0000000000
76061  21.322  0.396  34.190 0.0000000000
76062  20.231  0.438  34.222 0.0000000000
76063  19.184  0.468  34.324 0.0000000000
76064  18.163  0.493  34.314 0.0000000000
76065  17.142  0.484  34.228 0.0000000000
76066  16.172  0.457  34.439 0.0000000000
76067  15.284  0.342  34.972 0.0000000000
76068  14.666  0.465  35.224 0.0000000000
77287  26.270  1.379  36.285 0.0000000000
77288  25.515  1.732  36.250 0.0000000000
77289  24.804  1.939  36.201 0.0000000000
77300  25.690  1.160  35.863 0.0000000000
77301  25.047  1.418  35.640 0.0000000000
77302  23.980  1.784  35.704 0.0000000000
77303  22.937  1.831  35.415 0.0000000000
77304  22.072  1.882  35.081 0.0000000000
77305  21.324  1.835  34.851 0.0000000000
77317  23.443  1.374  35.091 0.0000000000
77318  22.726  1.233  34.807 0.0000000000
77319  21.775  1.197  34.556 0.0000000000
77320  20.711  1.349  34.532 0.0000000000
77321  19.614  1.305  34.474 0.0000000000
77322  18.592  1.319  34.414 0.0000000000
77323  17.566  1.336  34.334 0.0000000000
77324  16.511  1.348  34.357 0.0000000000
77325  15.462  1.261  34.608 0.0000000000
77326  14.478  0.983  34.894 0.0000000000
78503  24.591  3.012  38.200 0.0000000000
78504  23.748  3.132  38.208 0.0000000000
78505  23.167  3.231  38.267 0.0000000000
78515  24.872  2.584  37.547 0.0000000000
78516  23.977  2.733  37.545 0.0000000000
78517  22.973  2.977  37.634 0.0000000000
78518  22.078  2.953  37.278 0.0000000000
78519  21.264  3.121  37.143 0.0000000000
78520  20.650  3.266  37.139 0.0000000000
78531  26.089  2.123  36.742 0.0000000000
78532  25.224  2.259  36.812 0.0000000000
78533  24.271  2.296  36.725 0.0000000000
78534  23.431  2.512  36.858 0.0000000000
78535  22.569  2.560  36.744 0.0000000000
78536  21.634  2.589  36.573 0.0000000000
78537  20.550  2.895  36.488 0.0000000000
78548  23.703  2.231  36.350 0.0000000000
78549  23.139  2.232  36.143 0.0000000000
78550  22.232  2.108  35.988 0.0000000000
78551  21.243  2.253  35.642 0.0000000000
78552  20.253  2.520  35.522 0.0000000000
78567  20.723  2.113  34.959 0.0000000000
78568  19.953  2.113  34.784 0.0000000000
78569  18.994  2.109  34.667 0.0000000000
78570  18.015  2.124  34.581 0.0000000000
78571  16.999  2.193  34.561 0.0000000000
79759  22.919  3.671  39.389 0.0000000000
79760  21.982  3.890  39.316 0.0000000000
79770  23.420  3.450  38.753 0.0000000000
79771  22.489  3.386  38.449 0.0000000000
79772  21.409  3.646  38.511 0.0000000000
79782  22.304  3.100  37.819 0.0000000000
79783  21.725  3.226  37.841 0.0000000000
79784  20.892  3.460  37.708 0.0000000000
79828  26.449  3.687  31.801 0.0000000000
79829  25.664  3.633  31.857 0.0000000000
79830  24.811  3.714  31.869 0.0000000000
79831  24.369  3.917  31.812 0.0000000000
79835  27.655  3.651  30.918 0.0000000000
79836  26.902  3.696  31.148 0.0000000000
79837  25.892  3.578  31.049 0.0000000000
79838  24.980  3.541  31.098 0.0000000000
79839  24.164  3.850  31.245 0.0000000000
79840  23.681  4.147  30.952 0.0000000000
79844  28.004  3.476  30.287 0.0000000000
79845  27.095  3.384  30.220 0.0000000000
79846  26.141  3.399  30.206 0.0000000000
79847  25.176  3.437  30.206 0.0000000000
79848  24.286  3.748  30.272 0.0000000000
79849  23.806  4.023  30.589 0.0000000000
79854  28.314  3.594  29.409 0.0000000000
79855  27.386  3.359  29.342 0.0000000000
79856  26.408  3.282  29.292 0.0000000000
79857  25.415  3.324  29.274 0.0000000000
79858  24.521  3.647  29.316 0.0000000000
79863  29.360  3.823  28.218 0.0000000000
79864  28.701  3.695  28.508 0.0000000000
79865  27.729  3.399  28.439 0.0000000000
79866  26.736  3.290  28.368 0.0000000000
79867  25.732  3.332  28.323 0.0000000000
79868  24.806  3.667  28.337 0.0000000000
79873  30.456  3.778  27.306 0.0000000000
79874  29.772  3.733  27.572 0.0000000000
79875  28.912  3.615  27.569 0.0000000000
79876  28.086  3.456  27.562 0.0000000000
79877  27.122  3.370  27.437 0.0000000000
79878  26.111  3.368  27.382 0.0000000000
79879  25.172  3.662  27.343 0.0000000000
79884  31.539  3.908  26.488 0.0000000000
79885  30.917  3.798  26.685 0.0000000000
79886  30.061  3.563  26.651 0.0000000000
79887  29.187  3.531  26.706 0.0000000000
79888  28.442  3.505  26.843 0.0000000000
79889  27.645  3.423  26.571 0.0000000000
79890  26.521  3.390  26.308 0.0000000000
79891  25.586  3.560  26.551 0.0000000000
79897  31.902  3.841  26.086 0.0000000000
79898  31.329  3.705  25.887 0.0000000000
79899  30.504  3.552  25.814 0.0000000000
79900  29.567  3.481  25.773 0.0000000000
79901  28.473  3.446  25.820 0.0000000000
79902  27.353  3.409  25.473 0.0000000000
79903  26.430  3.569  25.176 0.0000000000
79920  32.485  3.955  24.897 0.0000000000
79921  32.098  3.832  25.239 0.0000000000
79922  31.088  3.572  25.026 0.0000000000
79923  30.150  3.429  24.891 0.0000000000
79924  29.152  3.404  24.785 0.0000000000
79925  28.113  3.471  24.616 0.0000000000
79926  27.080  3.607  24.381 0.0000000000
79927  26.311  3.816  24.450 0.0000000000
79943  32.410  3.849  24.505 0.0000000000
79944  31.705  3.620  24.306 0.0000000000
79945  30.808  3.541  24.082 0.0000000000
79946  29.852  3.481  23.918 0.0000000000
79947  28.865  3.508  23.734 0.0000000000
79948  27.852  3.670  23.518 0.0000000000
79949  27.100  3.870  23.585 0.0000000000
79958  32.249  3.714  23.774 0.0000000000
79959  31.558  3.598  23.290 0.0000000000
79960  30.561  3.571  23.149 0.0000000000
79961  29.638  3.661  22.954 0.0000000000
79962  28.661  3.733  22.678 0.0000000000
79963  27.855  3.768  22.657 0.0000000000
79974  31.142  3.671  22.527 0.0000000000
79975  30.410  3.736  22.259 0.0000000000
79976  29.512  3.856  22.046 0.0000000000
79977  28.779  3.978  21.870 0.0000000000
81156  26.816  4.646  34.041 0.0000000000
81157  25.854  4.593  34.108 0.0000000000
81158  24.885  4.708  34.085 0.0000000000
81159  23.990  4.866  34.019 0.0000000000
81160  23.454  5.019  33.884 0.0000000000
81165  28.873  4.697  33.006 0.0000000000
81166  27.959  4.654  33.014 0.0000000000
81167  27.065  4.448  33.160 0.0000000000
81168  26.138  4.393  33.263 0.0000000000
81169  25.175  4.417  33.275 0.0000000000
81170  24.245  4.566  33.276 0.0000000000
81171  23.480  4.806  33.351 0.0000000000
81176  30.889  4.720  32.025 0.0000000000
81177  30.006  4.712  32.058 0.0000000000
81178  29.143  4.456  32.142 0.0000000000
81179  28.260  4.266  32.227 0.0000000000
81180  27.286  3.980  32.264 0.0000000000
81181  26.361  3.998  32.510 0.0000000000
81182  25.432  4.012  32.555 0.0000000000
81183  24.383  4.144  32.356 0.0000000000
81184  23.535  4.595  32.509 0.0000000000
81188  32.858  4.624  30.869 0.0000000000
81189  32.006  4.557  31.025 0.0000000000
81190  31.143  4.472  31.145 0.0000000000
81191  30.278  4.432  31.206 0.0000000000
81192  29.420  4.247  31.250 0.0000000000
81193  28.470  3.905  31.284 0.0000000000
81194  27.741  3.833  31.603 0.0000000000
81195  24.109  4.058  31.743 0.0000000000
81196  23.565  4.410  31.490 0.0000000000
81200  33.700  4.662  29.934 0.0000000000
81201  33.035  4.641  30.004 0.0000000000
81202  32.213  4.473  30.136 0.0000000000
81203  31.364  4.329  30.249 0.0000000000
81204  30.507  4.312  30.319 0.0000000000
81205  29.670  4.237  30.350 0.0000000000
81206  28.851  3.882  30.355 0.0000000000
81207  23.751  4.204  30.046 0.0000000000
81208  23.438  4.617  30.434 0.0000000000
81213  33.981  4.685  29.603 0.0000000000
81214  33.395  4.653  29.160 0.0000000000
81215  32.414  4.527  29.258 0.0000000000
81216  31.555  4.363  29.358 0.0000000000
81217  30.711  4.243  29.432 0.0000000000
81218  29.901  4.193  29.500 0.0000000000
81219  29.138  3.956  29.496 0.0000000000
81220  23.882  4.152  29.416 0.0000000000
81221  23.523  4.749  29.551 0.0000000000
81228  33.348  4.515  28.251 0.0000000000
81229  32.609  4.357  28.401 0.0000000000
81230  31.766  4.232  28.491 0.0000000000
81231  30.932  4.156  28.578 0.0000000000
81232  30.064  4.033  28.584 0.0000000000
81233  29.430  3.934  28.865 0.0000000000
81234  24.015  4.358  28.475 0.0000000000
81235  23.649  4.716  28.930 0.0000000000
81240  34.141  4.532  27.072 0.0000000000
81241  33.577  4.448  27.438 0.0000000000
81242  32.761  4.249  27.541 0.0000000000
81243  31.981  4.115  27.647 0.0000000000
81244  31.134  3.996  27.666 0.0000000000
81245  30.454  3.950  27.941 0.0000000000
81246  24.415  4.387  27.401 0.0000000000
81250  34.301  4.636  26.425 0.0000000000
81251  33.637  4.327  26.554 0.0000000000
81252  32.946  4.117  26.719 0.0000000000
81253  32.124  4.145  26.765 0.0000000000
81254  31.501  4.114  27.021 0.0000000000
81255  25.650  3.688  25.642 0.0000000000
81256  24.810  4.170  26.163 0.0000000000
81269  34.403  4.811  25.657 0.0000000000
81270  33.736  4.395  25.741 0.0000000000
81271  33.105  3.997  25.920 0.0000000000
81272  32.472  3.885  26.046 0.0000000000
81273  25.864  3.919  24.855 0.0000000000
81274  25.302  4.394  25.034 0.0000000000
81291  34.479  4.964  25.058 0.0000000000
81292  33.933  4.618  24.996 0.0000000000
81293  32.980  4.167  24.970 0.0000000000
81294  32.653  3.946  25.527 0.0000000000
81295  26.567  3.942  23.898 0.0000000000
81296  25.821  4.361  24.011 0.0000000000
81297  25.070  4.915  24.329 0.0000000000
81309  34.299  4.890  24.508 0.0000000000
81310  33.692  4.582  24.112 0.0000000000
81311  32.890  4.073  23.916 0.0000000000
81312  27.363  3.923  23.003 0.0000000000
81313  26.657  4.268  23.107 0.0000000000
81314  25.897  4.843  22.954 0.0000000000
81323  33.300  4.559  23.289 0.0000000000
81324  32.491  4.071  22.989 0.0000000000
81325  31.814  3.865  22.438 0.0000000000
81326  28.168  3.893  22.094 0.0000000000
81327  27.369  4.087  22.152 0.0000000000
81328  26.435  4.637  22.077 0.0000000000
81329  25.911  5.178  22.300 0.0000000000
81338  33.074  4.660  22.530 0.0000000000
81339  32.402  4.410  21.914 0.0000000000
81340  31.321  4.062  21.735 0.0000000000
81341  30.289  4.212  21.484 0.0000000000
81342  29.321  4.358  21.430 0.0000000000
81343  28.259  4.307  21.388 0.0000000000
81344  27.225  4.716  21.297 0.0000000000
81345  26.572  5.096  21.501 0.0000000000
81354  31.924  4.627  21.183 0.0000000000
81355  31.103  4.739  20.976 0.0000000000
81356  30.077  4.928  20.988 0.0000000000
81357  29.035  5.045  21.099 0.0000000000
81358  28.065  5.078  20.876 0.0000000000
81359  27.384  5.354  20.911 0.0000000000
82474  28.108  5.897  36.061 0.0000000000
82475  27.580  5.841  36.163 0.0000000000
82476  26.648  5.790  36.255 0.0000000000
82477  25.716  5.774  36.248 0.0000000000
82478  24.919  5.809  36.180 0.0000000000
82486  32.883  5.749  34.900 0.0000000000
82487  32.328  5.799  35.029 0.0000000000
82488  31.542  6.092  35.072 0.0000000000
82489  28.768  5.679  34.994 0.0000000000
82490  28.091  5.704  35.439 0.0000000000
82491  27.074  5.462  35.503 0.0000000000
82492  26.111  5.375  35.563 0.0000000000
82493  25.164  5.434  35.553 0.0000000000
82494  24.186  5.683  35.568 0.0000000000
82495  23.333  5.956  35.298 0.0000000000
82496  22.842  6.278  35.249 0.0000000000
82507  34.573  5.635  33.754 0.0000000000
82508  33.607  5.688  33.961 0.0000000000
82509  32.712  5.717  34.246 0.0000000000
82510  31.748  5.739  34.368 0.0000000000
82511  30.702  6.075  34.589 0.0000000000
82512  29.774  5.706  34.397 0.0000000000
82513  29.035  5.474  34.384 0.0000000000
82514  28.274  5.364  34.513 0.0000000000
82515  27.421  5.208  34.690 0.0000000000
82516  26.481  5.068  34.791 0.0000000000
82517  25.517  5.067  34.816 0.0000000000
82518  24.534  5.174  34.773 0.0000000000
82519  23.456  5.414  34.487 0.0000000000
82520  22.770  6.012  34.678 0.0000000000
82525  34.781  5.501  32.765 0.0000000000
82526  33.911  5.379  33.088 0.0000000000
82527  33.004  5.391  33.326 0.0000000000
82528  32.081  5.438  33.503 0.0000000000
82529  31.145  5.528  33.625 0.0000000000
82530  30.237  5.440  33.689 0.0000000000
82531  29.384  5.239  33.691 0.0000000000
82532  28.553  5.084  33.741 0.0000000000
82533  27.707  4.883  33.875 0.0000000000
82534  22.972  5.197  33.575 0.0000000000
82535  22.594  5.777  33.868 0.0000000000
82541  35.762  5.659  31.572 0.0000000000
82542  34.937  5.408  31.838 0.0000000000
82543  34.125  5.236  32.155 0.0000000000
82544  33.272  5.123  32.429 0.0000000000
82545  32.378  5.157  32.609 0.0000000000
82546  31.475  5.203  32.735 0.0000000000
82547  30.586  5.137  32.839 0.0000000000
82548  29.738  4.888  32.945 0.0000000000
82549  22.856  5.033  32.708 0.0000000000
82550  22.396  5.662  32.939 0.0000000000
82554  35.906  5.694  30.554 0.0000000000
82555  35.081  5.355  30.878 0.0000000000
82556  34.295  5.069  31.222 0.0000000000
82557  33.495  4.886  31.536 0.0000000000
82558  32.642  4.823  31.751 0.0000000000
82559  31.763  4.816  31.899 0.0000000000
82560  22.907  5.043  31.795 0.0000000000
82561  22.400  5.597  31.996 0.0000000000
82566  36.022  5.696  29.541 0.0000000000
82567  35.239  5.187  29.868 0.0000000000
82568  34.378  4.834  30.199 0.0000000000
82569  33.649  4.726  30.647 0.0000000000
82570  22.933  5.525  30.754 0.0000000000
82571  22.631  5.613  31.401 0.0000000000
82575  36.118  5.730  28.558 0.0000000000
82576  35.312  5.321  28.866 0.0000000000
82577  34.369  4.839  29.102 0.0000000000
82578  33.775  4.681  28.692 0.0000000000
82579  23.303  5.548  29.707 0.0000000000
82586  36.167  5.817  27.615 0.0000000000
82587  35.453  5.355  27.915 0.0000000000
82588  34.706  4.963  28.176 0.0000000000
82589  33.983  4.748  28.221 0.0000000000
82590  23.708  5.077  28.458 0.0000000000
82591  23.523  5.423  28.864 0.0000000000
82596  36.187  5.906  26.747 0.0000000000
82597  35.540  5.465  26.980 0.0000000000
82598  34.809  4.891  27.229 0.0000000000
82599  34.243  4.716  27.642 0.0000000000
82600  23.923  5.468  27.764 0.0000000000
82601  23.684  5.471  28.349 0.0000000000
82613  36.173  6.019  26.254 0.0000000000
82614  35.658  5.715  26.022 0.0000000000
82615  34.956  5.114  26.297 0.0000000000
82616  24.342  5.368  26.465 0.0000000000
82629  35.416  5.681  25.087 0.0000000000
82630  34.938  5.278  25.469 0.0000000000
82631  24.660  5.295  25.133 0.0000000000
82641  35.313  5.614  24.221 0.0000000000
82642  34.827  5.255  24.678 0.0000000000
82643  25.303  5.171  23.560 0.0000000000
82644  24.778  5.628  24.011 0.0000000000
82658  35.162  5.719  23.512 0.0000000000
82659  34.504  5.171  23.749 0.0000000000
82660  33.823  4.870  23.481 0.0000000000
82661  25.443  5.607  22.741 0.0000000000
82662  25.069  5.805  23.335 0.0000000000
82677  35.300  6.083  23.135 0.0000000000
82678  34.777  5.772  22.842 0.0000000000
82679  33.846  5.141  22.807 0.0000000000
82680  26.176  5.252  21.835 0.0000000000
82681  25.766  5.716  21.991 0.0000000000
82695  34.280  5.617  22.029 0.0000000000
82696  33.362  5.109  21.737 0.0000000000
82697  32.635  4.904  21.132 0.0000000000
82698  26.877  5.346  21.136 0.0000000000
82699  26.335  5.787  21.411 0.0000000000
82700  25.772  6.196  21.650 0.0000000000
82712  33.994  5.705  21.220 0.0000000000
82713  33.206  5.516  20.752 0.0000000000
82714  32.056  5.326  20.484 0.0000000000
82715  30.921  5.622  20.505 0.0000000000
82716  29.764  5.735  20.752 0.0000000000
82717  28.720  5.789  20.858 0.0000000000
82718  27.822  5.865  20.757 0.0000000000
82719  26.979  5.968  20.858 0.0000000000
82720  26.436  6.308  21.030 0.0000000000
82733  31.673  5.920  20.164 0.0000000000
82734  31.287  6.276  20.229 0.0000000000
83677  21.463  5.994  42.310 0.0000000000
83687  22.505  6.400  41.666 0.0000000000
83688  21.714  6.339  41.850 0.0000000000
83689  20.805  6.380  41.907 0.0000000000
83690  20.289  6.297  42.340 0.0000000000
83704  22.729  6.889  41.070 0.0000000000
83705  21.835  6.637  41.235 0.0000000000
83706  21.288  6.518  41.493 0.0000000000
83733  27.073  6.680  38.954 0.0000000000
83734  25.826  6.869  38.689 0.0000000000
83735  24.983  6.727  38.177 0.0000000000
83736  24.327  6.705  37.890 0.0000000000
83748  29.834  6.683  37.614 0.0000000000
83749  28.823  6.634  37.710 0.0000000000
83750  27.708  6.651  37.788 0.0000000000
83751  26.594  6.640  37.804 0.0000000000
83752  25.598  6.543  37.638 0.0000000000
83753  24.741  6.509  37.378 0.0000000000
83754  23.958  6.725  37.202 0.0000000000
83765  32.501  6.529  36.527 0.0000000000
83766  31.406  6.473  36.621 0.0000000000
83767  30.388  6.564  36.657 0.0000000000
83768  29.392  6.454  36.684 0.0000000000
83769  28.282  6.236  36.622 0.0000000000
83770  27.166  6.326  36.898 0.0000000000
83771  26.168  6.293  36.915 0.0000000000
83772  25.251  6.224  36.803 0.0000000000
83773  24.315  6.244  36.506 0.0000000000
83774  23.451  6.542  36.457 0.0000000000
83775  22.849  6.626  36.156 0.0000000000
83776  22.346  6.790  35.965 0.0000000000
83787  34.450  6.200  35.564 0.0000000000
83788  33.155  6.078  35.477 0.0000000000
83789  31.979  6.255  35.738 0.0000000000
83790  30.914  6.284  35.696 0.0000000000
83791  29.991  6.361  35.833 0.0000000000
83792  29.019  6.082  35.680 0.0000000000
83793  28.393  5.971  35.953 0.0000000000
83794  23.672  6.130  35.941 0.0000000000
83795  23.123  6.344  35.785 0.0000000000
83796  22.591  6.556  35.574 0.0000000000
83797  22.022  6.839  35.359 0.0000000000
83811  35.351  6.031  34.521 0.0000000000
83812  34.090  5.876  34.688 0.0000000000
83813  33.307  5.775  34.680 0.0000000000
83814  30.368  6.290  35.276 0.0000000000
83815  29.863  6.144  35.084 0.0000000000
83816  29.315  5.812  34.916 0.0000000000
83817  22.352  6.469  34.924 0.0000000000
83818  21.735  6.798  34.533 0.0000000000
83827  36.469  6.180  33.715 0.0000000000
83828  35.547  5.768  33.296 0.0000000000
83829  22.150  6.331  34.160 0.0000000000
83830  21.561  6.808  33.661 0.0000000000
83839  36.425  5.935  32.471 0.0000000000
83840  35.511  5.624  32.399 0.0000000000
83841  22.019  6.302  33.260 0.0000000000
83842  21.602  6.957  32.778 0.0000000000
83849  36.653  5.961  31.264 0.0000000000
83850  21.897  6.391  32.178 0.0000000000
83851  21.647  7.129  32.092 0.0000000000
83857  37.546  6.307  30.851 0.0000000000
83858  36.761  6.027  30.198 0.0000000000
83859  22.878  6.433  30.519 0.0000000000
83860  22.493  6.424  31.161 0.0000000000
83865  37.609  6.407  29.801 0.0000000000
83866  36.837  6.089  29.181 0.0000000000
83867  23.203  6.448  29.926 0.0000000000
83873  37.680  6.452  28.776 0.0000000000
83874  36.887  6.174  28.188 0.0000000000
83875  23.993  6.830  28.447 0.0000000000
83876  23.709  6.520  28.903 0.0000000000
83881  37.763  6.618  27.706 0.0000000000
83882  36.861  6.230  27.241 0.0000000000
83883  24.008  6.601  28.018 0.0000000000
83884  23.656  5.907  28.339 0.0000000000
83897  37.466  6.638  26.808 0.0000000000
83898  36.700  6.287  26.333 0.0000000000
83899  36.210  6.121  25.881 0.0000000000
83900  24.264  6.641  26.829 0.0000000000
83908  37.322  6.733  26.026 0.0000000000
83909  36.654  6.469  25.343 0.0000000000
83910  35.966  6.014  25.409 0.0000000000
83911  24.427  6.424  25.587 0.0000000000
83919  36.396  6.640  24.401 0.0000000000
83920  35.912  6.098  24.696 0.0000000000
83921  24.516  6.390  24.435 0.0000000000
83931  36.286  6.941  23.542 0.0000000000
83932  35.705  6.236  23.712 0.0000000000
83933  25.099  6.176  22.898 0.0000000000
83934  24.794  6.426  23.409 0.0000000000
83947  36.358  7.233  22.865 0.0000000000
83948  35.574  6.585  22.470 0.0000000000
83949  34.840  6.029  22.209 0.0000000000
83950  25.223  6.452  22.188 0.0000000000
83951  24.952  6.547  22.781 0.0000000000
83966  40.199  6.670  21.270 0.0000000000
83967  35.258  6.771  21.082 0.0000000000
83968  34.712  6.164  21.528 0.0000000000
83969  26.025  6.405  21.274 0.0000000000
83970  25.568  6.660  21.446 0.0000000000
83982  43.018  6.974  20.341 0.0000000000
83983  42.353  6.764  20.197 0.0000000000
83984  41.502  6.525  20.524 0.0000000000
83985  40.696  6.567  20.673 0.0000000000
83986  40.321  6.571  21.043 0.0000000000
83987  34.983  6.966  20.464 0.0000000000
83988  34.118  6.532  20.350 0.0000000000
83989  32.748  6.082  20.126 0.0000000000
83990  32.099  5.912  20.033 0.0000000000
83991  30.513  6.646  20.549 0.0000000000
83992  29.289  6.547  20.893 0.0000000000
83993  28.303  6.547  20.825 0.0000000000
83994  27.441  6.611  20.742 0.0000000000
83995  26.701  6.688  20.790 0.0000000000
83996  26.128  6.719  20.937 0.0000000000
83997  25.823  6.709  21.127 0.0000000000
84009  41.948  7.020  19.666 0.0000000000
84010  41.513  6.811  19.910 0.0000000000
84011  41.084  6.675  20.217 0.0000000000
84012  33.707  7.097  19.665 0.0000000000
84013  33.023  6.848  19.655 0.0000000000
84014  31.925  6.524  19.800 0.0000000000
84015  31.291  6.697  20.195 0.0000000000
84929  18.125  7.675  43.097 0.0000000000
84932  18.663  7.312  42.550 0.0000000000
84933  18.049  7.917  42.564 0.0000000000
84935  20.437  6.576  41.588 0.0000000000
84936  19.762  6.685  41.883 0.0000000000
84937  18.735  7.640  41.412 0.0000000000
84942  23.957  7.277  40.104 0.0000000000
84943  22.969  7.199  40.233 0.0000000000
84944  21.939  7.006  40.416 0.0000000000
84945  20.735  6.790  40.893 0.0000000000
84946  19.434  7.543  40.486 0.0000000000
84947  18.641  8.160  40.577 0.0000000000
84953  25.284  7.175  39.566 0.0000000000
84954  24.334  7.209  39.202 0.0000000000
84955  23.242  7.290  39.234 0.0000000000
84956  22.179  7.159  39.375 0.0000000000
84957  21.103  7.025  39.519 0.0000000000
84958  20.104  7.449  39.554 0.0000000000
84959  19.335  8.073  39.332 0.0000000000
84965  24.980  7.030  38.835 0.0000000000
84966  24.435  6.912  38.467 0.0000000000
84967  23.541  6.904  38.103 0.0000000000
84968  22.387  7.078  38.311 0.0000000000
84969  21.343  7.171  38.429 0.0000000000
84970  20.445  7.545  38.569 0.0000000000
84971  19.657  8.008  38.561 0.0000000000
84974  23.227  6.978  36.981 0.0000000000
84975  22.510  7.063  37.240 0.0000000000
84976  21.534  7.260  37.347 0.0000000000
84977  20.574  7.751  37.483 0.0000000000
84978  19.916  8.005  37.865 0.0000000000
84982  23.033  6.772  36.537 0.0000000000
84983  22.601  6.876  36.527 0.0000000000
84984  21.741  7.176  36.163 0.0000000000
84985  20.851  7.776  36.429 0.0000000000
84988  21.422  7.329  34.971 0.0000000000
84989  20.872  7.846  35.357 0.0000000000
84998  21.147  7.257  34.080 0.0000000000
84999  20.789  7.806  34.359 0.0000000000
85006  21.128  7.605  33.178 0.0000000000
85007  20.871  7.706  33.762 0.0000000000
85015  21.469  7.596  32.360 0.0000000000
85023  22.065  7.374  31.480 0.0000000000
85024  21.681  7.525  31.905 0.0000000000
85031  23.070  7.311  30.375 0.0000000000
85032  22.586  7.267  30.967 0.0000000000
85040  24.202  7.848  29.127 0.0000000000
85041  23.654  7.259  29.505 0.0000000000
85047  24.230  7.377  28.424 0.0000000000
85048  24.004  7.233  29.006 0.0000000000
85056  38.024  6.948  27.100 0.0000000000
85057  24.352  7.476  27.465 0.0000000000
85074  24.405  7.697  26.656 0.0000000000
85084  37.606  7.303  25.241 0.0000000000
85085  36.911  6.885  24.812 0.0000000000
85086  24.429  7.499  25.855 0.0000000000
85094  37.734  7.586  24.121 0.0000000000
85095  36.944  7.191  24.276 0.0000000000
85096  24.441  7.376  24.804 0.0000000000
85105  37.793  7.678  23.195 0.0000000000
85106  36.955  7.470  23.434 0.0000000000
85107  24.543  7.290  23.729 0.0000000000
85115  45.142  7.943  22.016 0.0000000000
85120  37.996  7.707  22.303 0.0000000000
85121  36.940  7.588  22.457 0.0000000000
85122  36.250  7.240  22.338 0.0000000000
85123  24.915  7.001  22.098 0.0000000000
85124  24.770  7.131  22.643 0.0000000000
85134  44.839  8.336  21.543 0.0000000000
85135  44.478  7.765  21.355 0.0000000000
85136  43.925  7.318  20.892 0.0000000000
85139  39.336  7.385  21.580 0.0000000000
85140  38.425  7.666  21.395 0.0000000000
85141  37.339  7.708  21.393 0.0000000000
85142  36.183  7.410  21.529 0.0000000000
85143  29.318  8.038  21.561 0.0000000000
85144  28.800  7.934  21.445 0.0000000000
85145  28.019  7.943  21.126 0.0000000000
85146  27.387  7.858  20.875 0.0000000000
85147  25.121  7.192  21.646 0.0000000000
85148  24.851  7.310  22.069 0.0000000000
85161  43.985  7.922  20.582 0.0000000000
85162  43.385  7.533  20.257 0.0000000000
85163  42.842  7.233  19.939 0.0000000000
85164  40.405  6.733  20.402 0.0000000000
85165  39.946  6.809  20.734 0.0000000000
85166  39.025  7.493  20.532 0.0000000000
85167  37.898  7.726  20.240 0.0000000000
85168  36.694  7.748  20.353 0.0000000000
85169  35.581  7.441  20.439 0.0000000000
85170  34.841  7.249  20.090 0.0000000000
85171  30.522  7.546  20.853 0.0000000000
85172  29.675  7.471  21.238 0.0000000000
85173  28.655  7.248  21.110 0.0000000000
85174  27.813  7.265  20.844 0.0000000000
85175  26.961  7.357  20.730 0.0000000000
85176  26.248  7.196  20.779 0.0000000000
85177  25.650  7.112  21.004 0.0000000000
85193  42.861  7.747  19.715 0.0000000000
85194  42.311  7.460  19.539 0.0000000000
85195  41.503  7.380  19.333 0.0000000000
85196  40.656  6.975  19.850 0.0000000000
85197  39.664  7.327  19.703 0.0000000000
85198  38.739  7.581  19.531 0.0000000000
85199  38.009  7.736  19.322 0.0000000000
85200  35.966  7.865  19.780 0.0000000000
85201  35.194  7.773  19.678 0.0000000000
85202  34.283  7.519  19.557 0.0000000000
85203  33.335  7.634  19.366 0.0000000000
85204  32.308  7.553  19.472 0.0000000000
85205  31.324  7.408  20.229 0.0000000000
85223  40.926  7.455  19.092 0.0000000000
85224  40.297  7.529  18.892 0.0000000000
85225  39.345  7.656  18.752 0.0000000000
85226  38.502  7.810  18.726 0.0000000000
85227  37.864  7.965  18.746 0.0000000000
86119  17.748  8.326  42.929 0.0000000000
86122  18.201  8.074  41.954 0.0000000000
86123  17.826  8.538  42.285 0.0000000000
86126  18.109  8.662  41.157 0.0000000000
86127  17.942  8.610  41.784 0.0000000000
86130  18.805  8.324  39.793 0.0000000000
86131  18.318  8.899  40.141 0.0000000000
86134  18.837  8.538  39.073 0.0000000000
86135  18.415  8.955  39.255 0.0000000000
86138  19.012  8.434  38.494 0.0000000000
86139  18.599  8.916  38.511 0.0000000000
86142  19.844  8.284  37.200 0.0000000000
86143  19.148  8.592  37.557 0.0000000000
86144  18.746  8.758  38.028 0.0000000000
86147  20.121  8.307  36.521 0.0000000000
86148  19.449  8.774  36.585 0.0000000000
86151  20.284  8.381  35.643 0.0000000000
86152  19.681  8.818  35.777 0.0000000000
86158  20.162  8.646  34.522 0.0000000000
86159  19.901  8.784  35.220 0.0000000000
86163  20.932  8.167  32.974 0.0000000000
86164  20.675  8.319  33.457 0.0000000000
86167  21.269  8.400  32.479 0.0000000000
86168  20.905  8.458  32.914 0.0000000000
86172  23.155  8.855  31.059 0.0000000000
86173  22.387  8.418  31.396 0.0000000000
86174  21.722  8.047  31.824 0.0000000000
86178  23.442  8.462  30.452 0.0000000000
86179  22.776  7.951  30.943 0.0000000000
86187  23.818  8.130  29.791 0.0000000000
86193  24.502  8.486  28.512 0.0000000000
86206  24.489  8.191  27.812 0.0000000000
86221  24.465  8.410  27.022 0.0000000000
86231  24.410  8.455  26.104 0.0000000000
86240  24.403  8.373  25.133 0.0000000000
86245  45.767  8.603  23.007 0.0000000000
86249  29.710  9.036  23.242 0.0000000000
86250  29.433  9.104  22.954 0.0000000000
86251  24.490  8.277  24.096 0.0000000000
86258  45.411  8.687  22.342 0.0000000000
86261  30.250  8.941  22.766 0.0000000000
86262  29.855  8.784  22.793 0.0000000000
86263  29.072  8.849  22.436 0.0000000000
86264  28.522  9.036  21.976 0.0000000000
86265  24.593  8.159  23.019 0.0000000000
86273  45.029  8.825  21.662 0.0000000000
86274  44.607  8.800  21.155 0.0000000000
86275  30.300  8.940  22.129 0.0000000000
86276  29.772  8.360  21.755 0.0000000000
86277  28.935  8.434  21.822 0.0000000000
86278  28.140  8.743  21.492 0.0000000000
86279  27.232  8.641  21.016 0.0000000000
86280  26.239  8.586  20.933 0.0000000000
86281  25.433  8.010  21.164 0.0000000000
86282  24.768  7.925  21.992 0.0000000000
86290  44.174  8.651  20.587 0.0000000000
86291  43.583  8.491  20.091 0.0000000000
86292  37.648  7.765  19.620 0.0000000000
86293  37.262  7.816  19.735 0.0000000000
86294  30.785  8.427  21.018 0.0000000000
86295  30.250  7.885  21.295 0.0000000000
86296  26.825  8.061  20.807 0.0000000000
86297  26.247  7.801  20.787 0.0000000000
86298  25.864  7.529  20.855 0.0000000000
86308  43.100  8.254  19.732 0.0000000000
86309  42.509  8.352  19.260 0.0000000000
86310  41.919  7.960  19.014 0.0000000000
86311  37.443  7.918  19.183 0.0000000000
86312  36.654  8.077  19.293 0.0000000000
86313  35.695  8.205  19.112 0.0000000000
86314  34.795  8.232  19.053 0.0000000000
86315  33.870  8.307  19.015 0.0000000000
86316  32.828  8.558  19.114 0.0000000000
86317  31.731  8.601  19.791 0.0000000000
86324  41.917  8.600  18.721 0.0000000000
86325  41.138  8.169  18.533 0.0000000000
86326  39.938  8.350  18.086 0.0000000000
86327  38.958  8.241  18.152 0.0000000000
86328  38.139  8.310  18.220 0.0000000000
86329  37.262  8.371  18.471 0.0000000000
86330  36.224  8.645  18.441 0.0000000000
86331  35.297  8.707  18.523 0.0000000000
86332  34.419  8.852  18.491 0.0000000000
86333  33.563  9.086  18.663 0.0000000000
86334  32.933  9.345  18.872 0.0000000000
86342  39.230  8.799  17.726 0.0000000000
86343  38.513  8.806  17.697 0.0000000000
86344  37.671  8.855  17.750 0.0000000000
86345  36.816  8.978  17.848 0.0000000000
86346  36.134  9.166  17.887 0.0000000000
87215  17.692  9.353  43.498 0.0000000000
87216  17.653  8.752  43.223 0.0000000000
87219  17.684  9.725  42.984 0.0000000000
87220  17.609  9.214  42.727 0.0000000000
87223  17.840  9.323  41.179 0.0000000000
87224  17.741  9.255  41.784 0.0000000000
87227  17.919  9.647  40.584 0.0000000000
87228  17.745  9.782  41.241 0.0000000000
87231  18.122  9.698  39.549 0.0000000000
87234  18.347  9.635  38.630 0.0000000000
87237  18.850  9.218  37.202 0.0000000000
87238  18.599  9.425  37.699 0.0000000000
87242  18.997  9.233  36.729 0.0000000000
87243  18.741  9.694  36.884 0.0000000000
87248  19.130  9.597  35.859 0.0000000000
87249  18.883  9.668  36.428 0.0000000000
87254  19.886  9.871  34.086 0.0000000000
87255  19.600  9.323  34.999 0.0000000000
87258  21.209  9.939  32.871 0.0000000000
87259  20.460  9.397  33.438 0.0000000000
87263  22.396  9.810  31.940 0.0000000000
87264  21.558  9.436  32.308 0.0000000000
87265  20.892  8.992  32.821 0.0000000000
87270  22.774  9.321  31.491 0.0000000000
87271  21.926  8.946  31.784 0.0000000000
87319  30.914  9.627  25.098 0.0000000000
87320  30.381  9.590  24.532 0.0000000000
87321  29.749  9.671  24.235 0.0000000000
87322  24.499  9.254  24.471 0.0000000000
87327  46.431  9.400  23.564 0.0000000000
87328  46.074  9.106  23.060 0.0000000000
87329  30.848  9.337  24.153 0.0000000000
87330  30.071  9.043  23.658 0.0000000000
87331  29.425  9.480  23.466 0.0000000000
87332  24.543  9.172  23.426 0.0000000000
87338  46.142  9.668  22.846 0.0000000000
87339  45.696  9.468  22.476 0.0000000000
87340  30.624  9.316  22.965 0.0000000000
87341  30.200  8.936  23.083 0.0000000000
87342  28.983  9.614  22.798 0.0000000000
87343  28.504  9.671  22.259 0.0000000000
87344  24.943  9.672  21.919 0.0000000000
87345  24.672  9.122  22.270 0.0000000000
87355  45.253  9.560  21.756 0.0000000000
87356  44.746  9.617  21.171 0.0000000000
87357  30.976  9.364  21.700 0.0000000000
87358  28.014  9.676  21.758 0.0000000000
87359  27.340  9.592  21.363 0.0000000000
87360  26.443  9.498  21.195 0.0000000000
87361  25.412  9.275  21.497 0.0000000000
87362  24.990  8.597  21.666 0.0000000000
87370  44.293  9.562  20.563 0.0000000000
87371  43.706  9.434  20.014 0.0000000000
87372  31.387  9.365  20.558 0.0000000000
87378  42.988  9.197  19.475 0.0000000000
87379  42.265  9.306  18.797 0.0000000000
87380  32.275  9.463  19.198 0.0000000000
87381  31.797  9.492  19.790 0.0000000000
87387  41.499  9.294  18.332 0.0000000000
87388  40.587  9.290  17.925 0.0000000000
87389  39.677  9.378  17.678 0.0000000000
87390  35.645  9.076  18.097 0.0000000000
87391  34.979  9.308  18.096 0.0000000000
87392  34.127  9.755  18.182 0.0000000000
87393  33.301  9.787  18.655 0.0000000000
87394  32.766  9.849  18.910 0.0000000000
87400  38.904  9.464  17.512 0.0000000000
87401  38.077  9.530  17.472 0.0000000000
87402  37.221  9.576  17.535 0.0000000000
87403  36.411  9.642  17.619 0.0000000000
87404  35.579  9.673  17.756 0.0000000000
87405  34.818  9.919  17.831 0.0000000000
87406  34.485  10.137  17.933 0.0000000000
88200  17.941  10.360  42.866 0.0000000000
88201  17.713  9.837  42.736 0.0000000000
88205  18.023  10.644  41.960 0.0000000000
88206  17.741  9.923  42.301 0.0000000000
88209  17.811  10.598  41.029 0.0000000000
88210  17.749  10.061  41.671 0.0000000000
88213  17.991  10.604  39.928 0.0000000000
88217  18.227  10.515  38.914 0.0000000000
88221  18.489  10.389  38.015 0.0000000000
88226  18.923  10.980  36.346 0.0000000000
88227  18.627  10.485  37.068 0.0000000000
88231  19.183  10.727  35.707 0.0000000000
88232  18.807  10.183  36.332 0.0000000000
88235  20.198  10.805  34.129 0.0000000000
88236  19.640  10.439  34.908 0.0000000000
88241  21.861  10.761  33.097 0.0000000000
88242  20.778  10.560  33.489 0.0000000000
88249  22.084  10.297  32.465 0.0000000000
88298  31.812  10.532  25.236 0.0000000000
88299  31.253  10.154  25.607 0.0000000000
88309  31.836  10.527  24.184 0.0000000000
88310  31.379  9.862  24.686 0.0000000000
88318  46.726  10.319  23.704 0.0000000000
88319  31.802  10.647  23.062 0.0000000000
88320  31.384  9.814  23.612 0.0000000000
88322  24.585  10.026  22.899 0.0000000000
88328  46.390  10.239  22.915 0.0000000000
88329  45.951  10.280  22.412 0.0000000000
88330  31.897  10.700  21.944 0.0000000000
88331  31.380  9.971  22.430 0.0000000000
88334  25.192  10.192  21.907 0.0000000000
88335  24.820  9.955  22.269 0.0000000000
88346  45.500  10.376  21.808 0.0000000000
88347  44.928  10.456  21.199 0.0000000000
88348  31.980  10.721  21.231 0.0000000000
88349  31.532  10.194  21.184 0.0000000000
88353  25.833  10.293  21.537 0.0000000000
88364  44.400  10.468  20.594 0.0000000000
88365  43.834  10.409  20.023 0.0000000000
88366  32.138  10.674  20.544 0.0000000000
88367  31.804  10.064  20.108 0.0000000000
88378  43.176  10.313  19.477 0.0000000000
88379  42.499  10.216  18.946 0.0000000000
88380  33.238  10.854  19.174 0.0000000000
88381  32.608  10.409  19.421 0.0000000000
88382  31.999  9.910  19.521 0.0000000000
88392  41.762  10.195  18.524 0.0000000000
88393  40.890  10.279  18.198 0.0000000000
88394  39.884  10.374  17.809 0.0000000000
88395  39.085  10.654  17.674 0.0000000000
88396  34.815  10.995  17.964 0.0000000000
88397  34.364  10.603  18.087 0.0000000000
88398  33.492  10.531  18.677 0.0000000000
88399  33.016  10.158  18.875 0.0000000000
88411  39.247  10.050  17.555 0.0000000000
88412  38.487  10.295  17.540 0.0000000000
88413  37.569  10.267  17.552 0.0000000000
88414  36.734  10.266  17.589 0.0000000000
88415  35.962  10.287  17.632 0.0000000000
88416  35.154  10.484  17.775 0.0000000000
88417  34.697  10.286  17.856 0.0000000000
89203  18.527  11.225  43.188 0.0000000000
89207  19.088  11.781  42.691 0.0000000000
89208  18.498  11.257  42.368 0.0000000000
89212  18.951  11.824  41.994 0.0000000000
89213  18.494  11.449  41.428 0.0000000000
89216  18.338  11.510  40.419 0.0000000000
89220  18.957  11.872  38.559 0.0000000000
89221  18.491  11.487  39.287 0.0000000000
89227  19.072  11.763  37.830 0.0000000000
89228  18.602  11.199  38.330 0.0000000000
89232  19.108  11.556  36.952 0.0000000000
89233  18.715  11.091  37.603 0.0000000000
89236  21.201  12.133  35.050 0.0000000000
89237  20.475  12.002  35.458 0.0000000000
89238  19.506  11.763  35.971 0.0000000000
89245  21.658  11.892  34.449 0.0000000000
89246  20.524  11.426  34.736 0.0000000000
89247  19.809  11.297  35.298 0.0000000000
89254  21.749  11.306  33.734 0.0000000000
89255  20.874  11.341  33.971 0.0000000000
89308  33.148  11.533  26.433 0.0000000000
89317  33.114  11.673  25.333 0.0000000000
89318  32.451  11.035  25.823 0.0000000000
89328  33.116  11.755  24.203 0.0000000000
89329  32.390  11.178  24.748 0.0000000000
89338  47.124  11.287  23.979 0.0000000000
89339  33.039  11.947  23.054 0.0000000000
89340  32.354  11.299  23.633 0.0000000000
89348  46.573  11.223  22.753 0.0000000000
89349  46.202  10.734  22.488 0.0000000000
89350  33.141  11.907  21.846 0.0000000000
89351  32.378  11.357  22.471 0.0000000000
89363  46.266  11.751  22.131 0.0000000000
89364  45.895  11.266  21.936 0.0000000000
89365  45.179  11.341  21.212 0.0000000000
89366  33.230  11.795  20.672 0.0000000000
89367  32.456  11.242  21.264 0.0000000000
89380  44.517  11.410  20.628 0.0000000000
89381  43.864  11.367  20.144 0.0000000000
89382  33.351  11.509  19.861 0.0000000000
89383  32.781  11.160  20.200 0.0000000000
89395  43.224  11.295  19.656 0.0000000000
89396  42.366  11.282  19.256 0.0000000000
89397  41.418  11.655  19.014 0.0000000000
89398  40.729  11.770  18.776 0.0000000000
89399  34.240  11.732  18.908 0.0000000000
89400  33.716  11.396  19.071 0.0000000000
89401  33.156  11.054  19.558 0.0000000000
89410  41.903  10.913  18.782 0.0000000000
89411  41.196  11.067  18.534 0.0000000000
89412  40.216  11.358  18.333 0.0000000000
89413  39.106  11.376  18.064 0.0000000000
89414  38.089  11.510  18.210 0.0000000000
89415  37.196  11.481  18.265 0.0000000000
89416  36.313  11.458  18.148 0.0000000000
89417  35.398  11.269  18.013 0.0000000000
89418  34.488  11.422  18.435 0.0000000000
89419  33.948  11.045  18.478 0.0000000000
89431  38.538  10.995  17.788 0.0000000000
89432  37.824  10.923  17.831 0.0000000000
89433  36.982  10.871  17.869 0.0000000000
89434  36.188  10.846  17.771 0.0000000000
89435  35.680  10.744  17.747 0.0000000000
90249  19.435  12.240  42.170 0.0000000000
90258  20.060  12.752  40.716 0.0000000000
90259  19.244  12.225  41.245 0.0000000000
90260  18.720  11.830  40.905 0.0000000000
90267  20.033  12.741  39.774 0.0000000000
90268  19.315  12.456  40.218 0.0000000000
90269  18.829  12.081  40.533 0.0000000000
90276  20.180  12.712  38.913 0.0000000000
90277  19.279  12.317  39.242 0.0000000000
90278  18.737  12.091  39.909 0.0000000000
90285  20.427  12.948  38.020 0.0000000000
90286  19.538  12.418  38.293 0.0000000000
90294  20.530  12.663  37.111 0.0000000000
90295  19.703  12.322  37.445 0.0000000000
90302  20.521  12.456  36.249 0.0000000000
90303  19.831  12.202  36.708 0.0000000000
90354  35.203  12.936  27.500 0.0000000000
90367  35.250  13.006  26.938 0.0000000000
90368  34.676  12.735  26.677 0.0000000000
90369  33.749  12.139  27.078 0.0000000000
90378  34.568  12.793  25.464 0.0000000000
90379  33.804  12.241  25.968 0.0000000000
90387  34.580  12.886  24.271 0.0000000000
90388  33.820  12.301  24.815 0.0000000000
90398  47.322  12.330  23.744 0.0000000000
90399  34.612  12.841  23.107 0.0000000000
90400  33.816  12.385  23.657 0.0000000000
90408  46.918  12.181  23.037 0.0000000000
90409  35.398  13.079  21.867 0.0000000000
90410  34.676  12.861  22.046 0.0000000000
90411  33.849  12.455  22.477 0.0000000000
90418  46.483  12.273  22.284 0.0000000000
90419  46.035  12.324  21.686 0.0000000000
90420  45.384  12.281  21.249 0.0000000000
90421  35.838  13.087  21.341 0.0000000000
90422  35.149  12.780  21.153 0.0000000000
90423  34.088  12.400  21.153 0.0000000000
90433  44.675  12.374  20.726 0.0000000000
90434  43.730  12.509  20.341 0.0000000000
90435  42.637  12.888  20.255 0.0000000000
90436  41.654  12.891  20.308 0.0000000000
90437  40.686  12.877  20.280 0.0000000000
90438  39.714  12.923  20.202 0.0000000000
90439  38.763  12.940  20.141 0.0000000000
90440  37.862  12.978  20.039 0.0000000000
90441  37.017  12.855  20.065 0.0000000000
90442  36.043  12.863  20.361 0.0000000000
90443  34.899  12.540  20.100 0.0000000000
90444  33.979  12.003  19.845 0.0000000000
90453  43.232  12.084  19.920 0.0000000000
90454  42.472  12.163  19.744 0.0000000000
90455  41.547  12.266  19.611 0.0000000000
90456  40.548  12.379  19.414 0.0000000000
90457  39.513  12.543  19.436 0.0000000000
90458  38.586  12.568  19.381 0.0000000000
90459  37.662  12.547  19.359 0.0000000000
90460  36.723  12.542  19.376 0.0000000000
90461  35.702  12.527  19.244 0.0000000000
90462  34.673  12.157  18.982 0.0000000000
90463  34.151  11.826  19.207 0.0000000000
90471  40.100  12.130  18.852 0.0000000000
90472  39.336  12.103  18.713 0.0000000000
90473  38.376  12.113  18.668 0.0000000000
90474  37.427  12.109  18.699 0.0000000000
90475  36.495  12.127  18.611 0.0000000000
90476  35.577  12.008  18.472 0.0000000000
90477  35.014  11.771  18.430 0.0000000000
91380  40.148  13.922  28.260 0.0000000000
91381  39.201  13.799  28.419 0.0000000000
91382  38.111  13.544  28.659 0.0000000000
91392  40.798  14.170  27.739 0.0000000000
91393  40.392  14.077  27.679 0.0000000000
91394  39.419  14.099  27.318 0.0000000000
91395  38.200  13.850  27.550 0.0000000000
91396  37.030  13.575  27.831 0.0000000000
91397  36.005  13.205  28.168 0.0000000000
91409  39.111  14.272  26.563 0.0000000000
91410  38.329  14.215  26.333 0.0000000000
91411  37.105  13.827  26.668 0.0000000000
91412  35.878  13.356  26.957 0.0000000000
91413  35.246  13.095  26.662 0.0000000000
91423  39.668  14.352  24.867 0.0000000000
91424  38.878  14.293  24.946 0.0000000000
91425  38.119  14.149  25.173 0.0000000000
91426  37.220  13.939  25.496 0.0000000000
91427  36.160  13.623  25.801 0.0000000000
91428  35.247  13.258  26.094 0.0000000000
91438  40.717  14.265  24.226 0.0000000000
91439  40.013  14.273  24.172 0.0000000000
91440  39.208  14.255  24.176 0.0000000000
91441  38.338  14.125  24.250 0.0000000000
91442  37.419  13.889  24.405 0.0000000000
91443  36.395  13.624  24.622 0.0000000000
91444  35.396  13.262  24.973 0.0000000000
91454  41.485  14.370  23.713 0.0000000000
91455  41.182  14.257  23.736 0.0000000000
91456  40.479  14.162  23.558 0.0000000000
91457  39.678  14.084  23.457 0.0000000000
91458  38.789  13.974  23.423 0.0000000000
91459  37.840  13.804  23.437 0.0000000000
91460  36.776  13.636  23.464 0.0000000000
91461  35.553  13.341  23.604 0.0000000000
91470  47.057  13.015  23.161 0.0000000000
91471  41.571  14.371  23.314 0.0000000000
91472  41.058  14.163  22.937 0.0000000000
91473  40.263  13.907  22.771 0.0000000000
91474  39.377  13.800  22.663 0.0000000000
91475  38.434  13.712  22.581 0.0000000000
91476  37.425  13.587  22.483 0.0000000000
91477  36.222  13.352  22.239 0.0000000000
91478  35.260  13.135  22.571 0.0000000000
91487  46.677  13.100  22.521 0.0000000000
91488  46.251  13.146  21.812 0.0000000000
91489  45.413  13.314  21.441 0.0000000000
91490  44.411  13.927  21.391 0.0000000000
91491  43.344  14.274  21.519 0.0000000000
91492  42.048  14.311  22.182 0.0000000000
91493  40.992  13.791  22.012 0.0000000000
91494  40.066  13.563  21.924 0.0000000000
91495  39.125  13.600  21.791 0.0000000000
91496  38.174  13.551  21.672 0.0000000000
91497  37.234  13.431  21.486 0.0000000000
91498  36.503  13.251  21.090 0.0000000000
91507  44.839  13.125  20.984 0.0000000000
91508  44.023  13.444  20.770 0.0000000000
91509  42.905  13.681  20.824 0.0000000000
91510  41.812  13.532  21.083 0.0000000000
91511  40.827  13.371  21.096 0.0000000000
91512  39.877  13.299  21.039 0.0000000000
91513  38.929  13.267  20.953 0.0000000000
91514  38.012  13.327  20.798 0.0000000000
91515  37.195  13.235  20.647 0.0000000000
91516  36.671  13.083  20.536 0.0000000000
92626  40.681  14.324  27.305 0.0000000000
92627  40.145  14.231  27.081 0.0000000000
92637  41.088  14.626  26.844 0.0000000000
92638  40.502  14.418  26.543 0.0000000000
92639  39.686  14.316  26.412 0.0000000000
92640  39.028  14.338  26.111 0.0000000000
92652  41.074  14.684  25.903 0.0000000000
92653  40.248  14.424  25.567 0.0000000000
92654  39.359  14.371  25.590 0.0000000000
92655  38.716  14.322  25.628 0.0000000000
92670  41.069  14.446  24.855 0.0000000000
92671  40.347  14.363  24.740 0.0000000000
92685  41.761  14.531  24.012 0.0000000000
92686  41.186  14.344  24.223 0.0000000000
92697  46.741  14.177  22.955 0.0000000000
92698  45.770  14.675  22.316 0.0000000000
92699  44.695  15.288  22.474 0.0000000000
92700  43.514  15.453  23.269 0.0000000000
92701  42.533  14.834  23.362 0.0000000000
92702  42.047  14.495  23.167 0.0000000000
92716  46.309  13.833  22.184 0.0000000000
92717  45.784  13.909  21.796 0.0000000000
92718  44.998  14.409  21.776 0.0000000000
92719  43.933  14.840  22.018 0.0000000000
92720  42.939  14.720  22.530 0.0000000000
92721  42.371  14.582  22.821 0.0000000000
93881  46.166  15.052  22.832 0.0000000000
93882  45.533  15.614  22.957 0.0000000000
