#!ascii label  , from subject Broad_82_YZ vox2ras=TkReg
269
57576  49.803  -13.870  -5.703 0.0000000000
57577  49.312  -14.083  -5.776 0.0000000000
58788  49.698  -13.683  -6.297 0.0000000000
58789  48.807  -13.850  -6.573 0.0000000000
58790  47.787  -13.937  -6.721 0.0000000000
58798  49.951  -13.251  -6.763 0.0000000000
58799  49.280  -13.299  -7.071 0.0000000000
58800  48.303  -13.280  -7.180 0.0000000000
58801  47.313  -13.219  -7.156 0.0000000000
58802  46.392  -13.084  -7.189 0.0000000000
59810  46.009  -11.942  -6.733 0.0000000000
59830  49.966  -12.652  -7.229 0.0000000000
59831  48.795  -12.526  -7.386 0.0000000000
59832  47.802  -12.473  -7.314 0.0000000000
59833  46.928  -12.474  -7.239 0.0000000000
59834  46.230  -12.407  -7.097 0.0000000000
59835  45.791  -12.355  -6.869 0.0000000000
60881  48.052  -11.129  -6.898 0.0000000000
60882  47.652  -11.173  -6.870 0.0000000000
60883  46.706  -11.343  -6.675 0.0000000000
60916  50.178  -11.584  -7.553 0.0000000000
60917  49.179  -11.689  -7.412 0.0000000000
60918  48.214  -11.553  -7.185 0.0000000000
60919  47.292  -11.765  -7.162 0.0000000000
60920  46.601  -11.924  -7.056 0.0000000000
62065  48.795  -10.364  -6.863 0.0000000000
62066  48.286  -10.735  -6.852 0.0000000000
62067  47.340  -10.714  -6.760 0.0000000000
62099  50.388  -10.497  -7.418 0.0000000000
62100  49.241  -10.697  -7.175 0.0000000000
62101  48.732  -11.154  -7.150 0.0000000000
63340  51.551  -9.017  -7.030 0.0000000000
63341  49.030  -10.151  -6.861 0.0000000000
63342  48.654  -10.042  -6.801 0.0000000000
63343  47.890  -10.082  -6.820 0.0000000000
63344  47.022  -10.237  -6.984 0.0000000000
63359  50.834  -9.433  -7.199 0.0000000000
63360  49.446  -9.664  -7.047 0.0000000000
63361  48.479  -9.518  -7.119 0.0000000000
63362  47.574  -9.587  -7.465 0.0000000000
63376  47.016  -9.512  -8.228 0.0000000000
64578  51.893  -8.135  -7.057 0.0000000000
64579  51.188  -8.511  -7.229 0.0000000000
64580  50.078  -8.584  -7.409 0.0000000000
64581  49.046  -8.898  -7.520 0.0000000000
64582  48.306  -9.102  -7.710 0.0000000000
64594  49.480  -8.314  -8.156 0.0000000000
64595  48.680  -8.629  -8.300 0.0000000000
64596  47.750  -9.000  -8.457 0.0000000000
64597  46.964  -9.221  -8.897 0.0000000000
64606  49.131  -8.238  -8.851 0.0000000000
64607  48.391  -8.343  -9.400 0.0000000000
64608  47.399  -8.861  -9.578 0.0000000000
64622  48.325  -8.092  -10.121 0.0000000000
64623  47.776  -8.206  -10.460 0.0000000000
64624  46.644  -8.751  -10.600 0.0000000000
64638  47.599  -7.805  -11.111 0.0000000000
64639  47.052  -8.018  -11.175 0.0000000000
65811  52.941  -7.546  -7.468 0.0000000000
65812  52.155  -7.657  -7.471 0.0000000000
65813  51.412  -7.838  -7.542 0.0000000000
65814  50.733  -8.039  -7.630 0.0000000000
65828  57.467  -7.382  -8.379 0.0000000000
65829  56.339  -7.163  -8.538 0.0000000000
65830  55.189  -7.177  -8.330 0.0000000000
65831  54.186  -7.242  -8.274 0.0000000000
65832  53.266  -7.209  -8.135 0.0000000000
65833  52.478  -7.285  -8.060 0.0000000000
65834  51.738  -7.360  -8.207 0.0000000000
65835  50.956  -7.583  -8.152 0.0000000000
65836  50.238  -7.893  -8.153 0.0000000000
65845  59.088  -7.241  -9.069 0.0000000000
65846  58.093  -7.157  -9.065 0.0000000000
65847  57.149  -7.023  -9.063 0.0000000000
65848  56.598  -6.902  -9.076 0.0000000000
65849  51.240  -7.231  -8.706 0.0000000000
65850  50.632  -7.405  -8.937 0.0000000000
65851  49.834  -7.817  -8.999 0.0000000000
65852  49.229  -7.987  -9.500 0.0000000000
65861  50.279  -7.376  -9.467 0.0000000000
65862  49.834  -7.457  -10.037 0.0000000000
65863  48.843  -7.897  -10.256 0.0000000000
65864  48.302  -7.942  -10.482 0.0000000000
65877  49.909  -7.132  -10.725 0.0000000000
65878  49.330  -7.272  -10.905 0.0000000000
65879  48.229  -7.521  -11.116 0.0000000000
65880  47.267  -7.301  -11.492 0.0000000000
67228  56.212  -6.782  -9.151 0.0000000000
67229  55.518  -6.789  -9.023 0.0000000000
67230  54.568  -6.854  -8.961 0.0000000000
67231  53.609  -6.826  -8.852 0.0000000000
67232  52.701  -6.831  -8.648 0.0000000000
67233  52.168  -7.040  -8.487 0.0000000000
67240  62.916  -6.710  -9.733 0.0000000000
67241  61.838  -6.927  -9.890 0.0000000000
67242  60.759  -6.987  -9.898 0.0000000000
67243  59.719  -6.912  -9.833 0.0000000000
67244  58.721  -6.782  -9.750 0.0000000000
67245  57.733  -6.766  -9.728 0.0000000000
67246  56.754  -6.703  -9.622 0.0000000000
67247  55.896  -6.574  -9.661 0.0000000000
67248  54.955  -6.531  -9.733 0.0000000000
67249  54.044  -6.529  -9.547 0.0000000000
67250  53.032  -6.370  -9.585 0.0000000000
67251  51.812  -6.719  -9.046 0.0000000000
67252  51.121  -7.054  -9.163 0.0000000000
67258  63.903  -5.664  -9.770 0.0000000000
67259  63.371  -5.898  -10.037 0.0000000000
67260  62.441  -6.182  -10.361 0.0000000000
67261  61.412  -6.372  -10.509 0.0000000000
67262  60.380  -6.401  -10.514 0.0000000000
67263  59.374  -6.372  -10.480 0.0000000000
67264  58.377  -6.383  -10.459 0.0000000000
67265  57.379  -6.406  -10.418 0.0000000000
67266  56.424  -6.387  -10.346 0.0000000000
67267  55.598  -6.360  -10.277 0.0000000000
67268  52.895  -6.203  -10.269 0.0000000000
67269  52.159  -6.238  -10.327 0.0000000000
67270  50.811  -6.827  -9.942 0.0000000000
67271  50.216  -7.038  -10.526 0.0000000000
67283  51.969  -5.977  -11.047 0.0000000000
67284  51.346  -6.157  -11.026 0.0000000000
67285  50.140  -6.565  -11.375 0.0000000000
67286  48.848  -6.696  -11.690 0.0000000000
67302  49.829  -5.957  -12.053 0.0000000000
67303  49.258  -6.037  -12.161 0.0000000000
67304  48.363  -5.989  -12.240 0.0000000000
68591  54.395  -6.362  -10.026 0.0000000000
68592  53.892  -6.208  -10.150 0.0000000000
68593  53.359  -6.142  -10.339 0.0000000000
68598  63.797  -5.162  -10.033 0.0000000000
68599  62.947  -5.158  -10.466 0.0000000000
68600  61.994  -5.580  -10.848 0.0000000000
68601  61.045  -5.732  -11.041 0.0000000000
68602  60.056  -5.753  -11.068 0.0000000000
68603  59.057  -5.826  -11.134 0.0000000000
68604  58.040  -5.874  -11.114 0.0000000000
68605  57.029  -5.893  -11.015 0.0000000000
68606  56.018  -5.961  -10.926 0.0000000000
68607  54.843  -6.050  -10.642 0.0000000000
68608  53.918  -5.725  -10.744 0.0000000000
68609  53.077  -5.896  -10.864 0.0000000000
68610  52.408  -5.861  -11.126 0.0000000000
68622  62.331  -4.802  -10.895 0.0000000000
68623  61.645  -4.952  -11.291 0.0000000000
68624  60.738  -5.030  -11.501 0.0000000000
68625  59.760  -5.066  -11.569 0.0000000000
68626  58.747  -5.072  -11.577 0.0000000000
68627  57.714  -5.098  -11.474 0.0000000000
68628  56.700  -5.189  -11.387 0.0000000000
68629  55.679  -5.312  -11.394 0.0000000000
68630  54.679  -5.248  -11.345 0.0000000000
68631  53.780  -5.219  -11.400 0.0000000000
68632  52.909  -5.385  -11.607 0.0000000000
68633  51.893  -5.473  -11.657 0.0000000000
68634  50.912  -5.683  -11.756 0.0000000000
68635  50.237  -5.786  -12.057 0.0000000000
68648  51.243  -5.097  -12.136 0.0000000000
68649  50.554  -5.232  -12.432 0.0000000000
68650  49.657  -5.435  -12.573 0.0000000000
69922  63.843  -4.249  -10.288 0.0000000000
69923  62.907  -4.134  -10.648 0.0000000000
69935  62.148  -4.106  -11.080 0.0000000000
69936  61.333  -4.151  -11.417 0.0000000000
69937  60.423  -4.187  -11.635 0.0000000000
69938  59.484  -4.236  -11.911 0.0000000000
69939  58.423  -4.245  -12.090 0.0000000000
69940  57.365  -4.457  -11.891 0.0000000000
69941  56.427  -4.582  -11.897 0.0000000000
69942  55.485  -4.686  -12.006 0.0000000000
69943  54.537  -4.707  -12.074 0.0000000000
69944  53.594  -4.744  -12.172 0.0000000000
69945  52.617  -4.847  -12.280 0.0000000000
69946  51.808  -4.877  -12.352 0.0000000000
69958  57.813  -3.831  -12.290 0.0000000000
69959  57.081  -3.876  -12.285 0.0000000000
69960  56.236  -3.968  -12.441 0.0000000000
69961  55.331  -4.022  -12.606 0.0000000000
69962  54.377  -4.078  -12.750 0.0000000000
69963  53.336  -4.181  -13.027 0.0000000000
69964  52.201  -4.376  -12.978 0.0000000000
69965  51.144  -4.597  -12.880 0.0000000000
69966  50.045  -4.675  -13.061 0.0000000000
69980  52.658  -3.603  -13.525 0.0000000000
69981  51.585  -3.725  -13.471 0.0000000000
71252  62.741  -3.252  -10.879 0.0000000000
71261  61.961  -3.284  -11.314 0.0000000000
71262  61.057  -3.267  -11.453 0.0000000000
71263  60.111  -3.301  -11.610 0.0000000000
71264  59.222  -3.321  -11.908 0.0000000000
71265  58.411  -3.237  -12.131 0.0000000000
71277  57.673  -3.142  -12.338 0.0000000000
71278  56.897  -3.168  -12.555 0.0000000000
71279  56.063  -3.210  -12.811 0.0000000000
71280  55.175  -3.290  -13.196 0.0000000000
71281  54.218  -3.483  -13.329 0.0000000000
71282  53.503  -3.422  -13.514 0.0000000000
71296  54.712  -2.913  -13.524 0.0000000000
71297  54.045  -2.869  -13.715 0.0000000000
71298  53.167  -2.867  -13.897 0.0000000000
72584  62.557  -2.568  -11.189 0.0000000000
72591  61.823  -2.286  -11.420 0.0000000000
72592  60.749  -2.378  -11.489 0.0000000000
72593  59.821  -2.461  -11.647 0.0000000000
72594  59.007  -2.509  -11.892 0.0000000000
72595  58.260  -2.416  -12.093 0.0000000000
72605  57.485  -2.357  -12.354 0.0000000000
72606  56.701  -2.417  -12.702 0.0000000000
72607  55.911  -2.400  -13.132 0.0000000000
72608  55.235  -2.594  -13.453 0.0000000000
72619  55.475  -2.121  -13.567 0.0000000000
72620  54.734  -2.300  -13.773 0.0000000000
72621  53.795  -2.191  -14.236 0.0000000000
74011  62.269  -1.265  -11.467 0.0000000000
74012  61.378  -1.508  -11.581 0.0000000000
74013  60.442  -1.561  -11.743 0.0000000000
74014  59.541  -1.831  -11.894 0.0000000000
74015  58.853  -1.905  -12.035 0.0000000000
74023  59.929  -1.270  -12.101 0.0000000000
74024  59.237  -1.357  -12.226 0.0000000000
74025  58.293  -1.519  -12.443 0.0000000000
74026  57.299  -1.763  -12.686 0.0000000000
74027  56.601  -1.863  -12.977 0.0000000000
74040  57.773  -1.213  -12.987 0.0000000000
74041  57.116  -1.451  -13.293 0.0000000000
74042  56.211  -1.645  -13.743 0.0000000000
74043  55.266  -1.789  -14.029 0.0000000000
74044  54.537  -1.804  -14.250 0.0000000000
74060  55.678  -1.367  -14.465 0.0000000000
74061  54.883  -1.316  -14.577 0.0000000000
74062  53.893  -1.277  -14.644 0.0000000000
75316  61.200  -0.967  -11.865 0.0000000000
75325  61.691  -0.359  -12.244 0.0000000000
75326  60.656  -0.771  -12.284 0.0000000000
75327  59.782  -0.810  -12.496 0.0000000000
75328  59.043  -0.846  -12.590 0.0000000000
75336  61.245  -0.177  -12.896 0.0000000000
75337  60.387  -0.367  -13.013 0.0000000000
75338  59.533  -0.454  -13.119 0.0000000000
75339  58.544  -0.588  -13.254 0.0000000000
75340  57.643  -0.833  -13.545 0.0000000000
75341  57.003  -1.094  -13.910 0.0000000000
75354  58.088  -0.344  -13.935 0.0000000000
75355  57.422  -0.510  -14.224 0.0000000000
75356  56.484  -0.764  -14.692 0.0000000000
75357  55.412  -0.801  -15.015 0.0000000000
75358  54.474  -0.592  -15.002 0.0000000000
75373  55.856  -0.180  -15.301 0.0000000000
75374  55.037  -0.012  -15.321 0.0000000000
76587  61.742  0.364  -13.380 0.0000000000
76588  60.943  0.192  -13.539 0.0000000000
76589  60.109  0.007  -13.693 0.0000000000
76590  59.351  -0.104  -13.730 0.0000000000
76602  61.542  0.732  -14.022 0.0000000000
76603  60.622  0.623  -14.152 0.0000000000
76604  59.726  0.477  -14.277 0.0000000000
76605  58.796  0.141  -14.183 0.0000000000
76606  57.967  0.118  -14.502 0.0000000000
76607  57.232  -0.019  -14.755 0.0000000000
76623  59.272  0.681  -14.684 0.0000000000
76624  58.603  0.660  -14.911 0.0000000000
76625  57.679  0.606  -15.137 0.0000000000
76626  56.636  0.390  -15.310 0.0000000000
77854  61.193  1.231  -14.593 0.0000000000
77855  60.222  1.051  -14.679 0.0000000000
77856  59.686  0.873  -14.730 0.0000000000
77871  60.632  1.670  -15.131 0.0000000000
77872  59.482  1.271  -15.196 0.0000000000
77873  58.308  1.310  -15.469 0.0000000000
