#!ascii label  , from subject Broad_82_YZ vox2ras=TkReg
401
115261  9.329  39.938  -34.872 0.0000000000
115277  9.287  39.911  -35.220 0.0000000000
116067  10.119  40.828  -35.082 0.0000000000
116068  9.607  40.391  -34.671 0.0000000000
116080  10.163  41.052  -35.504 0.0000000000
116081  9.553  40.448  -35.836 0.0000000000
116093  9.250  40.392  -36.927 0.0000000000
116872  10.385  41.835  -34.042 0.0000000000
116873  9.886  41.216  -33.859 0.0000000000
116886  10.507  41.600  -34.993 0.0000000000
116887  10.166  41.120  -34.498 0.0000000000
116899  10.167  41.546  -36.155 0.0000000000
116900  9.720  40.836  -36.505 0.0000000000
116914  10.047  42.032  -37.313 0.0000000000
116915  9.641  41.127  -37.194 0.0000000000
116927  9.697  42.449  -37.821 0.0000000000
117568  10.082  42.859  -32.849 0.0000000000
117582  10.442  42.743  -33.505 0.0000000000
117583  9.975  42.083  -33.299 0.0000000000
117594  11.112  43.066  -34.747 0.0000000000
117595  10.806  42.622  -34.379 0.0000000000
117605  11.240  43.271  -35.061 0.0000000000
117606  10.825  42.730  -35.433 0.0000000000
117619  10.520  42.733  -36.582 0.0000000000
117632  10.084  43.003  -37.463 0.0000000000
117633  9.464  43.050  -38.350 0.0000000000
118187  10.412  43.677  -32.877 0.0000000000
118188  9.686  43.481  -32.454 0.0000000000
118202  11.248  44.218  -33.848 0.0000000000
118203  10.924  43.511  -33.780 0.0000000000
118214  11.347  43.758  -34.537 0.0000000000
118215  11.066  43.208  -34.350 0.0000000000
118225  11.279  43.780  -35.475 0.0000000000
118226  10.833  43.433  -36.110 0.0000000000
118242  11.077  44.094  -36.223 0.0000000000
118243  10.582  43.845  -36.905 0.0000000000
118258  9.954  43.970  -37.886 0.0000000000
118259  9.557  43.776  -38.428 0.0000000000
118271  9.573  44.258  -38.480 0.0000000000
118807  10.365  44.455  -32.758 0.0000000000
118808  9.827  44.405  -32.502 0.0000000000
118821  11.311  44.672  -33.683 0.0000000000
118822  10.888  44.558  -33.236 0.0000000000
118833  11.568  44.697  -34.134 0.0000000000
118844  11.750  44.679  -34.963 0.0000000000
118861  11.451  44.766  -35.868 0.0000000000
118862  11.001  44.795  -36.643 0.0000000000
118876  10.483  44.954  -37.467 0.0000000000
118886  9.847  44.915  -38.260 0.0000000000
119512  10.209  45.226  -32.684 0.0000000000
119527  11.416  45.254  -33.603 0.0000000000
119528  10.911  45.558  -33.086 0.0000000000
119542  12.174  46.154  -34.489 0.0000000000
119543  11.990  45.739  -34.299 0.0000000000
119558  12.179  46.141  -34.765 0.0000000000
119559  11.881  45.719  -35.373 0.0000000000
119575  11.404  45.701  -36.381 0.0000000000
119576  10.920  45.485  -36.970 0.0000000000
119590  11.125  46.065  -36.997 0.0000000000
119591  10.650  45.934  -37.409 0.0000000000
119600  10.069  45.802  -37.987 0.0000000000
120237  11.514  46.388  -33.406 0.0000000000
120238  10.360  46.400  -32.709 0.0000000000
120255  12.240  46.628  -34.423 0.0000000000
120256  12.059  46.383  -33.919 0.0000000000
120270  12.206  46.612  -35.222 0.0000000000
120271  11.850  46.549  -35.976 0.0000000000
120284  11.431  46.645  -36.708 0.0000000000
120296  11.007  46.670  -37.332 0.0000000000
120297  10.424  46.643  -37.840 0.0000000000
120944  12.142  47.902  -33.689 0.0000000000
120945  11.814  47.585  -33.483 0.0000000000
120946  10.845  47.439  -32.953 0.0000000000
120963  12.327  47.635  -34.013 0.0000000000
120964  12.089  46.903  -33.781 0.0000000000
120975  12.505  47.553  -35.000 0.0000000000
120976  12.196  47.202  -35.693 0.0000000000
120992  12.318  47.882  -35.793 0.0000000000
120993  11.888  47.482  -36.402 0.0000000000
121005  11.409  47.422  -37.174 0.0000000000
121006  10.834  47.416  -37.701 0.0000000000
121016  10.292  47.426  -38.254 0.0000000000
121632  12.177  48.507  -33.598 0.0000000000
121633  11.281  48.401  -33.064 0.0000000000
121634  10.202  48.378  -32.725 0.0000000000
121656  12.600  48.521  -34.438 0.0000000000
121672  12.602  48.616  -35.423 0.0000000000
121688  12.280  48.585  -36.445 0.0000000000
121689  11.860  48.086  -37.062 0.0000000000
121699  12.012  48.789  -37.276 0.0000000000
121700  11.279  48.354  -37.673 0.0000000000
121701  10.686  48.007  -38.035 0.0000000000
121709  10.775  48.496  -38.097 0.0000000000
121710  10.257  48.393  -38.475 0.0000000000
122278  12.279  49.421  -33.460 0.0000000000
122279  11.764  49.332  -33.066 0.0000000000
122280  10.717  49.248  -32.655 0.0000000000
122299  12.585  49.429  -33.932 0.0000000000
122318  12.777  49.519  -34.858 0.0000000000
122334  12.575  49.739  -35.974 0.0000000000
122346  12.207  49.604  -36.950 0.0000000000
122347  11.604  49.473  -37.601 0.0000000000
122355  10.833  49.276  -38.158 0.0000000000
122356  9.952  49.512  -38.671 0.0000000000
122936  12.258  50.979  -32.651 0.0000000000
122937  11.611  50.851  -32.500 0.0000000000
122938  10.494  50.833  -32.417 0.0000000000
122960  13.069  51.088  -33.548 0.0000000000
122961  12.509  50.435  -33.202 0.0000000000
122962  11.246  50.113  -32.644 0.0000000000
122984  13.074  50.818  -33.883 0.0000000000
122985  12.892  50.277  -34.243 0.0000000000
123001  13.141  50.955  -34.489 0.0000000000
123002  12.932  50.638  -35.229 0.0000000000
123014  12.572  50.868  -36.148 0.0000000000
123015  12.170  51.075  -36.698 0.0000000000
123030  12.283  50.388  -36.632 0.0000000000
123031  11.736  50.647  -37.277 0.0000000000
123032  11.037  50.966  -37.764 0.0000000000
123042  11.168  50.189  -37.860 0.0000000000
123043  10.470  50.575  -38.302 0.0000000000
123593  12.831  51.784  -32.427 0.0000000000
123594  12.031  51.503  -32.265 0.0000000000
123595  10.841  51.504  -32.128 0.0000000000
123612  13.162  51.671  -33.136 0.0000000000
123613  12.617  51.253  -32.728 0.0000000000
123633  13.288  51.549  -34.075 0.0000000000
123649  13.207  51.590  -34.986 0.0000000000
123650  12.810  51.631  -35.745 0.0000000000
123662  12.328  51.732  -36.388 0.0000000000
123663  11.820  51.720  -36.933 0.0000000000
123676  11.255  51.713  -37.458 0.0000000000
123677  10.593  51.717  -37.957 0.0000000000
124242  13.459  53.162  -31.871 0.0000000000
124243  12.925  52.934  -31.563 0.0000000000
124244  11.805  52.900  -31.390 0.0000000000
124258  13.366  52.590  -32.384 0.0000000000
124259  12.451  52.232  -31.869 0.0000000000
124260  11.296  52.162  -31.722 0.0000000000
124277  13.487  52.509  -33.146 0.0000000000
124289  13.520  52.476  -33.831 0.0000000000
124297  13.336  52.421  -34.708 0.0000000000
124298  12.985  52.458  -35.431 0.0000000000
124304  12.468  52.511  -36.036 0.0000000000
124305  11.923  52.546  -36.561 0.0000000000
124312  11.394  52.572  -37.080 0.0000000000
124892  13.950  54.062  -31.697 0.0000000000
124893  13.406  53.660  -31.454 0.0000000000
124894  12.395  53.650  -31.037 0.0000000000
124913  14.149  54.139  -31.997 0.0000000000
124914  13.861  53.662  -32.221 0.0000000000
124931  13.700  53.424  -33.315 0.0000000000
124940  13.312  53.494  -34.589 0.0000000000
124941  12.894  54.069  -35.058 0.0000000000
124948  13.144  53.005  -35.162 0.0000000000
124949  12.494  53.577  -35.636 0.0000000000
124950  11.844  54.146  -36.042 0.0000000000
124957  12.108  53.085  -36.259 0.0000000000
124958  11.396  53.645  -36.597 0.0000000000
125537  13.338  54.818  -30.680 0.0000000000
125538  12.614  54.525  -30.667 0.0000000000
125553  14.251  54.575  -31.787 0.0000000000
125554  13.667  54.480  -31.122 0.0000000000
125555  13.090  54.017  -30.973 0.0000000000
125573  14.209  54.417  -32.361 0.0000000000
125574  13.975  54.263  -32.929 0.0000000000
125590  13.768  54.293  -33.407 0.0000000000
125600  13.495  54.361  -33.958 0.0000000000
125601  12.981  54.524  -34.631 0.0000000000
125608  12.530  54.611  -35.206 0.0000000000
125609  11.988  54.650  -35.685 0.0000000000
126146  14.042  55.971  -29.902 0.0000000000
126147  13.571  55.893  -29.826 0.0000000000
126148  12.481  55.895  -29.834 0.0000000000
126168  14.096  55.687  -30.282 0.0000000000
126169  13.161  55.268  -30.272 0.0000000000
126170  11.951  55.308  -30.264 0.0000000000
126192  14.352  55.360  -31.278 0.0000000000
126193  13.785  55.084  -30.701 0.0000000000
126207  14.399  55.293  -32.437 0.0000000000
126208  14.139  54.770  -32.791 0.0000000000
126223  14.152  55.744  -33.014 0.0000000000
126224  13.798  55.165  -33.382 0.0000000000
126230  13.110  55.252  -34.241 0.0000000000
126231  12.574  55.337  -34.781 0.0000000000
126237  12.092  55.415  -35.302 0.0000000000
126721  14.245  56.487  -29.733 0.0000000000
126722  13.046  56.406  -29.286 0.0000000000
126723  11.814  56.558  -29.430 0.0000000000
126739  14.707  56.389  -30.801 0.0000000000
126761  14.880  56.285  -31.935 0.0000000000
126781  14.371  56.305  -32.775 0.0000000000
126796  13.839  56.259  -33.361 0.0000000000
126797  13.066  56.283  -34.097 0.0000000000
126798  12.472  56.839  -34.337 0.0000000000
126809  12.684  55.809  -34.483 0.0000000000
126810  12.015  56.359  -34.797 0.0000000000
127274  14.613  58.068  -28.801 0.0000000000
127275  14.071  57.873  -28.627 0.0000000000
127276  12.959  57.806  -28.575 0.0000000000
127285  15.266  58.327  -29.456 0.0000000000
127286  14.788  57.755  -29.260 0.0000000000
127287  13.624  57.196  -28.978 0.0000000000
127288  12.376  57.095  -28.813 0.0000000000
127302  15.362  58.134  -29.973 0.0000000000
127303  15.089  57.299  -30.291 0.0000000000
127315  15.403  58.019  -30.720 0.0000000000
127316  15.121  57.446  -31.436 0.0000000000
127336  14.515  57.360  -32.567 0.0000000000
127337  13.894  57.619  -33.227 0.0000000000
127357  14.097  56.937  -33.183 0.0000000000
127358  13.465  57.106  -33.581 0.0000000000
127359  12.708  57.338  -33.992 0.0000000000
127368  12.050  57.339  -34.380 0.0000000000
127829  14.973  58.836  -28.547 0.0000000000
127830  14.581  58.514  -28.483 0.0000000000
127831  13.508  58.349  -28.210 0.0000000000
127846  15.183  58.653  -28.919 0.0000000000
127847  14.858  58.216  -28.848 0.0000000000
127861  15.466  58.857  -29.691 0.0000000000
127874  15.482  58.797  -30.504 0.0000000000
127875  15.235  58.616  -31.322 0.0000000000
127890  14.642  58.453  -32.110 0.0000000000
127891  13.957  58.427  -32.914 0.0000000000
127912  13.119  58.154  -33.510 0.0000000000
127913  12.028  58.270  -33.988 0.0000000000
128385  14.311  59.689  -27.501 0.0000000000
128386  13.380  59.479  -27.348 0.0000000000
128402  14.971  59.395  -28.231 0.0000000000
128403  14.048  58.909  -27.755 0.0000000000
128421  15.502  59.729  -29.173 0.0000000000
128437  15.584  59.654  -30.179 0.0000000000
128453  15.349  59.594  -31.067 0.0000000000
128454  14.764  59.455  -31.792 0.0000000000
128471  14.097  59.402  -32.482 0.0000000000
128472  13.021  59.374  -33.028 0.0000000000
128473  12.435  59.948  -33.204 0.0000000000
128494  12.543  58.820  -33.536 0.0000000000
128495  11.981  59.464  -33.628 0.0000000000
128956  14.941  61.318  -26.515 0.0000000000
128957  14.173  61.014  -26.531 0.0000000000
128958  13.087  60.750  -26.488 0.0000000000
128974  15.069  60.523  -27.179 0.0000000000
128975  13.840  60.189  -26.935 0.0000000000
128988  15.509  60.508  -28.302 0.0000000000
128999  15.582  60.737  -29.136 0.0000000000
129014  15.583  60.535  -29.863 0.0000000000
129027  15.391  60.498  -30.674 0.0000000000
129028  14.769  60.500  -31.461 0.0000000000
129029  14.073  60.743  -31.896 0.0000000000
129045  14.310  60.134  -32.099 0.0000000000
129046  13.528  60.402  -32.418 0.0000000000
129047  12.644  60.435  -32.810 0.0000000000
129512  14.332  62.278  -25.367 0.0000000000
129513  13.698  62.124  -25.345 0.0000000000
129533  15.153  61.769  -26.263 0.0000000000
129534  14.567  61.763  -25.850 0.0000000000
129535  13.423  61.458  -25.940 0.0000000000
129553  15.393  61.676  -26.782 0.0000000000
129558  15.665  61.491  -27.643 0.0000000000
129567  15.646  61.529  -28.690 0.0000000000
129582  15.480  61.488  -29.649 0.0000000000
129583  15.196  61.771  -30.213 0.0000000000
129600  15.373  61.153  -30.271 0.0000000000
129601  14.888  61.444  -30.792 0.0000000000
129602  14.131  61.471  -31.438 0.0000000000
129603  13.435  61.813  -31.752 0.0000000000
129620  13.617  61.190  -32.011 0.0000000000
129621  12.825  61.435  -32.371 0.0000000000
130066  13.813  63.285  -24.442 0.0000000000
130067  13.303  63.213  -24.306 0.0000000000
130077  14.964  62.771  -25.291 0.0000000000
130078  14.206  62.878  -24.807 0.0000000000
130095  15.904  62.873  -26.535 0.0000000000
130096  15.413  62.472  -25.995 0.0000000000
130097  14.754  62.391  -25.433 0.0000000000
130115  16.030  62.834  -26.789 0.0000000000
130116  15.914  62.503  -26.996 0.0000000000
130123  15.794  62.525  -28.085 0.0000000000
130132  15.340  62.548  -29.288 0.0000000000
130133  14.875  63.056  -29.618 0.0000000000
130146  15.268  62.124  -29.904 0.0000000000
130147  14.643  62.592  -30.266 0.0000000000
130148  13.913  63.094  -30.578 0.0000000000
130165  14.354  62.016  -30.918 0.0000000000
130166  13.718  62.555  -31.118 0.0000000000
130167  12.884  62.414  -31.797 0.0000000000
130610  13.169  64.222  -23.567 0.0000000000
130622  14.715  63.999  -24.427 0.0000000000
130623  13.889  63.787  -24.148 0.0000000000
130632  15.221  63.483  -25.055 0.0000000000
130633  14.549  63.517  -24.604 0.0000000000
130644  16.084  63.118  -26.728 0.0000000000
130645  15.905  63.501  -26.154 0.0000000000
130666  16.136  62.965  -26.950 0.0000000000
130667  16.050  63.453  -27.203 0.0000000000
130682  15.319  63.700  -28.525 0.0000000000
130683  14.675  64.320  -28.780 0.0000000000
130692  14.992  63.263  -29.254 0.0000000000
130693  14.333  63.773  -29.550 0.0000000000
130694  13.601  64.243  -29.795 0.0000000000
130707  14.059  63.362  -30.285 0.0000000000
130708  13.145  63.811  -30.508 0.0000000000
130728  13.009  63.061  -31.364 0.0000000000
131130  13.633  64.782  -23.504 0.0000000000
131140  15.215  64.600  -24.467 0.0000000000
131141  14.461  64.686  -23.921 0.0000000000
131146  16.144  65.119  -25.764 0.0000000000
131147  15.877  64.604  -25.321 0.0000000000
131152  16.184  65.192  -26.077 0.0000000000
131153  16.069  64.657  -26.390 0.0000000000
131167  15.660  64.651  -27.481 0.0000000000
131183  14.995  64.963  -28.211 0.0000000000
131184  14.083  64.916  -28.880 0.0000000000
131185  13.592  65.384  -29.089 0.0000000000
131190  13.788  64.465  -29.471 0.0000000000
131191  13.111  64.903  -29.601 0.0000000000
131192  12.480  65.394  -29.819 0.0000000000
131203  12.797  64.526  -30.109 0.0000000000
131603  14.032  65.600  -23.441 0.0000000000
131604  13.168  65.665  -23.011 0.0000000000
131610  15.553  65.524  -24.586 0.0000000000
131611  14.846  65.535  -23.940 0.0000000000
131614  16.163  65.605  -25.874 0.0000000000
131615  15.997  65.607  -25.290 0.0000000000
131618  16.070  65.416  -26.315 0.0000000000
131619  15.805  65.403  -26.815 0.0000000000
131629  15.336  65.696  -27.565 0.0000000000
131630  15.141  66.228  -27.713 0.0000000000
131649  15.031  65.532  -27.991 0.0000000000
131650  14.689  65.933  -28.101 0.0000000000
131651  13.842  65.892  -28.652 0.0000000000
131659  13.301  65.894  -29.173 0.0000000000
131660  12.672  65.912  -29.547 0.0000000000
132057  14.296  66.479  -23.551 0.0000000000
132058  13.460  66.539  -23.040 0.0000000000
132063  15.661  66.457  -24.811 0.0000000000
132064  15.037  66.444  -24.141 0.0000000000
132067  16.035  65.899  -26.214 0.0000000000
132068  15.961  66.375  -25.688 0.0000000000
132070  15.898  65.743  -26.486 0.0000000000
132071  15.714  66.268  -26.619 0.0000000000
132077  15.356  66.567  -27.327 0.0000000000
132078  15.057  66.717  -27.758 0.0000000000
132095  14.736  66.858  -28.059 0.0000000000
132096  14.286  66.721  -28.439 0.0000000000
132105  13.664  66.697  -28.892 0.0000000000
132106  13.110  66.708  -29.431 0.0000000000
132472  14.421  67.332  -23.854 0.0000000000
132473  13.625  67.441  -23.306 0.0000000000
132474  12.797  67.500  -22.702 0.0000000000
132482  15.547  67.331  -25.185 0.0000000000
132483  15.062  67.336  -24.451 0.0000000000
132486  15.686  67.229  -26.023 0.0000000000
132488  15.447  67.206  -26.781 0.0000000000
132494  15.225  67.266  -27.372 0.0000000000
132495  14.946  67.399  -27.741 0.0000000000
132508  14.621  67.512  -28.163 0.0000000000
132509  14.145  67.503  -28.686 0.0000000000
132519  13.597  67.508  -29.254 0.0000000000
132520  13.036  67.502  -29.758 0.0000000000
132839  14.442  67.960  -24.235 0.0000000000
132840  13.774  68.272  -23.797 0.0000000000
132841  12.808  68.501  -23.180 0.0000000000
132854  15.318  67.923  -25.611 0.0000000000
132855  14.739  68.291  -24.902 0.0000000000
132856  14.077  68.514  -24.339 0.0000000000
132860  15.295  67.934  -26.299 0.0000000000
132861  14.852  68.544  -25.783 0.0000000000
132864  15.177  67.865  -27.009 0.0000000000
132865  14.860  68.582  -26.575 0.0000000000
132871  15.062  67.717  -27.419 0.0000000000
132872  14.798  68.265  -27.482 0.0000000000
132884  14.495  68.320  -28.272 0.0000000000
132885  14.044  68.340  -28.924 0.0000000000
132898  13.432  68.420  -29.650 0.0000000000
132899  12.974  68.011  -29.997 0.0000000000
132910  13.229  68.961  -29.968 0.0000000000
133251  13.657  68.792  -24.178 0.0000000000
133252  13.068  69.166  -23.954 0.0000000000
133265  14.269  69.038  -25.383 0.0000000000
133266  13.667  69.175  -24.722 0.0000000000
133267  12.837  69.689  -24.540 0.0000000000
133276  14.397  69.278  -26.031 0.0000000000
133277  13.637  69.799  -25.583 0.0000000000
133278  12.975  69.933  -25.082 0.0000000000
133281  14.384  69.386  -26.845 0.0000000000
133282  13.951  69.903  -26.228 0.0000000000
133285  14.470  69.142  -27.661 0.0000000000
133294  14.316  69.127  -28.387 0.0000000000
133295  13.939  69.208  -29.028 0.0000000000
133307  13.503  69.423  -29.580 0.0000000000
133689  13.517  70.320  -26.034 0.0000000000
133697  14.238  69.762  -27.245 0.0000000000
133698  13.599  70.453  -26.813 0.0000000000
133702  14.195  69.854  -27.754 0.0000000000
133703  13.802  70.496  -28.014 0.0000000000
133713  14.110  69.790  -28.451 0.0000000000
133714  13.834  70.113  -28.967 0.0000000000
133726  13.393  70.334  -29.663 0.0000000000
134125  13.427  71.192  -28.735 0.0000000000
