#!ascii label  , from subject Broad_82_YZ vox2ras=TkReg
1020
63422  39.109  -9.433  -11.685 0.0000000000
63445  39.876  -9.274  -12.856 0.0000000000
63446  39.225  -9.589  -12.663 0.0000000000
63447  38.234  -10.037  -12.394 0.0000000000
63469  40.141  -9.175  -13.456 0.0000000000
63470  39.477  -9.507  -13.512 0.0000000000
63471  38.609  -9.774  -13.510 0.0000000000
63472  37.635  -9.891  -13.561 0.0000000000
63473  36.647  -9.493  -13.600 0.0000000000
63474  35.983  -9.159  -13.273 0.0000000000
63483  40.324  -9.072  -13.916 0.0000000000
63484  39.859  -9.277  -14.272 0.0000000000
63485  38.995  -9.556  -14.319 0.0000000000
63486  38.011  -9.656  -14.533 0.0000000000
63487  37.173  -9.460  -14.289 0.0000000000
63491  39.790  -9.172  -14.817 0.0000000000
63492  39.358  -9.298  -14.923 0.0000000000
63493  38.634  -9.411  -15.029 0.0000000000
64641  40.195  -8.114  -11.681 0.0000000000
64642  39.587  -8.572  -11.177 0.0000000000
64665  40.365  -8.591  -12.719 0.0000000000
64666  39.736  -8.929  -12.112 0.0000000000
64682  40.521  -8.772  -13.550 0.0000000000
64683  36.090  -8.831  -13.842 0.0000000000
64684  35.562  -8.392  -13.481 0.0000000000
64692  40.511  -8.755  -14.361 0.0000000000
64693  40.048  -9.087  -14.711 0.0000000000
64694  37.282  -9.140  -14.935 0.0000000000
64695  36.497  -8.708  -14.579 0.0000000000
64696  35.880  -8.317  -14.187 0.0000000000
64702  40.683  -8.375  -15.213 0.0000000000
64703  39.909  -8.931  -15.278 0.0000000000
64704  38.924  -9.045  -15.586 0.0000000000
64705  37.922  -9.086  -15.518 0.0000000000
64706  36.990  -8.531  -15.541 0.0000000000
64714  40.855  -8.209  -15.797 0.0000000000
64715  40.305  -8.445  -16.008 0.0000000000
64716  39.343  -8.538  -16.132 0.0000000000
64717  38.382  -8.524  -16.162 0.0000000000
64718  37.558  -8.409  -16.113 0.0000000000
65902  41.203  -7.202  -12.868 0.0000000000
65903  40.789  -7.549  -12.223 0.0000000000
65920  41.488  -7.222  -13.677 0.0000000000
65921  40.952  -8.056  -13.371 0.0000000000
65922  34.999  -7.522  -13.396 0.0000000000
65935  41.763  -7.205  -14.684 0.0000000000
65936  41.172  -7.952  -14.434 0.0000000000
65937  35.886  -8.012  -14.710 0.0000000000
65938  35.521  -7.568  -14.233 0.0000000000
65947  41.811  -7.254  -15.754 0.0000000000
65948  41.246  -7.837  -15.385 0.0000000000
65949  36.167  -7.800  -15.404 0.0000000000
65950  35.697  -7.466  -14.965 0.0000000000
65956  41.659  -7.183  -16.723 0.0000000000
65957  40.944  -7.831  -16.452 0.0000000000
65958  39.793  -8.021  -16.718 0.0000000000
65959  38.786  -8.013  -16.732 0.0000000000
65960  37.852  -7.936  -16.654 0.0000000000
65961  36.861  -7.681  -16.344 0.0000000000
65971  41.561  -6.967  -17.274 0.0000000000
65972  41.078  -7.214  -17.303 0.0000000000
65973  40.194  -7.475  -17.333 0.0000000000
65974  39.191  -7.521  -17.329 0.0000000000
65975  38.242  -7.472  -17.238 0.0000000000
65976  37.435  -7.323  -17.026 0.0000000000
67305  41.554  -6.375  -12.904 0.0000000000
67306  41.192  -6.816  -12.269 0.0000000000
67323  42.017  -6.403  -13.965 0.0000000000
67324  34.730  -6.758  -13.332 0.0000000000
67341  43.121  -5.949  -15.384 0.0000000000
67342  42.601  -6.373  -15.034 0.0000000000
67343  35.128  -6.648  -13.920 0.0000000000
67356  42.923  -6.194  -16.031 0.0000000000
67357  42.311  -6.738  -16.265 0.0000000000
67358  35.737  -7.194  -15.377 0.0000000000
67359  35.478  -6.622  -14.956 0.0000000000
67365  42.602  -6.351  -16.941 0.0000000000
67366  41.993  -6.756  -17.129 0.0000000000
67367  35.854  -6.776  -16.052 0.0000000000
67368  35.532  -6.112  -15.612 0.0000000000
67373  42.183  -6.394  -17.592 0.0000000000
67374  41.435  -6.594  -17.823 0.0000000000
67375  40.491  -6.842  -17.871 0.0000000000
67376  39.577  -6.986  -17.911 0.0000000000
67377  38.614  -7.019  -17.874 0.0000000000
67378  37.660  -6.893  -17.662 0.0000000000
67379  36.640  -6.614  -17.160 0.0000000000
67389  40.725  -6.344  -18.365 0.0000000000
67390  39.951  -6.442  -18.451 0.0000000000
67391  39.032  -6.511  -18.484 0.0000000000
67392  38.063  -6.449  -18.373 0.0000000000
67393  37.129  -6.277  -18.112 0.0000000000
67394  36.572  -6.012  -17.787 0.0000000000
68654  42.223  -5.615  -13.312 0.0000000000
68666  42.857  -4.848  -13.734 0.0000000000
68667  42.584  -5.701  -14.247 0.0000000000
68668  34.666  -5.815  -13.410 0.0000000000
68679  43.850  -4.900  -15.079 0.0000000000
68680  43.327  -5.396  -14.763 0.0000000000
68681  42.832  -5.830  -14.650 0.0000000000
68682  35.207  -5.638  -14.241 0.0000000000
68696  43.886  -5.183  -15.600 0.0000000000
68697  43.471  -5.691  -15.840 0.0000000000
68698  35.478  -5.487  -15.143 0.0000000000
68706  44.532  -4.998  -17.042 0.0000000000
68707  44.086  -5.322  -16.594 0.0000000000
68708  43.294  -5.884  -16.818 0.0000000000
68709  35.948  -6.152  -16.730 0.0000000000
68710  35.569  -5.508  -16.231 0.0000000000
68716  44.269  -5.110  -17.424 0.0000000000
68717  43.656  -5.389  -17.709 0.0000000000
68718  42.752  -5.892  -17.786 0.0000000000
68719  42.036  -6.127  -18.177 0.0000000000
68720  35.982  -5.619  -17.313 0.0000000000
68721  35.528  -4.974  -16.916 0.0000000000
68725  43.100  -5.373  -18.449 0.0000000000
68726  42.321  -5.495  -18.769 0.0000000000
68727  41.350  -5.880  -18.697 0.0000000000
68728  40.402  -5.937  -18.985 0.0000000000
68729  39.483  -5.996  -19.085 0.0000000000
68730  38.518  -5.954  -19.039 0.0000000000
68731  37.556  -5.797  -18.844 0.0000000000
68732  36.685  -5.473  -18.437 0.0000000000
68736  41.669  -5.292  -19.361 0.0000000000
68737  40.904  -5.416  -19.499 0.0000000000
68738  39.970  -5.498  -19.826 0.0000000000
68739  38.969  -5.596  -19.752 0.0000000000
68740  37.998  -5.347  -19.697 0.0000000000
68741  37.108  -5.144  -19.270 0.0000000000
68742  36.642  -4.861  -18.953 0.0000000000
68747  39.279  -5.175  -20.304 0.0000000000
68748  38.529  -5.127  -20.256 0.0000000000
68749  38.089  -5.067  -20.170 0.0000000000
69986  43.664  -3.871  -14.086 0.0000000000
69987  43.367  -4.041  -13.802 0.0000000000
69988  34.857  -4.713  -13.684 0.0000000000
69989  34.166  -4.791  -13.049 0.0000000000
69995  44.356  -3.882  -14.993 0.0000000000
69996  43.853  -4.242  -14.643 0.0000000000
69997  43.305  -4.584  -14.226 0.0000000000
69998  35.337  -4.591  -14.469 0.0000000000
70010  44.478  -4.241  -15.439 0.0000000000
70011  44.192  -4.701  -15.500 0.0000000000
70012  35.579  -4.455  -15.410 0.0000000000
70023  45.182  -4.128  -16.918 0.0000000000
70024  44.723  -4.573  -16.453 0.0000000000
70025  44.243  -4.970  -16.012 0.0000000000
70026  35.642  -4.349  -16.418 0.0000000000
70033  45.087  -4.285  -17.331 0.0000000000
70034  44.690  -4.602  -17.720 0.0000000000
70035  44.135  -4.888  -18.032 0.0000000000
70036  36.138  -4.957  -17.948 0.0000000000
70037  35.790  -4.342  -17.420 0.0000000000
70043  44.332  -4.482  -18.521 0.0000000000
70044  43.643  -4.719  -18.756 0.0000000000
70045  42.944  -5.024  -19.081 0.0000000000
70046  36.283  -4.367  -18.517 0.0000000000
70047  35.923  -3.977  -18.027 0.0000000000
70051  43.164  -4.572  -19.515 0.0000000000
70052  42.368  -4.746  -19.817 0.0000000000
70053  41.382  -4.870  -20.038 0.0000000000
70054  40.637  -5.009  -20.131 0.0000000000
70055  37.858  -4.998  -20.106 0.0000000000
70056  37.447  -4.781  -19.937 0.0000000000
70057  36.711  -4.333  -19.491 0.0000000000
70061  41.827  -4.561  -20.920 0.0000000000
70062  40.939  -4.646  -20.775 0.0000000000
70063  39.973  -4.770  -20.660 0.0000000000
70064  38.897  -4.612  -20.868 0.0000000000
70065  37.949  -4.655  -20.523 0.0000000000
70066  37.162  -4.077  -20.435 0.0000000000
70067  36.699  -3.875  -20.043 0.0000000000
70074  41.263  -4.302  -21.501 0.0000000000
70075  40.448  -4.265  -21.416 0.0000000000
70076  39.562  -4.174  -21.395 0.0000000000
70077  38.831  -3.969  -21.465 0.0000000000
70078  38.153  -4.069  -21.184 0.0000000000
70079  37.632  -4.110  -20.870 0.0000000000
71288  43.380  -3.763  -13.436 0.0000000000
71305  43.749  -3.644  -13.780 0.0000000000
71306  43.472  -3.784  -13.638 0.0000000000
71307  35.045  -3.698  -13.870 0.0000000000
71308  34.358  -3.749  -13.250 0.0000000000
71314  45.145  -2.885  -14.866 0.0000000000
71315  44.514  -3.408  -14.503 0.0000000000
71316  43.908  -3.760  -14.215 0.0000000000
71317  35.571  -3.546  -14.596 0.0000000000
71325  45.267  -3.219  -15.402 0.0000000000
71326  44.813  -3.792  -15.392 0.0000000000
71327  36.419  -2.627  -15.769 0.0000000000
71328  36.008  -3.271  -15.614 0.0000000000
71339  45.340  -3.763  -16.364 0.0000000000
71340  44.905  -4.161  -15.857 0.0000000000
71341  36.398  -2.849  -16.323 0.0000000000
71342  36.005  -3.547  -16.761 0.0000000000
71350  45.457  -3.743  -17.550 0.0000000000
71351  45.176  -4.107  -18.012 0.0000000000
71352  36.391  -3.032  -17.047 0.0000000000
71353  36.047  -3.491  -17.658 0.0000000000
71360  45.346  -3.591  -18.393 0.0000000000
71361  44.846  -3.861  -18.818 0.0000000000
71362  44.181  -4.115  -19.119 0.0000000000
71363  36.358  -3.709  -18.884 0.0000000000
71364  36.125  -3.694  -18.327 0.0000000000
71370  44.268  -3.401  -19.626 0.0000000000
71371  43.651  -3.974  -19.721 0.0000000000
71372  43.081  -4.263  -20.157 0.0000000000
71373  36.490  -3.497  -19.588 0.0000000000
71378  43.913  -3.306  -20.290 0.0000000000
71379  43.364  -3.612  -20.740 0.0000000000
71380  42.635  -4.164  -20.905 0.0000000000
71381  37.109  -3.645  -20.673 0.0000000000
71382  36.810  -3.366  -20.426 0.0000000000
71385  42.886  -3.581  -21.529 0.0000000000
71386  42.047  -3.828  -22.117 0.0000000000
71387  40.876  -3.909  -22.183 0.0000000000
71388  39.967  -3.762  -22.049 0.0000000000
71389  39.180  -3.604  -21.918 0.0000000000
71390  38.384  -3.246  -21.824 0.0000000000
71391  37.423  -3.420  -21.095 0.0000000000
71392  36.965  -2.969  -20.870 0.0000000000
71399  41.843  -3.349  -23.379 0.0000000000
71400  41.165  -3.660  -23.029 0.0000000000
71401  40.227  -3.382  -22.963 0.0000000000
71402  39.408  -3.228  -22.498 0.0000000000
71403  38.880  -3.166  -22.238 0.0000000000
71412  41.634  -3.090  -23.864 0.0000000000
71413  41.148  -3.303  -23.725 0.0000000000
71414  40.646  -3.397  -23.482 0.0000000000
72614  34.229  -2.740  -12.640 0.0000000000
72630  35.233  -2.730  -13.905 0.0000000000
72631  34.734  -2.822  -13.383 0.0000000000
72642  35.772  -2.452  -14.536 0.0000000000
72648  46.210  -2.001  -15.638 0.0000000000
72649  45.660  -2.383  -15.338 0.0000000000
72650  36.716  -2.205  -15.984 0.0000000000
72651  36.393  -2.200  -15.242 0.0000000000
72659  46.299  -2.257  -16.193 0.0000000000
72660  45.857  -2.896  -16.268 0.0000000000
72661  36.687  -2.412  -16.778 0.0000000000
72670  46.281  -2.395  -17.164 0.0000000000
72671  45.910  -3.097  -17.299 0.0000000000
72672  36.328  -2.652  -17.671 0.0000000000
72673  36.173  -3.205  -18.203 0.0000000000
72680  46.145  -2.477  -17.967 0.0000000000
72681  45.725  -2.871  -18.450 0.0000000000
72682  45.225  -3.138  -18.899 0.0000000000
72683  36.376  -2.845  -18.727 0.0000000000
72684  36.270  -3.377  -18.548 0.0000000000
72691  45.364  -2.578  -19.200 0.0000000000
72692  44.813  -2.762  -19.481 0.0000000000
72693  36.485  -2.630  -19.764 0.0000000000
72699  44.351  -2.585  -20.465 0.0000000000
72700  43.856  -2.976  -20.944 0.0000000000
72701  36.685  -2.503  -20.598 0.0000000000
72706  44.131  -2.401  -21.580 0.0000000000
72707  43.435  -2.968  -21.672 0.0000000000
72708  42.838  -3.198  -22.176 0.0000000000
72709  38.234  -2.770  -22.159 0.0000000000
72710  37.756  -2.529  -21.998 0.0000000000
72711  37.070  -2.473  -21.262 0.0000000000
72715  43.731  -2.377  -22.263 0.0000000000
72716  43.177  -2.639  -22.498 0.0000000000
72717  42.584  -2.898  -23.021 0.0000000000
72718  40.039  -2.962  -23.296 0.0000000000
72719  39.660  -2.782  -23.054 0.0000000000
72720  38.605  -2.472  -22.603 0.0000000000
72721  37.925  -2.118  -22.489 0.0000000000
72729  42.107  -2.693  -24.083 0.0000000000
72730  41.271  -2.814  -24.134 0.0000000000
72731  40.320  -2.580  -23.730 0.0000000000
72732  39.311  -2.109  -23.285 0.0000000000
72733  38.813  -1.915  -23.075 0.0000000000
72742  41.958  -2.179  -24.528 0.0000000000
72743  41.476  -2.292  -24.455 0.0000000000
72744  40.921  -2.402  -24.296 0.0000000000
74016  34.916  -1.089  -11.063 0.0000000000
74017  34.493  -1.618  -11.908 0.0000000000
74032  35.045  -1.318  -12.993 0.0000000000
74033  34.811  -1.827  -12.900 0.0000000000
74052  35.187  -1.611  -13.613 0.0000000000
74053  34.988  -2.243  -13.461 0.0000000000
74069  35.729  -1.371  -14.651 0.0000000000
74079  36.795  -1.765  -16.469 0.0000000000
74080  36.338  -1.289  -15.765 0.0000000000
74086  47.201  -1.311  -16.552 0.0000000000
74087  46.673  -1.743  -15.967 0.0000000000
74088  36.734  -1.846  -17.218 0.0000000000
74089  36.474  -1.119  -16.815 0.0000000000
74090  36.381  -0.884  -17.048 0.0000000000
74098  47.085  -1.300  -17.581 0.0000000000
74099  46.674  -1.779  -16.961 0.0000000000
74100  36.401  -1.880  -18.063 0.0000000000
74101  36.657  -1.128  -17.568 0.0000000000
74102  36.430  -0.973  -17.213 0.0000000000
74110  47.001  -1.228  -18.183 0.0000000000
74111  46.539  -1.681  -18.307 0.0000000000
74112  46.105  -2.242  -18.577 0.0000000000
74113  36.585  -1.666  -19.011 0.0000000000
74114  36.661  -1.360  -18.273 0.0000000000
74122  46.401  -1.437  -19.206 0.0000000000
74123  45.812  -1.814  -19.443 0.0000000000
74124  45.206  -2.256  -19.559 0.0000000000
74125  36.522  -1.724  -20.110 0.0000000000
74131  45.304  -1.174  -20.701 0.0000000000
74132  44.940  -1.940  -20.111 0.0000000000
74133  36.580  -1.677  -21.052 0.0000000000
74139  45.004  -0.922  -21.293 0.0000000000
74140  44.677  -1.493  -21.335 0.0000000000
74141  37.587  -1.830  -22.357 0.0000000000
74142  37.101  -1.623  -21.884 0.0000000000
74147  44.129  -1.602  -22.545 0.0000000000
74148  43.441  -2.055  -22.867 0.0000000000
74149  43.007  -2.366  -22.997 0.0000000000
74150  38.489  -1.689  -23.028 0.0000000000
74151  37.918  -1.489  -22.803 0.0000000000
74152  37.374  -1.271  -22.454 0.0000000000
74159  43.986  -1.292  -23.045 0.0000000000
74160  43.665  -1.434  -23.271 0.0000000000
74161  42.912  -1.952  -23.671 0.0000000000
74162  40.248  -1.692  -23.976 0.0000000000
74163  39.653  -1.468  -23.764 0.0000000000
74164  38.845  -1.404  -23.433 0.0000000000
74165  38.303  -1.159  -23.237 0.0000000000
74174  42.347  -1.817  -24.469 0.0000000000
74175  41.715  -1.631  -24.725 0.0000000000
74176  40.764  -1.680  -24.457 0.0000000000
74177  40.131  -1.162  -24.158 0.0000000000
75305  38.101  -0.661  -10.147 0.0000000000
75306  36.832  -0.326  -10.385 0.0000000000
75307  35.637  -0.547  -10.672 0.0000000000
75317  36.146  -0.035  -10.981 0.0000000000
75318  35.241  -0.443  -11.650 0.0000000000
75319  34.853  -1.106  -12.400 0.0000000000
75329  35.093  -0.640  -12.746 0.0000000000
75330  34.960  -1.212  -12.756 0.0000000000
75347  35.257  -0.492  -13.511 0.0000000000
75365  35.366  -0.188  -14.234 0.0000000000
75380  35.576  -0.330  -15.336 0.0000000000
75389  35.917  -0.206  -16.355 0.0000000000
75390  36.346  -0.661  -16.986 0.0000000000
75397  48.234  -0.155  -17.244 0.0000000000
75398  47.642  -0.937  -17.164 0.0000000000
75399  36.559  -0.332  -17.342 0.0000000000
75400  36.477  -0.705  -17.280 0.0000000000
75408  48.285  -0.012  -18.537 0.0000000000
75409  47.501  -0.784  -18.278 0.0000000000
75410  46.948  -1.148  -18.528 0.0000000000
75411  36.851  -1.031  -19.057 0.0000000000
75412  36.957  -0.756  -18.468 0.0000000000
75421  48.249  0.265  -19.165 0.0000000000
75422  47.603  0.016  -19.431 0.0000000000
75423  46.793  -0.870  -19.273 0.0000000000
75424  46.282  -1.182  -19.608 0.0000000000
75425  36.627  -0.877  -19.583 0.0000000000
75426  36.953  -0.699  -19.131 0.0000000000
75435  47.272  0.367  -20.093 0.0000000000
75436  46.877  -0.008  -20.134 0.0000000000
75437  46.056  -0.520  -20.356 0.0000000000
75438  36.270  -0.789  -20.601 0.0000000000
75439  35.983  -0.295  -20.915 0.0000000000
75446  45.232  -0.300  -21.548 0.0000000000
75447  44.875  -0.795  -21.622 0.0000000000
75448  36.441  -0.693  -21.671 0.0000000000
75449  36.085  -0.464  -21.201 0.0000000000
75455  45.032  -0.015  -22.286 0.0000000000
75456  44.717  -0.575  -22.373 0.0000000000
75457  37.316  -0.588  -22.889 0.0000000000
75458  36.950  -0.820  -22.313 0.0000000000
75463  44.097  -0.829  -23.302 0.0000000000
75464  43.251  -0.805  -24.105 0.0000000000
75465  42.741  -1.353  -24.351 0.0000000000
75466  39.034  -0.896  -23.844 0.0000000000
75467  38.414  -0.509  -23.686 0.0000000000
75468  37.895  -0.716  -23.243 0.0000000000
75475  43.014  -0.351  -24.740 0.0000000000
75476  42.345  -0.720  -24.945 0.0000000000
75477  41.273  -0.859  -24.882 0.0000000000
75478  40.371  -0.499  -24.662 0.0000000000
75479  39.474  -0.589  -24.191 0.0000000000
75480  38.893  -0.427  -23.995 0.0000000000
75489  41.988  -0.034  -25.452 0.0000000000
75490  41.469  -0.197  -25.240 0.0000000000
75491  40.943  -0.312  -25.015 0.0000000000
76558  37.941  -0.000  -10.749 0.0000000000
76559  36.956  0.232  -10.914 0.0000000000
76570  37.552  0.701  -11.216 0.0000000000
76571  36.283  0.535  -11.574 0.0000000000
76572  35.439  0.255  -12.164 0.0000000000
76579  35.952  0.758  -12.272 0.0000000000
76580  35.518  0.448  -12.864 0.0000000000
76595  35.513  0.554  -13.530 0.0000000000
76615  35.542  0.718  -14.432 0.0000000000
76632  35.611  0.699  -15.311 0.0000000000
76642  35.737  0.911  -16.056 0.0000000000
76654  36.213  0.704  -16.874 0.0000000000
76662  48.797  0.615  -17.930 0.0000000000
76663  36.746  0.440  -18.002 0.0000000000
76671  49.219  1.105  -18.433 0.0000000000
76672  48.844  0.575  -18.973 0.0000000000
76673  48.177  0.688  -19.558 0.0000000000
76674  36.738  -0.438  -19.606 0.0000000000
76675  36.917  0.003  -19.332 0.0000000000
76685  47.595  0.759  -20.067 0.0000000000
76686  47.033  0.749  -20.592 0.0000000000
76687  46.391  0.438  -20.662 0.0000000000
76688  36.521  -0.413  -19.886 0.0000000000
76689  36.170  0.119  -20.358 0.0000000000
76699  46.493  1.022  -21.053 0.0000000000
76700  45.841  0.739  -21.335 0.0000000000
76701  36.191  -0.236  -22.009 0.0000000000
76702  35.854  0.068  -21.527 0.0000000000
76710  45.283  0.671  -22.524 0.0000000000
76711  44.945  0.099  -22.701 0.0000000000
76712  37.064  -0.033  -23.118 0.0000000000
76713  36.500  0.078  -22.607 0.0000000000
76714  35.873  0.524  -22.211 0.0000000000
76720  45.129  0.977  -23.257 0.0000000000
76721  44.618  0.364  -23.558 0.0000000000
76722  43.893  -0.241  -23.931 0.0000000000
76723  38.178  0.088  -23.873 0.0000000000
76724  37.573  0.149  -23.584 0.0000000000
76725  36.984  0.289  -23.216 0.0000000000
76729  44.314  0.759  -24.430 0.0000000000
76730  43.541  0.309  -24.714 0.0000000000
76731  42.828  -0.064  -24.969 0.0000000000
76732  40.078  0.131  -24.868 0.0000000000
76733  39.568  0.055  -24.644 0.0000000000
76734  38.665  0.236  -24.307 0.0000000000
76735  38.050  0.380  -24.009 0.0000000000
76742  43.205  0.731  -25.403 0.0000000000
76743  42.530  0.456  -25.537 0.0000000000
76744  41.580  0.555  -25.647 0.0000000000
76745  40.634  0.308  -25.250 0.0000000000
76746  39.698  0.552  -25.042 0.0000000000
76747  39.171  0.481  -24.763 0.0000000000
76755  42.172  0.932  -25.935 0.0000000000
76756  41.977  0.767  -25.859 0.0000000000
77824  37.040  1.207  -11.839 0.0000000000
77825  36.405  0.974  -12.103 0.0000000000
77836  37.591  1.704  -12.319 0.0000000000
77837  36.391  1.394  -12.760 0.0000000000
77838  35.734  0.914  -13.194 0.0000000000
77846  36.402  1.759  -13.798 0.0000000000
77847  35.800  1.179  -13.667 0.0000000000
77863  36.388  1.894  -14.326 0.0000000000
77864  35.923  1.434  -14.478 0.0000000000
77882  35.986  1.542  -15.349 0.0000000000
77890  36.104  1.697  -16.282 0.0000000000
77902  36.427  1.619  -17.400 0.0000000000
77912  36.704  1.397  -18.615 0.0000000000
77921  49.476  1.947  -18.441 0.0000000000
77922  49.346  1.292  -19.162 0.0000000000
77923  48.741  1.103  -19.571 0.0000000000
77924  36.228  1.202  -19.652 0.0000000000
77933  49.636  2.011  -19.343 0.0000000000
77934  49.119  1.678  -19.962 0.0000000000
77935  48.199  1.331  -20.157 0.0000000000
77936  47.571  1.206  -20.632 0.0000000000
77937  35.473  1.115  -20.634 0.0000000000
77938  35.089  1.458  -21.172 0.0000000000
77949  48.640  1.791  -20.606 0.0000000000
77950  48.009  1.688  -20.954 0.0000000000
77951  47.121  1.550  -21.275 0.0000000000
77952  46.348  1.448  -21.533 0.0000000000
77953  35.479  1.081  -21.704 0.0000000000
77954  35.196  1.555  -21.576 0.0000000000
77967  46.610  1.957  -21.829 0.0000000000
77968  45.932  1.847  -22.234 0.0000000000
77969  36.415  0.674  -22.961 0.0000000000
77970  35.928  1.020  -22.693 0.0000000000
77979  45.453  1.672  -23.205 0.0000000000
77980  45.052  1.245  -23.674 0.0000000000
77981  37.377  0.684  -23.817 0.0000000000
77982  36.808  0.945  -23.471 0.0000000000
77983  36.108  1.425  -23.204 0.0000000000
77989  45.221  1.816  -23.885 0.0000000000
77990  44.775  1.426  -24.405 0.0000000000
77991  44.119  1.089  -24.853 0.0000000000
77992  38.423  0.780  -24.531 0.0000000000
77993  37.809  0.983  -24.310 0.0000000000
77994  37.120  1.386  -24.128 0.0000000000
77998  44.420  1.663  -25.314 0.0000000000
77999  43.683  1.156  -25.479 0.0000000000
78000  43.071  1.024  -25.786 0.0000000000
78001  41.404  0.968  -25.782 0.0000000000
78002  40.991  1.026  -25.704 0.0000000000
78003  40.030  1.304  -25.553 0.0000000000
78004  38.835  1.099  -24.972 0.0000000000
78005  38.221  1.512  -24.856 0.0000000000
78012  44.085  1.724  -25.993 0.0000000000
78013  43.395  1.546  -26.198 0.0000000000
78014  42.541  1.283  -26.199 0.0000000000
78015  41.612  1.261  -26.060 0.0000000000
78016  40.688  1.685  -25.955 0.0000000000
78017  40.192  1.800  -25.881 0.0000000000
79118  37.245  1.934  -12.773 0.0000000000
79129  37.165  2.104  -13.347 0.0000000000
79144  37.060  2.293  -14.411 0.0000000000
79145  36.363  1.932  -14.768 0.0000000000
79167  37.469  2.610  -15.230 0.0000000000
79168  36.663  2.332  -15.481 0.0000000000
79186  37.138  3.099  -17.303 0.0000000000
79187  36.702  2.577  -16.664 0.0000000000
79199  37.121  3.230  -17.726 0.0000000000
79200  36.800  2.673  -17.960 0.0000000000
79212  36.578  2.427  -19.209 0.0000000000
79213  36.285  2.718  -19.627 0.0000000000
79222  49.865  3.353  -19.352 0.0000000000
79223  49.699  3.021  -19.015 0.0000000000
79224  35.963  2.249  -20.011 0.0000000000
79225  36.080  2.893  -19.820 0.0000000000
79234  50.001  3.221  -19.714 0.0000000000
79235  49.749  2.465  -20.034 0.0000000000
79236  49.195  2.124  -20.602 0.0000000000
79237  35.148  2.087  -20.778 0.0000000000
79238  34.987  1.753  -21.380 0.0000000000
79243  50.096  3.058  -20.451 0.0000000000
79244  49.663  2.626  -21.034 0.0000000000
79245  48.741  2.214  -21.257 0.0000000000
79246  47.856  2.163  -21.629 0.0000000000
79247  47.162  2.206  -21.861 0.0000000000
79248  35.206  1.893  -21.799 0.0000000000
79249  35.124  1.742  -21.610 0.0000000000
79259  49.262  2.697  -21.695 0.0000000000
79260  48.558  2.677  -22.048 0.0000000000
79261  47.618  2.719  -22.225 0.0000000000
79262  46.707  2.571  -22.367 0.0000000000
79263  46.204  2.500  -22.596 0.0000000000
79264  35.660  1.944  -22.838 0.0000000000
79276  46.389  2.880  -22.799 0.0000000000
79277  45.919  2.636  -23.012 0.0000000000
79278  36.722  1.743  -24.026 0.0000000000
79279  36.155  1.957  -23.568 0.0000000000
79288  45.588  2.553  -23.777 0.0000000000
79289  45.242  2.194  -24.330 0.0000000000
79290  37.869  1.807  -24.835 0.0000000000
79291  37.253  2.001  -24.523 0.0000000000
79297  45.504  2.822  -24.466 0.0000000000
79298  45.098  2.381  -25.057 0.0000000000
79299  39.926  1.866  -25.838 0.0000000000
79300  39.372  2.037  -25.714 0.0000000000
79301  38.411  2.136  -25.306 0.0000000000
79305  44.610  2.371  -25.887 0.0000000000
79306  43.871  2.417  -26.523 0.0000000000
79307  42.932  2.056  -26.755 0.0000000000
79308  42.020  1.943  -26.761 0.0000000000
79309  41.107  2.222  -26.530 0.0000000000
79310  40.151  2.272  -26.221 0.0000000000
79311  39.451  2.729  -26.266 0.0000000000
79326  43.323  2.814  -27.199 0.0000000000
79327  42.447  2.607  -27.300 0.0000000000
79328  41.552  2.634  -27.198 0.0000000000
79329  41.016  2.728  -27.022 0.0000000000
80472  37.661  2.785  -15.787 0.0000000000
80473  37.183  2.644  -15.581 0.0000000000
80491  37.604  3.178  -16.594 0.0000000000
80492  37.092  2.762  -15.974 0.0000000000
80510  37.633  3.778  -17.781 0.0000000000
80511  37.077  3.342  -18.032 0.0000000000
80525  37.458  4.183  -18.620 0.0000000000
80526  37.062  3.496  -18.803 0.0000000000
80527  36.391  3.221  -19.329 0.0000000000
80540  49.908  3.784  -19.324 0.0000000000
80541  49.710  3.835  -18.741 0.0000000000
80542  35.652  2.915  -20.299 0.0000000000
80543  35.791  3.344  -19.646 0.0000000000
80557  50.268  3.776  -20.143 0.0000000000
80558  34.736  3.802  -21.931 0.0000000000
80559  34.834  3.169  -20.950 0.0000000000
80560  35.398  3.466  -20.159 0.0000000000
80565  50.237  3.490  -21.279 0.0000000000
80566  49.712  2.978  -21.609 0.0000000000
80567  35.163  3.629  -22.846 0.0000000000
80568  35.045  2.818  -22.306 0.0000000000
80573  50.165  3.838  -22.029 0.0000000000
80574  49.493  3.310  -22.239 0.0000000000
80575  48.252  3.477  -22.665 0.0000000000
80576  47.228  3.233  -22.714 0.0000000000
80577  46.704  3.066  -22.787 0.0000000000
80578  35.785  3.320  -23.631 0.0000000000
80579  35.620  2.693  -23.177 0.0000000000
80589  48.155  3.945  -23.054 0.0000000000
80590  47.631  3.865  -23.118 0.0000000000
80591  46.571  3.527  -23.286 0.0000000000
80592  45.916  3.120  -23.492 0.0000000000
80593  36.459  2.644  -24.143 0.0000000000
80594  35.992  2.621  -23.666 0.0000000000
80603  46.391  3.984  -23.770 0.0000000000
80604  45.881  3.615  -24.025 0.0000000000
80605  37.733  2.456  -25.090 0.0000000000
80606  37.129  3.144  -24.959 0.0000000000
80614  45.573  3.438  -25.063 0.0000000000
80615  45.135  3.011  -25.686 0.0000000000
80616  38.847  2.742  -25.936 0.0000000000
80617  38.052  3.276  -25.743 0.0000000000
80618  37.356  3.852  -25.514 0.0000000000
80625  45.347  3.688  -25.817 0.0000000000
80626  44.732  3.342  -26.448 0.0000000000
80627  44.006  3.168  -26.991 0.0000000000
80628  40.593  2.707  -26.841 0.0000000000
80629  39.918  2.995  -26.889 0.0000000000
80630  39.020  3.552  -26.624 0.0000000000
80631  38.257  4.095  -26.450 0.0000000000
80641  44.381  3.717  -27.148 0.0000000000
80642  43.773  3.582  -27.609 0.0000000000
80643  42.915  3.249  -27.779 0.0000000000
80644  41.983  3.237  -27.734 0.0000000000
80645  40.809  3.276  -27.587 0.0000000000
80646  39.763  3.738  -27.469 0.0000000000
80647  39.227  4.292  -27.323 0.0000000000
80664  43.308  3.825  -28.085 0.0000000000
80665  42.588  3.850  -28.195 0.0000000000
80666  41.657  3.943  -28.168 0.0000000000
80667  40.901  4.108  -28.199 0.0000000000
81901  37.041  4.578  -19.275 0.0000000000
81902  36.676  3.827  -19.119 0.0000000000
81916  50.270  4.668  -19.503 0.0000000000
81917  49.912  4.313  -18.858 0.0000000000
81918  36.132  4.762  -19.160 0.0000000000
81919  36.006  4.039  -19.140 0.0000000000
81936  50.567  4.589  -20.629 0.0000000000
81937  35.154  4.624  -21.078 0.0000000000
81938  35.159  4.058  -20.149 0.0000000000
81939  35.421  3.800  -19.595 0.0000000000
81950  50.548  4.505  -21.738 0.0000000000
81951  34.782  4.716  -22.377 0.0000000000
81956  50.107  4.244  -22.699 0.0000000000
81957  49.030  3.987  -22.947 0.0000000000
81958  48.433  3.964  -23.028 0.0000000000
81959  35.302  4.475  -23.454 0.0000000000
81968  50.253  4.834  -23.175 0.0000000000
81969  49.529  4.628  -23.441 0.0000000000
81970  48.360  4.440  -23.404 0.0000000000
81971  47.281  4.438  -23.703 0.0000000000
81972  46.692  4.132  -23.724 0.0000000000
81973  36.317  3.988  -24.318 0.0000000000
81983  47.154  4.797  -24.116 0.0000000000
81984  46.578  4.555  -24.144 0.0000000000
81985  45.919  4.409  -24.747 0.0000000000
81986  36.849  4.080  -25.129 0.0000000000
81995  45.670  4.321  -25.462 0.0000000000
81996  37.639  4.321  -26.067 0.0000000000
81997  37.147  4.625  -25.543 0.0000000000
82005  45.367  4.425  -26.311 0.0000000000
82006  44.827  4.147  -26.926 0.0000000000
82007  38.692  4.545  -26.964 0.0000000000
82008  38.062  4.920  -26.637 0.0000000000
82016  45.201  4.784  -27.112 0.0000000000
82017  44.488  4.442  -27.637 0.0000000000
82018  43.829  4.177  -28.050 0.0000000000
82019  40.296  4.070  -27.966 0.0000000000
82020  39.679  4.625  -27.957 0.0000000000
82021  39.066  5.054  -27.566 0.0000000000
82033  44.122  4.689  -28.245 0.0000000000
82034  43.353  4.493  -28.460 0.0000000000
82035  42.331  4.541  -28.645 0.0000000000
82036  41.397  4.640  -28.668 0.0000000000
82037  40.444  4.742  -28.469 0.0000000000
82038  39.850  5.238  -28.463 0.0000000000
82058  42.000  4.908  -28.987 0.0000000000
82059  41.598  5.148  -29.092 0.0000000000
83184  35.708  4.744  -19.323 0.0000000000
83196  50.586  5.563  -20.039 0.0000000000
83198  35.335  4.894  -19.886 0.0000000000
83199  35.434  4.317  -19.519 0.0000000000
83212  51.174  6.293  -21.709 0.0000000000
83213  50.793  5.669  -21.108 0.0000000000
83214  35.082  5.813  -21.647 0.0000000000
83219  51.241  6.175  -22.302 0.0000000000
83220  50.833  5.442  -22.542 0.0000000000
83221  35.265  5.653  -22.850 0.0000000000
83228  50.181  5.357  -23.633 0.0000000000
83229  49.037  5.396  -24.163 0.0000000000
83230  47.930  5.055  -24.036 0.0000000000
83231  47.432  4.892  -24.101 0.0000000000
83232  36.062  5.376  -23.879 0.0000000000
83241  48.709  6.023  -24.422 0.0000000000
83242  48.177  5.819  -24.359 0.0000000000
83243  47.278  5.411  -24.369 0.0000000000
83244  46.347  5.445  -24.912 0.0000000000
83245  45.903  4.850  -25.167 0.0000000000
83246  36.685  5.056  -24.901 0.0000000000
83254  46.167  5.995  -25.758 0.0000000000
83255  45.829  5.134  -25.679 0.0000000000
83256  37.376  5.456  -26.027 0.0000000000
83257  37.070  5.190  -25.434 0.0000000000
83264  46.047  6.286  -26.204 0.0000000000
83265  45.687  5.662  -26.586 0.0000000000
83266  38.561  5.397  -27.180 0.0000000000
83267  38.118  5.877  -26.793 0.0000000000
83273  45.159  5.493  -27.812 0.0000000000
83274  44.551  5.001  -28.138 0.0000000000
83275  39.374  5.468  -28.182 0.0000000000
83276  38.850  6.003  -27.865 0.0000000000
83277  38.493  6.021  -27.291 0.0000000000
83290  44.996  5.966  -28.377 0.0000000000
83291  44.204  5.508  -28.682 0.0000000000
83292  42.992  5.086  -28.925 0.0000000000
83293  42.394  4.991  -28.967 0.0000000000
83294  40.921  5.240  -28.965 0.0000000000
83295  40.218  5.471  -28.868 0.0000000000
83296  39.595  5.895  -28.863 0.0000000000
83297  39.214  5.984  -28.430 0.0000000000
83314  43.927  5.961  -29.254 0.0000000000
83315  43.356  5.672  -29.337 0.0000000000
83316  42.309  5.414  -29.352 0.0000000000
83317  41.362  5.628  -29.439 0.0000000000
83318  40.527  5.788  -29.351 0.0000000000
83319  40.006  5.866  -29.210 0.0000000000
84410  50.768  6.004  -19.737 0.0000000000
84422  50.803  6.536  -20.263 0.0000000000
84436  51.123  7.141  -21.381 0.0000000000
84437  50.790  6.648  -21.028 0.0000000000
84443  51.415  6.816  -22.247 0.0000000000
84444  51.178  6.272  -22.723 0.0000000000
84451  51.346  6.764  -23.027 0.0000000000
84452  50.865  6.230  -23.488 0.0000000000
84453  50.026  6.172  -24.203 0.0000000000
84463  49.183  6.399  -24.489 0.0000000000
84464  48.479  6.488  -24.590 0.0000000000
84465  47.704  6.449  -24.696 0.0000000000
84466  47.013  6.168  -24.755 0.0000000000
84476  47.250  6.677  -24.948 0.0000000000
84477  46.766  6.595  -25.286 0.0000000000
84478  37.297  6.528  -25.334 0.0000000000
84479  37.054  5.720  -25.215 0.0000000000
84487  46.364  6.779  -25.969 0.0000000000
84488  45.977  6.692  -26.523 0.0000000000
84489  37.608  6.676  -26.400 0.0000000000
84494  45.639  6.531  -27.241 0.0000000000
84495  38.673  6.714  -28.103 0.0000000000
84496  38.263  6.810  -27.410 0.0000000000
84507  45.391  6.537  -28.109 0.0000000000
84508  44.899  6.468  -28.713 0.0000000000
84509  39.474  6.302  -29.110 0.0000000000
84510  39.114  6.628  -28.777 0.0000000000
84523  44.401  6.459  -29.295 0.0000000000
84524  43.708  6.260  -29.679 0.0000000000
84525  42.867  6.108  -29.841 0.0000000000
84526  41.914  6.096  -29.900 0.0000000000
84527  40.960  6.230  -29.869 0.0000000000
84528  39.866  6.495  -29.583 0.0000000000
84529  39.225  7.213  -29.500 0.0000000000
84551  44.180  6.808  -29.965 0.0000000000
84552  43.429  6.704  -30.292 0.0000000000
84553  42.465  6.628  -30.410 0.0000000000
84554  41.540  6.693  -30.398 0.0000000000
84555  40.686  6.908  -30.311 0.0000000000
84556  40.095  7.258  -30.235 0.0000000000
85610  51.090  7.316  -20.415 0.0000000000
85625  51.232  7.814  -21.025 0.0000000000
85626  50.890  7.182  -20.783 0.0000000000
85635  51.470  7.702  -21.902 0.0000000000
85642  51.626  7.463  -22.864 0.0000000000
85643  51.289  7.188  -23.749 0.0000000000
85644  50.683  6.765  -24.204 0.0000000000
85655  50.873  7.355  -24.450 0.0000000000
85656  49.972  7.193  -24.718 0.0000000000
85657  48.930  7.122  -24.732 0.0000000000
85658  48.237  7.052  -24.826 0.0000000000
85668  49.259  7.742  -24.973 0.0000000000
85669  48.529  7.734  -25.012 0.0000000000
85670  47.579  7.405  -25.176 0.0000000000
85671  46.803  7.519  -25.728 0.0000000000
85680  46.347  7.557  -26.357 0.0000000000
85681  45.893  7.265  -26.884 0.0000000000
85689  46.090  7.909  -26.913 0.0000000000
85690  45.713  7.520  -27.592 0.0000000000
85691  38.538  7.492  -28.289 0.0000000000
85692  38.106  7.866  -27.666 0.0000000000
85702  45.360  7.430  -28.686 0.0000000000
85703  44.902  6.932  -29.081 0.0000000000
85704  38.791  7.709  -29.159 0.0000000000
85717  45.347  7.912  -29.253 0.0000000000
85718  44.871  7.410  -29.629 0.0000000000
85719  39.518  7.415  -30.042 0.0000000000
85720  38.884  7.833  -29.966 0.0000000000
85742  44.179  7.550  -30.629 0.0000000000
85743  43.008  7.226  -30.911 0.0000000000
85744  42.034  7.190  -30.898 0.0000000000
85745  41.234  7.320  -30.787 0.0000000000
85746  40.543  7.620  -30.807 0.0000000000
85747  39.824  7.750  -30.595 0.0000000000
85748  39.270  7.945  -30.434 0.0000000000
85782  44.141  8.371  -31.219 0.0000000000
85783  43.395  7.963  -31.398 0.0000000000
85784  42.439  7.725  -31.431 0.0000000000
85785  41.567  7.721  -31.286 0.0000000000
85786  41.047  7.741  -31.103 0.0000000000
86719  51.827  8.284  -21.655 0.0000000000
86732  51.966  8.215  -22.541 0.0000000000
86738  52.414  8.710  -23.073 0.0000000000
86739  51.853  8.213  -23.677 0.0000000000
86740  51.330  7.794  -24.310 0.0000000000
86751  51.545  8.320  -24.543 0.0000000000
86752  50.844  8.046  -24.972 0.0000000000
86753  49.870  8.170  -25.273 0.0000000000
86786  45.742  8.360  -28.132 0.0000000000
86787  38.243  8.343  -28.136 0.0000000000
86797  45.554  8.420  -28.885 0.0000000000
86798  38.370  8.399  -28.799 0.0000000000
86799  38.035  9.097  -28.409 0.0000000000
86815  45.293  8.492  -29.715 0.0000000000
86816  44.841  7.999  -30.172 0.0000000000
86817  38.435  8.643  -29.691 0.0000000000
86818  38.063  9.124  -29.111 0.0000000000
86838  45.246  8.994  -30.136 0.0000000000
86839  44.812  8.663  -30.602 0.0000000000
86840  40.103  8.077  -31.095 0.0000000000
86841  39.526  8.289  -30.897 0.0000000000
86842  38.890  8.598  -30.566 0.0000000000
86871  44.394  9.020  -31.332 0.0000000000
86872  43.663  8.905  -31.830 0.0000000000
86873  42.762  8.346  -31.986 0.0000000000
86874  41.850  8.199  -31.808 0.0000000000
86875  40.873  8.319  -31.532 0.0000000000
86876  39.907  8.627  -31.419 0.0000000000
86877  39.344  8.871  -31.134 0.0000000000
86896  43.517  9.358  -32.240 0.0000000000
86897  43.013  9.096  -32.521 0.0000000000
86898  42.058  8.711  -32.373 0.0000000000
86899  41.466  8.588  -32.049 0.0000000000
87742  52.509  9.274  -23.898 0.0000000000
87743  51.997  8.762  -24.455 0.0000000000
87753  52.182  9.332  -24.809 0.0000000000
87754  51.513  8.915  -25.171 0.0000000000
87755  50.459  9.015  -25.585 0.0000000000
87794  45.779  9.004  -28.471 0.0000000000
87804  45.668  9.327  -29.085 0.0000000000
87821  45.471  9.380  -29.793 0.0000000000
87822  38.253  9.666  -29.582 0.0000000000
87844  45.189  9.505  -30.350 0.0000000000
87845  44.789  9.585  -30.981 0.0000000000
87846  38.562  9.516  -30.351 0.0000000000
87870  44.267  9.763  -31.746 0.0000000000
87871  43.758  9.502  -32.070 0.0000000000
87872  40.258  8.985  -31.962 0.0000000000
87873  39.528  9.408  -31.698 0.0000000000
87874  38.980  9.466  -31.054 0.0000000000
87887  44.218  10.303  -32.102 0.0000000000
87888  43.637  9.996  -32.514 0.0000000000
87889  42.922  9.668  -33.027 0.0000000000
87890  42.169  9.344  -32.950 0.0000000000
87891  41.098  9.123  -32.515 0.0000000000
87892  40.011  9.582  -32.558 0.0000000000
87906  43.476  10.499  -32.957 0.0000000000
87907  43.146  10.260  -33.228 0.0000000000
87908  42.404  10.033  -33.452 0.0000000000
87909  41.467  9.851  -33.389 0.0000000000
87910  40.596  9.805  -33.193 0.0000000000
88799  45.708  9.928  -29.474 0.0000000000
88812  45.543  10.075  -29.994 0.0000000000
88813  38.245  10.415  -29.390 0.0000000000
88831  45.261  10.340  -30.649 0.0000000000
88832  44.819  10.241  -31.249 0.0000000000
88833  38.449  10.388  -30.035 0.0000000000
88858  45.133  10.821  -31.179 0.0000000000
88859  44.670  10.708  -31.752 0.0000000000
88860  39.119  9.971  -31.481 0.0000000000
88861  38.600  10.454  -31.096 0.0000000000
88879  44.235  10.822  -32.359 0.0000000000
88880  43.756  10.882  -32.806 0.0000000000
88881  39.269  10.468  -32.191 0.0000000000
88882  38.673  11.136  -31.857 0.0000000000
88896  43.373  10.917  -33.279 0.0000000000
88897  42.756  10.791  -33.683 0.0000000000
88898  41.828  10.677  -33.972 0.0000000000
88899  40.761  10.507  -33.893 0.0000000000
88900  39.853  10.338  -33.298 0.0000000000
88915  41.669  11.095  -34.322 0.0000000000
88916  41.299  11.005  -34.352 0.0000000000
89845  45.738  10.819  -30.127 0.0000000000
89846  38.378  11.018  -29.584 0.0000000000
89865  45.695  11.316  -30.784 0.0000000000
89866  38.364  11.288  -30.299 0.0000000000
89867  38.237  12.298  -30.397 0.0000000000
89887  45.295  11.492  -31.559 0.0000000000
89888  44.798  11.522  -32.188 0.0000000000
89889  38.276  11.690  -31.270 0.0000000000
89890  38.161  12.588  -31.082 0.0000000000
89906  44.294  11.598  -32.793 0.0000000000
89907  43.723  11.428  -33.159 0.0000000000
89908  38.898  11.237  -32.415 0.0000000000
89909  38.446  11.863  -32.322 0.0000000000
89920  43.983  11.972  -33.281 0.0000000000
89921  43.268  11.786  -33.730 0.0000000000
89922  42.376  11.302  -34.166 0.0000000000
89923  41.911  11.148  -34.293 0.0000000000
89924  39.949  10.956  -33.983 0.0000000000
89925  39.180  11.464  -33.332 0.0000000000
89926  38.553  12.304  -33.061 0.0000000000
89941  43.101  12.348  -34.125 0.0000000000
89942  42.655  12.043  -34.412 0.0000000000
89943  41.721  11.597  -34.717 0.0000000000
89944  40.580  11.365  -34.666 0.0000000000
89945  39.703  11.532  -34.341 0.0000000000
89958  41.494  11.998  -35.112 0.0000000000
89959  41.134  11.827  -35.181 0.0000000000
90907  45.774  12.340  -31.220 0.0000000000
90927  45.226  12.462  -31.973 0.0000000000
90928  44.799  12.191  -32.531 0.0000000000
90929  38.113  12.465  -31.721 0.0000000000
90930  37.872  13.247  -31.456 0.0000000000
90949  44.841  12.910  -32.452 0.0000000000
90950  44.421  12.553  -32.948 0.0000000000
90951  37.936  13.027  -32.467 0.0000000000
90952  37.698  13.549  -31.935 0.0000000000
90968  43.871  12.640  -33.425 0.0000000000
90969  43.418  12.794  -33.891 0.0000000000
90970  38.792  12.323  -33.700 0.0000000000
90971  38.398  12.890  -33.483 0.0000000000
90986  42.973  12.830  -34.419 0.0000000000
90987  42.227  12.625  -35.007 0.0000000000
90988  41.725  12.150  -35.086 0.0000000000
90989  39.924  11.934  -34.826 0.0000000000
90990  39.231  12.382  -34.502 0.0000000000
90991  38.754  12.732  -34.028 0.0000000000
91001  41.908  13.004  -35.440 0.0000000000
91002  41.438  12.444  -35.489 0.0000000000
91003  40.415  12.199  -35.375 0.0000000000
91004  39.747  12.359  -35.130 0.0000000000
92199  45.010  13.460  -32.003 0.0000000000
92200  44.664  13.744  -32.295 0.0000000000
92226  44.764  13.378  -32.355 0.0000000000
92227  44.501  13.412  -32.654 0.0000000000
92228  44.112  13.755  -32.940 0.0000000000
92229  37.794  13.582  -32.635 0.0000000000
92230  37.598  14.012  -32.305 0.0000000000
92255  44.184  13.189  -33.107 0.0000000000
92256  43.758  13.548  -33.409 0.0000000000
92257  37.929  13.702  -33.151 0.0000000000
92258  37.690  14.527  -32.923 0.0000000000
92282  43.296  13.655  -34.064 0.0000000000
92283  42.775  13.633  -34.707 0.0000000000
92284  39.135  12.959  -34.842 0.0000000000
92285  38.595  13.398  -34.416 0.0000000000
92290  42.224  13.613  -35.301 0.0000000000
92291  41.602  13.450  -35.785 0.0000000000
92292  40.750  12.991  -35.989 0.0000000000
92293  39.476  13.108  -35.630 0.0000000000
92294  38.678  14.006  -35.345 0.0000000000
92296  41.160  13.708  -36.240 0.0000000000
92297  40.428  13.736  -36.469 0.0000000000
92298  39.659  14.033  -36.545 0.0000000000
93397  44.765  14.098  -32.079 0.0000000000
93415  44.407  14.384  -32.520 0.0000000000
93416  43.961  14.224  -33.068 0.0000000000
93433  44.045  14.848  -33.072 0.0000000000
93434  43.652  14.571  -33.624 0.0000000000
93435  37.999  14.585  -33.727 0.0000000000
93454  43.230  14.575  -34.438 0.0000000000
93455  42.709  14.504  -35.119 0.0000000000
93456  38.243  14.585  -34.721 0.0000000000
93459  42.076  14.482  -35.833 0.0000000000
93460  41.542  14.054  -36.062 0.0000000000
93461  39.006  14.301  -36.122 0.0000000000
93462  38.450  14.890  -35.587 0.0000000000
93464  41.955  14.998  -36.311 0.0000000000
93465  41.295  14.570  -36.462 0.0000000000
93466  40.277  14.681  -36.810 0.0000000000
93467  39.295  14.839  -36.956 0.0000000000
93468  38.626  15.126  -36.426 0.0000000000
93472  39.023  15.252  -37.265 0.0000000000
93473  38.727  15.226  -37.073 0.0000000000
94456  43.964  15.561  -33.456 0.0000000000
94457  43.532  15.583  -34.092 0.0000000000
94458  37.861  15.265  -33.625 0.0000000000
94477  43.166  15.575  -34.958 0.0000000000
94478  42.672  15.198  -35.520 0.0000000000
94479  38.027  15.323  -34.142 0.0000000000
94487  42.776  15.926  -35.509 0.0000000000
94488  42.340  15.585  -36.058 0.0000000000
94489  37.989  15.446  -35.009 0.0000000000
94490  37.615  16.154  -35.232 0.0000000000
94494  41.785  15.516  -36.659 0.0000000000
94495  40.906  15.557  -37.047 0.0000000000
94496  39.962  15.403  -37.222 0.0000000000
94497  39.340  15.405  -37.345 0.0000000000
94498  37.895  15.739  -36.032 0.0000000000
94499  37.553  16.316  -35.810 0.0000000000
94503  40.275  15.982  -37.528 0.0000000000
94504  39.549  15.856  -37.676 0.0000000000
94505  38.804  15.673  -37.501 0.0000000000
94506  38.299  15.694  -36.881 0.0000000000
95477  43.774  16.499  -33.746 0.0000000000
95495  43.460  16.733  -34.468 0.0000000000
95506  43.160  16.640  -35.274 0.0000000000
95507  42.689  16.579  -35.895 0.0000000000
95512  42.271  16.437  -36.693 0.0000000000
95513  41.614  16.117  -37.136 0.0000000000
95514  37.911  16.106  -36.715 0.0000000000
95515  37.560  16.634  -36.448 0.0000000000
95519  41.886  16.695  -37.374 0.0000000000
95520  41.011  16.475  -37.775 0.0000000000
95521  39.932  16.374  -38.051 0.0000000000
95522  38.961  16.324  -38.233 0.0000000000
95523  38.082  16.399  -37.452 0.0000000000
95524  37.559  16.921  -37.187 0.0000000000
95529  40.304  16.854  -38.315 0.0000000000
95530  39.547  16.737  -38.591 0.0000000000
95531  39.060  16.546  -38.830 0.0000000000
96450  43.410  17.747  -34.399 0.0000000000
96468  43.332  17.558  -34.996 0.0000000000
96469  42.966  17.467  -35.593 0.0000000000
96481  42.656  17.418  -36.307 0.0000000000
96482  37.210  17.410  -36.882 0.0000000000
96487  42.337  17.366  -37.131 0.0000000000
96488  41.747  17.284  -37.815 0.0000000000
96489  38.727  16.485  -38.989 0.0000000000
96490  38.198  16.604  -38.613 0.0000000000
96491  37.604  17.283  -37.913 0.0000000000
96498  41.003  17.246  -38.377 0.0000000000
96499  40.117  17.278  -38.795 0.0000000000
96500  39.208  16.915  -39.210 0.0000000000
97420  43.071  18.143  -35.268 0.0000000000
97434  42.671  18.275  -36.696 0.0000000000
97442  42.250  18.248  -37.643 0.0000000000
97443  41.611  17.851  -38.281 0.0000000000
97451  40.979  17.987  -38.938 0.0000000000
