#!ascii label  , from subject Broad_82_YZ vox2ras=TkReg
2008
101956  36.024  23.957  3.943 0.0000000000
102597  42.383  24.754  20.772 0.0000000000
102598  41.699  24.784  20.922 0.0000000000
102599  41.247  24.880  20.989 0.0000000000
102608  42.711  24.718  20.121 0.0000000000
102609  41.924  24.670  20.203 0.0000000000
102610  41.058  24.751  20.405 0.0000000000
102611  40.468  24.876  20.119 0.0000000000
102618  42.925  24.637  19.373 0.0000000000
102619  42.243  24.602  19.449 0.0000000000
102620  41.413  24.595  19.513 0.0000000000
102621  40.638  24.723  19.607 0.0000000000
102630  43.083  24.653  18.890 0.0000000000
102631  42.635  24.632  18.722 0.0000000000
102632  41.834  24.559  18.697 0.0000000000
102633  40.778  24.590  18.655 0.0000000000
102634  40.258  24.672  18.251 0.0000000000
102645  42.292  24.660  18.135 0.0000000000
102646  41.634  24.647  17.675 0.0000000000
102647  40.552  24.664  17.658 0.0000000000
102648  40.030  24.694  18.012 0.0000000000
102658  41.094  24.711  17.079 0.0000000000
102659  40.667  24.746  17.067 0.0000000000
102725  35.814  24.939  10.279 0.0000000000
102737  35.631  24.685  9.549 0.0000000000
102749  35.531  24.770  8.691 0.0000000000
102760  35.537  24.692  7.845 0.0000000000
102768  35.582  24.644  6.919 0.0000000000
102772  35.462  24.647  5.964 0.0000000000
102774  35.485  24.666  5.015 0.0000000000
102779  36.896  24.001  3.217 0.0000000000
102780  36.314  24.518  3.314 0.0000000000
102781  35.693  24.633  4.124 0.0000000000
102796  38.174  24.418  2.375 0.0000000000
102797  37.190  24.453  2.704 0.0000000000
102798  36.591  24.952  2.774 0.0000000000
103424  43.360  25.626  23.040 0.0000000000
103425  42.544  25.594  22.997 0.0000000000
103442  42.859  25.194  22.243 0.0000000000
103443  41.852  25.401  22.394 0.0000000000
103444  41.003  25.522  22.196 0.0000000000
103445  40.307  25.797  22.121 0.0000000000
103461  43.305  24.940  21.036 0.0000000000
103462  42.238  24.956  21.509 0.0000000000
103463  41.351  25.097  21.527 0.0000000000
103464  40.600  25.362  21.511 0.0000000000
103465  39.854  25.753  21.432 0.0000000000
103480  43.443  24.813  19.840 0.0000000000
103481  40.897  25.012  21.039 0.0000000000
103482  40.312  25.166  20.680 0.0000000000
103483  39.556  25.647  20.432 0.0000000000
103499  43.380  24.727  19.128 0.0000000000
103500  39.989  25.044  19.741 0.0000000000
103501  39.421  25.658  19.479 0.0000000000
103517  43.318  24.915  18.368 0.0000000000
103518  42.712  24.788  18.170 0.0000000000
103519  40.274  24.821  19.157 0.0000000000
103520  39.821  25.006  18.620 0.0000000000
103537  42.577  24.968  17.474 0.0000000000
103538  42.034  24.834  17.236 0.0000000000
103539  40.330  24.844  17.071 0.0000000000
103540  39.833  24.949  17.561 0.0000000000
103553  41.852  25.080  16.642 0.0000000000
103554  40.776  24.919  16.522 0.0000000000
103555  40.021  25.148  16.646 0.0000000000
103569  41.216  25.492  15.633 0.0000000000
103570  40.412  25.287  15.973 0.0000000000
103595  38.373  25.704  12.246 0.0000000000
103596  37.845  26.158  12.136 0.0000000000
103603  37.489  25.654  11.772 0.0000000000
103604  36.611  25.611  11.281 0.0000000000
103613  36.014  25.616  10.633 0.0000000000
103614  35.655  25.653  9.863 0.0000000000
103619  35.590  25.590  8.995 0.0000000000
103622  35.646  25.496  8.130 0.0000000000
103624  35.677  25.443  7.262 0.0000000000
103626  35.573  25.444  6.359 0.0000000000
103630  35.481  25.486  5.415 0.0000000000
103633  35.515  25.489  4.477 0.0000000000
103636  36.235  25.442  2.947 0.0000000000
103637  35.784  25.406  3.627 0.0000000000
103653  39.576  25.537  1.994 0.0000000000
103654  38.520  25.230  1.978 0.0000000000
103655  37.626  25.211  2.123 0.0000000000
103656  36.800  25.485  2.355 0.0000000000
103667  39.203  26.187  1.723 0.0000000000
103668  38.706  26.049  1.717 0.0000000000
103669  37.906  25.902  1.730 0.0000000000
103670  37.246  25.871  1.877 0.0000000000
104280  41.773  26.144  23.366 0.0000000000
104281  40.615  26.601  23.549 0.0000000000
104282  39.873  27.002  23.805 0.0000000000
104292  41.330  25.761  22.688 0.0000000000
104293  40.754  26.073  22.740 0.0000000000
104294  39.549  26.589  22.585 0.0000000000
104295  38.783  27.178  22.414 0.0000000000
104304  39.172  26.344  21.144 0.0000000000
104305  38.672  26.997  21.718 0.0000000000
104314  38.981  26.219  20.112 0.0000000000
104315  38.575  26.928  20.654 0.0000000000
104324  39.086  26.264  19.335 0.0000000000
104325  38.710  26.867  19.677 0.0000000000
104339  39.227  25.843  18.680 0.0000000000
104340  38.969  26.672  18.776 0.0000000000
104355  39.327  25.414  17.971 0.0000000000
104356  38.948  26.129  17.896 0.0000000000
104371  39.363  25.544  17.100 0.0000000000
104372  38.851  26.334  16.855 0.0000000000
104388  40.519  25.577  15.498 0.0000000000
104389  39.706  25.703  15.832 0.0000000000
104390  38.820  26.549  15.713 0.0000000000
104399  39.642  26.279  14.717 0.0000000000
104400  38.834  26.854  14.708 0.0000000000
104407  39.549  26.576  13.897 0.0000000000
104408  38.849  26.953  13.796 0.0000000000
104415  38.626  26.615  12.956 0.0000000000
104416  37.983  26.648  12.491 0.0000000000
104423  37.486  26.628  12.061 0.0000000000
104424  36.861  26.484  11.636 0.0000000000
104434  36.215  26.485  11.020 0.0000000000
104435  35.842  26.462  10.196 0.0000000000
104441  36.072  26.967  9.069 0.0000000000
104442  35.851  26.593  9.292 0.0000000000
104445  36.232  26.927  8.660 0.0000000000
104446  35.896  26.275  8.409 0.0000000000
104449  36.506  26.755  7.840 0.0000000000
104450  35.980  26.150  7.563 0.0000000000
104452  36.536  26.645  6.978 0.0000000000
104453  35.906  26.143  6.701 0.0000000000
104456  36.356  26.715  6.111 0.0000000000
104457  35.748  26.209  5.816 0.0000000000
104461  36.080  26.832  5.371 0.0000000000
104462  35.682  26.370  4.823 0.0000000000
104468  35.975  26.097  3.298 0.0000000000
104469  35.733  26.287  3.943 0.0000000000
104479  42.619  26.419  2.499 0.0000000000
104480  41.428  26.539  2.154 0.0000000000
104481  40.313  26.346  1.899 0.0000000000
104482  39.570  26.375  1.706 0.0000000000
104483  36.346  26.286  2.663 0.0000000000
104495  40.644  27.221  1.646 0.0000000000
104496  39.794  27.049  1.505 0.0000000000
104497  38.982  26.779  1.464 0.0000000000
104498  38.094  26.672  1.487 0.0000000000
104499  37.361  26.510  1.679 0.0000000000
104500  36.806  26.377  1.999 0.0000000000
105061  39.366  27.319  23.549 0.0000000000
105062  38.806  27.648  23.090 0.0000000000
105070  38.416  27.722  22.199 0.0000000000
105076  38.236  27.718  21.235 0.0000000000
105081  38.340  27.721  20.159 0.0000000000
105090  38.796  27.592  19.145 0.0000000000
105098  38.711  27.238  17.955 0.0000000000
105106  38.551  27.368  16.729 0.0000000000
105114  38.369  27.473  15.639 0.0000000000
105116  38.284  27.633  14.582 0.0000000000
105117  37.897  27.967  14.075 0.0000000000
105119  38.293  27.432  13.586 0.0000000000
105120  37.787  27.890  13.385 0.0000000000
105122  38.058  27.245  12.964 0.0000000000
105123  37.462  27.559  12.567 0.0000000000
105124  36.886  27.771  12.074 0.0000000000
105130  37.058  27.175  11.957 0.0000000000
105131  36.537  27.406  11.461 0.0000000000
105140  36.142  27.364  10.386 0.0000000000
105141  35.895  26.989  9.723 0.0000000000
105151  36.270  27.343  9.257 0.0000000000
105152  35.966  26.988  9.423 0.0000000000
105157  37.680  27.821  7.987 0.0000000000
105158  37.046  27.502  8.157 0.0000000000
105161  39.964  27.814  7.351 0.0000000000
105162  39.611  27.707  7.246 0.0000000000
105163  39.007  27.594  7.208 0.0000000000
105164  38.082  27.608  7.421 0.0000000000
105165  37.251  27.123  7.217 0.0000000000
105168  40.036  27.782  7.114 0.0000000000
105169  39.610  27.717  6.869 0.0000000000
105170  38.834  27.655  6.674 0.0000000000
105171  37.928  27.569  6.452 0.0000000000
105172  37.067  27.167  6.341 0.0000000000
105175  37.486  27.653  5.799 0.0000000000
105176  36.768  27.426  5.434 0.0000000000
105180  36.155  27.261  4.566 0.0000000000
105181  35.856  26.747  4.133 0.0000000000
105190  36.123  27.021  3.490 0.0000000000
105191  35.878  26.695  3.852 0.0000000000
105196  44.006  27.665  2.792 0.0000000000
105197  43.286  27.361  2.500 0.0000000000
105198  42.195  27.535  1.918 0.0000000000
105199  41.351  27.480  1.719 0.0000000000
105200  37.028  27.797  2.031 0.0000000000
105201  36.661  27.292  2.289 0.0000000000
105215  41.545  28.133  1.568 0.0000000000
105216  40.869  28.094  1.466 0.0000000000
105217  40.059  27.935  1.310 0.0000000000
105218  39.196  27.714  1.262 0.0000000000
105219  38.343  27.508  1.398 0.0000000000
105220  37.401  27.403  1.671 0.0000000000
105221  36.962  26.895  1.789 0.0000000000
105816  38.199  28.399  22.892 0.0000000000
105817  37.657  29.036  22.782 0.0000000000
105824  37.898  28.421  21.951 0.0000000000
105825  37.516  29.198  21.879 0.0000000000
105831  37.900  28.653  20.884 0.0000000000
105832  37.638  29.485  21.224 0.0000000000
105839  39.103  29.124  19.337 0.0000000000
105840  38.672  28.800  19.632 0.0000000000
105848  39.233  28.974  19.013 0.0000000000
105849  38.955  28.278  18.611 0.0000000000
105857  39.229  28.844  18.317 0.0000000000
105858  38.803  28.341  17.572 0.0000000000
105865  38.420  28.325  16.508 0.0000000000
105874  38.142  28.417  15.555 0.0000000000
105877  37.968  28.534  14.706 0.0000000000
105878  37.729  28.596  13.968 0.0000000000
105880  37.457  28.555  13.193 0.0000000000
105882  36.997  28.539  12.411 0.0000000000
105883  36.692  28.199  11.752 0.0000000000
105888  36.790  28.838  11.712 0.0000000000
105889  36.524  28.403  10.959 0.0000000000
105895  36.517  28.279  9.838 0.0000000000
105905  37.663  28.648  8.744 0.0000000000
105906  37.143  28.253  8.824 0.0000000000
105913  44.025  28.714  8.287 0.0000000000
105914  43.614  28.634  8.197 0.0000000000
105915  42.893  28.577  8.115 0.0000000000
105916  41.934  28.603  8.069 0.0000000000
105917  40.880  28.452  8.055 0.0000000000
105918  39.916  28.374  7.933 0.0000000000
105919  39.068  28.391  7.881 0.0000000000
105920  38.120  28.251  8.132 0.0000000000
105921  37.490  27.960  8.269 0.0000000000
105923  43.975  28.652  8.055 0.0000000000
105924  43.475  28.607  7.920 0.0000000000
105925  42.648  28.641  7.835 0.0000000000
105926  41.540  28.635  7.658 0.0000000000
105927  40.454  28.093  7.420 0.0000000000
105928  39.716  27.950  7.543 0.0000000000
105929  39.029  27.936  7.540 0.0000000000
105930  38.573  27.822  7.547 0.0000000000
105932  41.020  28.459  7.156 0.0000000000
105933  40.322  28.180  6.795 0.0000000000
105934  39.435  28.269  6.406 0.0000000000
105935  38.530  28.279  6.094 0.0000000000
105936  37.945  28.037  5.793 0.0000000000
105939  38.056  28.592  5.682 0.0000000000
105940  37.508  28.361  5.150 0.0000000000
105941  36.797  27.948  4.648 0.0000000000
105943  37.013  28.702  4.256 0.0000000000
105944  36.483  28.041  3.901 0.0000000000
105956  36.739  28.825  3.534 0.0000000000
105957  36.524  28.320  2.913 0.0000000000
105970  45.168  28.792  2.666 0.0000000000
105971  44.554  28.338  2.654 0.0000000000
105972  43.579  28.324  2.371 0.0000000000
105973  42.837  28.383  1.942 0.0000000000
105974  37.324  28.346  1.974 0.0000000000
105975  36.860  28.106  2.329 0.0000000000
105989  42.017  28.700  1.563 0.0000000000
105990  41.190  28.931  1.396 0.0000000000
105991  40.343  28.921  1.364 0.0000000000
105992  39.448  28.692  1.353 0.0000000000
105993  38.591  28.391  1.413 0.0000000000
105994  37.906  28.116  1.597 0.0000000000
106550  37.293  29.791  22.751 0.0000000000
106558  37.255  29.981  21.853 0.0000000000
106565  38.180  29.537  20.529 0.0000000000
106566  37.652  30.177  21.064 0.0000000000
106574  39.907  29.873  19.422 0.0000000000
106575  39.455  29.559  19.435 0.0000000000
106576  38.829  29.749  20.018 0.0000000000
106581  40.029  29.739  19.202 0.0000000000
106582  39.675  29.450  18.641 0.0000000000
106590  39.294  29.290  17.721 0.0000000000
106591  38.780  28.974  17.037 0.0000000000
106597  39.097  29.535  16.976 0.0000000000
106598  38.520  29.267  16.299 0.0000000000
106606  38.167  29.259  15.381 0.0000000000
106612  37.922  29.347  14.570 0.0000000000
106613  37.656  29.347  13.769 0.0000000000
106616  37.321  29.337  13.008 0.0000000000
106618  37.148  29.421  12.178 0.0000000000
106620  36.915  29.508  11.142 0.0000000000
106621  36.721  29.037  10.279 0.0000000000
106625  37.224  29.668  10.062 0.0000000000
106626  37.071  28.956  9.465 0.0000000000
106635  45.904  29.397  9.093 0.0000000000
106636  45.015  29.248  8.977 0.0000000000
106637  44.331  29.131  8.857 0.0000000000
106638  40.569  30.083  8.903 0.0000000000
106639  40.031  29.865  8.908 0.0000000000
106640  39.158  29.632  8.931 0.0000000000
106641  38.038  29.234  9.023 0.0000000000
106642  37.456  28.786  9.023 0.0000000000
106653  45.688  29.424  8.704 0.0000000000
106654  44.530  29.198  8.410 0.0000000000
106655  43.918  28.901  8.571 0.0000000000
106656  43.188  28.952  8.421 0.0000000000
106657  42.297  29.079  8.341 0.0000000000
106658  41.087  29.359  8.512 0.0000000000
106659  40.029  29.089  8.386 0.0000000000
106660  39.106  28.947  8.340 0.0000000000
106661  38.570  28.703  8.342 0.0000000000
106667  44.090  28.979  7.822 0.0000000000
106668  43.343  29.034  7.624 0.0000000000
106669  42.397  29.168  7.439 0.0000000000
106670  41.578  28.904  7.211 0.0000000000
106672  41.819  29.611  7.027 0.0000000000
106673  41.019  29.124  6.770 0.0000000000
106674  40.035  29.132  6.384 0.0000000000
106675  38.931  29.318  5.944 0.0000000000
106676  38.390  28.885  5.787 0.0000000000
106679  38.458  29.983  5.578 0.0000000000
106680  38.048  29.419  5.381 0.0000000000
106681  37.501  29.454  4.601 0.0000000000
106684  37.060  29.611  3.804 0.0000000000
106699  36.835  29.379  2.858 0.0000000000
106700  36.716  28.827  2.753 0.0000000000
106716  45.745  29.176  2.837 0.0000000000
106717  44.596  29.605  2.341 0.0000000000
106718  43.620  29.210  2.191 0.0000000000
106719  43.163  28.912  2.037 0.0000000000
106720  37.398  29.299  2.160 0.0000000000
106721  36.886  28.732  2.480 0.0000000000
106729  44.274  30.055  1.516 0.0000000000
106730  43.466  29.858  1.586 0.0000000000
106731  42.575  29.494  1.606 0.0000000000
106732  41.551  29.630  1.300 0.0000000000
106733  40.671  29.993  1.305 0.0000000000
106734  39.714  29.761  1.427 0.0000000000
106735  38.777  29.384  1.519 0.0000000000
106736  37.963  28.924  1.671 0.0000000000
106743  46.053  30.043  0.314 0.0000000000
106744  45.179  29.870  0.458 0.0000000000
106745  44.293  29.831  0.601 0.0000000000
106746  43.396  29.970  0.736 0.0000000000
106747  42.476  30.024  0.825 0.0000000000
106748  41.533  30.139  0.880 0.0000000000
106749  41.147  30.132  1.119 0.0000000000
106761  47.996  29.890  -0.865 0.0000000000
106762  47.118  29.935  -0.737 0.0000000000
106763  46.246  29.790  -0.627 0.0000000000
106764  45.359  29.619  -0.511 0.0000000000
106765  44.445  29.593  -0.404 0.0000000000
106766  43.518  29.629  -0.286 0.0000000000
106767  42.555  29.619  -0.178 0.0000000000
106768  41.481  29.827  -0.142 0.0000000000
106769  40.870  29.959  -0.670 0.0000000000
106778  50.599  29.851  -1.597 0.0000000000
106779  50.387  29.789  -1.807 0.0000000000
106780  48.011  29.756  -1.739 0.0000000000
106781  47.275  29.728  -1.649 0.0000000000
106782  46.429  29.660  -1.566 0.0000000000
106783  45.548  29.532  -1.480 0.0000000000
106784  44.638  29.444  -1.389 0.0000000000
106785  43.718  29.445  -1.299 0.0000000000
106786  42.796  29.473  -1.216 0.0000000000
106787  41.875  29.524  -1.173 0.0000000000
106788  41.064  29.771  -1.248 0.0000000000
106794  50.870  29.885  -1.719 0.0000000000
106795  50.652  29.817  -1.933 0.0000000000
106796  48.387  29.780  -2.407 0.0000000000
106797  47.515  29.655  -2.500 0.0000000000
106798  46.641  29.613  -2.472 0.0000000000
106799  45.752  29.571  -2.413 0.0000000000
106800  44.849  29.469  -2.341 0.0000000000
106801  43.942  29.440  -2.257 0.0000000000
106802  43.044  29.427  -2.186 0.0000000000
106803  42.185  29.436  -2.108 0.0000000000
106804  41.397  29.603  -2.118 0.0000000000
106810  48.748  29.850  -3.225 0.0000000000
106811  47.889  29.687  -3.327 0.0000000000
106812  46.949  29.610  -3.368 0.0000000000
106813  46.012  29.654  -3.298 0.0000000000
106814  45.089  29.582  -3.249 0.0000000000
106815  44.184  29.538  -3.162 0.0000000000
106816  43.321  29.503  -3.064 0.0000000000
106817  42.409  29.564  -3.060 0.0000000000
106818  41.775  29.619  -2.762 0.0000000000
106823  48.975  29.920  -3.794 0.0000000000
106824  48.395  29.815  -4.026 0.0000000000
106825  47.384  29.833  -4.346 0.0000000000
106826  46.351  29.715  -4.167 0.0000000000
106827  45.418  29.678  -4.094 0.0000000000
106828  44.420  29.656  -4.125 0.0000000000
106829  43.599  29.584  -3.857 0.0000000000
106830  42.866  29.571  -3.750 0.0000000000
106834  47.159  30.145  -4.921 0.0000000000
106835  46.655  30.007  -4.905 0.0000000000
106836  45.794  29.817  -4.882 0.0000000000
106837  44.962  29.761  -4.795 0.0000000000
107286  36.648  31.068  24.530 0.0000000000
107292  37.066  30.437  23.636 0.0000000000
107293  36.669  31.193  23.471 0.0000000000
107299  36.954  30.558  22.649 0.0000000000
107300  36.721  31.237  22.542 0.0000000000
107306  37.011  30.865  21.692 0.0000000000
107307  36.741  31.317  22.052 0.0000000000
107314  39.863  31.011  20.066 0.0000000000
107315  39.354  30.799  20.132 0.0000000000
107316  38.515  30.434  20.420 0.0000000000
107317  37.681  30.856  20.947 0.0000000000
107326  40.887  30.714  19.559 0.0000000000
107327  40.150  30.392  19.620 0.0000000000
107328  39.209  30.160  19.956 0.0000000000
107329  38.867  30.094  20.143 0.0000000000
107338  40.998  30.515  19.103 0.0000000000
107339  40.420  29.988  18.681 0.0000000000
107340  39.839  29.880  18.068 0.0000000000
107350  40.996  30.539  18.342 0.0000000000
107351  40.368  30.401  17.753 0.0000000000
107352  39.595  30.008  17.373 0.0000000000
107361  39.919  30.501  17.076 0.0000000000
107362  39.223  30.175  16.485 0.0000000000
107363  38.590  29.837  15.818 0.0000000000
107372  38.876  30.392  15.700 0.0000000000
107373  38.311  29.992  15.167 0.0000000000
107380  38.642  30.610  15.056 0.0000000000
107381  38.092  30.250  14.269 0.0000000000
107382  37.639  29.924  13.490 0.0000000000
107385  37.986  30.459  13.441 0.0000000000
107386  37.503  30.049  12.813 0.0000000000
107388  38.044  30.635  12.649 0.0000000000
107389  37.526  30.151  11.904 0.0000000000
107391  38.255  30.748  11.691 0.0000000000
107392  37.625  30.303  10.855 0.0000000000
107400  39.663  31.095  10.078 0.0000000000
107401  38.689  30.744  10.510 0.0000000000
107402  37.930  30.135  9.945 0.0000000000
107414  46.148  29.912  9.417 0.0000000000
107415  45.285  29.781  9.331 0.0000000000
107416  44.207  29.674  9.231 0.0000000000
107417  43.133  30.173  9.132 0.0000000000
107418  42.150  30.428  9.049 0.0000000000
107419  41.112  30.439  9.046 0.0000000000
107420  40.187  30.526  9.395 0.0000000000
107421  39.338  30.389  9.531 0.0000000000
107422  38.579  30.100  9.551 0.0000000000
107434  45.573  29.712  8.227 0.0000000000
107435  44.732  29.783  8.040 0.0000000000
107436  43.989  29.150  8.936 0.0000000000
107437  43.550  29.366  8.813 0.0000000000
107438  42.713  29.632  8.669 0.0000000000
107439  41.867  29.799  8.653 0.0000000000
107447  43.967  29.821  7.712 0.0000000000
107448  43.174  29.974  7.450 0.0000000000
107449  42.462  30.205  7.184 0.0000000000
107451  41.925  30.488  6.986 0.0000000000
107452  41.341  30.269  6.764 0.0000000000
107453  40.538  30.173  6.522 0.0000000000
107454  39.635  30.290  6.206 0.0000000000
107456  38.865  30.531  5.701 0.0000000000
107457  38.156  30.627  5.070 0.0000000000
107458  37.747  30.046  4.872 0.0000000000
107461  37.904  31.148  4.569 0.0000000000
107462  37.534  30.602  4.268 0.0000000000
107473  37.170  30.549  3.259 0.0000000000
107489  45.796  30.065  2.550 0.0000000000
107490  45.277  29.870  2.477 0.0000000000
107491  38.216  30.800  1.835 0.0000000000
107492  37.538  30.429  2.348 0.0000000000
107506  45.760  30.508  2.036 0.0000000000
107507  45.052  30.257  2.137 0.0000000000
107508  40.404  30.640  1.147 0.0000000000
107509  39.926  30.735  1.309 0.0000000000
107510  38.962  30.523  1.527 0.0000000000
107511  38.041  29.928  1.714 0.0000000000
107525  46.770  30.366  1.167 0.0000000000
107526  45.875  30.340  1.234 0.0000000000
107527  45.044  30.199  1.381 0.0000000000
107528  41.013  30.269  0.532 0.0000000000
107529  40.720  30.480  0.834 0.0000000000
107530  40.151  31.027  0.930 0.0000000000
107547  48.815  30.244  -0.020 0.0000000000
107548  47.860  30.300  0.102 0.0000000000
107549  46.938  30.250  0.195 0.0000000000
107550  41.160  30.135  0.320 0.0000000000
107551  40.652  30.267  -0.094 0.0000000000
107552  39.940  30.774  0.203 0.0000000000
107571  50.132  29.882  -1.336 0.0000000000
107572  48.913  29.940  -1.264 0.0000000000
107573  40.376  30.091  -1.166 0.0000000000
107574  39.705  30.568  -0.821 0.0000000000
107590  50.277  29.811  -2.336 0.0000000000
107591  49.320  29.846  -2.338 0.0000000000
107592  40.598  29.956  -2.141 0.0000000000
107593  39.813  30.536  -1.958 0.0000000000
107607  50.756  30.034  -3.273 0.0000000000
107608  49.632  29.957  -3.405 0.0000000000
107609  41.816  29.705  -3.289 0.0000000000
107610  41.174  29.882  -3.127 0.0000000000
107611  40.220  30.448  -3.053 0.0000000000
107622  50.302  30.278  -4.296 0.0000000000
107623  49.181  30.114  -4.460 0.0000000000
107624  48.214  30.124  -4.805 0.0000000000
107625  47.552  30.205  -5.007 0.0000000000
107626  43.784  29.717  -4.432 0.0000000000
107627  43.139  29.783  -4.477 0.0000000000
107628  41.995  29.859  -4.100 0.0000000000
107629  40.741  30.427  -4.178 0.0000000000
107630  39.954  30.961  -3.815 0.0000000000
107639  49.928  30.644  -5.319 0.0000000000
107640  48.873  30.461  -5.387 0.0000000000
107641  47.992  30.442  -5.515 0.0000000000
107642  47.123  30.348  -5.487 0.0000000000
107643  46.199  30.278  -5.543 0.0000000000
107644  45.228  30.193  -5.467 0.0000000000
107645  44.045  30.046  -5.151 0.0000000000
107646  42.690  30.364  -5.313 0.0000000000
107647  41.498  30.526  -5.113 0.0000000000
107648  40.669  30.904  -5.083 0.0000000000
107653  49.361  30.852  -5.953 0.0000000000
107654  48.600  30.801  -6.136 0.0000000000
107655  47.673  30.707  -6.237 0.0000000000
107656  46.723  30.681  -6.249 0.0000000000
107657  45.740  30.729  -6.170 0.0000000000
107658  44.690  30.701  -6.098 0.0000000000
107659  43.587  30.767  -6.087 0.0000000000
107660  42.682  30.984  -6.165 0.0000000000
108144  35.979  32.005  24.328 0.0000000000
108145  35.706  32.565  24.935 0.0000000000
108150  36.414  31.863  23.109 0.0000000000
108156  36.665  31.740  22.287 0.0000000000
108163  38.247  31.894  20.898 0.0000000000
108164  37.469  31.566  21.261 0.0000000000
108165  36.909  31.515  21.781 0.0000000000
108173  40.352  31.386  20.226 0.0000000000
108174  39.561  31.459  20.362 0.0000000000
108175  38.794  31.322  20.496 0.0000000000
108176  38.101  31.228  20.723 0.0000000000
108182  42.922  31.847  19.056 0.0000000000
108183  42.248  31.453  19.343 0.0000000000
108184  41.497  30.997  19.652 0.0000000000
108185  40.858  30.937  19.929 0.0000000000
108192  42.775  32.017  18.584 0.0000000000
108193  42.223  31.668  18.362 0.0000000000
108194  41.575  31.019  18.710 0.0000000000
108201  41.915  31.683  17.744 0.0000000000
108202  41.219  31.213  17.511 0.0000000000
108203  40.398  30.782  17.209 0.0000000000
108212  40.834  31.694  16.327 0.0000000000
108213  39.988  31.040  16.503 0.0000000000
108214  39.343  30.653  16.059 0.0000000000
108224  40.743  31.900  15.754 0.0000000000
108225  40.097  31.664  15.431 0.0000000000
108226  39.292  30.959  15.545 0.0000000000
108234  39.994  31.759  14.243 0.0000000000
108235  38.979  31.137  14.427 0.0000000000
108236  38.389  30.717  13.896 0.0000000000
108240  40.136  31.911  13.259 0.0000000000
108241  39.316  31.449  13.393 0.0000000000
108242  38.540  30.975  13.404 0.0000000000
108244  40.336  32.067  12.361 0.0000000000
108245  39.550  31.637  12.463 0.0000000000
108246  38.744  31.192  12.544 0.0000000000
108255  41.499  32.300  10.965 0.0000000000
108256  40.781  32.107  11.458 0.0000000000
108257  39.849  31.738  11.579 0.0000000000
108258  39.051  31.289  11.616 0.0000000000
108268  46.817  31.247  10.285 0.0000000000
108269  42.924  31.810  9.803 0.0000000000
108270  42.061  31.972  10.219 0.0000000000
108271  41.061  31.819  10.433 0.0000000000
108272  40.180  31.629  10.693 0.0000000000
108273  39.452  31.341  10.895 0.0000000000
108285  46.518  30.671  9.862 0.0000000000
108286  45.669  30.569  9.565 0.0000000000
108287  44.764  30.676  9.461 0.0000000000
108288  43.644  31.058  9.419 0.0000000000
108289  42.557  31.113  9.516 0.0000000000
108290  41.559  31.210  9.638 0.0000000000
108291  40.577  31.214  9.817 0.0000000000
108302  46.239  30.398  8.184 0.0000000000
108303  45.418  30.544  8.195 0.0000000000
108314  44.575  30.764  7.969 0.0000000000
108315  43.791  30.881  7.554 0.0000000000
108316  43.058  31.034  7.216 0.0000000000
108323  42.329  31.215  7.087 0.0000000000
108324  41.652  31.268  6.843 0.0000000000
108325  40.932  31.191  6.627 0.0000000000
108326  40.191  31.236  6.320 0.0000000000
108329  39.456  31.391  5.832 0.0000000000
108330  38.738  31.520  5.294 0.0000000000
108333  38.157  31.673  4.758 0.0000000000
108334  37.722  31.670  4.250 0.0000000000
108336  37.483  31.532  3.571 0.0000000000
108340  37.990  31.481  2.086 0.0000000000
108341  37.538  31.450  2.757 0.0000000000
108345  39.357  31.226  1.301 0.0000000000
108346  38.726  31.563  1.525 0.0000000000
108349  39.722  31.311  1.059 0.0000000000
108350  39.218  31.693  0.898 0.0000000000
108353  39.512  31.321  0.498 0.0000000000
108354  38.949  31.856  0.049 0.0000000000
108360  39.279  31.277  -0.425 0.0000000000
108361  38.826  31.942  -0.918 0.0000000000
108371  39.150  31.385  -1.557 0.0000000000
108372  38.936  32.149  -1.563 0.0000000000
108380  39.505  31.391  -2.883 0.0000000000
108389  40.146  31.097  -4.578 0.0000000000
108390  39.532  31.767  -4.206 0.0000000000
108401  50.004  31.119  -6.104 0.0000000000
108402  41.986  30.907  -5.838 0.0000000000
108403  41.115  31.161  -5.841 0.0000000000
108404  40.069  31.669  -5.433 0.0000000000
108405  39.441  32.333  -4.960 0.0000000000
108414  50.527  31.652  -6.580 0.0000000000
108415  49.388  31.469  -6.680 0.0000000000
108416  48.281  31.285  -6.785 0.0000000000
108417  47.316  31.214  -6.884 0.0000000000
108418  46.325  31.293  -6.812 0.0000000000
108419  45.309  31.378  -6.717 0.0000000000
108420  44.262  31.444  -6.670 0.0000000000
108421  43.196  31.485  -6.739 0.0000000000
108422  41.981  31.641  -6.607 0.0000000000
108423  40.793  31.970  -6.371 0.0000000000
108424  40.003  32.379  -6.158 0.0000000000
108430  48.753  31.809  -7.264 0.0000000000
108431  47.941  31.818  -7.432 0.0000000000
108432  46.937  31.879  -7.427 0.0000000000
108433  45.916  31.968  -7.379 0.0000000000
108434  44.895  32.115  -7.255 0.0000000000
108435  43.851  32.198  -7.222 0.0000000000
108436  42.805  32.241  -7.270 0.0000000000
108437  41.996  32.462  -7.196 0.0000000000
108954  35.814  32.568  24.069 0.0000000000
108955  35.675  32.879  24.524 0.0000000000
108959  36.061  32.757  23.497 0.0000000000
108960  35.757  32.864  24.009 0.0000000000
108964  37.118  32.951  21.955 0.0000000000
108965  36.592  32.461  22.537 0.0000000000
108976  38.519  32.673  21.146 0.0000000000
108977  37.678  32.430  21.385 0.0000000000
108978  36.992  32.124  21.800 0.0000000000
108989  39.070  32.060  20.739 0.0000000000
109004  44.018  32.801  18.875 0.0000000000
109005  43.347  32.423  18.558 0.0000000000
109006  42.653  32.095  18.305 0.0000000000
109015  43.155  32.623  17.438 0.0000000000
109016  42.376  32.139  17.684 0.0000000000
109017  41.800  31.747  17.456 0.0000000000
109024  43.135  32.701  16.874 0.0000000000
109025  42.515  32.520  16.609 0.0000000000
109026  41.672  31.946  16.902 0.0000000000
109034  42.286  32.718  15.490 0.0000000000
109035  41.357  32.200  15.785 0.0000000000
109036  40.708  31.994  15.480 0.0000000000
109046  42.292  32.887  14.494 0.0000000000
109047  41.478  32.496  14.752 0.0000000000
109048  40.679  32.157  14.964 0.0000000000
109058  42.304  33.079  13.541 0.0000000000
109059  41.536  32.652  13.785 0.0000000000
109060  40.772  32.229  14.011 0.0000000000
109068  42.378  33.204  12.586 0.0000000000
109069  41.582  32.799  12.852 0.0000000000
109070  40.858  32.391  13.094 0.0000000000
109079  48.296  32.067  11.101 0.0000000000
109080  47.633  32.536  11.114 0.0000000000
109081  43.568  33.127  11.097 0.0000000000
109082  42.772  33.140  11.597 0.0000000000
109083  41.727  32.632  11.831 0.0000000000
109084  41.049  32.373  12.323 0.0000000000
109088  47.832  31.405  10.699 0.0000000000
109089  47.187  31.876  10.741 0.0000000000
109090  46.209  31.768  10.187 0.0000000000
109091  45.194  32.348  10.178 0.0000000000
109092  44.135  32.679  10.428 0.0000000000
109093  42.985  32.552  10.517 0.0000000000
109094  42.149  32.604  10.989 0.0000000000
109105  45.945  31.120  9.780 0.0000000000
109106  45.372  31.406  9.735 0.0000000000
109107  44.448  31.790  9.673 0.0000000000
109108  43.591  32.078  9.821 0.0000000000
109120  45.972  31.236  8.288 0.0000000000
109131  46.276  32.211  8.288 0.0000000000
109132  45.313  31.867  8.193 0.0000000000
109133  44.378  31.906  7.753 0.0000000000
109134  43.569  31.942  7.486 0.0000000000
109146  42.829  32.120  7.260 0.0000000000
109147  42.119  32.229  6.885 0.0000000000
109148  41.329  32.220  6.525 0.0000000000
109149  40.663  31.943  6.338 0.0000000000
109160  40.804  32.649  6.185 0.0000000000
109161  40.123  32.351  5.909 0.0000000000
109162  39.320  32.349  5.374 0.0000000000
109170  38.635  32.461  4.872 0.0000000000
109171  38.014  32.505  4.364 0.0000000000
109173  37.662  32.393  3.765 0.0000000000
109176  37.872  32.181  2.409 0.0000000000
109177  37.684  32.383  3.030 0.0000000000
109181  38.304  32.365  1.739 0.0000000000
109185  38.711  32.415  0.709 0.0000000000
109188  38.703  32.592  -0.458 0.0000000000
109191  39.232  32.838  -1.794 0.0000000000
109192  38.993  32.703  -1.449 0.0000000000
109199  39.197  32.454  -2.100 0.0000000000
109200  39.049  32.421  -1.703 0.0000000000
109209  39.300  32.523  -3.294 0.0000000000
109215  39.176  32.784  -4.272 0.0000000000
109224  39.571  32.481  -5.611 0.0000000000
109225  39.162  33.092  -5.180 0.0000000000
109234  50.177  32.217  -7.208 0.0000000000
109235  49.373  32.143  -7.371 0.0000000000
109236  41.369  32.444  -6.829 0.0000000000
109237  40.557  33.055  -6.664 0.0000000000
109238  39.520  33.150  -6.056 0.0000000000
109239  39.213  33.525  -5.575 0.0000000000
109246  50.728  33.010  -7.668 0.0000000000
109247  49.742  32.866  -7.682 0.0000000000
109248  48.689  32.619  -7.717 0.0000000000
109249  47.560  32.685  -7.772 0.0000000000
109250  46.532  32.708  -7.803 0.0000000000
109251  45.521  32.838  -7.794 0.0000000000
109252  44.464  32.960  -7.747 0.0000000000
109253  43.392  33.009  -7.683 0.0000000000
109254  42.416  33.095  -7.532 0.0000000000
109255  41.479  33.194  -7.230 0.0000000000
109256  40.976  33.556  -7.010 0.0000000000
109684  36.224  33.806  23.528 0.0000000000
109685  35.763  33.387  24.066 0.0000000000
109698  37.380  33.843  22.232 0.0000000000
109699  36.646  33.369  22.743 0.0000000000
109715  37.920  33.301  21.574 0.0000000000
109747  43.967  32.842  18.605 0.0000000000
109758  44.695  33.370  17.808 0.0000000000
109759  43.894  32.936  18.044 0.0000000000
109768  45.361  33.975  16.594 0.0000000000
109769  44.616  33.587  16.755 0.0000000000
109770  43.671  33.062  16.942 0.0000000000
109771  43.103  32.796  16.620 0.0000000000
109787  45.283  34.135  16.098 0.0000000000
109788  44.747  33.897  15.780 0.0000000000
109789  43.809  33.416  15.958 0.0000000000
109790  43.024  33.033  16.149 0.0000000000
109808  44.596  34.115  14.775 0.0000000000
109809  43.810  33.701  14.995 0.0000000000
109810  43.007  33.251  15.225 0.0000000000
109830  49.474  34.022  13.335 0.0000000000
109831  45.447  34.272  13.336 0.0000000000
109832  44.778  34.244  13.809 0.0000000000
109833  43.820  33.905  14.015 0.0000000000
109834  43.063  33.350  14.247 0.0000000000
109851  49.007  33.679  12.542 0.0000000000
109852  47.868  33.865  12.063 0.0000000000
109853  46.855  34.153  12.068 0.0000000000
109854  45.802  34.187  12.508 0.0000000000
109855  44.766  33.984  12.715 0.0000000000
109856  43.883  33.863  13.028 0.0000000000
109857  43.073  33.527  13.306 0.0000000000
109869  49.091  32.831  11.707 0.0000000000
109870  48.151  33.084  11.530 0.0000000000
109871  47.021  33.139  11.180 0.0000000000
109872  45.920  33.669  11.407 0.0000000000
109873  44.921  33.746  11.720 0.0000000000
109874  43.881  33.567  11.963 0.0000000000
109875  43.162  33.521  12.478 0.0000000000
109886  46.587  32.397  10.696 0.0000000000
109887  45.991  32.819  10.681 0.0000000000
109888  45.051  33.234  10.823 0.0000000000
109889  44.281  33.322  11.181 0.0000000000
109925  46.017  33.126  7.816 0.0000000000
109926  45.056  33.052  7.539 0.0000000000
109927  44.134  32.844  7.420 0.0000000000
109928  43.420  32.803  7.270 0.0000000000
109937  44.587  33.599  7.182 0.0000000000
109938  43.909  33.579  6.940 0.0000000000
109939  42.859  33.338  6.790 0.0000000000
109940  41.918  33.104  6.477 0.0000000000
109941  41.275  33.086  6.228 0.0000000000
109952  42.360  33.837  6.252 0.0000000000
109953  41.725  33.761  5.955 0.0000000000
109954  40.804  33.480  5.666 0.0000000000
109955  39.862  33.212  5.325 0.0000000000
109956  39.185  33.097  4.947 0.0000000000
109967  40.318  33.945  5.068 0.0000000000
109968  39.601  33.883  4.736 0.0000000000
109969  38.617  33.491  4.296 0.0000000000
109970  37.906  33.060  3.875 0.0000000000
109979  38.179  33.588  3.369 0.0000000000
109980  37.795  32.941  3.258 0.0000000000
109987  38.065  33.145  2.465 0.0000000000
109988  37.786  32.850  2.927 0.0000000000
109990  38.472  33.282  1.170 0.0000000000
109993  38.604  33.323  0.021 0.0000000000
109997  39.389  33.566  -1.353 0.0000000000
109998  39.045  33.400  -1.047 0.0000000000
110001  39.957  33.718  -1.944 0.0000000000
110002  39.523  33.371  -1.771 0.0000000000
110003  39.171  33.151  -1.437 0.0000000000
110007  39.964  33.745  -2.191 0.0000000000
110008  39.610  33.380  -2.680 0.0000000000
110017  39.343  33.437  -3.591 0.0000000000
110023  39.091  33.696  -4.385 0.0000000000
110030  38.989  33.923  -5.152 0.0000000000
110039  40.596  34.010  -6.867 0.0000000000
110040  39.845  33.945  -6.441 0.0000000000
110041  39.280  33.994  -5.809 0.0000000000
110049  50.197  33.676  -8.061 0.0000000000
110050  49.217  33.578  -8.048 0.0000000000
110051  48.103  33.686  -8.090 0.0000000000
110052  47.053  33.482  -8.152 0.0000000000
110053  46.122  33.519  -8.215 0.0000000000
110054  45.135  33.877  -8.284 0.0000000000
110055  43.890  33.855  -8.147 0.0000000000
110056  42.889  33.938  -7.746 0.0000000000
110057  41.968  33.973  -7.492 0.0000000000
110058  41.226  34.030  -7.211 0.0000000000
110064  47.315  34.204  -8.370 0.0000000000
110065  46.543  34.177  -8.406 0.0000000000
110066  45.852  34.215  -8.393 0.0000000000
110067  45.521  34.355  -8.413 0.0000000000
110607  47.974  34.427  16.102 0.0000000000
110608  46.984  34.419  16.168 0.0000000000
110609  45.903  34.326  16.225 0.0000000000
110610  45.269  34.191  15.849 0.0000000000
110624  48.919  34.400  14.905 0.0000000000
110625  47.919  34.460  15.071 0.0000000000
110626  46.940  34.483  15.186 0.0000000000
110627  46.031  34.425  15.316 0.0000000000
110628  45.282  34.253  15.423 0.0000000000
110641  48.906  34.230  13.639 0.0000000000
110642  47.863  34.408  13.975 0.0000000000
110643  46.911  34.503  14.181 0.0000000000
110644  45.905  34.438  14.269 0.0000000000
110645  45.297  34.333  14.699 0.0000000000
110656  48.393  34.118  12.734 0.0000000000
110657  47.777  34.337  12.888 0.0000000000
110658  46.857  34.474  13.142 0.0000000000
110659  46.145  34.404  13.474 0.0000000000
110717  45.801  34.012  7.389 0.0000000000
110718  45.149  33.997  7.209 0.0000000000
110727  46.307  34.747  7.112 0.0000000000
110728  45.680  34.683  6.897 0.0000000000
110729  44.741  34.457  6.752 0.0000000000
110730  43.736  34.446  6.390 0.0000000000
110731  42.923  34.243  6.235 0.0000000000
110738  43.288  34.834  5.917 0.0000000000
110739  42.532  34.592  5.619 0.0000000000
110740  41.604  34.326  5.328 0.0000000000
110741  40.951  34.258  5.014 0.0000000000
110747  42.128  35.019  5.056 0.0000000000
110748  41.497  34.924  4.712 0.0000000000
110749  40.486  34.736  4.385 0.0000000000
110750  39.410  34.494  3.992 0.0000000000
110751  38.743  34.244  3.514 0.0000000000
110759  40.052  35.116  3.595 0.0000000000
110760  39.331  35.014  3.003 0.0000000000
110761  38.560  34.257  2.661 0.0000000000
110770  39.101  34.940  1.947 0.0000000000
110771  38.581  34.160  1.598 0.0000000000
110778  39.229  34.805  0.910 0.0000000000
110779  38.767  34.126  0.464 0.0000000000
110781  40.275  34.857  -0.513 0.0000000000
110782  39.721  34.697  -0.224 0.0000000000
110783  39.068  33.932  -0.514 0.0000000000
110786  42.288  34.650  -1.413 0.0000000000
110787  41.826  34.671  -1.352 0.0000000000
110788  40.655  34.689  -1.038 0.0000000000
110789  39.598  33.962  -1.222 0.0000000000
110790  39.217  33.771  -0.929 0.0000000000
110793  43.729  34.579  -1.846 0.0000000000
110794  43.522  34.474  -1.907 0.0000000000
110795  42.633  34.532  -1.704 0.0000000000
110796  41.638  34.442  -1.783 0.0000000000
110797  40.389  34.013  -1.882 0.0000000000
110798  39.837  33.770  -1.695 0.0000000000
110801  43.761  34.562  -2.031 0.0000000000
110802  43.358  34.595  -2.121 0.0000000000
110803  42.518  34.673  -2.140 0.0000000000
110804  41.511  34.617  -2.135 0.0000000000
110805  40.337  34.332  -2.505 0.0000000000
110806  39.743  33.981  -3.151 0.0000000000
110811  39.958  34.597  -3.082 0.0000000000
110812  39.429  34.403  -3.673 0.0000000000
110821  38.975  34.612  -4.430 0.0000000000
110823  38.969  34.727  -5.306 0.0000000000
110830  40.879  34.760  -6.989 0.0000000000
110831  40.142  34.799  -6.611 0.0000000000
110832  39.374  34.773  -6.095 0.0000000000
110843  49.659  34.334  -8.344 0.0000000000
110844  48.810  34.292  -8.318 0.0000000000
110845  45.665  34.956  -8.503 0.0000000000
110846  45.323  34.738  -8.446 0.0000000000
110847  44.323  34.731  -8.293 0.0000000000
110848  43.292  34.842  -7.904 0.0000000000
110849  42.304  34.863  -7.561 0.0000000000
110850  41.508  34.775  -7.283 0.0000000000
110861  49.044  34.943  -8.602 0.0000000000
110862  47.935  34.767  -8.493 0.0000000000
110863  46.809  34.833  -8.550 0.0000000000
110864  45.977  34.780  -8.470 0.0000000000
110865  45.692  34.545  -8.443 0.0000000000
111540  46.549  35.457  6.539 0.0000000000
111541  45.599  35.376  6.301 0.0000000000
111542  44.645  35.298  6.106 0.0000000000
111543  43.911  35.218  5.859 0.0000000000
111559  47.473  36.074  5.806 0.0000000000
111560  46.547  35.968  5.642 0.0000000000
111561  45.586  35.867  5.353 0.0000000000
111562  44.564  35.628  5.277 0.0000000000
111563  43.548  35.370  5.217 0.0000000000
111564  42.803  35.281  4.936 0.0000000000
111572  45.228  36.086  4.721 0.0000000000
111573  44.479  35.995  4.393 0.0000000000
111574  43.468  35.644  4.312 0.0000000000
111575  42.449  35.482  4.276 0.0000000000
111576  41.499  35.479  3.941 0.0000000000
111577  40.770  35.425  3.585 0.0000000000
111583  44.173  36.051  3.585 0.0000000000
111584  43.361  35.846  3.469 0.0000000000
111585  42.451  35.865  3.260 0.0000000000
111586  41.486  35.845  2.999 0.0000000000
111587  40.458  35.572  2.739 0.0000000000
111588  39.803  35.383  2.149 0.0000000000
111595  44.101  36.069  2.874 0.0000000000
111596  43.478  36.153  2.423 0.0000000000
111597  42.433  36.048  2.208 0.0000000000
111598  41.463  35.871  1.938 0.0000000000
111599  40.580  35.622  1.618 0.0000000000
111600  39.840  35.270  1.293 0.0000000000
111609  43.329  36.217  1.362 0.0000000000
111610  42.428  36.030  1.069 0.0000000000
111611  41.457  35.787  0.833 0.0000000000
111612  40.598  35.447  0.625 0.0000000000
111613  39.954  35.103  0.397 0.0000000000
111620  45.091  36.039  -0.177 0.0000000000
111621  44.585  35.986  -0.257 0.0000000000
111622  43.574  36.002  0.091 0.0000000000
111623  42.426  35.575  -0.040 0.0000000000
111624  41.423  35.356  -0.141 0.0000000000
111625  40.504  35.073  -0.273 0.0000000000
111626  40.027  35.020  -0.033 0.0000000000
111629  48.049  35.908  -0.749 0.0000000000
111630  47.671  35.872  -0.821 0.0000000000
111631  47.060  35.803  -0.922 0.0000000000
111632  46.343  35.741  -0.968 0.0000000000
111633  45.428  35.738  -0.755 0.0000000000
111634  44.389  35.499  -0.940 0.0000000000
111635  43.335  35.216  -0.926 0.0000000000
111636  42.355  34.878  -1.067 0.0000000000
111637  41.266  34.955  -0.774 0.0000000000
111638  40.808  34.934  -0.694 0.0000000000
111640  48.162  35.800  -1.109 0.0000000000
111641  47.739  35.700  -1.391 0.0000000000
111642  46.989  35.609  -1.578 0.0000000000
111643  46.150  35.505  -1.553 0.0000000000
111644  45.218  35.344  -1.616 0.0000000000
111645  44.061  34.818  -1.781 0.0000000000
111646  43.132  34.668  -1.545 0.0000000000
111647  42.734  34.647  -1.480 0.0000000000
111650  46.706  35.464  -1.970 0.0000000000
111651  46.065  35.378  -2.099 0.0000000000
111652  45.065  35.314  -2.115 0.0000000000
111653  44.062  35.007  -2.223 0.0000000000
111654  43.253  35.038  -2.404 0.0000000000
111655  42.398  35.129  -2.375 0.0000000000
111656  41.433  35.192  -2.379 0.0000000000
111657  40.418  35.336  -2.684 0.0000000000
111658  39.742  35.709  -2.900 0.0000000000
111660  39.747  35.091  -3.216 0.0000000000
111661  39.157  35.470  -3.631 0.0000000000
111662  38.781  35.797  -3.949 0.0000000000
111671  38.843  35.541  -4.513 0.0000000000
111672  38.757  35.834  -4.189 0.0000000000
111681  39.111  35.572  -5.480 0.0000000000
111683  41.124  35.253  -7.094 0.0000000000
111684  40.589  35.679  -6.790 0.0000000000
111685  39.665  35.628  -6.258 0.0000000000
111687  45.808  35.144  -8.571 0.0000000000
111688  45.424  35.172  -8.571 0.0000000000
111689  44.640  35.250  -8.491 0.0000000000
111690  43.594  35.620  -8.181 0.0000000000
111691  42.590  35.744  -7.662 0.0000000000
111692  41.442  35.737  -7.291 0.0000000000
111693  40.820  36.164  -7.014 0.0000000000
111704  48.305  35.426  -8.857 0.0000000000
111705  46.990  35.401  -8.876 0.0000000000
111706  45.947  35.328  -8.679 0.0000000000
111707  45.000  35.473  -8.725 0.0000000000
111708  44.135  35.641  -8.591 0.0000000000
111709  43.636  35.869  -8.450 0.0000000000
111721  47.625  35.541  -9.407 0.0000000000
111722  46.588  35.535  -9.424 0.0000000000
111723  45.812  35.557  -9.734 0.0000000000
111724  45.055  35.599  -9.924 0.0000000000
111725  44.345  35.672  -10.079 0.0000000000
111726  43.956  35.789  -10.276 0.0000000000
111738  48.006  35.440  -10.238 0.0000000000
111739  47.010  35.425  -10.265 0.0000000000
111740  46.098  35.510  -10.398 0.0000000000
111741  45.313  35.629  -10.524 0.0000000000
111742  44.513  35.821  -10.710 0.0000000000
111743  44.126  35.819  -10.459 0.0000000000
111756  47.299  35.466  -11.190 0.0000000000
111757  46.393  35.543  -11.216 0.0000000000
111758  45.465  35.752  -11.409 0.0000000000
111759  44.955  35.810  -11.059 0.0000000000
111770  47.528  35.390  -12.087 0.0000000000
111771  46.547  35.601  -12.219 0.0000000000
111772  45.947  35.661  -11.879 0.0000000000
111778  47.615  35.564  -12.974 0.0000000000
111779  47.082  35.610  -12.617 0.0000000000
112439  47.556  36.205  4.864 0.0000000000
112440  46.641  36.208  4.714 0.0000000000
112441  45.952  36.183  4.520 0.0000000000
112456  47.573  36.326  3.940 0.0000000000
112457  46.656  36.317  3.862 0.0000000000
112458  45.641  36.312  3.877 0.0000000000
112459  44.932  36.331  3.551 0.0000000000
112473  48.490  36.519  3.079 0.0000000000
112474  47.524  36.504  3.044 0.0000000000
112475  46.574  36.527  3.014 0.0000000000
112476  45.670  36.498  2.926 0.0000000000
112477  44.829  36.329  2.844 0.0000000000
112491  48.389  36.396  2.124 0.0000000000
112492  47.433  36.448  2.128 0.0000000000
112493  46.511  36.454  2.107 0.0000000000
112494  45.613  36.389  2.053 0.0000000000
112495  44.629  36.368  2.003 0.0000000000
112496  44.050  36.390  1.525 0.0000000000
112511  48.234  36.490  1.176 0.0000000000
112512  47.312  36.531  1.224 0.0000000000
112513  46.428  36.494  1.213 0.0000000000
112514  45.564  36.457  1.118 0.0000000000
112515  44.775  36.450  0.956 0.0000000000
112516  44.103  36.331  0.731 0.0000000000
112531  48.938  36.180  0.181 0.0000000000
112532  48.008  36.327  0.315 0.0000000000
112533  47.176  36.444  0.377 0.0000000000
112534  46.368  36.324  0.337 0.0000000000
112535  45.548  36.142  0.101 0.0000000000
112536  44.736  36.242  0.248 0.0000000000
112537  44.244  36.212  0.183 0.0000000000
112547  48.485  35.969  -0.644 0.0000000000
112548  47.769  36.128  -0.332 0.0000000000
112549  47.085  36.197  -0.346 0.0000000000
112550  46.394  36.032  -0.405 0.0000000000
112551  45.938  35.882  -0.506 0.0000000000
112557  48.704  35.852  -1.679 0.0000000000
112558  47.663  35.695  -1.951 0.0000000000
112559  47.117  35.590  -1.997 0.0000000000
112560  42.308  36.596  -2.029 0.0000000000
112561  41.860  36.798  -1.861 0.0000000000
112565  49.273  36.401  -2.228 0.0000000000
112566  48.202  36.164  -2.215 0.0000000000
112567  47.019  35.836  -2.226 0.0000000000
112568  45.910  35.803  -2.373 0.0000000000
112569  44.886  35.735  -2.340 0.0000000000
112570  43.924  35.688  -2.372 0.0000000000
112571  43.077  35.715  -2.501 0.0000000000
112572  42.283  35.841  -2.384 0.0000000000
112573  41.373  36.271  -2.148 0.0000000000
112574  40.269  36.376  -2.446 0.0000000000
112575  39.454  36.422  -2.958 0.0000000000
112578  38.886  36.368  -3.806 0.0000000000
112579  38.703  36.027  -4.029 0.0000000000
112581  38.886  36.365  -4.757 0.0000000000
112582  38.760  36.056  -4.272 0.0000000000
112591  39.260  36.403  -5.699 0.0000000000
112599  40.439  36.380  -6.875 0.0000000000
112600  39.854  36.489  -6.494 0.0000000000
112602  43.260  36.083  -8.370 0.0000000000
112603  42.714  36.301  -8.054 0.0000000000
112604  41.758  36.437  -7.734 0.0000000000
112605  40.543  36.604  -7.394 0.0000000000
112606  40.117  36.704  -6.945 0.0000000000
112608  46.480  35.598  -8.962 0.0000000000
112609  46.113  35.623  -8.946 0.0000000000
112610  45.322  35.676  -8.956 0.0000000000
112611  44.441  35.781  -8.995 0.0000000000
112612  43.544  36.029  -8.847 0.0000000000
112613  42.694  36.291  -8.687 0.0000000000
112614  41.864  36.473  -8.471 0.0000000000
112615  40.846  36.620  -8.314 0.0000000000
112617  46.414  35.618  -9.157 0.0000000000
112618  46.190  35.635  -9.175 0.0000000000
112619  45.563  35.649  -9.293 0.0000000000
112620  44.755  35.682  -9.438 0.0000000000
112621  43.715  35.799  -9.813 0.0000000000
112622  42.697  36.176  -9.581 0.0000000000
112623  41.885  36.358  -9.305 0.0000000000
112624  41.027  36.449  -9.237 0.0000000000
112626  44.106  36.150  -11.229 0.0000000000
112627  43.728  36.125  -10.795 0.0000000000
112628  42.699  36.574  -10.798 0.0000000000
112629  41.774  36.573  -10.226 0.0000000000
112630  41.305  36.551  -9.777 0.0000000000
112633  45.089  36.190  -11.944 0.0000000000
112634  44.579  36.150  -11.582 0.0000000000
112635  43.737  36.673  -11.733 0.0000000000
112636  43.222  36.671  -11.257 0.0000000000
112638  46.242  36.085  -12.693 0.0000000000
112639  45.622  36.333  -12.500 0.0000000000
112640  44.761  36.620  -12.203 0.0000000000
112641  44.269  36.604  -12.040 0.0000000000
112644  47.612  36.350  -13.925 0.0000000000
112645  46.704  36.130  -13.106 0.0000000000
112646  46.171  36.372  -12.872 0.0000000000
113317  48.536  37.524  -2.272 0.0000000000
113318  48.108  37.499  -2.220 0.0000000000
113319  47.192  37.420  -2.038 0.0000000000
113320  46.181  37.379  -2.023 0.0000000000
113321  45.168  37.320  -1.931 0.0000000000
113322  44.156  37.258  -1.840 0.0000000000
113323  43.104  37.184  -1.882 0.0000000000
113324  42.163  37.388  -1.703 0.0000000000
113325  41.525  37.653  -1.663 0.0000000000
113328  49.675  37.047  -2.383 0.0000000000
113329  48.726  37.094  -2.370 0.0000000000
113330  47.668  36.703  -2.350 0.0000000000
113331  46.612  36.565  -2.342 0.0000000000
113332  45.575  36.513  -2.355 0.0000000000
113333  44.573  36.460  -2.258 0.0000000000
113334  43.625  36.420  -2.242 0.0000000000
113335  42.891  36.351  -2.327 0.0000000000
113336  41.545  37.063  -1.790 0.0000000000
113337  40.850  37.283  -1.886 0.0000000000
113338  39.976  37.327  -2.457 0.0000000000
113341  39.291  37.378  -3.171 0.0000000000
113344  38.859  37.396  -4.142 0.0000000000
113345  38.661  37.859  -4.683 0.0000000000
113348  38.864  37.162  -5.134 0.0000000000
113349  38.562  37.883  -5.395 0.0000000000
113358  39.095  37.176  -6.028 0.0000000000
113359  38.561  37.943  -6.325 0.0000000000
113366  39.964  36.977  -7.490 0.0000000000
113367  39.506  37.239  -7.098 0.0000000000
113368  38.517  38.190  -7.263 0.0000000000
113372  39.827  37.107  -8.093 0.0000000000
113373  38.962  37.828  -8.071 0.0000000000
113374  38.473  38.589  -8.091 0.0000000000
113378  40.075  36.927  -9.209 0.0000000000
113379  39.100  37.836  -9.206 0.0000000000
113380  38.687  38.271  -8.621 0.0000000000
113382  42.390  37.284  -11.269 0.0000000000
113383  41.773  37.508  -11.139 0.0000000000
113384  40.677  37.165  -10.248 0.0000000000
113385  39.751  37.500  -9.864 0.0000000000
113388  43.617  37.760  -12.146 0.0000000000
113389  42.891  37.427  -11.573 0.0000000000
113390  42.321  37.671  -11.416 0.0000000000
113392  45.625  37.576  -13.065 0.0000000000
113393  44.954  37.405  -12.562 0.0000000000
113394  44.214  37.193  -12.307 0.0000000000
113396  47.461  37.624  -14.249 0.0000000000
113397  46.757  37.231  -13.695 0.0000000000
113398  46.118  36.877  -13.207 0.0000000000
114094  49.820  38.040  -2.115 0.0000000000
114095  48.753  37.990  -2.117 0.0000000000
114096  47.757  38.238  -1.754 0.0000000000
114097  46.752  38.262  -1.642 0.0000000000
114098  45.737  38.249  -1.608 0.0000000000
114099  44.720  38.208  -1.531 0.0000000000
114100  43.721  38.196  -1.611 0.0000000000
114101  42.785  38.227  -1.617 0.0000000000
114102  41.939  38.294  -1.559 0.0000000000
114103  41.195  38.241  -1.699 0.0000000000
114105  49.189  37.536  -2.305 0.0000000000
114106  48.902  37.536  -2.304 0.0000000000
114107  40.490  38.226  -2.072 0.0000000000
114108  39.767  38.306  -2.648 0.0000000000
114110  39.142  38.424  -3.443 0.0000000000
114111  38.755  38.880  -3.934 0.0000000000
114114  38.755  38.247  -4.153 0.0000000000
114115  38.500  38.667  -4.667 0.0000000000
114117  38.323  38.758  -5.612 0.0000000000
114121  38.209  38.871  -6.537 0.0000000000
114130  38.210  39.103  -7.403 0.0000000000
114137  38.370  39.333  -8.117 0.0000000000
114141  39.091  38.720  -9.585 0.0000000000
114142  38.580  39.031  -8.968 0.0000000000
114144  41.733  38.445  -11.312 0.0000000000
114145  40.998  38.428  -11.018 0.0000000000
114146  39.728  38.562  -10.303 0.0000000000
114149  43.785  38.501  -12.186 0.0000000000
114150  43.223  38.519  -11.888 0.0000000000
114151  42.357  38.462  -11.516 0.0000000000
114153  46.666  38.907  -13.114 0.0000000000
114154  46.174  38.599  -13.064 0.0000000000
114155  45.267  38.385  -12.720 0.0000000000
114156  44.362  38.326  -12.405 0.0000000000
114160  46.941  38.565  -13.545 0.0000000000
114161  46.260  37.797  -13.404 0.0000000000
114865  50.445  39.100  -1.755 0.0000000000
114866  49.382  39.134  -1.739 0.0000000000
114867  48.329  39.179  -1.595 0.0000000000
114868  47.302  39.209  -1.514 0.0000000000
114869  46.294  39.209  -1.491 0.0000000000
114870  45.278  39.187  -1.362 0.0000000000
114871  44.269  39.150  -1.421 0.0000000000
114872  43.319  39.127  -1.534 0.0000000000
114873  42.421  39.111  -1.565 0.0000000000
114874  41.590  39.083  -1.694 0.0000000000
114875  40.959  38.871  -1.901 0.0000000000
114881  41.180  39.424  -1.999 0.0000000000
114882  40.478  39.277  -2.380 0.0000000000
114883  39.651  39.113  -2.901 0.0000000000
114885  40.038  39.752  -2.976 0.0000000000
114886  39.331  39.580  -3.605 0.0000000000
114887  38.754  39.378  -4.248 0.0000000000
114890  39.029  39.952  -4.302 0.0000000000
114891  38.581  39.654  -4.966 0.0000000000
114894  38.474  39.607  -5.929 0.0000000000
114896  38.292  39.792  -6.760 0.0000000000
114900  38.311  39.965  -7.605 0.0000000000
114909  38.536  40.014  -8.439 0.0000000000
114916  39.253  39.551  -9.638 0.0000000000
114917  38.908  40.157  -9.122 0.0000000000
114919  42.599  39.688  -11.136 0.0000000000
114920  42.025  39.348  -11.165 0.0000000000
114921  40.790  39.627  -10.656 0.0000000000
114922  39.874  40.027  -10.170 0.0000000000
114925  46.782  39.779  -12.224 0.0000000000
114926  46.356  39.762  -12.134 0.0000000000
114927  45.392  39.677  -12.001 0.0000000000
114928  44.158  39.284  -11.962 0.0000000000
114929  42.926  39.478  -11.389 0.0000000000
114930  42.404  39.126  -11.406 0.0000000000
114934  48.301  39.595  -12.807 0.0000000000
114935  46.994  39.408  -12.659 0.0000000000
114936  45.823  39.178  -12.507 0.0000000000
114937  44.864  39.014  -12.388 0.0000000000
114938  44.415  38.911  -12.314 0.0000000000
114945  47.696  39.100  -13.362 0.0000000000
114946  47.176  39.077  -13.211 0.0000000000
115648  50.018  40.167  -1.739 0.0000000000
115649  48.875  40.314  -1.699 0.0000000000
115650  47.801  40.137  -1.585 0.0000000000
115651  46.841  40.178  -1.623 0.0000000000
115652  45.828  40.104  -1.544 0.0000000000
115653  44.809  40.081  -1.474 0.0000000000
115654  43.839  39.975  -1.648 0.0000000000
115655  42.900  39.924  -1.697 0.0000000000
115656  42.030  39.795  -1.797 0.0000000000
115657  41.540  39.635  -1.908 0.0000000000
115670  50.643  41.033  -2.136 0.0000000000
115671  49.634  41.074  -2.153 0.0000000000
115672  46.925  40.805  -1.960 0.0000000000
115673  46.350  40.828  -2.002 0.0000000000
115674  45.363  40.837  -1.986 0.0000000000
115675  44.365  40.693  -2.067 0.0000000000
115676  43.410  40.583  -2.126 0.0000000000
115677  42.453  40.479  -2.246 0.0000000000
115678  41.408  40.092  -2.295 0.0000000000
115679  40.643  40.113  -2.772 0.0000000000
115686  41.991  40.706  -2.808 0.0000000000
115687  41.223  40.587  -3.082 0.0000000000
115688  40.317  40.355  -3.523 0.0000000000
115689  39.602  40.332  -4.095 0.0000000000
115691  41.918  40.819  -3.486 0.0000000000
115692  41.302  40.726  -3.972 0.0000000000
115693  40.355  40.771  -4.502 0.0000000000
115694  39.307  40.499  -4.855 0.0000000000
115695  38.826  40.228  -5.519 0.0000000000
115698  39.989  40.937  -5.198 0.0000000000
115699  39.408  40.780  -5.740 0.0000000000
115700  38.748  40.347  -6.214 0.0000000000
115703  39.120  40.913  -6.387 0.0000000000
115704  38.595  40.702  -6.992 0.0000000000
115706  38.531  40.715  -7.918 0.0000000000
115710  39.152  41.098  -9.002 0.0000000000
115711  38.900  40.851  -8.750 0.0000000000
115720  40.080  40.974  -9.844 0.0000000000
115721  39.541  40.815  -9.508 0.0000000000
115722  39.085  40.622  -9.148 0.0000000000
115729  43.293  40.451  -10.991 0.0000000000
115730  42.862  40.193  -10.966 0.0000000000
115731  41.801  40.408  -10.713 0.0000000000
115732  40.505  40.793  -10.220 0.0000000000
115733  39.963  40.587  -9.978 0.0000000000
115739  47.363  40.351  -12.101 0.0000000000
115740  46.997  40.144  -12.049 0.0000000000
115741  46.117  40.321  -11.758 0.0000000000
115742  45.045  40.319  -11.577 0.0000000000
115743  43.712  40.339  -11.225 0.0000000000
115744  43.183  40.018  -11.098 0.0000000000
115748  48.975  40.180  -12.456 0.0000000000
115749  47.765  40.246  -12.291 0.0000000000
115750  47.264  39.920  -12.242 0.0000000000
116450  48.816  41.158  -2.231 0.0000000000
116451  48.051  40.943  -1.995 0.0000000000
116452  47.358  40.722  -1.868 0.0000000000
116468  50.183  41.571  -2.911 0.0000000000
116469  49.226  41.532  -2.917 0.0000000000
116470  48.280  41.416  -2.833 0.0000000000
116471  47.153  41.242  -2.557 0.0000000000
116472  45.964  41.357  -2.718 0.0000000000
116473  44.904  41.210  -2.791 0.0000000000
116474  43.911  41.050  -2.800 0.0000000000
116475  43.025  40.934  -2.744 0.0000000000
116476  42.507  40.800  -2.752 0.0000000000
116492  49.722  41.663  -3.819 0.0000000000
116493  48.745  41.527  -3.800 0.0000000000
116494  47.697  41.540  -3.706 0.0000000000
116495  46.579  41.539  -3.655 0.0000000000
116496  45.462  41.471  -3.668 0.0000000000
116497  44.387  41.389  -3.629 0.0000000000
116498  43.356  41.205  -3.524 0.0000000000
116499  42.549  40.963  -3.263 0.0000000000
116513  50.242  41.913  -4.684 0.0000000000
116514  49.265  41.716  -4.696 0.0000000000
116515  48.249  41.642  -4.693 0.0000000000
116516  47.162  41.592  -4.674 0.0000000000
116517  46.030  41.515  -4.629 0.0000000000
116518  44.907  41.497  -4.552 0.0000000000
116519  43.784  41.408  -4.443 0.0000000000
116520  42.478  41.118  -4.271 0.0000000000
116521  41.385  41.055  -4.812 0.0000000000
116522  40.661  41.077  -5.180 0.0000000000
116531  49.828  41.944  -5.467 0.0000000000
116532  48.835  41.799  -5.508 0.0000000000
116533  47.791  41.661  -5.594 0.0000000000
116534  46.617  41.731  -5.601 0.0000000000
116535  45.425  41.675  -5.416 0.0000000000
116536  44.323  41.598  -5.338 0.0000000000
116537  43.220  41.562  -5.192 0.0000000000
116538  42.148  41.524  -5.208 0.0000000000
116539  41.185  41.462  -5.444 0.0000000000
116540  40.233  41.355  -5.739 0.0000000000
116541  39.609  41.221  -6.190 0.0000000000
116550  49.471  42.089  -6.088 0.0000000000
116551  48.454  41.968  -6.168 0.0000000000
116552  47.446  41.988  -6.222 0.0000000000
116553  46.655  42.215  -6.178 0.0000000000
116554  39.911  41.628  -6.223 0.0000000000
116555  39.316  41.529  -6.808 0.0000000000
116556  38.774  41.234  -7.504 0.0000000000
116561  38.967  41.796  -7.689 0.0000000000
116562  38.755  41.281  -8.197 0.0000000000
116564  39.112  41.573  -8.679 0.0000000000
116565  38.893  41.247  -8.549 0.0000000000
116569  40.098  41.264  -9.910 0.0000000000
116570  39.688  41.886  -9.596 0.0000000000
116578  43.294  40.705  -10.952 0.0000000000
116579  42.746  40.948  -10.852 0.0000000000
116580  41.699  41.211  -10.812 0.0000000000
116581  40.543  41.737  -10.529 0.0000000000
116582  39.724  42.313  -10.295 0.0000000000
116590  47.348  40.575  -12.048 0.0000000000
116591  46.862  40.828  -11.846 0.0000000000
116592  45.941  40.969  -11.728 0.0000000000
116593  44.833  41.001  -11.640 0.0000000000
116594  43.699  41.132  -11.391 0.0000000000
116595  42.720  41.426  -11.447 0.0000000000
116596  41.591  41.699  -11.565 0.0000000000
116597  40.679  42.058  -11.391 0.0000000000
116605  48.824  40.866  -12.586 0.0000000000
116606  47.717  40.985  -12.419 0.0000000000
116607  46.815  41.313  -12.278 0.0000000000
116608  45.777  41.396  -12.312 0.0000000000
116609  44.702  41.438  -12.318 0.0000000000
116610  43.649  41.496  -12.342 0.0000000000
116611  42.605  41.635  -12.526 0.0000000000
116612  41.732  41.912  -12.494 0.0000000000
116622  48.804  41.349  -13.084 0.0000000000
116623  47.715  41.312  -13.138 0.0000000000
116624  46.661  41.411  -13.224 0.0000000000
116625  45.617  41.608  -13.282 0.0000000000
116626  44.541  41.735  -13.365 0.0000000000
116627  43.528  41.684  -13.286 0.0000000000
116628  42.856  41.810  -13.456 0.0000000000
116638  48.641  41.233  -14.129 0.0000000000
116639  47.556  41.328  -14.224 0.0000000000
116640  46.502  41.504  -14.305 0.0000000000
116641  45.461  41.727  -14.380 0.0000000000
116642  44.664  41.866  -14.252 0.0000000000
116651  48.456  41.221  -15.278 0.0000000000
116652  47.389  41.405  -15.339 0.0000000000
116653  46.365  41.758  -15.395 0.0000000000
116654  45.554  41.927  -15.207 0.0000000000
116662  49.367  41.222  -16.354 0.0000000000
116663  48.257  41.312  -16.404 0.0000000000
116664  47.240  41.573  -16.393 0.0000000000
116665  46.441  41.985  -16.408 0.0000000000
116676  49.182  41.602  -17.500 0.0000000000
116677  48.043  41.686  -17.321 0.0000000000
116678  47.121  41.995  -17.257 0.0000000000
116679  46.412  42.394  -17.068 0.0000000000
116690  49.429  42.274  -18.250 0.0000000000
117279  45.840  42.191  -5.995 0.0000000000
117280  44.815  42.110  -5.961 0.0000000000
117281  43.771  42.129  -5.793 0.0000000000
117282  42.731  42.173  -5.590 0.0000000000
117283  41.722  42.085  -5.666 0.0000000000
117284  40.806  41.908  -5.901 0.0000000000
117285  40.295  41.766  -6.085 0.0000000000
117294  49.115  42.586  -6.384 0.0000000000
117295  48.094  42.569  -6.431 0.0000000000
117296  47.147  42.691  -6.423 0.0000000000
117297  46.246  42.814  -6.320 0.0000000000
117298  45.289  42.840  -6.266 0.0000000000
117299  44.268  42.855  -6.187 0.0000000000
117300  43.237  42.929  -5.945 0.0000000000
117301  42.186  42.911  -5.834 0.0000000000
117302  41.147  42.713  -5.979 0.0000000000
117303  40.112  42.328  -6.337 0.0000000000
117304  39.396  42.443  -7.114 0.0000000000
117314  38.989  42.521  -7.971 0.0000000000
117321  39.082  42.563  -8.909 0.0000000000
117323  39.208  42.759  -9.764 0.0000000000
117327  39.957  42.352  -11.046 0.0000000000
117328  39.300  42.956  -10.681 0.0000000000
117333  40.989  42.100  -12.177 0.0000000000
117334  40.162  42.362  -11.910 0.0000000000
117335  39.425  42.867  -11.683 0.0000000000
117341  42.125  41.945  -13.273 0.0000000000
117342  41.285  42.188  -13.072 0.0000000000
117343  40.412  42.397  -12.801 0.0000000000
117344  39.666  42.663  -12.493 0.0000000000
117350  44.093  41.940  -13.914 0.0000000000
117351  43.447  42.069  -14.026 0.0000000000
117352  42.622  42.182  -14.059 0.0000000000
117353  41.691  42.276  -13.994 0.0000000000
117354  40.709  42.451  -13.770 0.0000000000
117355  39.725  42.770  -13.432 0.0000000000
117362  44.990  41.915  -14.854 0.0000000000
117363  44.226  42.107  -14.744 0.0000000000
117364  43.286  42.417  -14.823 0.0000000000
117365  42.315  42.673  -14.765 0.0000000000
117366  41.201  42.842  -14.786 0.0000000000
117367  40.138  42.902  -14.348 0.0000000000
117368  39.578  43.085  -14.075 0.0000000000
117374  45.858  42.090  -15.792 0.0000000000
117375  45.073  42.291  -15.583 0.0000000000
117376  44.077  42.621  -15.610 0.0000000000
117377  43.054  43.071  -15.636 0.0000000000
117378  42.000  43.206  -15.340 0.0000000000
117379  41.440  43.205  -15.327 0.0000000000
117384  45.798  42.488  -16.393 0.0000000000
117385  44.979  43.059  -16.423 0.0000000000
117386  43.906  43.188  -16.225 0.0000000000
117387  43.378  43.326  -16.196 0.0000000000
117392  48.705  42.109  -17.960 0.0000000000
117393  47.966  42.409  -17.904 0.0000000000
117394  47.044  42.896  -17.781 0.0000000000
117395  45.915  43.037  -17.185 0.0000000000
117396  45.361  43.349  -17.032 0.0000000000
117403  48.963  42.906  -18.430 0.0000000000
117404  47.984  43.174  -18.341 0.0000000000
117405  47.478  43.353  -18.231 0.0000000000
117954  48.732  43.322  -6.510 0.0000000000
117955  47.737  43.397  -6.482 0.0000000000
117956  46.773  43.519  -6.455 0.0000000000
117957  45.801  43.639  -6.384 0.0000000000
117958  44.780  43.730  -6.331 0.0000000000
117959  43.735  43.808  -6.188 0.0000000000
117960  42.653  43.852  -6.071 0.0000000000
117961  41.565  43.665  -6.211 0.0000000000
117962  40.544  43.377  -6.367 0.0000000000
117963  39.738  43.212  -6.707 0.0000000000
117971  39.335  43.262  -7.407 0.0000000000
117978  38.972  43.437  -8.317 0.0000000000
117979  38.831  43.788  -8.890 0.0000000000
117985  38.881  43.310  -9.194 0.0000000000
117986  38.737  43.836  -9.341 0.0000000000
117989  38.756  43.597  -10.028 0.0000000000
117990  38.683  44.120  -9.668 0.0000000000
117993  38.833  43.866  -11.383 0.0000000000
117994  38.710  44.354  -11.994 0.0000000000
117997  38.990  43.278  -12.674 0.0000000000
117998  38.602  44.143  -12.518 0.0000000000
118002  39.128  43.344  -13.776 0.0000000000
118003  38.652  43.943  -13.489 0.0000000000
118008  41.026  43.260  -15.395 0.0000000000
118009  40.385  43.288  -15.102 0.0000000000
118010  39.485  43.534  -14.696 0.0000000000
118011  38.867  43.835  -14.258 0.0000000000
118017  43.006  43.468  -16.252 0.0000000000
118018  42.369  43.502  -16.029 0.0000000000
118019  41.510  43.493  -15.825 0.0000000000
118020  40.620  43.685  -15.824 0.0000000000
118021  39.916  43.741  -15.454 0.0000000000
118027  45.016  43.542  -16.995 0.0000000000
118028  44.386  43.558  -16.784 0.0000000000
118029  43.523  43.609  -16.672 0.0000000000
118030  42.667  43.820  -16.764 0.0000000000
118031  41.914  43.841  -16.462 0.0000000000
118032  41.187  43.887  -16.347 0.0000000000
118037  47.115  43.528  -18.182 0.0000000000
118038  46.408  43.526  -17.910 0.0000000000
118039  45.479  43.738  -17.584 0.0000000000
118040  44.756  43.880  -17.313 0.0000000000
118041  44.024  43.973  -17.220 0.0000000000
118042  43.266  44.039  -17.210 0.0000000000
118050  48.786  43.898  -18.585 0.0000000000
118051  47.751  43.925  -18.480 0.0000000000
118052  46.875  44.082  -18.362 0.0000000000
118053  46.098  44.113  -18.149 0.0000000000
118598  49.361  44.186  -6.625 0.0000000000
118599  48.355  44.175  -6.513 0.0000000000
118600  47.370  44.282  -6.536 0.0000000000
118601  46.376  44.424  -6.546 0.0000000000
118602  45.345  44.606  -6.482 0.0000000000
118603  44.247  44.747  -6.425 0.0000000000
118604  43.163  44.705  -6.492 0.0000000000
118605  41.983  44.798  -6.692 0.0000000000
118606  40.868  44.273  -6.647 0.0000000000
118607  39.989  43.970  -6.760 0.0000000000
118608  39.577  43.697  -7.022 0.0000000000
118617  49.914  44.346  -6.772 0.0000000000
118618  41.624  45.279  -7.321 0.0000000000
118619  41.026  44.986  -7.170 0.0000000000
118620  40.235  44.613  -7.170 0.0000000000
118621  39.467  44.214  -7.541 0.0000000000
118629  39.025  44.341  -8.684 0.0000000000
118630  38.809  44.052  -9.031 0.0000000000
118636  38.977  44.521  -9.379 0.0000000000
118637  38.819  44.220  -9.271 0.0000000000
118642  38.885  44.504  -10.117 0.0000000000
118643  38.814  44.361  -9.600 0.0000000000
118646  39.207  44.751  -11.167 0.0000000000
118647  38.914  44.569  -11.750 0.0000000000
118650  39.225  45.016  -11.843 0.0000000000
118651  38.760  44.872  -12.380 0.0000000000
118654  38.513  44.761  -13.288 0.0000000000
118657  38.951  44.032  -14.793 0.0000000000
118658  38.581  44.591  -14.455 0.0000000000
118661  40.046  44.080  -15.839 0.0000000000
118662  39.250  44.426  -15.578 0.0000000000
118663  38.568  44.936  -15.233 0.0000000000
118666  42.153  44.091  -16.934 0.0000000000
118667  41.555  44.258  -16.896 0.0000000000
118668  40.424  44.495  -16.479 0.0000000000
118669  39.594  44.967  -16.330 0.0000000000
118671  45.043  44.160  -17.654 0.0000000000
118672  44.528  44.352  -17.670 0.0000000000
118673  43.658  44.479  -17.651 0.0000000000
118674  42.483  44.560  -17.516 0.0000000000
118675  41.252  44.918  -17.347 0.0000000000
118676  40.505  45.210  -17.103 0.0000000000
118681  48.517  44.824  -18.658 0.0000000000
118682  47.469  44.825  -18.616 0.0000000000
118683  46.447  44.782  -18.526 0.0000000000
118684  45.327  44.608  -18.173 0.0000000000
118685  44.276  44.929  -18.139 0.0000000000
118686  43.341  45.064  -18.112 0.0000000000
118687  42.676  45.324  -18.070 0.0000000000
119279  49.348  44.700  -6.721 0.0000000000
119280  48.924  44.813  -6.701 0.0000000000
119281  48.006  45.009  -6.724 0.0000000000
119282  47.009  45.160  -6.806 0.0000000000
119283  45.977  45.316  -6.896 0.0000000000
119284  44.874  45.605  -6.881 0.0000000000
119285  43.592  45.555  -7.159 0.0000000000
119286  42.760  45.218  -6.971 0.0000000000
119298  49.776  45.095  -6.911 0.0000000000
119299  48.707  45.560  -7.158 0.0000000000
119300  47.686  45.770  -7.276 0.0000000000
119301  46.665  45.902  -7.400 0.0000000000
119302  45.640  46.040  -7.582 0.0000000000
119303  44.513  46.180  -8.147 0.0000000000
119304  43.376  46.013  -8.256 0.0000000000
119305  42.317  45.658  -7.748 0.0000000000
119306  41.178  45.454  -7.863 0.0000000000
119307  40.366  45.112  -7.716 0.0000000000
119308  39.895  44.781  -7.606 0.0000000000
119317  44.401  46.428  -9.009 0.0000000000
119318  43.797  46.327  -9.028 0.0000000000
119319  42.741  46.036  -9.417 0.0000000000
119320  41.432  45.771  -8.898 0.0000000000
119321  40.399  45.399  -8.580 0.0000000000
119322  39.664  44.957  -8.168 0.0000000000
119330  42.492  46.001  -10.827 0.0000000000
119331  41.583  45.843  -10.231 0.0000000000
119332  40.486  45.570  -9.718 0.0000000000
119333  39.457  45.069  -9.270 0.0000000000
119340  42.460  45.963  -11.498 0.0000000000
119341  41.724  45.901  -11.559 0.0000000000
119342  40.642  45.581  -10.929 0.0000000000
119343  39.644  45.234  -10.443 0.0000000000
119347  41.250  46.068  -12.286 0.0000000000
119348  40.628  45.701  -11.944 0.0000000000
119349  39.797  45.330  -11.483 0.0000000000
119353  40.990  46.303  -12.412 0.0000000000
119354  40.555  46.059  -12.403 0.0000000000
119355  39.567  45.630  -12.347 0.0000000000
119356  38.735  45.588  -13.025 0.0000000000
119359  38.463  45.553  -13.924 0.0000000000
119362  38.374  45.558  -14.909 0.0000000000
119365  39.165  45.177  -16.079 0.0000000000
119366  38.787  45.427  -15.681 0.0000000000
119369  39.973  45.288  -16.742 0.0000000000
119370  39.448  45.671  -16.449 0.0000000000
119371  39.085  45.556  -16.076 0.0000000000
119374  41.951  45.688  -17.852 0.0000000000
119375  40.888  45.764  -17.447 0.0000000000
119376  40.168  45.771  -17.091 0.0000000000
119377  39.826  45.701  -16.804 0.0000000000
119384  49.293  45.807  -18.583 0.0000000000
119385  48.160  45.767  -18.612 0.0000000000
119386  47.054  45.706  -18.669 0.0000000000
119387  45.957  45.616  -18.592 0.0000000000
119388  44.896  45.606  -18.513 0.0000000000
119389  43.921  45.685  -18.452 0.0000000000
119390  43.087  45.769  -18.338 0.0000000000
119391  42.565  45.790  -18.168 0.0000000000
119946  49.489  46.160  -7.748 0.0000000000
119947  48.406  46.288  -7.928 0.0000000000
119948  47.364  46.362  -8.092 0.0000000000
119949  46.373  46.318  -8.279 0.0000000000
119950  45.520  46.311  -8.485 0.0000000000
119965  49.161  46.533  -8.804 0.0000000000
119966  48.088  46.605  -8.942 0.0000000000
119967  47.056  46.551  -9.103 0.0000000000
119968  46.082  46.374  -9.259 0.0000000000
119969  45.063  46.411  -9.299 0.0000000000
119970  44.306  46.386  -9.669 0.0000000000
119971  43.641  46.265  -9.839 0.0000000000
119984  47.784  46.499  -10.008 0.0000000000
119985  46.767  46.478  -10.146 0.0000000000
119986  45.798  46.424  -10.239 0.0000000000
119987  44.904  46.421  -10.336 0.0000000000
119988  44.102  46.368  -10.455 0.0000000000
119989  43.313  46.181  -10.554 0.0000000000
120003  46.515  46.477  -11.114 0.0000000000
120004  45.573  46.516  -11.090 0.0000000000
120005  44.681  46.537  -11.029 0.0000000000
120006  43.834  46.435  -11.075 0.0000000000
120007  43.027  46.135  -11.420 0.0000000000
120008  42.471  46.070  -11.840 0.0000000000
120022  46.325  46.626  -11.815 0.0000000000
120023  45.323  46.770  -11.580 0.0000000000
120024  44.424  46.793  -11.358 0.0000000000
120025  43.549  46.642  -11.412 0.0000000000
120026  42.866  46.488  -11.896 0.0000000000
120027  42.004  46.436  -12.167 0.0000000000
120028  40.497  47.025  -12.197 0.0000000000
120029  40.188  46.944  -12.182 0.0000000000
120043  46.579  46.857  -12.142 0.0000000000
120044  41.309  46.600  -12.403 0.0000000000
120045  40.694  46.730  -12.356 0.0000000000
120046  39.849  46.456  -12.436 0.0000000000
120047  39.127  46.359  -12.813 0.0000000000
120054  38.654  46.443  -13.449 0.0000000000
120059  38.421  46.459  -14.388 0.0000000000
120062  39.108  46.824  -15.812 0.0000000000
120063  38.726  46.529  -15.475 0.0000000000
120066  39.930  46.884  -16.690 0.0000000000
120067  39.473  46.662  -16.315 0.0000000000
120068  39.030  45.969  -16.054 0.0000000000
120071  41.979  46.487  -17.836 0.0000000000
120072  41.351  46.526  -17.592 0.0000000000
120073  40.307  46.639  -17.085 0.0000000000
120074  39.786  46.093  -16.828 0.0000000000
120081  48.884  46.782  -18.421 0.0000000000
120082  47.716  46.718  -18.577 0.0000000000
120083  46.575  46.626  -18.619 0.0000000000
120084  45.476  46.556  -18.632 0.0000000000
120085  44.440  46.530  -18.627 0.0000000000
120086  43.509  46.513  -18.464 0.0000000000
120087  42.592  46.494  -18.135 0.0000000000
120635  41.052  47.898  -10.146 0.0000000000
120636  40.503  48.033  -9.944 0.0000000000
120649  44.758  47.408  -11.288 0.0000000000
120650  43.882  47.351  -11.099 0.0000000000
120651  42.990  47.378  -11.128 0.0000000000
120652  42.101  47.460  -11.215 0.0000000000
120653  41.191  47.530  -11.074 0.0000000000
120654  40.095  47.674  -10.578 0.0000000000
120655  38.980  47.941  -10.802 0.0000000000
120656  38.667  48.318  -10.971 0.0000000000
120669  46.753  47.437  -12.009 0.0000000000
120670  45.993  47.079  -12.003 0.0000000000
120671  44.986  47.029  -11.753 0.0000000000
120672  44.166  46.983  -11.472 0.0000000000
120673  43.331  46.957  -11.560 0.0000000000
120674  42.501  47.019  -11.818 0.0000000000
120675  41.510  47.130  -12.026 0.0000000000
120676  40.572  47.195  -11.835 0.0000000000
120677  39.401  47.225  -11.756 0.0000000000
120678  38.576  47.992  -11.472 0.0000000000
120693  46.553  47.094  -12.170 0.0000000000
120694  41.155  46.923  -12.335 0.0000000000
120695  40.995  47.072  -12.215 0.0000000000
120696  39.199  46.835  -12.418 0.0000000000
120697  38.683  47.425  -12.563 0.0000000000
120707  38.590  47.414  -13.749 0.0000000000
120716  38.547  47.277  -14.731 0.0000000000
120723  39.822  47.915  -15.796 0.0000000000
120724  39.158  47.327  -15.634 0.0000000000
120725  38.724  47.227  -15.259 0.0000000000
120727  40.868  47.738  -16.672 0.0000000000
120728  40.098  47.342  -16.526 0.0000000000
120729  39.611  47.315  -16.103 0.0000000000
120731  42.815  47.879  -17.659 0.0000000000
120732  42.017  47.286  -17.614 0.0000000000
120733  41.064  47.266  -17.264 0.0000000000
120734  40.551  47.273  -16.965 0.0000000000
120740  49.629  47.864  -18.276 0.0000000000
120741  48.395  47.794  -18.381 0.0000000000
120742  47.186  47.683  -18.451 0.0000000000
120743  46.030  47.563  -18.523 0.0000000000
120744  44.922  47.513  -18.587 0.0000000000
120745  43.932  47.415  -18.484 0.0000000000
120746  43.145  47.266  -18.177 0.0000000000
120747  42.646  47.224  -17.923 0.0000000000
121319  46.452  48.881  -10.126 0.0000000000
121320  46.011  48.721  -10.097 0.0000000000
121321  45.070  48.530  -10.002 0.0000000000
121322  44.081  48.472  -9.867 0.0000000000
121323  43.075  48.457  -9.777 0.0000000000
121324  41.942  48.342  -9.678 0.0000000000
121325  40.801  48.569  -9.466 0.0000000000
121326  39.958  48.873  -9.420 0.0000000000
121338  48.521  48.965  -10.929 0.0000000000
121339  47.999  48.846  -10.870 0.0000000000
121340  46.779  48.709  -10.594 0.0000000000
121341  45.532  48.103  -10.886 0.0000000000
121342  44.473  47.928  -10.614 0.0000000000
121343  43.516  47.865  -10.475 0.0000000000
121344  42.572  47.835  -10.443 0.0000000000
121345  41.777  47.782  -10.500 0.0000000000
121346  40.108  48.252  -9.795 0.0000000000
121347  39.368  48.512  -10.009 0.0000000000
121348  38.827  48.691  -10.551 0.0000000000
121363  47.417  48.178  -11.627 0.0000000000
121364  46.308  47.799  -11.512 0.0000000000
121365  45.501  47.419  -11.562 0.0000000000
121366  38.577  48.791  -11.129 0.0000000000
121379  38.523  48.655  -11.911 0.0000000000
121386  39.287  49.369  -13.161 0.0000000000
121387  38.835  48.812  -12.976 0.0000000000
121396  41.485  49.727  -14.092 0.0000000000
121397  40.972  49.641  -14.088 0.0000000000
121398  39.708  49.313  -13.747 0.0000000000
121399  38.806  48.200  -14.259 0.0000000000
121409  42.417  49.506  -15.051 0.0000000000
121410  41.815  49.455  -14.671 0.0000000000
121411  40.542  48.722  -15.013 0.0000000000
121412  39.322  48.334  -15.024 0.0000000000
121413  38.776  47.734  -15.057 0.0000000000
121418  43.233  49.180  -16.132 0.0000000000
121419  42.673  49.184  -15.732 0.0000000000
121420  41.463  48.510  -16.021 0.0000000000
121421  40.527  48.109  -16.072 0.0000000000
121423  47.504  49.266  -17.780 0.0000000000
121424  47.017  49.240  -17.739 0.0000000000
121425  45.942  49.270  -17.678 0.0000000000
121426  44.767  49.158  -17.441 0.0000000000
121427  43.505  48.846  -16.881 0.0000000000
121428  42.315  48.309  -16.867 0.0000000000
121429  41.525  47.870  -16.966 0.0000000000
121436  49.104  48.851  -18.165 0.0000000000
121437  47.789  48.877  -18.017 0.0000000000
121438  46.566  48.528  -18.172 0.0000000000
121439  45.400  48.487  -18.258 0.0000000000
121440  44.260  48.414  -18.195 0.0000000000
121441  43.481  48.041  -18.009 0.0000000000
122000  45.275  49.921  -8.925 0.0000000000
122001  44.292  49.946  -8.808 0.0000000000
122002  43.312  49.935  -8.658 0.0000000000
122003  42.335  49.976  -8.539 0.0000000000
122004  41.434  50.164  -8.587 0.0000000000
122005  40.933  50.394  -8.659 0.0000000000
122014  48.252  50.275  -10.026 0.0000000000
122015  47.417  49.885  -9.701 0.0000000000
122016  46.549  49.312  -9.754 0.0000000000
122017  45.610  49.211  -9.499 0.0000000000
122018  44.660  49.189  -9.364 0.0000000000
122019  43.676  49.182  -9.242 0.0000000000
122020  42.670  49.105  -9.002 0.0000000000
122021  41.604  49.228  -8.873 0.0000000000
122022  40.507  49.742  -8.919 0.0000000000
122023  39.327  49.629  -9.599 0.0000000000
122024  38.853  50.113  -9.899 0.0000000000
122034  49.654  50.035  -10.890 0.0000000000
122035  48.704  49.519  -10.663 0.0000000000
122036  47.700  49.410  -10.316 0.0000000000
122037  47.120  49.287  -10.053 0.0000000000
122038  38.961  49.087  -10.084 0.0000000000
122039  38.703  49.619  -10.443 0.0000000000
122049  49.280  49.382  -10.998 0.0000000000
122050  38.561  49.606  -11.387 0.0000000000
122056  38.764  49.616  -12.137 0.0000000000
122061  39.451  49.842  -12.903 0.0000000000
122062  39.020  49.689  -12.550 0.0000000000
122069  43.077  50.595  -14.489 0.0000000000
122070  42.354  50.406  -14.159 0.0000000000
122071  41.548  50.086  -13.879 0.0000000000
122072  40.595  50.035  -13.433 0.0000000000
122073  40.008  49.944  -13.185 0.0000000000
122086  43.778  50.412  -14.924 0.0000000000
122087  42.776  49.827  -14.820 0.0000000000
122088  42.173  49.933  -14.191 0.0000000000
122097  45.328  50.440  -15.870 0.0000000000
122098  44.622  50.245  -15.580 0.0000000000
122099  43.524  49.518  -15.773 0.0000000000
122100  42.988  49.521  -15.432 0.0000000000
122104  48.935  50.417  -17.570 0.0000000000
122105  47.739  49.805  -17.634 0.0000000000
122106  46.561  49.985  -17.367 0.0000000000
122107  45.448  50.004  -16.650 0.0000000000
122108  44.272  49.481  -16.439 0.0000000000
122109  43.753  49.293  -16.380 0.0000000000
122123  48.570  49.517  -17.818 0.0000000000
122124  48.029  49.370  -17.821 0.0000000000
122658  47.442  51.368  -9.119 0.0000000000
122659  47.081  51.176  -8.904 0.0000000000
122660  46.065  50.780  -8.742 0.0000000000
122661  44.930  50.809  -8.596 0.0000000000
122662  43.911  50.818  -8.549 0.0000000000
122663  42.948  50.824  -8.522 0.0000000000
122664  42.043  50.864  -8.482 0.0000000000
122665  41.260  50.909  -8.561 0.0000000000
122670  48.515  51.022  -9.967 0.0000000000
122671  47.811  51.073  -9.420 0.0000000000
122672  46.845  50.316  -9.214 0.0000000000
122673  46.071  49.878  -9.175 0.0000000000
122674  40.593  50.796  -8.747 0.0000000000
122675  39.840  50.640  -9.142 0.0000000000
122676  39.081  50.655  -9.615 0.0000000000
122682  49.254  50.907  -10.444 0.0000000000
122683  38.617  50.607  -10.167 0.0000000000
122689  38.385  50.507  -10.930 0.0000000000
122692  38.445  50.490  -11.785 0.0000000000
122696  39.323  50.364  -13.018 0.0000000000
122697  38.783  50.531  -12.676 0.0000000000
122706  41.703  50.652  -14.231 0.0000000000
122707  40.807  50.451  -13.874 0.0000000000
122708  39.869  50.362  -13.416 0.0000000000
122709  38.910  50.615  -13.600 0.0000000000
122723  41.777  50.789  -15.191 0.0000000000
122724  40.864  50.600  -14.835 0.0000000000
122725  39.941  50.479  -14.606 0.0000000000
122726  39.068  50.608  -14.534 0.0000000000
122741  45.980  50.759  -15.896 0.0000000000
122746  39.994  50.328  -15.780 0.0000000000
122747  39.115  50.493  -15.647 0.0000000000
122763  48.189  50.983  -17.232 0.0000000000
122764  47.184  50.708  -17.054 0.0000000000
122765  46.363  50.535  -16.691 0.0000000000
123370  47.461  51.877  -9.081 0.0000000000
123371  46.605  51.835  -8.691 0.0000000000
123372  45.568  51.752  -8.558 0.0000000000
123373  44.516  51.724  -8.505 0.0000000000
123374  43.526  51.697  -8.517 0.0000000000
123375  42.599  51.678  -8.528 0.0000000000
123376  41.713  51.684  -8.546 0.0000000000
123377  40.931  51.594  -8.683 0.0000000000
123382  48.763  51.850  -10.056 0.0000000000
123383  48.157  52.141  -9.543 0.0000000000
123384  40.281  51.521  -9.000 0.0000000000
123385  39.520  51.547  -9.427 0.0000000000
123386  38.805  51.437  -9.908 0.0000000000
123391  49.545  52.009  -10.527 0.0000000000
123392  38.430  51.374  -10.541 0.0000000000
123398  38.138  51.422  -11.422 0.0000000000
123399  37.901  51.783  -12.083 0.0000000000
123402  38.132  51.181  -12.259 0.0000000000
123403  37.917  51.750  -12.692 0.0000000000
123406  38.208  51.281  -12.919 0.0000000000
123407  37.939  51.745  -13.415 0.0000000000
123413  38.285  51.125  -13.570 0.0000000000
123414  38.031  51.776  -14.279 0.0000000000
123425  38.382  51.079  -14.474 0.0000000000
123426  38.122  51.785  -15.263 0.0000000000
123438  38.443  50.998  -15.489 0.0000000000
123439  38.011  51.713  -16.287 0.0000000000
124036  47.135  52.730  -8.947 0.0000000000
124037  46.210  52.730  -8.660 0.0000000000
124038  45.134  52.667  -8.567 0.0000000000
124039  44.101  52.619  -8.544 0.0000000000
124040  43.144  52.544  -8.564 0.0000000000
124041  42.248  52.494  -8.605 0.0000000000
124042  41.270  52.556  -8.878 0.0000000000
124043  40.662  52.055  -8.913 0.0000000000
124049  48.746  53.054  -10.067 0.0000000000
124050  47.844  52.837  -9.450 0.0000000000
124051  40.931  53.085  -9.341 0.0000000000
124052  40.277  52.515  -9.372 0.0000000000
124053  39.176  52.466  -10.012 0.0000000000
124054  38.669  51.920  -10.275 0.0000000000
124060  49.384  52.698  -10.482 0.0000000000
124061  38.942  52.904  -10.538 0.0000000000
124062  38.479  52.385  -10.822 0.0000000000
124068  38.033  52.345  -11.730 0.0000000000
124069  37.872  52.297  -12.408 0.0000000000
124072  38.082  52.934  -13.367 0.0000000000
124073  37.888  52.309  -13.084 0.0000000000
124076  38.293  53.099  -14.199 0.0000000000
124077  38.003  52.417  -13.889 0.0000000000
124082  38.426  53.238  -14.736 0.0000000000
124083  38.219  52.715  -14.933 0.0000000000
124091  37.948  52.580  -15.964 0.0000000000
124682  47.508  53.301  -9.328 0.0000000000
124683  47.007  53.743  -9.088 0.0000000000
124684  45.791  53.626  -8.669 0.0000000000
124685  44.690  53.575  -8.639 0.0000000000
124686  43.649  53.522  -8.674 0.0000000000
124687  42.775  53.277  -8.687 0.0000000000
124688  42.046  53.203  -8.835 0.0000000000
124696  48.192  53.922  -9.673 0.0000000000
124697  47.630  54.332  -9.450 0.0000000000
124698  43.125  53.930  -8.825 0.0000000000
124699  42.496  53.894  -9.083 0.0000000000
124700  41.537  53.675  -9.357 0.0000000000
124701  40.595  53.661  -9.710 0.0000000000
124702  39.855  53.257  -9.881 0.0000000000
124710  40.037  53.950  -10.154 0.0000000000
124711  39.402  53.543  -10.551 0.0000000000
124712  38.824  53.177  -10.917 0.0000000000
124719  39.033  53.674  -11.203 0.0000000000
124720  38.463  53.269  -11.665 0.0000000000
124721  38.002  52.844  -12.206 0.0000000000
124725  38.277  53.345  -12.663 0.0000000000
124726  37.980  52.751  -12.736 0.0000000000
124730  38.507  53.579  -13.616 0.0000000000
124733  38.696  53.720  -14.576 0.0000000000
124734  38.483  53.427  -15.096 0.0000000000
124739  38.645  53.948  -15.239 0.0000000000
124740  38.072  53.569  -15.684 0.0000000000
124741  37.311  53.807  -16.149 0.0000000000
124749  37.482  53.170  -16.285 0.0000000000
124750  36.730  53.488  -16.678 0.0000000000
125323  46.380  54.568  -8.849 0.0000000000
125324  45.332  54.507  -8.644 0.0000000000
125325  44.177  54.562  -8.763 0.0000000000
125326  43.540  54.180  -8.833 0.0000000000
125344  47.262  54.762  -9.301 0.0000000000
125345  43.799  55.125  -8.979 0.0000000000
125346  43.229  54.696  -9.157 0.0000000000
125347  42.212  54.656  -9.582 0.0000000000
125348  41.173  54.699  -10.104 0.0000000000
125349  40.466  54.296  -10.159 0.0000000000
125357  40.988  55.136  -10.753 0.0000000000
125358  40.184  54.656  -10.966 0.0000000000
125359  39.408  54.069  -11.112 0.0000000000
125366  40.068  54.983  -12.381 0.0000000000
125367  39.182  54.219  -11.914 0.0000000000
125368  38.629  53.749  -12.261 0.0000000000
125372  40.244  55.166  -13.445 0.0000000000
125373  39.542  54.615  -13.141 0.0000000000
125374  38.789  54.034  -12.909 0.0000000000
125377  40.328  55.327  -13.986 0.0000000000
125378  39.869  54.982  -14.220 0.0000000000
125379  39.107  54.250  -13.928 0.0000000000
125381  39.532  55.210  -14.670 0.0000000000
125382  39.093  54.628  -14.895 0.0000000000
125384  38.344  54.494  -15.442 0.0000000000
125385  37.523  54.453  -15.786 0.0000000000
125386  36.695  54.395  -16.200 0.0000000000
125389  35.984  54.417  -17.014 0.0000000000
125390  35.721  54.993  -17.323 0.0000000000
125393  35.652  54.808  -17.791 0.0000000000
125950  45.986  55.403  -8.728 0.0000000000
125951  45.006  55.396  -8.582 0.0000000000
125971  44.239  55.587  -8.800 0.0000000000
125972  43.624  55.706  -9.256 0.0000000000
125973  42.815  55.626  -9.777 0.0000000000
125974  42.015  55.367  -10.077 0.0000000000
125988  42.351  55.986  -10.361 0.0000000000
125989  41.651  55.716  -10.838 0.0000000000
125990  41.004  55.350  -11.246 0.0000000000
126001  41.382  55.872  -11.768 0.0000000000
126002  40.746  55.412  -11.966 0.0000000000
126007  41.205  55.939  -12.591 0.0000000000
126008  40.703  55.529  -12.938 0.0000000000
126013  40.321  55.519  -14.265 0.0000000000
126017  40.025  55.666  -14.675 0.0000000000
126018  39.125  55.542  -14.868 0.0000000000
126019  38.263  55.669  -14.990 0.0000000000
126022  38.574  55.126  -15.223 0.0000000000
126023  37.731  55.283  -15.394 0.0000000000
126024  36.882  55.189  -15.711 0.0000000000
126027  36.183  55.267  -16.328 0.0000000000
126028  35.850  55.355  -17.046 0.0000000000
126031  35.690  55.442  -17.568 0.0000000000
126037  35.622  55.471  -18.268 0.0000000000
126539  45.610  56.252  -8.702 0.0000000000
126540  44.801  56.127  -8.634 0.0000000000
126558  45.075  56.706  -8.774 0.0000000000
126559  44.313  56.607  -9.107 0.0000000000
126560  43.487  56.598  -9.880 0.0000000000
126561  42.852  56.377  -10.290 0.0000000000
126577  43.138  56.960  -10.500 0.0000000000
126578  42.540  56.721  -11.024 0.0000000000
126579  41.921  56.387  -11.613 0.0000000000
126616  39.581  56.344  -14.693 0.0000000000
126617  38.509  56.303  -14.603 0.0000000000
126618  37.359  56.290  -14.951 0.0000000000
126619  36.721  56.786  -15.213 0.0000000000
126622  37.062  55.723  -15.376 0.0000000000
126623  36.459  56.227  -15.700 0.0000000000
126627  36.025  56.217  -16.938 0.0000000000
126628  35.829  55.801  -17.313 0.0000000000
126633  35.989  56.530  -17.471 0.0000000000
126634  35.812  56.149  -17.727 0.0000000000
126638  36.265  56.500  -19.003 0.0000000000
126639  35.930  56.222  -18.554 0.0000000000
127160  38.514  57.691  -13.574 0.0000000000
127161  37.913  57.935  -13.556 0.0000000000
127172  38.982  56.949  -14.120 0.0000000000
127173  37.734  57.317  -14.103 0.0000000000
127174  36.844  57.338  -14.833 0.0000000000
127182  36.479  57.346  -15.584 0.0000000000
127189  36.249  57.263  -16.525 0.0000000000
127194  36.146  57.095  -17.579 0.0000000000
127195  35.964  56.626  -17.697 0.0000000000
127202  36.313  57.021  -18.495 0.0000000000
127203  35.939  56.671  -18.020 0.0000000000
127709  37.456  58.439  -13.718 0.0000000000
127710  36.924  58.267  -14.447 0.0000000000
127721  36.625  58.205  -15.282 0.0000000000
127734  36.569  58.215  -16.196 0.0000000000
127745  36.711  58.274  -17.308 0.0000000000
127751  36.617  57.780  -18.122 0.0000000000
128214  36.750  58.958  -14.993 0.0000000000
128228  36.926  58.956  -15.785 0.0000000000
