#!ascii label  , from subject Broad_82_YZ vox2ras=TkReg
1805
4311  26.207  -64.782  2.478 0.0000000000
4328  28.014  -64.478  2.043 0.0000000000
4329  26.884  -64.471  1.788 0.0000000000
4330  25.624  -64.319  1.538 0.0000000000
4331  24.893  -64.236  1.785 0.0000000000
4345  27.534  -64.150  1.094 0.0000000000
4346  26.518  -64.164  0.946 0.0000000000
4347  25.774  -64.066  0.835 0.0000000000
4419  28.456  -64.503  -5.465 0.0000000000
4420  27.905  -64.134  -5.964 0.0000000000
4432  28.258  -64.902  -6.507 0.0000000000
4433  27.842  -63.982  -6.531 0.0000000000
4448  28.467  -64.733  -7.564 0.0000000000
4449  28.002  -64.257  -7.038 0.0000000000
4463  28.751  -64.755  -8.168 0.0000000000
5020  25.321  -64.007  1.040 0.0000000000
5021  24.652  -63.898  1.347 0.0000000000
5022  23.776  -63.321  1.260 0.0000000000
5034  28.070  -63.592  0.467 0.0000000000
5035  27.102  -63.731  0.346 0.0000000000
5036  26.193  -63.896  0.295 0.0000000000
5037  25.293  -63.795  0.475 0.0000000000
5038  24.410  -63.474  0.489 0.0000000000
5039  23.707  -63.020  0.407 0.0000000000
5059  27.644  -63.204  -0.398 0.0000000000
5060  26.660  -63.520  -0.333 0.0000000000
5061  25.814  -63.652  -0.291 0.0000000000
5062  25.008  -63.468  -0.370 0.0000000000
5063  24.231  -63.206  -0.168 0.0000000000
5076  27.583  -62.891  -0.994 0.0000000000
5077  27.007  -63.178  -0.981 0.0000000000
5078  26.176  -63.381  -0.925 0.0000000000
5079  25.593  -63.444  -0.764 0.0000000000
5082  16.372  -62.911  -1.990 0.0000000000
5122  28.461  -63.539  -4.972 0.0000000000
5133  28.013  -63.572  -5.494 0.0000000000
5134  27.691  -63.437  -6.066 0.0000000000
5146  27.725  -63.399  -6.632 0.0000000000
5159  28.116  -63.818  -7.459 0.0000000000
5160  27.843  -63.714  -6.973 0.0000000000
5174  29.178  -63.869  -8.811 0.0000000000
5175  28.597  -64.036  -8.198 0.0000000000
5753  23.153  -62.633  1.154 0.0000000000
5764  23.234  -62.527  0.261 0.0000000000
5765  22.725  -62.110  0.617 0.0000000000
5782  24.484  -63.161  -0.827 0.0000000000
5783  23.707  -62.767  -0.525 0.0000000000
5784  22.900  -62.174  -0.373 0.0000000000
5786  16.387  -62.236  -0.967 0.0000000000
5787  15.866  -62.681  -0.555 0.0000000000
5799  27.331  -62.688  -1.409 0.0000000000
5800  26.557  -62.940  -1.560 0.0000000000
5801  25.398  -63.173  -1.429 0.0000000000
5802  24.249  -62.840  -1.555 0.0000000000
5803  23.306  -62.354  -1.420 0.0000000000
5804  19.072  -62.039  -1.086 0.0000000000
5805  18.469  -62.300  -1.591 0.0000000000
5806  17.684  -62.352  -1.743 0.0000000000
5807  16.923  -62.577  -1.708 0.0000000000
5808  16.151  -62.761  -1.439 0.0000000000
5819  27.152  -62.301  -1.912 0.0000000000
5820  26.170  -62.455  -2.271 0.0000000000
5821  24.980  -62.525  -2.430 0.0000000000
5822  23.886  -62.323  -2.354 0.0000000000
5823  23.049  -61.972  -2.214 0.0000000000
5824  18.080  -62.768  -2.009 0.0000000000
5825  17.553  -62.902  -2.116 0.0000000000
5826  17.133  -63.060  -2.224 0.0000000000
5852  28.367  -62.596  -4.744 0.0000000000
5853  27.942  -62.221  -5.017 0.0000000000
5865  28.094  -63.101  -5.137 0.0000000000
5866  27.763  -62.673  -5.495 0.0000000000
5878  27.610  -62.777  -6.441 0.0000000000
5890  32.789  -62.123  -8.086 0.0000000000
5891  28.257  -63.063  -7.744 0.0000000000
5892  27.827  -63.145  -7.095 0.0000000000
5907  32.393  -62.560  -8.521 0.0000000000
5908  31.412  -62.513  -8.789 0.0000000000
5909  30.559  -62.686  -9.030 0.0000000000
5910  29.699  -63.192  -9.054 0.0000000000
5911  28.855  -63.139  -8.456 0.0000000000
5926  32.108  -62.998  -9.050 0.0000000000
5927  31.465  -63.155  -9.332 0.0000000000
5928  30.656  -63.411  -9.486 0.0000000000
6409  26.632  -61.223  12.596 0.0000000000
6423  26.884  -61.391  11.594 0.0000000000
6435  27.089  -61.454  10.742 0.0000000000
6442  27.906  -61.858  9.303 0.0000000000
6454  23.688  -62.000  8.374 0.0000000000
6455  23.038  -61.537  8.392 0.0000000000
6456  21.820  -61.606  8.967 0.0000000000
6472  25.176  -61.498  7.229 0.0000000000
6473  24.137  -61.537  7.874 0.0000000000
6474  23.557  -60.985  7.831 0.0000000000
6493  25.324  -61.182  6.689 0.0000000000
6494  16.385  -61.129  7.248 0.0000000000
6495  16.071  -60.979  7.106 0.0000000000
6507  25.932  -61.298  6.096 0.0000000000
6516  28.401  -61.025  4.740 0.0000000000
6543  13.889  -61.609  2.503 0.0000000000
6556  14.998  -62.098  1.213 0.0000000000
6557  14.512  -61.738  1.542 0.0000000000
6558  14.086  -61.613  2.031 0.0000000000
6573  15.111  -61.627  0.717 0.0000000000
6574  14.568  -61.193  1.001 0.0000000000
6585  22.233  -61.603  0.136 0.0000000000
6586  21.546  -60.999  -0.199 0.0000000000
6588  18.443  -61.246  -0.090 0.0000000000
6589  17.757  -61.163  -0.530 0.0000000000
6590  16.917  -61.497  -0.883 0.0000000000
6591  15.938  -61.592  -0.196 0.0000000000
6600  22.308  -61.590  -1.314 0.0000000000
6601  21.391  -60.786  -1.374 0.0000000000
6602  18.960  -61.669  -0.474 0.0000000000
6603  18.459  -61.595  -0.925 0.0000000000
6604  17.770  -61.711  -1.304 0.0000000000
6605  17.327  -62.018  -1.431 0.0000000000
6619  26.956  -61.543  -2.344 0.0000000000
6620  25.680  -61.454  -2.831 0.0000000000
6621  24.486  -61.771  -2.973 0.0000000000
6622  23.520  -61.647  -2.887 0.0000000000
6623  22.563  -61.332  -2.721 0.0000000000
6624  21.807  -61.054  -2.215 0.0000000000
6636  25.337  -60.830  -3.030 0.0000000000
6637  24.842  -61.033  -3.211 0.0000000000
6638  24.010  -61.126  -3.366 0.0000000000
6639  23.225  -61.073  -3.335 0.0000000000
6650  28.650  -61.724  -4.359 0.0000000000
6651  28.130  -61.855  -4.771 0.0000000000
6663  27.748  -61.760  -5.224 0.0000000000
6674  27.474  -61.867  -6.112 0.0000000000
6682  33.403  -61.256  -7.480 0.0000000000
6683  32.532  -61.303  -7.854 0.0000000000
6684  31.435  -61.152  -7.984 0.0000000000
6685  30.482  -61.260  -8.053 0.0000000000
6686  29.524  -61.494  -8.132 0.0000000000
6687  28.660  -62.132  -7.992 0.0000000000
6688  27.791  -62.184  -7.130 0.0000000000
6701  32.125  -61.776  -8.193 0.0000000000
6702  31.392  -61.862  -8.340 0.0000000000
6703  30.502  -61.992  -8.503 0.0000000000
6704  29.664  -62.318  -8.593 0.0000000000
6705  29.190  -62.674  -8.548 0.0000000000
7188  26.466  -60.850  13.402 0.0000000000
7204  26.208  -60.490  12.633 0.0000000000
7220  26.358  -60.569  11.742 0.0000000000
7231  27.024  -61.193  10.072 0.0000000000
7232  26.565  -60.681  10.619 0.0000000000
7244  27.351  -61.292  9.363 0.0000000000
7245  26.770  -60.611  9.520 0.0000000000
7255  28.067  -61.232  8.582 0.0000000000
7256  27.249  -60.698  8.841 0.0000000000
7257  22.218  -60.777  8.406 0.0000000000
7258  21.255  -60.690  8.761 0.0000000000
7259  20.060  -60.705  8.754 0.0000000000
7272  28.682  -60.642  8.006 0.0000000000
7273  28.100  -60.540  8.124 0.0000000000
7274  24.546  -61.083  7.267 0.0000000000
7275  24.017  -60.748  7.352 0.0000000000
7276  23.008  -60.265  7.560 0.0000000000
7277  21.803  -60.012  8.075 0.0000000000
7278  20.751  -59.896  8.329 0.0000000000
7279  18.863  -60.417  8.410 0.0000000000
7280  18.215  -60.746  8.266 0.0000000000
7281  17.384  -60.806  7.534 0.0000000000
7282  16.806  -60.928  7.234 0.0000000000
7283  15.465  -60.792  7.418 0.0000000000
7284  14.975  -60.149  7.537 0.0000000000
7296  25.411  -61.053  6.413 0.0000000000
7297  24.837  -60.672  6.564 0.0000000000
7298  23.930  -60.178  6.861 0.0000000000
7299  23.412  -59.807  6.859 0.0000000000
7300  16.995  -60.488  7.136 0.0000000000
7301  16.466  -60.575  6.924 0.0000000000
7302  15.704  -60.516  6.918 0.0000000000
7303  15.267  -59.949  6.790 0.0000000000
7305  10.940  -60.299  7.141 0.0000000000
7317  30.491  -60.150  5.766 0.0000000000
7318  30.103  -60.110  5.017 0.0000000000
7319  27.264  -61.024  5.070 0.0000000000
7320  26.586  -60.986  5.413 0.0000000000
7321  25.643  -60.806  5.883 0.0000000000
7322  25.112  -60.417  6.019 0.0000000000
7323  11.483  -60.186  5.548 0.0000000000
7334  29.431  -60.336  4.625 0.0000000000
7335  28.588  -60.502  4.387 0.0000000000
7336  27.667  -60.644  4.550 0.0000000000
7337  26.697  -60.535  4.748 0.0000000000
7338  26.072  -60.455  5.160 0.0000000000
7339  12.302  -60.680  4.278 0.0000000000
7340  11.809  -60.314  4.734 0.0000000000
7351  13.098  -61.022  3.196 0.0000000000
7352  12.574  -60.550  3.575 0.0000000000
7353  12.034  -60.139  4.024 0.0000000000
7366  13.367  -61.015  2.647 0.0000000000
7367  12.891  -60.488  2.877 0.0000000000
7384  17.962  -60.068  1.339 0.0000000000
7385  14.243  -60.707  1.293 0.0000000000
7386  13.737  -60.998  1.890 0.0000000000
7404  17.331  -60.161  1.007 0.0000000000
7405  16.424  -60.178  0.630 0.0000000000
7406  15.607  -60.575  0.419 0.0000000000
7407  14.755  -60.600  0.835 0.0000000000
7418  20.745  -60.316  -0.451 0.0000000000
7419  20.031  -59.852  -0.385 0.0000000000
7420  17.864  -60.722  0.394 0.0000000000
7421  17.086  -60.655  0.023 0.0000000000
7422  16.286  -60.830  -0.075 0.0000000000
7423  15.909  -60.958  -0.018 0.0000000000
7430  20.797  -60.332  -1.551 0.0000000000
7431  20.283  -59.955  -1.306 0.0000000000
7444  27.766  -60.583  -2.158 0.0000000000
7445  26.639  -60.531  -2.437 0.0000000000
7446  25.710  -60.387  -2.737 0.0000000000
7447  21.879  -60.790  -2.945 0.0000000000
7448  21.130  -60.408  -2.484 0.0000000000
7449  20.511  -60.062  -2.086 0.0000000000
7463  25.065  -60.361  -3.121 0.0000000000
7464  24.390  -60.438  -3.379 0.0000000000
7465  23.575  -60.425  -3.544 0.0000000000
7466  22.560  -60.476  -3.484 0.0000000000
7467  21.660  -60.197  -3.307 0.0000000000
7476  36.647  -60.550  -4.233 0.0000000000
7478  28.944  -60.934  -4.091 0.0000000000
7479  28.117  -61.034  -4.675 0.0000000000
7487  36.329  -60.371  -4.876 0.0000000000
7488  35.776  -60.400  -5.492 0.0000000000
7489  27.621  -60.951  -5.530 0.0000000000
7498  35.316  -60.432  -6.132 0.0000000000
7499  34.747  -60.524  -6.654 0.0000000000
7500  34.311  -60.819  -6.965 0.0000000000
7501  27.942  -60.353  -7.071 0.0000000000
7502  27.676  -60.901  -6.691 0.0000000000
7511  34.308  -60.211  -7.081 0.0000000000
7512  33.702  -60.380  -7.329 0.0000000000
7513  32.662  -60.290  -7.590 0.0000000000
7514  31.584  -60.299  -7.735 0.0000000000
7515  30.548  -60.404  -7.798 0.0000000000
7516  29.550  -60.568  -7.826 0.0000000000
7517  28.436  -60.810  -7.577 0.0000000000
7518  28.011  -61.491  -7.416 0.0000000000
7981  25.994  -59.452  15.338 0.0000000000
7994  26.334  -60.324  13.954 0.0000000000
7995  25.939  -59.636  14.271 0.0000000000
8009  26.136  -60.303  13.235 0.0000000000
8010  25.874  -59.792  13.364 0.0000000000
8021  25.913  -60.000  12.769 0.0000000000
8022  25.668  -59.422  12.573 0.0000000000
8036  25.926  -59.904  12.049 0.0000000000
8037  25.666  -59.153  11.673 0.0000000000
8055  25.956  -59.738  10.963 0.0000000000
8056  25.631  -58.847  10.795 0.0000000000
8071  26.161  -59.728  9.745 0.0000000000
8072  25.816  -59.154  10.198 0.0000000000
8086  27.573  -60.332  8.294 0.0000000000
8087  26.730  -59.899  8.672 0.0000000000
8088  19.845  -59.894  8.400 0.0000000000
8089  19.342  -60.324  8.484 0.0000000000
8090  14.189  -59.258  8.415 0.0000000000
8092  10.979  -59.256  8.283 0.0000000000
8105  30.199  -60.122  6.888 0.0000000000
8106  29.822  -59.897  7.230 0.0000000000
8107  29.045  -59.898  7.666 0.0000000000
8108  28.060  -59.925  7.748 0.0000000000
8109  27.263  -59.677  7.967 0.0000000000
8110  22.116  -59.557  7.339 0.0000000000
8111  21.243  -59.354  7.622 0.0000000000
8112  20.141  -59.164  7.850 0.0000000000
8113  18.915  -59.713  8.124 0.0000000000
8114  17.858  -59.988  7.698 0.0000000000
8115  17.317  -60.151  7.297 0.0000000000
8116  14.455  -59.160  7.425 0.0000000000
8117  10.975  -59.069  7.708 0.0000000000
8118  10.852  -59.722  7.658 0.0000000000
8129  30.251  -59.439  6.594 0.0000000000
8130  29.785  -59.218  7.039 0.0000000000
8131  24.373  -60.070  6.353 0.0000000000
8132  23.866  -59.677  6.374 0.0000000000
8133  22.822  -59.235  6.559 0.0000000000
8134  21.717  -58.955  6.939 0.0000000000
8135  20.832  -58.725  7.145 0.0000000000
8136  16.984  -59.924  6.893 0.0000000000
8137  16.363  -59.784  6.531 0.0000000000
8138  15.632  -59.715  6.444 0.0000000000
8139  14.909  -59.237  6.510 0.0000000000
8140  11.183  -59.827  6.416 0.0000000000
8141  11.050  -59.597  6.774 0.0000000000
8150  30.585  -59.089  5.791 0.0000000000
8151  30.335  -59.487  5.246 0.0000000000
8152  25.610  -60.195  5.290 0.0000000000
8153  24.855  -59.794  5.615 0.0000000000
8154  23.718  -59.141  5.895 0.0000000000
8155  23.134  -58.786  5.958 0.0000000000
8156  16.073  -59.400  6.185 0.0000000000
8157  15.587  -59.207  6.018 0.0000000000
8158  15.192  -58.941  5.932 0.0000000000
8159  11.234  -59.498  6.074 0.0000000000
8160  11.136  -59.197  6.470 0.0000000000
8167  30.411  -58.868  5.201 0.0000000000
8168  29.782  -59.134  4.540 0.0000000000
8169  28.890  -59.776  4.036 0.0000000000
8170  27.956  -60.036  3.920 0.0000000000
8171  26.950  -60.049  4.092 0.0000000000
8172  25.839  -59.784  4.486 0.0000000000
8173  25.234  -59.423  4.784 0.0000000000
8174  11.406  -59.304  5.053 0.0000000000
8180  29.046  -59.049  3.692 0.0000000000
8181  28.297  -59.362  3.424 0.0000000000
8182  27.325  -59.536  3.434 0.0000000000
8183  26.373  -59.478  3.707 0.0000000000
8184  25.935  -59.379  3.926 0.0000000000
8185  12.077  -59.767  3.553 0.0000000000
8186  11.654  -59.421  4.064 0.0000000000
8193  13.153  -60.197  2.276 0.0000000000
8194  12.455  -59.591  2.820 0.0000000000
8195  11.881  -59.194  3.357 0.0000000000
8206  14.424  -59.950  1.182 0.0000000000
8207  13.721  -59.720  1.545 0.0000000000
8208  12.992  -59.317  2.065 0.0000000000
8218  19.640  -59.715  0.061 0.0000000000
8219  19.164  -59.640  0.609 0.0000000000
8220  18.553  -59.562  0.973 0.0000000000
8221  17.740  -59.518  1.012 0.0000000000
8222  16.694  -59.436  0.879 0.0000000000
8223  15.825  -59.439  0.738 0.0000000000
8224  14.937  -59.514  0.851 0.0000000000
8225  14.253  -59.298  1.089 0.0000000000
8235  34.556  -59.371  -0.079 0.0000000000
8236  19.678  -59.673  -0.412 0.0000000000
8237  19.264  -59.517  -0.364 0.0000000000
8238  18.372  -59.284  -0.096 0.0000000000
8239  17.506  -58.894  0.068 0.0000000000
8248  35.693  -59.200  -1.041 0.0000000000
8249  19.694  -59.630  -1.040 0.0000000000
8250  18.983  -59.144  -1.423 0.0000000000
8251  18.281  -58.933  -1.053 0.0000000000
8260  37.041  -59.569  -1.889 0.0000000000
8262  28.602  -59.715  -2.545 0.0000000000
8263  27.450  -59.605  -2.344 0.0000000000
8264  26.312  -59.558  -2.431 0.0000000000
8265  25.270  -59.561  -2.782 0.0000000000
8266  24.634  -59.382  -3.108 0.0000000000
8267  20.611  -59.876  -2.582 0.0000000000
8268  19.977  -59.415  -2.348 0.0000000000
8269  19.349  -58.960  -2.256 0.0000000000
8280  37.352  -60.282  -3.065 0.0000000000
8281  37.002  -59.995  -3.818 0.0000000000
8282  29.127  -60.144  -3.157 0.0000000000
8283  28.872  -59.176  -3.355 0.0000000000
8284  24.714  -59.884  -3.226 0.0000000000
8285  24.105  -59.687  -3.431 0.0000000000
8286  23.171  -59.584  -3.676 0.0000000000
8287  22.089  -59.484  -3.673 0.0000000000
8288  20.904  -59.493  -3.241 0.0000000000
8289  20.280  -59.106  -3.116 0.0000000000
8299  36.670  -59.898  -4.420 0.0000000000
8300  29.195  -60.552  -3.655 0.0000000000
8301  28.468  -59.771  -4.367 0.0000000000
8302  27.900  -60.382  -5.004 0.0000000000
8313  36.429  -59.533  -4.806 0.0000000000
8314  36.015  -59.529  -5.357 0.0000000000
8315  27.965  -59.278  -5.224 0.0000000000
8316  27.698  -59.895  -5.625 0.0000000000
8330  35.501  -59.552  -5.972 0.0000000000
8331  34.851  -59.499  -6.598 0.0000000000
8332  34.379  -58.908  -6.726 0.0000000000
8333  28.222  -59.938  -7.156 0.0000000000
8334  27.837  -59.846  -6.633 0.0000000000
8349  34.524  -59.906  -6.923 0.0000000000
8350  34.026  -59.377  -7.082 0.0000000000
8351  32.979  -59.332  -7.407 0.0000000000
8352  31.765  -59.179  -7.527 0.0000000000
8353  30.661  -59.424  -7.712 0.0000000000
8354  29.680  -59.626  -7.750 0.0000000000
8355  28.765  -59.789  -7.581 0.0000000000
8864  25.073  -57.913  16.382 0.0000000000
8875  25.529  -58.688  15.542 0.0000000000
8876  25.093  -57.970  15.779 0.0000000000
8886  25.449  -58.831  14.495 0.0000000000
8887  24.954  -58.041  14.779 0.0000000000
8897  25.413  -58.980  13.346 0.0000000000
8898  24.934  -58.101  13.682 0.0000000000
8910  25.394  -58.660  12.283 0.0000000000
8911  25.031  -58.184  12.777 0.0000000000
8923  25.398  -58.407  11.409 0.0000000000
8939  25.386  -58.212  10.684 0.0000000000
8954  25.840  -59.033  9.636 0.0000000000
8955  25.583  -58.434  9.865 0.0000000000
8967  25.955  -58.785  8.765 0.0000000000
8968  25.542  -58.196  9.132 0.0000000000
8969  13.925  -58.644  7.762 0.0000000000
8970  13.190  -58.502  8.633 0.0000000000
8971  12.034  -58.440  8.672 0.0000000000
8972  11.434  -58.889  8.682 0.0000000000
8980  29.281  -59.154  7.292 0.0000000000
8981  28.436  -59.164  7.412 0.0000000000
8982  27.453  -58.891  7.499 0.0000000000
8983  26.691  -59.142  7.998 0.0000000000
8984  20.049  -58.578  7.164 0.0000000000
8985  19.208  -58.759  7.455 0.0000000000
8986  18.138  -59.123  7.433 0.0000000000
8987  17.479  -59.588  7.198 0.0000000000
8988  14.197  -58.579  6.972 0.0000000000
8989  13.381  -58.039  7.257 0.0000000000
8990  12.413  -58.040  7.774 0.0000000000
8991  11.488  -58.496  7.546 0.0000000000
8992  10.997  -59.091  7.298 0.0000000000
8997  30.382  -58.196  6.213 0.0000000000
8998  29.649  -58.469  6.893 0.0000000000
8999  28.648  -58.491  7.111 0.0000000000
9000  28.023  -58.642  7.214 0.0000000000
9001  21.970  -58.611  6.354 0.0000000000
9002  21.239  -58.453  6.503 0.0000000000
9003  20.448  -58.254  6.540 0.0000000000
9004  19.541  -58.234  6.729 0.0000000000
9005  18.502  -58.373  6.860 0.0000000000
9006  17.190  -58.844  6.588 0.0000000000
9007  16.464  -59.224  6.315 0.0000000000
9008  14.411  -58.467  6.325 0.0000000000
9009  13.927  -58.124  6.572 0.0000000000
9010  11.353  -58.360  6.388 0.0000000000
9011  11.127  -58.893  6.788 0.0000000000
9017  30.543  -58.365  5.555 0.0000000000
9018  24.145  -58.913  5.298 0.0000000000
9019  23.405  -58.558  5.485 0.0000000000
9020  22.515  -58.376  5.757 0.0000000000
9021  21.532  -58.169  5.927 0.0000000000
9022  20.905  -58.095  6.113 0.0000000000
9023  16.703  -58.313  6.051 0.0000000000
9024  16.289  -58.868  5.961 0.0000000000
9025  15.578  -58.641  5.666 0.0000000000
9026  14.834  -58.467  5.780 0.0000000000
9027  14.123  -57.923  5.946 0.0000000000
9028  11.264  -58.700  5.700 0.0000000000
9029  11.167  -58.902  6.272 0.0000000000
9038  30.385  -58.204  4.962 0.0000000000
9039  29.917  -58.010  4.401 0.0000000000
9040  25.373  -59.247  4.376 0.0000000000
9041  24.796  -58.946  4.636 0.0000000000
9042  23.824  -58.291  4.757 0.0000000000
9043  22.992  -58.014  5.134 0.0000000000
9044  11.376  -58.469  5.036 0.0000000000
9052  29.390  -58.250  3.719 0.0000000000
9053  28.630  -58.515  3.037 0.0000000000
9054  27.732  -58.922  2.869 0.0000000000
9055  26.721  -59.035  2.945 0.0000000000
9056  25.610  -58.837  3.638 0.0000000000
9057  24.457  -58.188  3.986 0.0000000000
9058  23.697  -57.771  4.168 0.0000000000
9059  11.460  -58.600  4.371 0.0000000000
9069  28.044  -58.245  2.593 0.0000000000
9070  27.303  -58.290  2.469 0.0000000000
9071  26.329  -58.242  2.601 0.0000000000
9072  25.602  -57.897  2.853 0.0000000000
9073  11.954  -58.616  2.890 0.0000000000
9074  11.628  -58.604  3.609 0.0000000000
9081  34.179  -58.858  1.262 0.0000000000
9082  13.176  -58.543  1.499 0.0000000000
9083  12.488  -58.616  2.194 0.0000000000
9093  34.061  -58.483  0.180 0.0000000000
9094  33.850  -57.904  -0.278 0.0000000000
9095  16.892  -58.767  0.405 0.0000000000
9096  16.132  -58.667  0.515 0.0000000000
9097  15.271  -58.309  0.425 0.0000000000
9098  14.346  -58.561  0.752 0.0000000000
9099  13.814  -58.811  1.108 0.0000000000
9105  34.992  -58.992  -0.795 0.0000000000
9106  34.262  -58.351  -0.706 0.0000000000
9107  33.942  -58.089  -0.419 0.0000000000
9108  17.780  -58.643  -0.773 0.0000000000
9109  17.042  -58.136  -0.524 0.0000000000
9110  16.329  -58.156  -0.145 0.0000000000
9111  15.848  -58.173  0.102 0.0000000000
9118  36.019  -58.884  -1.579 0.0000000000
9119  35.337  -58.633  -1.433 0.0000000000
9120  34.744  -58.411  -1.240 0.0000000000
9121  18.988  -58.621  -2.197 0.0000000000
9122  18.304  -58.294  -1.686 0.0000000000
9123  17.562  -57.996  -1.165 0.0000000000
9130  37.157  -59.580  -2.368 0.0000000000
9131  36.661  -58.970  -2.194 0.0000000000
9132  35.692  -58.292  -2.244 0.0000000000
9133  34.981  -58.139  -1.794 0.0000000000
9134  28.740  -58.963  -2.844 0.0000000000
9135  28.173  -58.833  -2.630 0.0000000000
9136  27.079  -58.614  -2.554 0.0000000000
9137  25.878  -58.662  -2.543 0.0000000000
9138  24.701  -58.640  -2.788 0.0000000000
9139  23.777  -58.145  -2.899 0.0000000000
9140  23.229  -57.894  -2.906 0.0000000000
9141  20.007  -58.902  -3.033 0.0000000000
9142  19.597  -58.496  -2.816 0.0000000000
9143  18.934  -58.069  -2.478 0.0000000000
9154  37.318  -59.857  -2.640 0.0000000000
9155  37.130  -59.319  -3.098 0.0000000000
9156  36.355  -58.275  -3.242 0.0000000000
9157  28.579  -58.505  -3.216 0.0000000000
9158  27.944  -58.084  -3.003 0.0000000000
9159  27.179  -57.823  -2.995 0.0000000000
9160  24.320  -59.161  -3.185 0.0000000000
9161  23.825  -58.944  -3.306 0.0000000000
9162  22.815  -58.476  -3.418 0.0000000000
9163  21.564  -58.541  -3.606 0.0000000000
9164  20.429  -58.437  -3.346 0.0000000000
9165  19.947  -57.894  -3.144 0.0000000000
9178  36.682  -59.059  -4.184 0.0000000000
9179  35.963  -58.104  -4.508 0.0000000000
9180  28.588  -58.455  -4.080 0.0000000000
9189  36.228  -58.873  -4.987 0.0000000000
9190  35.466  -58.466  -5.598 0.0000000000
9191  34.876  -58.007  -5.863 0.0000000000
9192  28.063  -58.454  -5.460 0.0000000000
9193  27.821  -59.170  -5.596 0.0000000000
9198  35.200  -58.943  -6.233 0.0000000000
9199  34.665  -58.400  -6.312 0.0000000000
9200  33.945  -58.408  -6.736 0.0000000000
9201  28.212  -58.916  -6.986 0.0000000000
9202  27.754  -59.200  -6.094 0.0000000000
9207  33.297  -58.462  -7.135 0.0000000000
9208  32.382  -58.328  -7.415 0.0000000000
9209  31.543  -58.130  -7.650 0.0000000000
9210  30.767  -58.375  -7.797 0.0000000000
9211  29.769  -58.640  -7.805 0.0000000000
9212  28.968  -58.967  -7.669 0.0000000000
9736  24.835  -57.685  16.943 0.0000000000
9748  24.689  -57.338  16.061 0.0000000000
9760  24.598  -57.245  15.120 0.0000000000
9771  24.577  -57.184  14.027 0.0000000000
9787  25.127  -57.854  11.957 0.0000000000
9788  24.672  -57.150  12.699 0.0000000000
9805  25.124  -57.754  11.087 0.0000000000
9806  24.822  -57.142  11.473 0.0000000000
9819  25.211  -57.616  10.287 0.0000000000
9820  24.927  -57.236  10.750 0.0000000000
9830  25.333  -57.651  9.422 0.0000000000
9835  25.933  -58.169  8.188 0.0000000000
9836  25.602  -57.800  8.550 0.0000000000
9841  27.164  -58.340  7.350 0.0000000000
9842  26.509  -58.147  7.624 0.0000000000
9843  25.895  -57.812  7.971 0.0000000000
9844  13.061  -57.687  6.731 0.0000000000
9845  12.573  -57.738  6.979 0.0000000000
9846  12.029  -57.871  7.235 0.0000000000
9853  30.337  -57.209  6.129 0.0000000000
9854  29.799  -57.429  6.539 0.0000000000
9855  28.803  -57.636  6.749 0.0000000000
9856  27.540  -57.970  7.014 0.0000000000
9857  26.793  -57.588  7.176 0.0000000000
9858  20.534  -57.932  6.086 0.0000000000
9859  19.982  -57.763  6.132 0.0000000000
9860  18.988  -57.715  6.258 0.0000000000
9861  18.016  -57.888  6.364 0.0000000000
9862  13.468  -57.717  6.364 0.0000000000
9863  12.784  -57.526  6.241 0.0000000000
9864  11.944  -57.749  6.503 0.0000000000
9874  30.602  -57.467  5.522 0.0000000000
9875  22.437  -57.925  5.244 0.0000000000
9876  21.836  -57.807  5.322 0.0000000000
9877  20.759  -57.641  5.552 0.0000000000
9878  19.496  -57.136  5.378 0.0000000000
9879  18.328  -57.357  5.699 0.0000000000
9880  17.214  -57.665  5.843 0.0000000000
9881  16.270  -58.034  5.558 0.0000000000
9882  15.390  -57.929  5.303 0.0000000000
9883  14.545  -57.636  5.308 0.0000000000
9884  13.471  -57.228  5.382 0.0000000000
9885  12.368  -57.310  5.438 0.0000000000
9886  11.544  -57.845  5.479 0.0000000000
9896  30.380  -57.301  4.663 0.0000000000
9897  29.781  -57.207  3.885 0.0000000000
9898  23.200  -57.747  4.572 0.0000000000
9899  22.405  -57.566  4.722 0.0000000000
9900  21.369  -57.261  4.662 0.0000000000
9901  20.382  -56.991  4.786 0.0000000000
9902  19.755  -56.755  4.720 0.0000000000
9903  16.675  -57.352  5.285 0.0000000000
9904  16.005  -57.354  4.942 0.0000000000
9905  15.129  -57.294  4.697 0.0000000000
9906  14.283  -57.005  4.743 0.0000000000
9907  13.731  -56.829  4.723 0.0000000000
9908  11.966  -57.292  4.531 0.0000000000
9909  11.481  -57.976  4.654 0.0000000000
9916  35.842  -58.059  3.599 0.0000000000
9918  29.049  -57.468  2.855 0.0000000000
9919  28.454  -57.935  2.627 0.0000000000
9920  24.954  -57.715  3.361 0.0000000000
9921  24.035  -57.306  3.625 0.0000000000
9922  23.010  -57.223  4.014 0.0000000000
9923  22.005  -56.988  4.116 0.0000000000
9924  21.404  -56.900  4.116 0.0000000000
9925  12.014  -57.344  3.423 0.0000000000
9926  11.583  -57.916  3.934 0.0000000000
9932  35.939  -57.475  3.247 0.0000000000
9933  35.377  -57.848  2.728 0.0000000000
9934  34.807  -58.547  2.405 0.0000000000
9935  28.712  -57.084  2.284 0.0000000000
9936  28.068  -57.470  2.024 0.0000000000
9937  26.915  -57.657  1.968 0.0000000000
9938  26.056  -57.329  2.222 0.0000000000
9939  25.235  -57.130  2.695 0.0000000000
9940  24.616  -57.008  3.149 0.0000000000
9941  12.178  -57.740  2.490 0.0000000000
9942  11.708  -57.995  3.207 0.0000000000
9952  35.220  -57.081  1.981 0.0000000000
9953  34.638  -57.859  1.712 0.0000000000
9954  27.739  -56.884  1.580 0.0000000000
9955  27.231  -56.993  1.633 0.0000000000
9956  26.593  -57.035  1.799 0.0000000000
9957  13.173  -57.567  1.315 0.0000000000
9958  12.639  -57.915  1.776 0.0000000000
9968  34.095  -57.749  0.741 0.0000000000
9969  33.821  -57.529  -0.077 0.0000000000
9970  15.121  -57.205  0.166 0.0000000000
9971  14.374  -57.556  0.484 0.0000000000
9972  13.648  -58.020  0.809 0.0000000000
9978  34.035  -57.989  -1.043 0.0000000000
9979  33.777  -57.593  -0.916 0.0000000000
9980  16.913  -57.644  -0.733 0.0000000000
9981  16.586  -57.408  -0.661 0.0000000000
9982  15.818  -57.525  -0.218 0.0000000000
9989  34.358  -57.880  -1.467 0.0000000000
9990  34.074  -57.108  -2.006 0.0000000000
9991  17.845  -57.385  -1.528 0.0000000000
9992  17.118  -57.394  -1.009 0.0000000000
9993  16.822  -57.011  -0.902 0.0000000000
10000  35.625  -57.888  -2.923 0.0000000000
10001  34.841  -57.564  -2.650 0.0000000000
10002  34.233  -57.009  -2.705 0.0000000000
10003  26.458  -57.978  -2.735 0.0000000000
10004  25.541  -57.652  -2.724 0.0000000000
10005  24.451  -57.525  -2.666 0.0000000000
10006  23.585  -57.405  -2.558 0.0000000000
10007  22.714  -57.507  -2.813 0.0000000000
10008  21.891  -57.258  -3.029 0.0000000000
10009  20.021  -57.233  -2.940 0.0000000000
10010  19.627  -57.508  -2.819 0.0000000000
10011  18.631  -57.322  -2.194 0.0000000000
10014  35.508  -57.689  -3.599 0.0000000000
10015  34.889  -57.204  -3.804 0.0000000000
10016  28.349  -57.868  -3.643 0.0000000000
10017  27.687  -57.316  -3.568 0.0000000000
10018  26.586  -57.204  -3.278 0.0000000000
10019  25.727  -56.819  -3.230 0.0000000000
10020  22.049  -57.835  -3.399 0.0000000000
10021  21.170  -57.568  -3.423 0.0000000000
10022  20.292  -57.450  -3.146 0.0000000000
10023  19.957  -57.620  -3.067 0.0000000000
10034  35.232  -57.518  -4.502 0.0000000000
10035  34.745  -57.176  -4.571 0.0000000000
10036  28.172  -57.301  -4.529 0.0000000000
10037  27.730  -56.678  -4.115 0.0000000000
10047  35.412  -57.802  -5.060 0.0000000000
10048  34.721  -57.490  -5.399 0.0000000000
10049  34.200  -57.130  -5.675 0.0000000000
10050  28.163  -57.144  -5.668 0.0000000000
10059  34.569  -57.782  -6.014 0.0000000000
10060  33.890  -57.365  -6.311 0.0000000000
10061  33.203  -56.949  -6.695 0.0000000000
10062  28.352  -57.511  -6.701 0.0000000000
10069  33.507  -57.920  -6.828 0.0000000000
10070  32.910  -57.431  -7.100 0.0000000000
10071  31.828  -57.405  -7.612 0.0000000000
10072  31.069  -57.338  -7.932 0.0000000000
10073  29.927  -57.538  -7.921 0.0000000000
10074  28.925  -57.979  -7.587 0.0000000000
10087  31.561  -57.157  -7.733 0.0000000000
10088  31.368  -57.281  -7.813 0.0000000000
10476  24.359  -56.531  18.507 0.0000000000
10477  24.073  -56.238  17.831 0.0000000000
10490  24.406  -56.963  17.594 0.0000000000
10491  24.025  -56.236  17.169 0.0000000000
10505  24.302  -56.809  16.618 0.0000000000
10506  23.900  -56.034  16.412 0.0000000000
10522  24.171  -56.477  15.591 0.0000000000
10523  23.755  -55.624  15.682 0.0000000000
10541  24.222  -56.447  14.507 0.0000000000
10542  23.864  -55.784  14.803 0.0000000000
10560  30.698  -56.171  13.741 0.0000000000
10561  24.192  -56.117  13.401 0.0000000000
10562  23.949  -55.884  14.137 0.0000000000
10576  31.245  -56.363  12.712 0.0000000000
10577  30.813  -56.187  13.189 0.0000000000
10578  24.370  -56.261  12.549 0.0000000000
10588  32.303  -56.761  11.293 0.0000000000
10589  31.794  -56.659  11.948 0.0000000000
10590  24.482  -56.337  11.778 0.0000000000
10603  24.953  -57.093  10.358 0.0000000000
10604  24.712  -56.506  10.593 0.0000000000
10613  25.033  -56.990  9.841 0.0000000000
10614  24.811  -56.238  9.531 0.0000000000
10623  25.181  -56.865  8.857 0.0000000000
10624  24.925  -56.058  8.822 0.0000000000
10633  26.423  -57.404  7.300 0.0000000000
10634  25.740  -57.023  7.682 0.0000000000
10643  30.483  -56.519  5.829 0.0000000000
10644  30.013  -56.522  6.364 0.0000000000
10645  29.103  -56.648  6.516 0.0000000000
10646  27.963  -56.820  6.524 0.0000000000
10647  26.700  -56.845  6.818 0.0000000000
10648  25.891  -56.109  6.996 0.0000000000
10656  30.663  -56.509  5.068 0.0000000000
10657  18.526  -56.821  5.101 0.0000000000
10658  17.669  -56.981  5.220 0.0000000000
10659  17.100  -57.144  5.279 0.0000000000
10660  12.766  -56.909  4.998 0.0000000000
10661  12.384  -57.043  4.891 0.0000000000
10666  36.660  -57.164  4.972 0.0000000000
10667  30.258  -56.398  4.143 0.0000000000
10668  29.912  -56.666  3.812 0.0000000000
10669  20.834  -56.783  4.121 0.0000000000
10670  19.997  -56.539  4.172 0.0000000000
10671  19.092  -56.460  4.472 0.0000000000
10672  17.977  -56.419  4.547 0.0000000000
10673  16.840  -56.716  4.657 0.0000000000
10674  15.731  -56.765  4.187 0.0000000000
10675  14.793  -56.733  4.039 0.0000000000
10676  13.960  -56.603  4.179 0.0000000000
10677  13.195  -56.713  4.496 0.0000000000
10678  12.555  -56.896  4.565 0.0000000000
10683  36.357  -57.076  3.804 0.0000000000
10684  30.085  -55.916  3.721 0.0000000000
10685  29.641  -56.390  3.385 0.0000000000
10686  24.114  -56.612  3.226 0.0000000000
10687  23.371  -56.579  3.425 0.0000000000
10688  22.413  -56.558  3.501 0.0000000000
10689  21.408  -56.584  3.548 0.0000000000
10690  20.440  -56.375  3.462 0.0000000000
10691  19.405  -56.008  3.386 0.0000000000
10692  18.382  -55.948  3.740 0.0000000000
10693  17.327  -56.040  3.793 0.0000000000
10694  16.328  -56.281  3.584 0.0000000000
10695  15.284  -56.347  3.143 0.0000000000
10696  14.313  -56.391  3.334 0.0000000000
10697  13.409  -56.545  3.525 0.0000000000
10698  12.594  -56.834  3.873 0.0000000000
10709  36.074  -56.908  2.946 0.0000000000
10710  35.639  -56.658  2.372 0.0000000000
10711  29.014  -56.544  2.441 0.0000000000
10712  28.552  -56.743  1.949 0.0000000000
10713  26.202  -56.777  1.868 0.0000000000
10714  25.600  -56.381  2.014 0.0000000000
10715  24.627  -56.344  2.650 0.0000000000
10716  23.740  -56.032  2.907 0.0000000000
10717  22.818  -55.976  2.928 0.0000000000
10718  21.858  -56.154  2.790 0.0000000000
10719  20.903  -56.200  2.765 0.0000000000
10720  20.093  -55.977  2.830 0.0000000000
10721  15.085  -56.181  2.610 0.0000000000
10722  14.676  -56.187  2.496 0.0000000000
10723  13.778  -56.392  2.535 0.0000000000
10724  12.766  -56.825  2.704 0.0000000000
10737  35.340  -56.366  1.871 0.0000000000
10738  34.898  -56.623  1.462 0.0000000000
10739  28.108  -56.574  1.540 0.0000000000
10740  27.465  -56.363  1.375 0.0000000000
10741  26.552  -56.306  1.512 0.0000000000
10742  25.934  -55.870  1.568 0.0000000000
10743  14.292  -56.168  1.729 0.0000000000
10744  13.515  -56.755  1.587 0.0000000000
10745  12.783  -57.309  1.912 0.0000000000
10754  34.424  -56.949  0.990 0.0000000000
10755  33.999  -56.707  0.328 0.0000000000
10756  16.444  -56.173  -0.253 0.0000000000
10757  15.875  -56.484  -0.070 0.0000000000
10758  14.613  -56.413  0.726 0.0000000000
10759  13.739  -57.158  0.824 0.0000000000
10773  33.585  -56.575  -0.505 0.0000000000
10774  17.358  -56.254  -0.947 0.0000000000
10775  16.800  -56.449  -0.626 0.0000000000
10776  16.193  -56.937  -0.523 0.0000000000
10790  33.396  -56.321  -1.616 0.0000000000
10791  22.600  -56.181  -1.646 0.0000000000
10792  21.708  -56.271  -1.774 0.0000000000
10793  20.718  -56.198  -1.977 0.0000000000
10794  19.749  -56.111  -2.002 0.0000000000
10795  18.902  -56.221  -1.850 0.0000000000
10796  18.207  -56.610  -1.660 0.0000000000
10797  17.411  -56.715  -1.186 0.0000000000
10798  17.015  -56.870  -0.979 0.0000000000
10812  34.346  -56.877  -3.347 0.0000000000
10813  33.757  -56.411  -2.823 0.0000000000
10814  24.960  -56.845  -2.911 0.0000000000
10815  24.118  -56.417  -2.569 0.0000000000
10816  23.138  -56.734  -2.166 0.0000000000
10817  22.227  -56.785  -2.376 0.0000000000
10818  21.182  -56.779  -2.797 0.0000000000
10819  20.170  -56.804  -2.722 0.0000000000
10820  19.264  -56.736  -2.365 0.0000000000
10821  18.722  -56.701  -2.073 0.0000000000
10833  34.408  -56.811  -4.230 0.0000000000
10834  33.897  -56.348  -3.907 0.0000000000
10835  27.165  -56.623  -3.806 0.0000000000
10836  26.287  -56.127  -3.799 0.0000000000
10837  25.281  -56.166  -3.353 0.0000000000
10838  24.735  -56.279  -3.016 0.0000000000
10839  20.810  -57.146  -3.195 0.0000000000
10840  20.609  -56.993  -3.038 0.0000000000
10852  34.402  -57.005  -4.873 0.0000000000
10853  33.941  -56.554  -4.868 0.0000000000
10854  27.837  -56.522  -4.554 0.0000000000
10855  27.283  -55.884  -4.417 0.0000000000
10856  26.600  -55.607  -4.196 0.0000000000
10867  34.220  -56.994  -5.287 0.0000000000
10868  33.872  -56.771  -5.631 0.0000000000
10869  27.955  -56.252  -5.220 0.0000000000
10870  27.650  -55.406  -5.126 0.0000000000
10880  33.509  -56.584  -6.006 0.0000000000
10881  33.184  -56.545  -6.387 0.0000000000
10882  28.381  -56.323  -6.324 0.0000000000
10893  32.748  -56.531  -6.851 0.0000000000
10894  32.122  -56.625  -7.388 0.0000000000
10895  31.338  -56.503  -7.758 0.0000000000
10896  30.348  -56.490  -7.849 0.0000000000
10897  29.145  -56.518  -7.392 0.0000000000
10909  31.655  -56.933  -7.699 0.0000000000
10910  31.380  -57.021  -7.838 0.0000000000
11324  24.321  -55.672  19.126 0.0000000000
11335  24.016  -55.683  18.267 0.0000000000
11336  23.881  -55.646  17.602 0.0000000000
11349  23.802  -55.618  17.007 0.0000000000
11363  23.665  -55.288  16.454 0.0000000000
11380  29.527  -55.150  14.676 0.0000000000
11381  23.577  -54.988  15.827 0.0000000000
11397  29.354  -55.224  14.021 0.0000000000
11398  23.636  -55.046  15.070 0.0000000000
11409  29.901  -55.564  13.736 0.0000000000
11410  29.565  -55.042  13.368 0.0000000000
11411  23.943  -55.432  13.128 0.0000000000
11412  23.684  -55.119  13.880 0.0000000000
11424  31.093  -55.195  12.610 0.0000000000
11425  30.283  -55.380  13.105 0.0000000000
11426  29.724  -54.919  13.081 0.0000000000
11427  24.101  -55.472  12.324 0.0000000000
11428  23.785  -55.005  12.922 0.0000000000
11441  32.068  -55.792  11.660 0.0000000000
11442  31.623  -55.781  12.237 0.0000000000
11443  24.384  -55.466  11.071 0.0000000000
11455  33.030  -56.075  10.339 0.0000000000
11456  32.495  -55.788  10.847 0.0000000000
11457  24.500  -55.524  9.988 0.0000000000
11472  34.478  -55.934  9.142 0.0000000000
11473  33.563  -55.621  9.704 0.0000000000
11474  32.923  -55.376  10.298 0.0000000000
11475  24.668  -55.480  9.111 0.0000000000
11489  35.011  -55.188  8.271 0.0000000000
11490  34.194  -54.952  8.851 0.0000000000
11491  25.110  -56.230  8.225 0.0000000000
11492  24.844  -55.529  8.370 0.0000000000
11499  35.858  -55.177  7.464 0.0000000000
11500  35.261  -54.750  7.621 0.0000000000
11501  25.266  -55.555  7.587 0.0000000000
11502  24.826  -55.096  8.039 0.0000000000
11507  36.656  -55.741  6.686 0.0000000000
11508  36.182  -55.018  6.828 0.0000000000
11509  30.205  -55.733  6.123 0.0000000000
11510  29.431  -55.722  6.421 0.0000000000
11511  28.381  -55.821  6.410 0.0000000000
11512  27.302  -55.856  6.343 0.0000000000
11513  26.381  -55.650  6.529 0.0000000000
11514  25.751  -55.329  6.850 0.0000000000
11518  36.809  -55.974  5.432 0.0000000000
11519  30.508  -55.747  5.517 0.0000000000
11526  36.596  -56.142  4.364 0.0000000000
11527  30.512  -55.652  4.729 0.0000000000
11541  36.457  -56.222  3.772 0.0000000000
11542  30.287  -55.534  4.019 0.0000000000
11543  29.808  -55.339  3.466 0.0000000000
11544  19.145  -55.718  2.929 0.0000000000
11545  18.694  -55.661  2.959 0.0000000000
11546  17.733  -55.623  2.991 0.0000000000
11547  16.750  -55.747  2.946 0.0000000000
11548  15.973  -56.029  2.793 0.0000000000
11562  36.373  -56.223  3.285 0.0000000000
11563  36.118  -56.023  2.685 0.0000000000
11564  29.221  -55.592  2.618 0.0000000000
11565  28.587  -55.887  1.763 0.0000000000
11566  24.885  -55.758  2.138 0.0000000000
11567  24.143  -55.474  2.378 0.0000000000
11568  23.245  -55.440  2.475 0.0000000000
11569  22.318  -55.457  2.054 0.0000000000
11570  21.274  -55.892  2.012 0.0000000000
11571  20.345  -55.801  2.095 0.0000000000
11572  19.289  -55.633  2.376 0.0000000000
11573  18.157  -55.471  2.152 0.0000000000
11574  17.107  -55.489  2.114 0.0000000000
11575  16.167  -55.692  2.120 0.0000000000
11576  15.276  -55.965  2.224 0.0000000000
11577  14.752  -56.019  1.937 0.0000000000
11588  35.642  -55.774  2.163 0.0000000000
11589  35.154  -55.727  1.571 0.0000000000
11590  27.904  -55.812  1.182 0.0000000000
11591  27.154  -55.514  0.949 0.0000000000
11592  26.221  -55.342  1.166 0.0000000000
11593  25.366  -55.390  1.660 0.0000000000
11594  24.656  -55.194  1.977 0.0000000000
11595  22.162  -55.088  1.098 0.0000000000
11596  21.528  -55.559  1.239 0.0000000000
11597  20.689  -55.716  1.246 0.0000000000
11598  19.729  -55.527  1.285 0.0000000000
11599  18.639  -55.246  1.263 0.0000000000
11600  17.477  -55.273  1.162 0.0000000000
11601  16.418  -55.522  1.224 0.0000000000
11602  15.528  -55.698  1.376 0.0000000000
11603  14.834  -55.880  1.385 0.0000000000
11619  34.496  -55.749  0.875 0.0000000000
11620  33.764  -55.625  0.036 0.0000000000
11621  27.122  -55.073  0.700 0.0000000000
11622  26.773  -54.952  0.694 0.0000000000
11623  22.137  -55.092  0.542 0.0000000000
11624  21.720  -55.362  0.530 0.0000000000
11625  21.050  -55.651  0.472 0.0000000000
11626  20.178  -55.554  0.406 0.0000000000
11627  19.159  -55.219  0.321 0.0000000000
11628  17.986  -55.135  0.194 0.0000000000
11629  16.743  -55.716  0.059 0.0000000000
11630  15.651  -55.886  0.645 0.0000000000
11631  15.054  -55.808  0.910 0.0000000000
11648  33.234  -55.525  -0.803 0.0000000000
11649  22.088  -55.196  0.004 0.0000000000
11650  21.472  -55.547  -0.223 0.0000000000
11651  20.647  -55.631  -0.373 0.0000000000
11652  19.695  -55.471  -0.497 0.0000000000
11653  18.652  -55.394  -0.593 0.0000000000
11654  17.544  -55.766  -0.660 0.0000000000
11655  17.003  -55.917  -0.444 0.0000000000
11669  32.898  -55.256  -1.639 0.0000000000
11670  32.679  -54.861  -2.241 0.0000000000
11671  22.757  -55.454  -1.329 0.0000000000
11672  22.138  -55.609  -0.916 0.0000000000
11673  21.171  -55.838  -1.085 0.0000000000
11674  20.219  -55.732  -1.252 0.0000000000
11675  19.256  -55.687  -1.311 0.0000000000
11676  18.346  -55.864  -1.303 0.0000000000
11677  17.738  -56.193  -1.211 0.0000000000
11688  33.074  -55.488  -2.614 0.0000000000
11689  32.682  -54.796  -2.855 0.0000000000
11690  24.069  -55.190  -2.593 0.0000000000
11691  23.364  -55.615  -1.906 0.0000000000
11698  33.362  -55.714  -3.624 0.0000000000
11699  32.887  -54.986  -3.534 0.0000000000
11700  26.171  -55.381  -4.112 0.0000000000
11701  25.465  -55.173  -3.708 0.0000000000
11702  24.683  -55.633  -3.108 0.0000000000
11710  33.431  -55.863  -4.576 0.0000000000
11711  33.070  -55.230  -4.281 0.0000000000
11712  27.237  -54.906  -4.851 0.0000000000
11713  26.606  -55.004  -4.412 0.0000000000
11714  25.986  -54.863  -4.152 0.0000000000
11725  33.365  -56.112  -5.546 0.0000000000
11726  32.933  -55.242  -5.194 0.0000000000
11727  28.020  -55.244  -5.900 0.0000000000
11728  27.597  -54.803  -5.365 0.0000000000
11739  33.180  -56.208  -6.090 0.0000000000
11740  32.641  -55.645  -6.381 0.0000000000
11741  32.052  -55.168  -6.781 0.0000000000
11742  29.449  -55.130  -7.217 0.0000000000
11743  28.828  -55.359  -6.813 0.0000000000
11754  32.365  -56.079  -7.016 0.0000000000
11755  31.802  -55.644  -7.228 0.0000000000
11756  30.882  -55.688  -7.617 0.0000000000
11757  29.927  -55.576  -7.525 0.0000000000
11758  29.320  -55.635  -7.267 0.0000000000
12118  27.241  -53.791  20.877 0.0000000000
12119  26.695  -54.153  20.949 0.0000000000
12120  25.685  -54.656  20.765 0.0000000000
12121  24.955  -55.172  20.460 0.0000000000
12133  25.326  -54.210  19.981 0.0000000000
12134  24.733  -54.676  19.763 0.0000000000
12146  24.070  -54.734  18.448 0.0000000000
12147  23.864  -55.223  17.947 0.0000000000
12160  23.871  -54.478  17.912 0.0000000000
12161  23.725  -54.828  17.415 0.0000000000
12177  23.597  -54.539  16.400 0.0000000000
12187  32.694  -54.136  15.888 0.0000000000
12188  31.908  -54.402  15.709 0.0000000000
12189  31.108  -54.684  15.534 0.0000000000
12190  30.396  -54.870  15.406 0.0000000000
12191  29.658  -54.653  14.895 0.0000000000
12192  23.587  -54.380  15.578 0.0000000000
12203  29.089  -54.545  14.192 0.0000000000
12204  28.852  -54.192  13.573 0.0000000000
12205  23.568  -54.297  14.723 0.0000000000
12215  29.097  -54.622  13.485 0.0000000000
12216  28.764  -54.137  12.963 0.0000000000
12217  23.525  -53.975  13.887 0.0000000000
12228  31.091  -54.282  12.352 0.0000000000
12229  30.330  -54.533  12.573 0.0000000000
12230  29.356  -54.371  12.664 0.0000000000
12231  28.728  -53.976  12.445 0.0000000000
12232  23.850  -54.650  12.363 0.0000000000
12233  23.642  -54.256  12.980 0.0000000000
12250  32.198  -54.832  11.408 0.0000000000
12251  31.716  -54.897  12.113 0.0000000000
12252  28.960  -53.949  11.995 0.0000000000
12253  28.841  -53.979  12.215 0.0000000000
12254  24.064  -54.432  11.468 0.0000000000
12255  23.780  -54.046  12.177 0.0000000000
12272  32.564  -54.757  10.681 0.0000000000
12273  24.273  -54.602  10.258 0.0000000000
12292  33.540  -54.414  9.261 0.0000000000
12293  33.039  -54.593  10.028 0.0000000000
12294  24.443  -54.834  9.418 0.0000000000
12306  34.506  -54.570  8.248 0.0000000000
12307  34.022  -54.042  8.412 0.0000000000
12308  24.608  -54.741  8.571 0.0000000000
12317  35.408  -54.582  7.279 0.0000000000
12318  34.798  -54.131  7.430 0.0000000000
12319  34.075  -53.480  7.772 0.0000000000
12320  25.457  -54.566  7.060 0.0000000000
12321  24.917  -54.560  7.787 0.0000000000
12333  36.302  -54.979  6.495 0.0000000000
12334  35.722  -54.368  6.565 0.0000000000
12335  35.129  -53.840  6.677 0.0000000000
12336  30.270  -55.276  5.840 0.0000000000
12337  29.793  -54.772  6.221 0.0000000000
12338  28.734  -54.944  6.491 0.0000000000
12339  27.703  -54.990  6.344 0.0000000000
12340  26.813  -54.965  6.319 0.0000000000
12341  26.115  -54.753  6.542 0.0000000000
12355  36.470  -54.958  5.873 0.0000000000
12356  36.039  -54.161  5.323 0.0000000000
12357  30.288  -54.896  5.308 0.0000000000
12358  29.792  -54.022  5.540 0.0000000000
12372  36.472  -55.015  4.662 0.0000000000
12373  36.019  -54.129  4.343 0.0000000000
12374  30.257  -54.927  4.378 0.0000000000
12375  29.928  -54.146  4.669 0.0000000000
12389  36.385  -55.520  3.656 0.0000000000
12390  36.151  -54.632  3.744 0.0000000000
12391  30.154  -55.030  3.870 0.0000000000
12392  29.843  -54.391  3.752 0.0000000000
12401  36.311  -55.655  3.063 0.0000000000
12402  36.025  -55.002  2.776 0.0000000000
12403  29.302  -54.569  2.839 0.0000000000
12404  28.774  -54.800  1.896 0.0000000000
12405  24.157  -54.913  1.971 0.0000000000
12406  23.529  -54.965  2.073 0.0000000000
12407  22.970  -55.057  2.101 0.0000000000
12423  35.443  -54.995  1.917 0.0000000000
12424  34.905  -54.933  1.412 0.0000000000
12425  28.187  -55.009  1.054 0.0000000000
12426  27.681  -55.277  0.903 0.0000000000
12427  26.161  -54.648  0.765 0.0000000000
12428  25.497  -54.659  1.082 0.0000000000
12429  24.604  -54.611  1.500 0.0000000000
12430  23.781  -54.603  1.632 0.0000000000
12431  22.945  -54.723  1.539 0.0000000000
12449  34.483  -54.725  1.038 0.0000000000
12450  34.031  -54.746  0.566 0.0000000000
12451  28.040  -54.396  0.635 0.0000000000
12452  27.392  -54.674  0.565 0.0000000000
12453  26.529  -54.251  0.362 0.0000000000
12454  25.708  -54.060  0.516 0.0000000000
12455  24.809  -54.082  0.696 0.0000000000
12456  23.694  -54.224  0.785 0.0000000000
12457  22.622  -54.706  0.500 0.0000000000
12466  33.335  -54.442  -0.207 0.0000000000
12467  32.792  -54.135  -0.857 0.0000000000
12468  23.164  -54.311  -0.152 0.0000000000
12469  22.606  -54.924  -0.453 0.0000000000
12475  32.868  -54.775  -0.987 0.0000000000
12476  32.569  -54.353  -1.619 0.0000000000
12477  23.118  -54.629  -1.192 0.0000000000
12478  22.631  -55.142  -0.979 0.0000000000
12484  32.388  -54.278  -2.506 0.0000000000
12485  24.206  -54.413  -2.505 0.0000000000
12486  23.699  -54.570  -2.069 0.0000000000
12492  32.448  -54.305  -3.363 0.0000000000
12493  25.267  -54.134  -3.580 0.0000000000
12494  24.667  -54.557  -3.100 0.0000000000
12504  32.590  -54.446  -4.429 0.0000000000
12505  26.793  -54.066  -4.716 0.0000000000
12506  26.144  -54.255  -4.247 0.0000000000
12507  25.702  -54.448  -3.935 0.0000000000
12517  32.182  -54.385  -5.799 0.0000000000
12518  31.545  -53.915  -6.215 0.0000000000
12519  27.808  -54.157  -5.717 0.0000000000
12520  27.331  -54.289  -5.200 0.0000000000
12529  32.142  -54.905  -6.497 0.0000000000
12530  31.487  -54.616  -6.821 0.0000000000
12531  30.397  -54.260  -6.972 0.0000000000
12532  29.407  -54.391  -6.851 0.0000000000
12533  28.526  -54.374  -6.317 0.0000000000
12547  31.213  -55.199  -7.317 0.0000000000
12548  30.638  -54.986  -7.344 0.0000000000
12549  29.936  -54.817  -7.297 0.0000000000
12942  28.658  -52.823  20.800 0.0000000000
12943  27.853  -53.248  20.640 0.0000000000
12944  26.776  -53.624  20.449 0.0000000000
12945  26.236  -53.991  20.478 0.0000000000
12960  27.404  -52.773  19.989 0.0000000000
12961  26.870  -53.068  19.959 0.0000000000
12962  25.815  -53.535  19.769 0.0000000000
12963  25.130  -53.991  19.632 0.0000000000
12974  25.351  -53.086  19.077 0.0000000000
12975  24.752  -53.620  18.945 0.0000000000
12987  23.961  -53.902  17.844 0.0000000000
12988  23.646  -54.044  16.987 0.0000000000
12997  34.430  -53.045  17.044 0.0000000000
12998  33.995  -53.307  16.420 0.0000000000
12999  23.874  -53.341  17.021 0.0000000000
13000  23.658  -53.699  16.173 0.0000000000
13011  33.330  -53.360  15.711 0.0000000000
13012  32.338  -53.489  15.258 0.0000000000
13013  31.413  -53.871  15.174 0.0000000000
13014  30.613  -54.100  15.058 0.0000000000
13015  29.959  -54.170  14.925 0.0000000000
13016  23.600  -53.704  15.341 0.0000000000
13030  31.711  -53.215  14.734 0.0000000000
13031  30.978  -53.388  14.640 0.0000000000
13032  30.183  -53.528  14.614 0.0000000000
13033  29.434  -53.738  14.310 0.0000000000
13034  28.887  -53.898  13.873 0.0000000000
13035  23.567  -53.499  14.611 0.0000000000
13047  29.018  -53.376  13.707 0.0000000000
13048  28.730  -53.596  13.235 0.0000000000
13049  23.564  -53.244  13.958 0.0000000000
13057  31.053  -53.878  12.156 0.0000000000
13058  30.496  -53.847  12.125 0.0000000000
13059  29.834  -54.074  12.255 0.0000000000
13060  28.585  -53.579  12.473 0.0000000000
13061  23.787  -52.894  12.542 0.0000000000
13062  23.621  -53.348  13.213 0.0000000000
13070  32.266  -54.096  11.140 0.0000000000
13071  31.489  -53.706  11.687 0.0000000000
13072  30.442  -53.375  11.614 0.0000000000
13073  29.350  -53.623  11.480 0.0000000000
13074  28.550  -53.640  11.755 0.0000000000
13075  23.926  -53.287  11.660 0.0000000000
13076  23.721  -53.570  12.507 0.0000000000
13084  32.510  -53.774  10.523 0.0000000000
13085  32.076  -53.551  11.080 0.0000000000
13086  28.727  -53.260  10.207 0.0000000000
13087  28.386  -53.227  10.677 0.0000000000
13088  27.992  -53.123  10.514 0.0000000000
13089  24.148  -53.522  10.449 0.0000000000
13100  33.439  -53.649  8.941 0.0000000000
13101  32.961  -53.594  9.663 0.0000000000
13102  28.462  -53.193  9.664 0.0000000000
13103  28.204  -53.223  9.910 0.0000000000
13104  27.956  -53.183  10.177 0.0000000000
13105  24.393  -53.850  9.221 0.0000000000
13116  33.547  -53.111  8.331 0.0000000000
13117  33.140  -53.023  9.076 0.0000000000
13118  24.667  -53.883  8.227 0.0000000000
13136  34.284  -53.250  7.174 0.0000000000
13137  33.802  -52.789  7.551 0.0000000000
13138  29.228  -53.371  6.715 0.0000000000
13139  29.052  -53.511  6.936 0.0000000000
13140  28.261  -53.554  7.088 0.0000000000
13141  27.214  -53.463  6.828 0.0000000000
13142  26.111  -53.747  6.699 0.0000000000
13143  25.147  -53.583  7.502 0.0000000000
13158  35.246  -53.745  6.333 0.0000000000
13159  34.720  -53.231  6.315 0.0000000000
13160  29.400  -53.644  6.351 0.0000000000
13161  28.959  -54.149  6.743 0.0000000000
13162  27.985  -54.234  6.662 0.0000000000
13163  27.039  -54.254  6.421 0.0000000000
13164  26.506  -54.410  6.476 0.0000000000
13176  35.417  -53.610  5.752 0.0000000000
13177  35.043  -53.039  5.204 0.0000000000
13178  29.640  -53.278  5.677 0.0000000000
13184  35.508  -53.437  4.657 0.0000000000
13185  35.171  -53.027  4.692 0.0000000000
13186  29.809  -53.285  4.979 0.0000000000
13199  35.573  -53.725  3.388 0.0000000000
13200  35.135  -53.142  2.969 0.0000000000
13201  29.762  -53.254  4.013 0.0000000000
13216  35.396  -54.220  2.230 0.0000000000
13217  35.048  -53.431  2.408 0.0000000000
13218  29.364  -53.549  3.067 0.0000000000
13219  28.920  -53.763  2.117 0.0000000000
13234  35.118  -54.512  1.738 0.0000000000
13235  34.656  -54.002  1.513 0.0000000000
13236  34.247  -53.332  1.359 0.0000000000
13237  28.459  -53.928  1.011 0.0000000000
13245  34.251  -54.283  0.962 0.0000000000
13246  33.855  -53.706  0.760 0.0000000000
13247  27.854  -53.796  0.233 0.0000000000
13248  26.998  -53.621  -0.264 0.0000000000
13249  26.033  -53.599  -0.136 0.0000000000
13250  25.119  -53.586  -0.033 0.0000000000
13251  24.221  -53.749  0.065 0.0000000000
13252  23.667  -53.962  0.047 0.0000000000
13257  33.266  -53.500  0.085 0.0000000000
13258  32.922  -53.538  -0.446 0.0000000000
13259  26.741  -53.081  -0.749 0.0000000000
13260  26.280  -53.224  -0.707 0.0000000000
13261  25.490  -53.271  -0.926 0.0000000000
13262  24.525  -53.534  -0.772 0.0000000000
13263  23.707  -53.881  -0.601 0.0000000000
13269  32.497  -53.502  -1.142 0.0000000000
13270  25.354  -53.153  -1.579 0.0000000000
13271  24.833  -53.379  -1.604 0.0000000000
13272  23.997  -53.879  -1.600 0.0000000000
13277  32.118  -53.551  -2.037 0.0000000000
13278  31.790  -53.113  -2.521 0.0000000000
13279  25.294  -53.105  -2.186 0.0000000000
13280  24.647  -53.765  -2.482 0.0000000000
13281  24.106  -54.121  -2.176 0.0000000000
13285  32.019  -53.690  -2.929 0.0000000000
13286  31.586  -53.074  -3.246 0.0000000000
13287  25.978  -53.036  -3.707 0.0000000000
13288  25.564  -53.238  -3.272 0.0000000000
13289  24.944  -53.849  -3.169 0.0000000000
13301  32.057  -53.672  -3.867 0.0000000000
13302  31.476  -53.003  -4.316 0.0000000000
13303  26.869  -53.240  -4.673 0.0000000000
13304  26.212  -53.351  -4.099 0.0000000000
13305  25.722  -53.845  -3.879 0.0000000000
13321  32.007  -53.685  -4.825 0.0000000000
13322  31.350  -53.241  -5.550 0.0000000000
13323  30.569  -52.981  -6.101 0.0000000000
13324  27.869  -53.342  -5.638 0.0000000000
13325  27.347  -53.502  -5.228 0.0000000000
13339  30.942  -53.645  -6.470 0.0000000000
13340  29.930  -53.413  -6.532 0.0000000000
13341  29.008  -53.605  -6.345 0.0000000000
13342  28.359  -53.535  -5.966 0.0000000000
13761  29.701  -51.925  21.179 0.0000000000
13762  29.180  -52.205  20.656 0.0000000000
13763  28.450  -52.572  20.398 0.0000000000
13784  28.612  -52.112  20.045 0.0000000000
13785  27.911  -52.432  19.895 0.0000000000
13786  27.058  -52.390  19.398 0.0000000000
13787  26.386  -52.837  19.492 0.0000000000
13803  26.776  -51.993  18.890 0.0000000000
13804  25.883  -52.399  18.784 0.0000000000
13805  25.121  -52.900  18.675 0.0000000000
13814  34.732  -52.410  17.444 0.0000000000
13815  25.397  -51.982  18.007 0.0000000000
13816  24.684  -52.630  17.773 0.0000000000
13825  34.358  -52.176  16.232 0.0000000000
13826  33.881  -52.797  15.883 0.0000000000
13827  23.969  -52.678  16.187 0.0000000000
13828  23.677  -53.272  15.742 0.0000000000
13840  34.052  -51.787  15.549 0.0000000000
13841  33.642  -52.297  15.346 0.0000000000
13842  32.987  -52.833  15.064 0.0000000000
13843  23.882  -52.433  15.238 0.0000000000
13844  23.670  -53.038  15.269 0.0000000000
13856  33.057  -52.244  14.756 0.0000000000
13857  32.352  -52.601  14.595 0.0000000000
13858  31.434  -52.579  14.246 0.0000000000
13859  30.578  -52.870  14.220 0.0000000000
13860  29.938  -53.052  14.135 0.0000000000
13861  23.952  -52.051  14.744 0.0000000000
13862  23.700  -52.705  14.484 0.0000000000
13872  30.875  -52.291  13.779 0.0000000000
13873  30.222  -52.462  13.732 0.0000000000
13874  29.485  -52.714  13.597 0.0000000000
13875  28.883  -52.950  13.302 0.0000000000
13876  23.918  -52.031  13.960 0.0000000000
13877  23.697  -52.704  13.607 0.0000000000
13887  29.054  -52.388  13.023 0.0000000000
13888  28.576  -52.806  12.635 0.0000000000
13889  23.913  -52.164  12.967 0.0000000000
13890  23.725  -52.776  13.077 0.0000000000
13898  31.408  -53.113  11.272 0.0000000000
13899  30.961  -52.907  11.310 0.0000000000
13900  30.091  -52.991  11.128 0.0000000000
13901  28.277  -53.073  11.949 0.0000000000
13902  24.032  -52.236  11.883 0.0000000000
13910  32.459  -53.152  10.162 0.0000000000
13911  31.738  -52.838  10.727 0.0000000000
13912  30.497  -52.411  10.514 0.0000000000
13913  29.463  -52.901  10.462 0.0000000000
13914  28.099  -52.925  11.051 0.0000000000
13915  27.899  -52.807  10.279 0.0000000000
13916  24.230  -52.326  10.672 0.0000000000
13926  32.398  -52.581  9.597 0.0000000000
13927  31.723  -52.290  9.995 0.0000000000
13928  29.720  -52.365  9.926 0.0000000000
13929  29.006  -52.858  9.296 0.0000000000
13930  28.244  -53.010  9.291 0.0000000000
13931  27.918  -52.810  9.657 0.0000000000
13932  24.399  -52.678  9.510 0.0000000000
13947  33.387  -52.389  7.954 0.0000000000
13948  32.942  -52.359  8.600 0.0000000000
13949  29.054  -52.636  7.960 0.0000000000
13950  28.382  -52.790  8.367 0.0000000000
13951  27.859  -52.458  8.719 0.0000000000
13952  25.292  -52.420  7.746 0.0000000000
13953  24.782  -52.789  8.291 0.0000000000
13971  34.015  -52.603  6.791 0.0000000000
13972  33.420  -51.895  7.242 0.0000000000
13973  33.042  -51.874  7.934 0.0000000000
13974  29.256  -52.933  6.878 0.0000000000
13975  28.666  -53.196  7.566 0.0000000000
13976  27.449  -52.629  7.699 0.0000000000
13977  26.413  -52.763  7.190 0.0000000000
13978  25.603  -52.892  7.317 0.0000000000
13979  25.151  -52.887  7.679 0.0000000000
13990  34.192  -52.441  6.120 0.0000000000
13991  33.764  -51.924  6.379 0.0000000000
13992  29.534  -52.898  6.107 0.0000000000
14007  34.464  -52.421  5.359 0.0000000000
14008  34.022  -51.998  5.764 0.0000000000
14009  29.995  -52.033  5.364 0.0000000000
14010  29.795  -52.516  5.426 0.0000000000
14021  35.223  -53.040  4.453 0.0000000000
14022  34.910  -52.645  4.388 0.0000000000
14023  30.110  -52.081  5.051 0.0000000000
14024  29.942  -52.478  4.560 0.0000000000
14038  35.311  -53.091  4.068 0.0000000000
14039  35.056  -52.860  3.467 0.0000000000
14040  29.839  -52.440  3.904 0.0000000000
14048  34.703  -52.709  2.678 0.0000000000
14049  34.225  -52.429  2.150 0.0000000000
14050  29.499  -52.494  3.152 0.0000000000
14051  29.059  -52.902  2.391 0.0000000000
14058  34.495  -53.062  1.886 0.0000000000
14059  33.900  -52.660  1.370 0.0000000000
14060  29.226  -52.023  2.004 0.0000000000
14061  28.794  -52.882  1.429 0.0000000000
14066  33.232  -52.745  0.408 0.0000000000
14067  32.823  -52.358  0.219 0.0000000000
14068  29.079  -52.164  0.927 0.0000000000
14069  28.398  -52.695  0.028 0.0000000000
14070  27.662  -53.262  -0.302 0.0000000000
14075  33.015  -53.084  -0.103 0.0000000000
14076  32.563  -52.601  -0.407 0.0000000000
14077  32.165  -52.092  -0.500 0.0000000000
14078  28.114  -52.006  -1.231 0.0000000000
14079  27.275  -52.710  -0.937 0.0000000000
14080  26.433  -52.875  -1.138 0.0000000000
14081  26.001  -53.043  -1.081 0.0000000000
14086  32.052  -52.839  -1.497 0.0000000000
14087  31.887  -52.180  -1.024 0.0000000000
14088  28.067  -51.738  -1.855 0.0000000000
14089  27.405  -51.902  -2.065 0.0000000000
14090  26.545  -52.466  -1.818 0.0000000000
14091  25.840  -52.900  -1.588 0.0000000000
14099  31.850  -52.946  -2.091 0.0000000000
14100  31.353  -52.362  -2.230 0.0000000000
14101  30.756  -51.824  -2.323 0.0000000000
14102  27.194  -51.806  -2.790 0.0000000000
14103  26.615  -52.167  -2.848 0.0000000000
14104  25.930  -52.684  -2.475 0.0000000000
14122  31.091  -52.473  -3.561 0.0000000000
14123  30.549  -51.903  -3.005 0.0000000000
14124  26.951  -52.387  -4.116 0.0000000000
14125  26.326  -52.674  -3.655 0.0000000000
14126  26.049  -52.630  -3.088 0.0000000000
14150  31.053  -52.497  -4.243 0.0000000000
14151  30.447  -52.130  -4.221 0.0000000000
14152  29.789  -52.065  -4.885 0.0000000000
14153  27.951  -52.226  -5.040 0.0000000000
14154  27.400  -52.573  -4.863 0.0000000000
14155  26.724  -52.816  -4.306 0.0000000000
14173  31.036  -52.563  -4.787 0.0000000000
14174  30.410  -52.478  -5.361 0.0000000000
14175  29.394  -52.336  -5.506 0.0000000000
14176  28.348  -52.646  -5.535 0.0000000000
14177  27.680  -52.966  -5.407 0.0000000000
14193  29.927  -52.697  -6.038 0.0000000000
14194  29.217  -52.922  -6.058 0.0000000000
14195  28.729  -53.162  -5.997 0.0000000000
14697  29.599  -51.405  20.444 0.0000000000
14698  29.348  -51.721  20.290 0.0000000000
14716  29.641  -51.015  19.626 0.0000000000
14717  29.172  -51.573  19.810 0.0000000000
14718  28.318  -51.840  19.468 0.0000000000
14719  27.721  -52.065  19.376 0.0000000000
14737  29.611  -50.846  19.363 0.0000000000
14738  29.457  -50.997  19.239 0.0000000000
14739  28.821  -51.290  18.974 0.0000000000
14740  27.598  -51.533  18.818 0.0000000000
14741  26.617  -51.640  18.536 0.0000000000
14749  35.237  -51.203  17.538 0.0000000000
14750  34.944  -51.445  16.945 0.0000000000
14751  26.962  -51.075  18.187 0.0000000000
14752  26.023  -51.325  17.846 0.0000000000
14753  25.217  -51.722  17.464 0.0000000000
14761  34.671  -51.151  16.177 0.0000000000
14762  25.433  -51.152  17.029 0.0000000000
14763  24.731  -51.619  16.594 0.0000000000
14774  34.276  -51.264  15.617 0.0000000000
14775  33.785  -51.404  15.141 0.0000000000
14776  24.282  -51.750  15.488 0.0000000000
14786  33.348  -51.699  14.777 0.0000000000
14787  32.744  -51.680  14.325 0.0000000000
14788  32.072  -52.020  14.099 0.0000000000
14789  24.234  -51.417  14.523 0.0000000000
14802  32.233  -51.452  13.852 0.0000000000
14803  31.514  -51.688  13.651 0.0000000000
14804  30.572  -51.671  13.265 0.0000000000
14805  29.976  -52.126  13.393 0.0000000000
14806  24.274  -51.219  13.440 0.0000000000
14820  30.359  -51.282  12.807 0.0000000000
14821  29.731  -51.704  12.897 0.0000000000
14822  28.882  -51.897  12.452 0.0000000000
14823  24.272  -51.374  12.291 0.0000000000
14836  28.381  -52.171  11.711 0.0000000000
14837  24.364  -51.437  11.218 0.0000000000
14849  31.122  -52.099  10.154 0.0000000000
14850  30.683  -52.107  10.125 0.0000000000
14851  28.121  -51.886  10.446 0.0000000000
14852  27.885  -52.364  9.912 0.0000000000
14853  24.517  -51.440  10.368 0.0000000000
14866  32.323  -51.921  8.900 0.0000000000
14867  31.579  -51.792  9.413 0.0000000000
14868  30.448  -51.880  9.659 0.0000000000
14869  29.659  -52.184  9.399 0.0000000000
14870  28.241  -51.186  9.826 0.0000000000
14871  27.869  -51.656  9.342 0.0000000000
14872  24.969  -51.298  9.134 0.0000000000
14873  24.562  -51.770  9.705 0.0000000000
14893  32.584  -51.736  8.273 0.0000000000
14894  31.943  -51.405  8.436 0.0000000000
14895  30.924  -51.265  8.649 0.0000000000
14896  29.757  -51.800  8.593 0.0000000000
14897  27.273  -51.268  8.334 0.0000000000
14898  26.402  -51.130  7.994 0.0000000000
14899  25.404  -51.520  8.158 0.0000000000
14900  24.710  -51.948  8.887 0.0000000000
14918  33.087  -51.437  7.093 0.0000000000
14919  32.600  -51.240  7.408 0.0000000000
14920  31.545  -51.014  7.729 0.0000000000
14921  30.558  -51.159  7.518 0.0000000000
14922  29.622  -51.892  7.278 0.0000000000
14923  26.913  -51.673  7.797 0.0000000000
14924  26.398  -51.895  7.570 0.0000000000
14925  25.782  -52.232  7.505 0.0000000000
14939  33.155  -51.265  6.574 0.0000000000
14940  32.701  -50.975  6.725 0.0000000000
14941  30.224  -51.375  6.516 0.0000000000
14942  29.726  -52.137  6.177 0.0000000000
14958  34.031  -51.783  5.229 0.0000000000
14959  33.623  -51.457  5.724 0.0000000000
14960  30.265  -51.603  5.494 0.0000000000
14961  29.905  -52.040  5.601 0.0000000000
14975  34.293  -51.860  4.475 0.0000000000
14976  33.642  -51.297  4.801 0.0000000000
14977  30.276  -51.683  4.417 0.0000000000
14978  30.008  -52.125  4.134 0.0000000000
14994  34.470  -52.096  3.356 0.0000000000
14995  33.762  -51.374  3.679 0.0000000000
14996  30.296  -51.272  3.429 0.0000000000
14997  29.928  -51.916  3.649 0.0000000000
15008  34.294  -52.182  2.606 0.0000000000
15009  33.627  -51.671  2.302 0.0000000000
15010  32.978  -51.231  2.137 0.0000000000
15011  30.320  -51.030  2.503 0.0000000000
15012  29.752  -51.610  2.821 0.0000000000
15019  33.221  -52.004  1.028 0.0000000000
15020  32.649  -51.281  1.513 0.0000000000
15021  32.137  -50.939  1.457 0.0000000000
15022  30.383  -50.957  1.592 0.0000000000
15023  29.819  -51.364  2.002 0.0000000000
15028  32.967  -52.228  0.495 0.0000000000
15029  32.546  -51.849  0.369 0.0000000000
15030  31.699  -51.062  0.865 0.0000000000
15031  30.606  -51.004  0.696 0.0000000000
15032  29.675  -51.413  1.036 0.0000000000
15033  29.133  -51.724  0.213 0.0000000000
15038  32.296  -52.026  -0.222 0.0000000000
15039  31.846  -51.708  -0.285 0.0000000000
15040  30.973  -51.316  -0.227 0.0000000000
15041  29.895  -51.233  -0.245 0.0000000000
15042  28.908  -51.601  -0.729 0.0000000000
15047  31.251  -51.708  -1.154 0.0000000000
15048  30.485  -51.379  -1.199 0.0000000000
15049  29.604  -51.323  -1.439 0.0000000000
15050  28.665  -51.502  -1.813 0.0000000000
15051  28.090  -51.614  -2.296 0.0000000000
15060  30.832  -51.698  -1.833 0.0000000000
15061  30.244  -51.495  -2.177 0.0000000000
15062  29.396  -51.425  -2.398 0.0000000000
15063  28.608  -51.494  -2.746 0.0000000000
15064  27.742  -51.592  -2.994 0.0000000000
15065  27.155  -51.845  -3.270 0.0000000000
15085  29.911  -51.539  -2.896 0.0000000000
15086  29.297  -51.549  -3.256 0.0000000000
15087  28.489  -51.605  -3.690 0.0000000000
15088  27.542  -51.885  -4.055 0.0000000000
15089  26.882  -52.142  -3.605 0.0000000000
15102  29.950  -51.704  -3.542 0.0000000000
15103  29.381  -51.782  -4.208 0.0000000000
15104  28.418  -51.920  -4.746 0.0000000000
15105  27.803  -52.102  -4.706 0.0000000000
15120  29.174  -51.932  -4.975 0.0000000000
15121  28.824  -52.133  -5.248 0.0000000000
15674  29.625  -50.751  20.848 0.0000000000
15689  29.729  -50.616  19.911 0.0000000000
15704  29.675  -50.592  19.272 0.0000000000
15705  29.331  -50.535  18.733 0.0000000000
15706  28.476  -50.780  18.397 0.0000000000
15707  27.683  -50.813  18.088 0.0000000000
15716  35.204  -50.863  17.093 0.0000000000
15717  28.952  -50.171  18.184 0.0000000000
15718  28.262  -50.268  17.769 0.0000000000
15719  27.068  -50.319  17.400 0.0000000000
15720  25.976  -50.635  17.060 0.0000000000
15727  35.377  -49.874  16.855 0.0000000000
15728  35.113  -50.397  16.490 0.0000000000
15729  26.274  -50.116  16.675 0.0000000000
15730  25.389  -50.543  16.106 0.0000000000
15731  24.711  -51.183  15.869 0.0000000000
15742  34.572  -50.470  15.669 0.0000000000
15743  34.006  -50.582  15.097 0.0000000000
15744  25.052  -50.055  14.931 0.0000000000
15745  24.619  -50.885  15.225 0.0000000000
15753  33.353  -50.852  14.517 0.0000000000
15754  32.671  -50.836  13.869 0.0000000000
15755  24.995  -49.896  13.933 0.0000000000
15756  24.578  -50.623  14.259 0.0000000000
15767  32.046  -50.944  13.480 0.0000000000
15768  31.321  -50.779  12.945 0.0000000000
15769  30.684  -51.100  12.813 0.0000000000
15770  24.960  -49.865  12.991 0.0000000000
15771  24.653  -50.426  13.452 0.0000000000
15780  31.151  -50.215  12.460 0.0000000000
15781  30.455  -50.597  12.296 0.0000000000
15782  29.364  -51.146  12.090 0.0000000000
15783  28.783  -51.523  11.931 0.0000000000
15784  24.921  -49.936  11.995 0.0000000000
15785  24.590  -50.571  12.631 0.0000000000
15794  30.392  -50.100  11.607 0.0000000000
15795  29.863  -50.401  11.369 0.0000000000
15796  28.919  -51.149  11.208 0.0000000000
15797  24.895  -50.088  11.130 0.0000000000
15798  24.597  -50.661  11.625 0.0000000000
15806  29.384  -50.312  10.690 0.0000000000
15807  28.692  -50.607  10.209 0.0000000000
15808  25.156  -49.953  10.418 0.0000000000
15809  24.759  -50.668  10.520 0.0000000000
15817  28.275  -50.529  9.518 0.0000000000
15818  27.726  -50.420  8.945 0.0000000000
15819  26.057  -50.043  8.945 0.0000000000
15820  25.528  -50.349  9.302 0.0000000000
15821  24.802  -51.065  9.775 0.0000000000
15836  27.162  -50.270  8.653 0.0000000000
15837  26.472  -50.300  8.603 0.0000000000
15838  25.899  -50.745  8.422 0.0000000000
15853  31.939  -50.810  7.196 0.0000000000
15854  31.373  -50.779  6.985 0.0000000000
15855  30.802  -50.917  6.646 0.0000000000
15871  32.761  -50.876  6.342 0.0000000000
15872  32.200  -50.695  6.508 0.0000000000
15873  31.315  -50.718  6.180 0.0000000000
15874  30.690  -51.006  5.958 0.0000000000
15887  32.889  -50.779  5.527 0.0000000000
15888  31.838  -50.541  5.485 0.0000000000
15889  31.061  -50.766  5.449 0.0000000000
15890  30.674  -51.084  5.455 0.0000000000
15903  33.058  -50.822  4.152 0.0000000000
15904  32.207  -50.524  4.498 0.0000000000
15905  31.327  -50.644  4.692 0.0000000000
15906  30.728  -51.094  4.926 0.0000000000
15920  33.163  -50.926  3.024 0.0000000000
15921  32.405  -50.592  3.398 0.0000000000
15922  31.536  -50.547  3.740 0.0000000000
15923  30.784  -50.909  4.056 0.0000000000
15939  33.090  -51.143  2.435 0.0000000000
15940  32.541  -50.848  2.328 0.0000000000
15941  31.716  -50.532  2.715 0.0000000000
15942  30.871  -50.665  3.089 0.0000000000
15958  32.305  -50.907  1.758 0.0000000000
15959  31.858  -50.712  1.783 0.0000000000
15960  31.061  -50.619  2.049 0.0000000000
15971  31.438  -50.685  1.465 0.0000000000
15972  31.031  -50.693  1.281 0.0000000000
16560  29.734  -50.062  19.336 0.0000000000
16574  29.696  -50.191  18.927 0.0000000000
16575  29.349  -49.683  18.548 0.0000000000
16585  28.900  -49.592  17.668 0.0000000000
16586  28.144  -49.722  17.212 0.0000000000
16587  27.541  -49.697  16.944 0.0000000000
16595  35.493  -49.333  17.140 0.0000000000
16596  35.237  -49.345  16.439 0.0000000000
16597  28.770  -49.207  16.983 0.0000000000
16598  27.979  -49.241  16.588 0.0000000000
16599  27.005  -49.581  16.508 0.0000000000
16600  26.190  -49.753  16.091 0.0000000000
16612  34.770  -49.474  15.687 0.0000000000
16613  34.285  -49.877  15.189 0.0000000000
16614  27.468  -49.044  16.031 0.0000000000
16615  26.724  -49.162  15.626 0.0000000000
16616  25.817  -49.595  15.383 0.0000000000
16627  34.299  -49.210  15.042 0.0000000000
16628  33.746  -49.642  14.508 0.0000000000
16629  33.134  -50.134  13.915 0.0000000000
16630  26.259  -49.034  14.955 0.0000000000
16631  25.650  -49.297  14.415 0.0000000000
16644  33.238  -49.315  13.673 0.0000000000
16645  32.428  -49.920  13.152 0.0000000000
16646  31.632  -49.989  12.589 0.0000000000
16647  25.424  -49.309  13.493 0.0000000000
16658  31.995  -49.465  12.438 0.0000000000
16659  31.239  -49.551  11.958 0.0000000000
16660  30.653  -49.915  11.740 0.0000000000
16661  25.473  -49.211  12.437 0.0000000000
16669  31.176  -49.058  11.348 0.0000000000
16670  30.511  -49.443  11.042 0.0000000000
16671  29.834  -49.902  10.763 0.0000000000
16672  25.400  -49.456  11.183 0.0000000000
16679  30.152  -48.823  10.461 0.0000000000
16680  29.422  -49.373  10.107 0.0000000000
16681  28.721  -49.974  9.744 0.0000000000
16682  26.187  -49.112  9.877 0.0000000000
16683  25.615  -49.517  10.129 0.0000000000
16690  28.988  -48.849  9.554 0.0000000000
16691  28.373  -49.426  9.404 0.0000000000
16692  27.247  -49.564  8.964 0.0000000000
16693  26.332  -49.664  9.138 0.0000000000
16694  25.872  -49.617  9.580 0.0000000000
16707  26.935  -49.967  8.697 0.0000000000
16708  26.749  -49.844  8.804 0.0000000000
17467  35.316  -48.484  16.750 0.0000000000
17468  34.982  -48.474  15.998 0.0000000000
17470  28.636  -48.570  16.394 0.0000000000
17471  27.957  -48.809  16.098 0.0000000000
17483  34.521  -48.491  15.298 0.0000000000
17485  28.848  -47.930  15.789 0.0000000000
17486  27.665  -48.398  15.338 0.0000000000
17487  26.771  -48.757  15.044 0.0000000000
17501  34.091  -48.559  14.610 0.0000000000
17502  33.613  -48.633  13.934 0.0000000000
17503  27.264  -48.030  14.524 0.0000000000
17504  26.485  -48.447  14.233 0.0000000000
17505  25.794  -48.904  13.876 0.0000000000
17522  33.301  -48.667  13.495 0.0000000000
17523  32.983  -48.826  13.149 0.0000000000
17524  26.402  -48.350  13.043 0.0000000000
17525  25.859  -48.751  13.280 0.0000000000
17542  32.529  -48.811  12.564 0.0000000000
17543  32.005  -48.960  12.041 0.0000000000
17544  26.372  -48.353  12.267 0.0000000000
17545  25.986  -48.638  12.526 0.0000000000
17558  32.301  -48.334  12.017 0.0000000000
17559  31.698  -48.488  11.463 0.0000000000
17560  31.125  -48.689  11.019 0.0000000000
17561  26.611  -48.188  11.673 0.0000000000
17562  26.060  -48.711  11.603 0.0000000000
17572  31.347  -48.083  10.876 0.0000000000
17573  30.711  -48.293  10.564 0.0000000000
17574  29.932  -48.232  10.173 0.0000000000
17575  27.364  -48.106  10.101 0.0000000000
17576  26.839  -48.327  10.540 0.0000000000
17577  25.999  -49.009  10.655 0.0000000000
17587  29.288  -48.242  9.733 0.0000000000
17588  28.627  -48.412  9.574 0.0000000000
17589  27.650  -48.464  9.634 0.0000000000
17590  26.810  -48.930  9.516 0.0000000000
18415  35.063  -47.485  16.434 0.0000000000
18427  34.679  -47.591  15.612 0.0000000000
18429  29.120  -47.353  15.488 0.0000000000
18430  28.483  -47.639  15.169 0.0000000000
18439  34.308  -47.648  14.872 0.0000000000
18440  33.903  -47.715  14.092 0.0000000000
18441  29.270  -46.748  15.334 0.0000000000
18442  28.881  -47.039  14.669 0.0000000000
18443  27.863  -47.550  14.440 0.0000000000
18444  27.094  -47.754  14.038 0.0000000000
18458  33.325  -47.902  13.213 0.0000000000
18459  32.942  -48.326  12.833 0.0000000000
18460  28.324  -46.943  13.796 0.0000000000
18461  27.518  -47.397  13.280 0.0000000000
18462  26.849  -47.959  13.426 0.0000000000
18481  33.141  -47.515  12.783 0.0000000000
18482  32.821  -47.768  12.454 0.0000000000
18483  27.424  -47.361  12.214 0.0000000000
18484  26.892  -47.925  12.490 0.0000000000
18504  32.306  -47.633  11.652 0.0000000000
18505  31.782  -47.508  11.056 0.0000000000
18506  28.103  -46.941  10.791 0.0000000000
18507  27.616  -47.224  11.317 0.0000000000
18508  27.074  -47.767  11.513 0.0000000000
18524  31.207  -47.377  10.555 0.0000000000
18525  30.446  -47.353  10.271 0.0000000000
18526  29.528  -47.410  10.038 0.0000000000
18527  28.645  -47.178  10.223 0.0000000000
18528  27.690  -47.668  10.342 0.0000000000
18529  27.272  -47.716  10.904 0.0000000000
18546  29.271  -47.797  9.793 0.0000000000
18547  28.967  -47.771  9.724 0.0000000000
18548  28.321  -47.859  9.804 0.0000000000
19410  34.843  -46.421  16.711 0.0000000000
19425  34.685  -46.685  15.935 0.0000000000
19426  29.190  -46.162  15.695 0.0000000000
19439  34.431  -46.776  15.214 0.0000000000
19440  34.171  -46.758  14.423 0.0000000000
19441  29.353  -46.110  14.638 0.0000000000
19442  28.953  -46.479  13.964 0.0000000000
19455  33.731  -46.787  13.570 0.0000000000
19456  29.247  -45.750  13.482 0.0000000000
19457  28.624  -46.410  13.206 0.0000000000
19458  28.062  -46.828  13.099 0.0000000000
19472  33.223  -46.892  12.707 0.0000000000
19473  32.697  -46.794  11.884 0.0000000000
19474  28.893  -45.922  12.322 0.0000000000
19475  28.232  -46.581  12.484 0.0000000000
19476  27.786  -46.998  12.631 0.0000000000
19491  32.197  -46.872  11.291 0.0000000000
19492  31.685  -46.602  10.803 0.0000000000
19493  28.968  -45.976  11.247 0.0000000000
19494  28.286  -46.537  11.560 0.0000000000
19495  27.818  -46.895  12.042 0.0000000000
19505  30.981  -46.475  10.389 0.0000000000
19506  30.179  -46.457  10.368 0.0000000000
19507  29.346  -46.372  10.558 0.0000000000
19508  28.633  -46.545  10.827 0.0000000000
20432  34.188  -45.101  16.266 0.0000000000
20447  34.490  -45.828  16.166 0.0000000000
20448  34.211  -45.331  15.585 0.0000000000
20449  29.276  -45.272  14.968 0.0000000000
20450  28.565  -45.237  15.601 0.0000000000
20451  27.984  -44.871  15.659 0.0000000000
20465  34.427  -46.091  15.561 0.0000000000
20466  34.194  -45.901  14.931 0.0000000000
20467  29.425  -45.168  14.155 0.0000000000
20482  33.989  -45.734  14.020 0.0000000000
20483  29.491  -44.914  13.412 0.0000000000
20495  33.525  -45.734  13.071 0.0000000000
20496  32.997  -45.768  12.155 0.0000000000
20497  29.494  -45.053  12.603 0.0000000000
20513  32.260  -45.864  11.324 0.0000000000
20514  31.433  -45.641  10.729 0.0000000000
20515  29.853  -45.212  11.053 0.0000000000
20516  29.508  -45.280  11.621 0.0000000000
20521  30.675  -45.644  10.568 0.0000000000
20522  30.002  -45.602  10.665 0.0000000000
20523  29.498  -45.630  10.951 0.0000000000
21564  33.954  -44.487  16.792 0.0000000000
21583  33.895  -44.425  15.812 0.0000000000
21584  29.250  -44.644  14.436 0.0000000000
21585  28.737  -44.437  14.826 0.0000000000
21586  28.040  -44.364  15.259 0.0000000000
21587  27.390  -43.981  15.360 0.0000000000
21607  33.913  -44.735  14.770 0.0000000000
21608  29.440  -44.271  13.754 0.0000000000
21609  29.085  -44.050  14.299 0.0000000000
21628  33.589  -44.602  13.607 0.0000000000
21629  29.687  -44.317  12.964 0.0000000000
21644  33.227  -44.687  12.567 0.0000000000
21645  32.585  -44.741  11.747 0.0000000000
21646  30.046  -44.232  12.076 0.0000000000
21647  29.759  -44.429  12.419 0.0000000000
21664  31.805  -44.800  11.195 0.0000000000
21665  30.960  -44.792  10.942 0.0000000000
21666  30.235  -44.675  11.419 0.0000000000
21667  29.735  -44.677  11.983 0.0000000000
21678  30.409  -45.136  10.848 0.0000000000
21679  30.125  -45.124  10.946 0.0000000000
22755  33.385  -43.496  16.236 0.0000000000
22756  33.026  -43.241  16.842 0.0000000000
22778  33.453  -43.578  15.203 0.0000000000
22779  33.183  -43.159  14.510 0.0000000000
22780  28.246  -43.944  14.798 0.0000000000
22781  27.765  -43.437  14.890 0.0000000000
22804  33.489  -43.821  14.276 0.0000000000
22805  33.212  -43.299  13.927 0.0000000000
22806  29.247  -43.508  13.891 0.0000000000
22807  28.577  -43.399  14.409 0.0000000000
22808  28.026  -42.773  14.580 0.0000000000
22826  33.344  -43.750  13.620 0.0000000000
22827  33.026  -43.251  13.285 0.0000000000
22828  30.340  -43.087  12.590 0.0000000000
22829  29.815  -43.292  13.007 0.0000000000
22847  33.265  -43.924  13.029 0.0000000000
22848  32.625  -43.603  12.331 0.0000000000
22849  31.636  -43.409  11.924 0.0000000000
22850  30.610  -43.549  12.148 0.0000000000
22851  29.956  -43.939  12.505 0.0000000000
22871  32.068  -44.027  11.567 0.0000000000
22872  31.322  -44.103  11.496 0.0000000000
22873  30.798  -44.266  11.479 0.0000000000
24032  33.031  -42.950  15.850 0.0000000000
24033  32.682  -42.734  16.346 0.0000000000
24034  31.979  -42.104  16.413 0.0000000000
24056  33.175  -43.129  15.618 0.0000000000
24057  32.736  -42.587  15.165 0.0000000000
24058  32.323  -42.237  15.830 0.0000000000
24059  27.481  -42.290  14.853 0.0000000000
24081  32.815  -42.717  13.963 0.0000000000
24082  29.206  -42.548  13.863 0.0000000000
24083  28.439  -42.398  14.345 0.0000000000
24084  27.984  -42.315  14.544 0.0000000000
24100  32.417  -42.627  13.058 0.0000000000
24101  31.573  -42.352  12.812 0.0000000000
24102  30.628  -42.543  12.712 0.0000000000
24103  29.903  -42.246  13.287 0.0000000000
24119  31.918  -42.891  12.410 0.0000000000
24120  31.195  -42.917  12.376 0.0000000000
24121  30.813  -42.982  12.416 0.0000000000
25361  32.195  -41.960  14.732 0.0000000000
25362  31.777  -41.679  15.359 0.0000000000
25363  30.735  -41.024  15.578 0.0000000000
25364  28.402  -41.195  14.726 0.0000000000
25380  32.364  -42.151  14.197 0.0000000000
25381  31.783  -41.645  14.208 0.0000000000
25382  30.778  -41.170  14.325 0.0000000000
25383  29.775  -41.551  13.960 0.0000000000
25384  28.875  -41.597  14.342 0.0000000000
25385  28.105  -41.814  14.540 0.0000000000
25400  32.408  -42.352  13.673 0.0000000000
25401  31.989  -42.051  13.503 0.0000000000
25402  31.215  -41.749  13.383 0.0000000000
25403  30.441  -41.734  13.439 0.0000000000
26594  30.098  -40.828  14.969 0.0000000000
26609  30.035  -41.081  14.436 0.0000000000
26610  29.510  -41.032  14.589 0.0000000000
26611  28.920  -40.911  14.770 0.0000000000
