#!ascii label  , from subject fsaverage vox2ras=TkReg 
54
44331  -32.403  13.286  47.625 4.0000000000
13612  -32.181  13.918  46.927 3.0000000000
44333  -31.775  13.797  46.335 4.0000000000
98232  -30.974  14.174  45.065 4.0000000000
98225  -32.928  13.484  48.670 4.0000000000
98226  -32.700  13.316  48.178 4.0000000000
13611  -32.757  14.078  48.024 3.0000000000
98228  -32.221  14.717  46.733 2.0000000000
98230  -31.907  14.515  46.249 3.0000000000
98229  -31.934  15.332  46.062 2.0000000000
13613  -31.584  15.105  45.575 3.0000000000
63875  -31.127  14.877  45.022 4.0000000000
63876  -31.277  15.620  44.903 3.0000000000
29038  -33.239  14.504  48.870 3.0000000000
129284  -33.022  15.217  48.228 2.0000000000
129283  -33.054  14.242  48.465 2.0000000000
29039  -32.821  15.947  47.642 1.0000000000
63868  -32.535  14.879  47.264 1.0000000000
63870  -32.547  15.744  47.141 0.0000000000
5864  -32.285  15.543  46.607 1.0000000000
63874  -32.036  16.121  46.010 2.0000000000
129293  -31.418  16.300  44.888 3.0000000000
29042  -30.948  16.043  44.277 4.0000000000
129281  -33.465  14.742  49.326 4.0000000000
129282  -33.221  15.498  48.644 2.0000000000
129285  -33.045  16.186  48.110 1.0000000000
63871  -32.639  16.636  47.060 0.0000000000
63873  -32.161  16.909  45.908 1.0000000000
29041  -31.801  16.626  45.432 2.0000000000
129291  -31.457  17.050  44.811 3.0000000000
129294  -31.052  16.692  44.258 4.0000000000
98223  -33.481  15.679  49.091 4.0000000000
63860  -33.568  16.598  48.953 4.0000000000
5863  -33.316  16.433  48.516 3.0000000000
63864  -33.180  17.104  48.002 2.0000000000
129286  -32.905  16.863  47.551 1.0000000000
29040  -32.452  17.200  46.472 1.0000000000
129288  -32.559  17.890  46.449 2.0000000000
129289  -32.232  17.686  45.876 2.0000000000
119266  -32.286  18.285  45.888 3.0000000000
129290  -31.868  17.341  45.356 3.0000000000
3530  -31.099  17.447  44.200 4.0000000000
29037  -33.060  17.698  47.508 3.0000000000
129279  -32.900  18.198  46.981 3.0000000000
24784  -31.842  18.065  45.314 3.0000000000
698  -32.669  18.621  46.439 4.0000000000
56665  -31.492  17.713  44.810 3.0000000000
63869  -32.797  14.994  47.802 2.0000000000
63872  -32.336  16.425  46.471 1.0000000000
63877  -30.823  15.408  44.355 4.0000000000
98227  -32.470  13.996  47.465 3.0000000000
98231  -31.448  14.344  45.674 3.0000000000
129287  -32.753  17.459  46.991 1.0000000000
129292  -31.684  15.846  45.469 3.0000000000
