#!ascii label  , from subject fsaverage vox2ras=TkReg 
59
137778  -42.329  -10.130  53.291 4.0000000000
137779  -42.926  -9.639  53.384 4.0000000000
32166  -43.060  -9.725  52.888 3.0000000000
137770  -42.806  -10.234  52.019 3.0000000000
105524  -43.331  -10.479  51.097 4.0000000000
144449  -43.932  -10.666  50.317 4.0000000000
32169  -43.256  -8.755  53.651 4.0000000000
137772  -43.406  -9.288  52.895 3.0000000000
17665  -43.426  -9.907  52.098 2.0000000000
17666  -43.888  -10.147  51.314 2.0000000000
76034  -44.268  -10.265  50.883 1.0000000000
144448  -43.629  -10.566  50.666 3.0000000000
144451  -44.947  -10.380  50.151 3.0000000000
116051  -45.697  -10.469  49.565 3.0000000000
44765  -46.250  -10.069  49.684 3.0000000000
54369  -44.689  -10.780  49.628 4.0000000000
23406  -45.326  -10.447  49.851 4.0000000000
14045  -46.041  -10.465  49.286 4.0000000000
137782  -43.282  -8.326  53.415 4.0000000000
1443  -43.681  -8.960  52.692 3.0000000000
48387  -43.939  -9.068  52.333 1.0000000000
105526  -44.199  -9.671  51.632 1.0000000000
76033  -44.443  -9.735  51.283 1.0000000000
105527  -44.539  -9.336  51.544 0.0000000000
8053  -44.887  -9.429  51.128 0.0000000000
76036  -45.222  -10.038  50.536 1.0000000000
144452  -45.545  -10.039  50.204 2.0000000000
44766  -46.654  -10.057  49.454 3.0000000000
99010  -47.049  -9.997  49.207 4.0000000000
121116  -43.506  -8.136  52.494 4.0000000000
144454  -44.088  -8.752  52.105 2.0000000000
144455  -44.416  -8.848  51.650 1.0000000000
144456  -44.779  -8.962  51.245 1.0000000000
76037  -45.225  -9.476  50.774 1.0000000000
144453  -45.917  -9.577  50.235 2.0000000000
844  -46.235  -9.585  49.961 3.0000000000
44767  -46.642  -9.575  49.676 3.0000000000
14047  -47.052  -9.519  49.456 4.0000000000
25577  -43.816  -8.282  52.053 4.0000000000
76040  -43.973  -8.135  51.094 4.0000000000
144458  -44.787  -8.605  50.951 2.0000000000
144461  -45.754  -9.141  50.272 3.0000000000
44769  -46.563  -9.165  49.797 3.0000000000
34476  -45.924  -8.719  49.929 4.0000000000
144457  -44.363  -8.271  50.686 4.0000000000
34475  -45.169  -8.661  50.592 4.0000000000
17667  -44.240  -9.185  51.934 1.0000000000
25576  -43.169  -7.976  52.917 4.0000000000
32168  -42.764  -9.627  53.803 4.0000000000
34472  -44.644  -10.302  50.476 3.0000000000
34473  -45.556  -9.539  50.513 2.0000000000
34474  -44.445  -8.546  51.267 4.0000000000
48385  -43.578  -9.452  52.487 3.0000000000
48386  -43.906  -9.577  52.046 2.0000000000
54368  -45.056  -10.827  49.308 4.0000000000
70568  -42.618  -10.214  52.404 3.0000000000
70576  -43.126  -9.111  53.772 4.0000000000
70578  -43.059  -8.192  53.819 4.0000000000
76032  -42.880  -10.823  50.509 4.0000000000
