#!ascii label  , from subject fsaverage vox2ras=TkReg 
89
13464  -34.546  -17.185  66.400 4.0000000000
44184  -34.913  -17.308  66.223 4.0000000000
649  -35.237  -17.439  66.022 4.0000000000
115233  -35.583  -17.610  65.757 4.0000000000
53784  -36.198  -17.999  65.217 4.0000000000
97986  -34.379  -16.438  66.135 4.0000000000
44196  -34.812  -16.597  65.954 3.0000000000
44195  -35.192  -16.708  65.828 4.0000000000
44193  -35.484  -16.743  65.697 3.0000000000
115251  -35.868  -16.883  65.442 3.0000000000
23061  -36.540  -16.169  64.796 2.0000000000
53794  -37.006  -16.224  64.346 3.0000000000
92180  -37.719  -15.767  63.814 3.0000000000
92181  -36.882  -16.550  64.569 4.0000000000
10244  -38.445  -15.246  63.166 4.0000000000
63468  -33.945  -16.229  66.311 4.0000000000
97981  -35.808  -15.421  64.926 1.0000000000
13473  -35.947  -16.156  65.134 1.0000000000
97980  -35.840  -14.571  64.409 1.0000000000
115250  -36.200  -16.139  65.049 1.0000000000
115248  -37.061  -15.465  64.357 1.0000000000
115247  -37.263  -15.163  63.836 2.0000000000
2564  -38.327  -14.515  63.124 3.0000000000
53766  -39.329  -15.057  62.542 4.0000000000
13476  -34.173  -15.498  65.817 4.0000000000
97985  -34.668  -15.630  65.688 3.0000000000
13475  -35.097  -15.910  65.642 3.0000000000
44194  -35.545  -16.031  65.431 2.0000000000
13474  -35.919  -14.923  64.622 1.0000000000
115249  -36.700  -15.679  64.510 0.0000000000
28848  -35.174  -13.405  63.673 4.0000000000
128768  -35.825  -14.011  63.978 2.0000000000
63458  -36.864  -14.213  63.775 1.0000000000
23060  -37.498  -15.140  63.749 1.0000000000
128767  -35.999  -13.117  62.946 4.0000000000
63459  -36.628  -13.559  63.344 3.0000000000
115243  -37.515  -13.075  63.049 2.0000000000
53767  -38.926  -14.153  62.764 3.0000000000
23045  -39.478  -13.947  62.494 3.0000000000
115208  -39.891  -14.440  62.067 4.0000000000
97984  -34.440  -14.867  65.329 4.0000000000
97983  -34.864  -15.041  65.238 3.0000000000
5781  -34.698  -14.552  64.763 4.0000000000
97982  -35.344  -15.294  65.183 2.0000000000
63465  -34.483  -13.870  64.260 4.0000000000
63461  -35.203  -14.637  64.669 3.0000000000
97979  -36.372  -15.478  64.744 0.0000000000
63463  -35.000  -13.959  64.251 4.0000000000
63462  -35.496  -14.104  64.201 4.0000000000
115244  -37.775  -13.848  63.113 2.0000000000
53769  -38.283  -14.133  63.106 2.0000000000
53768  -38.836  -13.745  62.830 3.0000000000
44192  -37.128  -12.504  62.689 4.0000000000
115212  -38.084  -13.110  62.830 3.0000000000
115211  -38.722  -13.273  62.839 3.0000000000
115210  -39.110  -13.549  62.476 3.0000000000
115209  -39.643  -14.187  62.392 4.0000000000
44165  -38.417  -12.898  62.609 4.0000000000
97928  -39.871  -12.952  62.061 4.0000000000
2563  -40.013  -13.676  61.978 4.0000000000
644  -37.845  -12.616  62.495 4.0000000000
13445  -39.077  -13.365  62.673 4.0000000000
44167  -38.080  -12.040  62.147 4.0000000000
44166  -38.797  -12.583  62.351 4.0000000000
97929  -39.505  -12.742  62.202 4.0000000000
2571  -36.598  -14.850  64.364 0.0000000000
10251  -37.307  -15.885  64.205 3.0000000000
13447  -38.578  -11.841  61.945 4.0000000000
23046  -38.214  -13.638  63.012 2.0000000000
23055  -35.926  -17.827  65.491 4.0000000000
23059  -37.442  -13.853  63.325 2.0000000000
28847  -36.280  -13.632  63.615 4.0000000000
53765  -38.927  -14.909  62.797 4.0000000000
53791  -37.826  -14.201  63.466 2.0000000000
53792  -37.939  -14.796  63.376 2.0000000000
53793  -36.744  -16.826  64.630 3.0000000000
53795  -36.588  -17.054  64.929 2.0000000000
53796  -36.181  -17.026  65.227 4.0000000000
63460  -36.366  -14.096  63.904 1.0000000000
92166  -38.371  -14.944  63.136 3.0000000000
92179  -37.868  -14.946  63.519 3.0000000000
97927  -39.613  -13.562  62.289 4.0000000000
97930  -39.234  -12.113  62.121 4.0000000000
115245  -37.364  -14.238  63.619 1.0000000000
115246  -37.016  -14.864  64.084 1.0000000000
128765  -37.177  -13.195  63.118 3.0000000000
128766  -36.631  -13.127  63.069 3.0000000000
128769  -35.690  -13.484  63.563 4.0000000000
128770  -35.609  -13.141  63.117 4.0000000000
