#!ascii label  , from subject fsaverage vox2ras=TkReg 
83
5775  -33.510  -16.731  66.771 4.0000000000
97962  -34.015  -16.935  66.595 4.0000000000
13464  -34.546  -17.185  66.400 4.0000000000
44184  -34.913  -17.308  66.223 4.0000000000
649  -35.237  -17.439  66.022 4.0000000000
115233  -35.583  -17.610  65.757 4.0000000000
28833  -32.660  -16.405  66.987 4.0000000000
63429  -33.076  -16.571  66.905 4.0000000000
128781  -32.429  -15.526  66.429 4.0000000000
63470  -33.448  -15.991  66.360 3.0000000000
63468  -33.945  -16.229  66.311 3.0000000000
97986  -34.379  -16.438  66.135 3.0000000000
44196  -34.812  -16.597  65.954 3.0000000000
128780  -32.821  -15.110  65.914 4.0000000000
128779  -32.934  -14.552  65.308 4.0000000000
44195  -35.192  -16.708  65.828 3.0000000000
44193  -35.484  -16.743  65.697 3.0000000000
115251  -35.868  -16.883  65.442 4.0000000000
23061  -36.540  -16.169  64.796 4.0000000000
28851  -33.337  -15.258  65.946 3.0000000000
63469  -33.677  -15.348  65.884 3.0000000000
128778  -33.597  -14.855  65.355 4.0000000000
97981  -35.808  -15.421  64.926 0.0000000000
13473  -35.947  -16.156  65.134 2.0000000000
28850  -33.717  -14.163  64.797 4.0000000000
97980  -35.840  -14.571  64.409 1.0000000000
115250  -36.200  -16.139  65.049 3.0000000000
115248  -37.061  -15.465  64.357 4.0000000000
13476  -34.173  -15.498  65.817 2.0000000000
97985  -34.668  -15.630  65.688 1.0000000000
128777  -33.982  -14.868  65.411 3.0000000000
13475  -35.097  -15.910  65.642 1.0000000000
44194  -35.545  -16.031  65.431 1.0000000000
63467  -34.333  -14.398  64.858 3.0000000000
63466  -34.046  -13.861  64.273 4.0000000000
13474  -35.919  -14.923  64.622 0.0000000000
115249  -36.700  -15.679  64.510 2.0000000000
63464  -34.883  -13.559  63.700 4.0000000000
28848  -35.174  -13.405  63.673 3.0000000000
128768  -35.825  -14.011  63.978 1.0000000000
63458  -36.864  -14.213  63.775 2.0000000000
23060  -37.498  -15.140  63.749 3.0000000000
2564  -38.327  -14.515  63.124 4.0000000000
128767  -35.999  -13.117  62.946 3.0000000000
63459  -36.628  -13.559  63.344 2.0000000000
115243  -37.515  -13.075  63.049 3.0000000000
97984  -34.440  -14.867  65.329 2.0000000000
97983  -34.864  -15.041  65.238 1.0000000000
5781  -34.698  -14.552  64.763 2.0000000000
97982  -35.344  -15.294  65.183 0.0000000000
63465  -34.483  -13.870  64.260 3.0000000000
63461  -35.203  -14.637  64.669 1.0000000000
97979  -36.372  -15.478  64.744 2.0000000000
63463  -35.000  -13.959  64.251 3.0000000000
63462  -35.496  -14.104  64.201 2.0000000000
115244  -37.775  -13.848  63.113 3.0000000000
53769  -38.283  -14.133  63.106 4.0000000000
13472  -36.907  -12.652  62.723 4.0000000000
44192  -37.128  -12.504  62.689 4.0000000000
115212  -38.084  -13.110  62.830 4.0000000000
115211  -38.722  -13.273  62.839 4.0000000000
44165  -38.417  -12.898  62.609 4.0000000000
644  -37.845  -12.616  62.495 4.0000000000
13445  -39.077  -13.365  62.673 4.0000000000
2571  -36.598  -14.850  64.364 2.0000000000
11073  -32.292  -15.010  65.823 4.0000000000
23046  -38.214  -13.638  63.012 4.0000000000
23059  -37.442  -13.853  63.325 3.0000000000
28847  -36.280  -13.632  63.615 3.0000000000
28849  -34.380  -13.524  63.717 4.0000000000
53791  -37.826  -14.201  63.466 3.0000000000
53792  -37.939  -14.796  63.376 4.0000000000
53795  -36.588  -17.054  64.929 4.0000000000
63460  -36.366  -14.096  63.904 2.0000000000
63471  -32.901  -15.749  66.411 4.0000000000
97978  -36.456  -12.720  62.572 4.0000000000
115245  -37.364  -14.238  63.619 3.0000000000
115246  -37.016  -14.864  64.084 2.0000000000
128765  -37.177  -13.195  63.118 2.0000000000
128766  -36.631  -13.127  63.069 2.0000000000
128769  -35.690  -13.484  63.563 3.0000000000
128770  -35.609  -13.141  63.117 3.0000000000
128776  -33.237  -14.118  64.814 4.0000000000
